time,S_e,E_e,I_e,H_e,C_e,R_e,D_e,inci_e,hosp_e,crits_e,S_a,E_a,I_a,H_a,C_a,R_a,D_a,inci_a,hosp_a,crits_a,S_p,E_p,I_p,H_p,C_p,R_p,D_p,inci_p,hosp_p,crits_p,UID,Lvl1,Lvl2,Lvl3,Lvl4,TA_Code,TA_Code2,Adults_Crit_of_Hosp,Adults_Critical_Care,Adults_FR_of_Crit,Adults_FR_of_Hosp,Adults_Hospitalization,Adults_IFR,Adults_Population,Elderly_Crit_of_Hosp,Elderly_Critical_Care,Elderly_FR_of_Crit,Elderly_FR_of_Hosp,Elderly_Hospitalization,Elderly_IFR,Elderly_Population,Pediatrics_Crit_of_Hosp,Pediatrics_Critical_Care,Pediatrics_FR_of_Crit,Pediatrics_FR_of_Hosp,Pediatrics_Hospitalization,Pediatrics_IFR,Pediatrics_Population,start_day,start_date
38,5474.019385,0,0,0,0,0,0,0,0,0,23695.9184,1,0,0,0,0,0,0,0,0,35348.61572,0,0,0,0,0,0,0,0,0, 47,Sub-Saharan Africa,Malawi,Lilongwe,STA Chitekwele,20607,MW20607,0.1435885,0.003537823,0.2045180,0.02936643,0.02463863,0.000723548,23696.91840,0.2966072,0.03349341,0.5957214,0.1766953,0.1129218,0.01995274, 5474.019385,0.05,8.80e-06,1,0.2258832,0.000176050,3.98e-05, 35348.61572,38,2020-04-10
39,5473.9724211546345,0.04113360135942906,0.005314299289105508,5.475424685994612e-5,1.0142608924231626e-6,4.6016072804776643e-4,1.5481496187020048e-8,0.04696384536583089,5.82614061775919e-5,1.0402487051608285e-6,23695.712859491214,0.9315799771347265,0.23789721182130433,8.168782137091509e-4,9.967924600686539e-6,0.03523640754981405,6.614801273044468e-8,0.20554050879216754,8.885507940142307e-4,1.029135829713597e-5,35348.36583244824,0.2193556073589379,0.027854183859412462,4.432013633635655e-7,1.3758073708557553e-9,0.0026773159295324245,3.511163029065247e-11,0.2498875517601652,4.714197433864938e-7,1.4109190011464078e-9, 47,Sub-Saharan Africa,Malawi,Lilongwe,STA Chitekwele,20607,MW20607,0.1435885,0.003537823,0.2045180,0.02936643,0.02463863,0.000723548,23696.91840,0.2966072,0.03349341,0.5957214,0.1766953,0.1129218,0.01995274, 5474.019385,0.05,8.80e-06,1,0.2258832,0.000176050,3.98e-05, 35348.61572,38,2020-04-10
40,5473.910435806718,0.08517002704807142,0.019866126842991556,3.9073802251259743e-4,1.4415271651892893e-5,0.0035074392560539396,4.468417767310444e-7,0.10894919328305812,4.418674516149992e-4,1.5165356803661901e-5,23695.438197699244,0.9405296294466557,0.40995468902142396,0.00270006539740967,6.673774942640991e-5,0.1269502622298898,9.169137795440198e-7,0.4802023007585854,0.003196073370002315,7.122104077261913e-5,35348.01023331709,0.4765492008594351,0.10804761741158968,3.2565687691639966e-6,2.0021083144815543e-8,0.02088658703033222,1.0335120111483733e-9,0.6054866829247213,3.677660672283275e-6,2.105459515596392e-8, 47,Sub-Saharan Africa,Malawi,Lilongwe,STA Chitekwele,20607,MW20607,0.1435885,0.003537823,0.2045180,0.02936643,0.02463863,0.000723548,23696.91840,0.2966072,0.03349341,0.5957214,0.1766953,0.1129218,0.01995274, 5474.019385,0.05,8.80e-06,1,0.2258832,0.000176050,3.98e-05, 35348.61572,38,2020-04-10
41,5473.829900679398,0.13448477820427085,0.04237668531433796,0.00118791496763673,6.525839356402751e-5,0.011366597818885186,3.085904958116355e-6,0.18948432060365286,0.0014253957431859287,7.043850788947622e-5,23695.079842407733,1.0204173857810477,0.5507637376167748,0.0051220158988265745,1.9064286297990773e-4,0.2620597554544163,4.054656343353413e-6,0.838557592270389,0.006587789887257673,2.1046828833783904e-4,35347.52602069197,0.7822477145553958,0.23827871097402886,1.0177927015726544e-5,9.272367442999676e-8,0.06916260458463008,7.274273074371063e-9,1.089699308039018,1.21778859658139e-5,9.999794750436786e-8, 47,Sub-Saharan Africa,Malawi,Lilongwe,STA Chitekwele,20607,MW20607,0.1435885,0.003537823,0.2045180,0.02936643,0.02463863,0.000723548,23696.91840,0.2966072,0.03349341,0.5957214,0.1766953,0.1129218,0.01995274, 5474.019385,0.05,8.80e-06,1,0.2258832,0.000176050,3.98e-05, 35348.61572,38,2020-04-10
42,5473.725876503072,0.19209312283397584,0.0725593076305335,0.0025649997237525007,1.857303340159545e-4,0.026093445449455806,1.1890957968070299e-5,0.2935084969297017,0.0032584789661691555,2.056909363513252e-4,23694.61708239751,1.1717634480521324,0.6856592107928573,0.007854610265649502,3.874029747174495e-4,0.4356416435783061,1.1286831077669198e-5,1.301317602494741,0.010936963275457057,4.425904451487523e-4,35346.882229173265,1.1515161918282015,0.4200313710024126,2.2545742169478643e-5,2.6967305035602696e-7,0.1619204199468966,2.8545421716145152e-8,1.7334908267381521,2.8510111610922086e-5,2.982184720721721e-7, 47,Sub-Saharan Africa,Malawi,Lilongwe,STA Chitekwele,20607,MW20607,0.1435885,0.003537823,0.2045180,0.02936643,0.02463863,0.000723548,23696.91840,0.2966072,0.03349341,0.5957214,0.1766953,0.1129218,0.01995274, 5474.019385,0.05,8.80e-06,1,0.2258832,0.000176050,3.98e-05, 35348.61572,38,2020-04-10
43,5473.591803132851,0.26167681870861553,0.11103283135202174,0.004619835383791638,4.115816440389365e-4,0.049807439621384,3.336044143077777e-5,0.42758186715128266,0.006196269523866436,4.6758171627199344e-4,23694.022018158616,1.4012402838282656,0.8346130728696375,0.010859111635548497,6.578452472298291e-4,0.6489870378692443,2.4489941883604248e-5,1.8963818413918097,0.016274516938833816,7.775899243907844e-4,35346.03784486845,1.6044638364611774,0.6588038308007667,4.156014813079527e-5,6.098412855580221e-7,0.3145652128299501,8.148351242830482e-8,2.5778751315648227,5.538664409052182e-5,6.913247979863268e-7, 47,Sub-Saharan Africa,Malawi,Lilongwe,STA Chitekwele,20607,MW20607,0.1435885,0.003537823,0.2045180,0.02936643,0.02463863,0.000723548,23696.91840,0.2966072,0.03349341,0.5957214,0.1766953,0.1129218,0.01995274, 5474.019385,0.05,8.80e-06,1,0.2258832,0.000176050,3.98e-05, 35348.61572,38,2020-04-10
44,5473.419148038018,0.34772695329814435,0.1592786714387225,0.007459163377236067,7.813471451658062e-4,0.08491406949720946,7.675722846070716e-5,0.6002369619849389,0.010527850418459338,9.101946709735198e-4,23693.25796871422,1.7215388046181626,1.0150736408898748,0.014220243922931374,0.0010036614450323253,0.9085493716825143,4.5563226606273036e-5,2.660431285785122,0.022761630592616176,0.0012264448998200363,35344.93917949222,2.16728829396307,0.9644922545690193,6.850074098912814e-5,1.1796497808713333e-6,0.5446900883015264,1.905627110144629e-7,3.6765405077870965,9.590499082684406e-5,1.3702124918857963e-6, 47,Sub-Saharan Africa,Malawi,Lilongwe,STA Chitekwele,20607,MW20607,0.1435885,0.003537823,0.2045180,0.02936643,0.02463863,0.000723548,23696.91840,0.2966072,0.03349341,0.5957214,0.1766953,0.1129218,0.01995274, 5474.019385,0.05,8.80e-06,1,0.2258832,0.000176050,3.98e-05, 35348.61572,38,2020-04-10
45,5473.196903829352,0.4557832915570873,0.2196567632646509,0.011221357797367411,0.0013374799023158177,0.1343279301279272,1.5434800227898845e-4,0.8224811706516277,0.016604147473519605,0.001596574174032409,23692.277264864417,2.151806489976526,1.2441333339896783,0.018110483101278566,0.0014307853239512649,1.2255775454282942,7.649777702126422e-5,3.6411351355967496,0.030679906560999688,0.0018048246604461663,35343.51644935957,2.873757221866473,1.3519936407190576,1.0491774823230673e-4,2.054192465681862e-6,0.8734124168211678,3.890779671379292e-7,5.0992706404253605,1.5378315688870258e-4,2.443270432819792e-6, 47,Sub-Saharan Africa,Malawi,Lilongwe,STA Chitekwele,20607,MW20607,0.1435885,0.003537823,0.2045180,0.02936643,0.02463863,0.000723548,23696.91840,0.2966072,0.03349341,0.5957214,0.1766953,0.1129218,0.01995274, 5474.019385,0.05,8.80e-06,1,0.2258832,0.000176050,3.98e-05, 35348.61572,38,2020-04-10
46,5472.864527148336,0.6336888969171515,0.30048151242295,0.016145442450434082,0.0021296958562430903,0.20213051193953116,2.8179208111018297e-4,1.1548578516674202,0.02492042322499701,0.002602722477596937,23690.81431444219,2.898577244492925,1.562304007887572,0.02282237443348222,0.001951956328783457,1.6183104583255734,1.1951636450108185e-4,5.104085557832839,0.040486302896447175,0.0025363369921044447,35341.38110648979,4.0303471725429505,1.874173168691837,1.5331352110838396e-4,3.3220188488240837e-6,1.329935812981779,7.204502156323213e-7,7.234613510206737,2.3416290239751218e-4,4.0424690644564045e-6, 47,Sub-Saharan Africa,Malawi,Lilongwe,STA Chitekwele,20607,MW20607,0.1435885,0.003537823,0.2045180,0.02936643,0.02463863,0.000723548,23696.91840,0.2966072,0.03349341,0.5957214,0.1766953,0.1129218,0.01995274, 5474.019385,0.05,8.80e-06,1,0.2258832,0.000176050,3.98e-05, 35348.61572,38,2020-04-10
47,5472.41505028291,0.8699840944662105,0.4126327906077171,0.022734936238609716,0.0032278640761193122,0.2952759404833619,4.790912221006415e-4,1.6043347170941193,0.03632895668381768,0.004032084340995884,23688.840022303186,3.9077969130323638,2.0194473208713695,0.028906279509160224,0.002592735567272265,2.1194571335049583,1.7731435437203522e-4,7.078377696839498,0.053000981473892955,0.003459722113063027,35338.487629525975,5.563740983627667,2.6004985046648796,2.1879283759358552e-4,5.106139042703454e-6,1.9636258457326723,1.2410173794764362e-6,10.128090474019233,3.4573596603718347e-4,6.347156422179889e-6, 47,Sub-Saharan Africa,Malawi,Lilongwe,STA Chitekwele,20607,MW20607,0.1435885,0.003537823,0.2045180,0.02936643,0.02463863,0.000723548,23696.91840,0.2966072,0.03349341,0.5957214,0.1766953,0.1129218,0.01995274, 5474.019385,0.05,8.80e-06,1,0.2258832,0.000176050,3.98e-05, 35348.61572,38,2020-04-10
48,5471.806454850875,1.1869656846939611,0.5656112629716186,0.03164830404401568,0.004734720643008665,0.42319754569882867,7.726310780970565e-4,2.21293014912953,0.05198391214507188,0.0060316877791515965,23686.170779820768,5.275084286649737,2.658126098138375,0.03705454850110366,0.003396934046920276,2.773704843514757,2.534684052434608e-4,9.747620179256138,0.06934320159427368,0.004636279264668644,35334.56566023095,7.617136335535488,3.591688056518517,3.0798272973415526e-4,7.584996578265975e-6,2.840917783429129,2.025841341040433e-6,14.050059769050785,5.001994881202836e-4,9.610837919306409e-6, 47,Sub-Saharan Africa,Malawi,Lilongwe,STA Chitekwele,20607,MW20607,0.1435885,0.003537823,0.2045180,0.02936643,0.02463863,0.000723548,23696.91840,0.2966072,0.03349341,0.5957214,0.1766953,0.1129218,0.01995274, 5474.019385,0.05,8.80e-06,1,0.2258832,0.000176050,3.98e-05, 35348.61572,38,2020-04-10
49,5470.982046266423,1.6142480699337083,0.7730004830328413,0.04372805422164337,0.006792884016349799,0.5983713639907446,0.0011978783858176169,3.0373387335811057,0.0734093533573207,0.008803687028995671,23682.55871476675,7.128599528199992,3.538110589244986,0.04812502702414922,0.00442920635195156,3.64006794800219,3.529344464972459e-4,13.359685233269767,0.09098984747801407,0.006154895271739774,35329.24994394463,10.381286410356367,4.934830130104754,4.293352235637051e-4,1.1004040820323201e-5,4.0492159993144625,3.1763258814404005e-6,19.365776055365846,7.129425575989772e-4,1.4180366701763604e-5, 47,Sub-Saharan Africa,Malawi,Lilongwe,STA Chitekwele,20607,MW20607,0.1435885,0.003537823,0.2045180,0.02936643,0.02463863,0.000723548,23696.91840,0.2966072,0.03349341,0.5957214,0.1766953,0.1129218,0.01995274, 5474.019385,0.05,8.80e-06,1,0.2258832,0.000176050,3.98e-05, 35348.61572,38,2020-04-10
50,5469.86521232264,2.1915361571338963,1.0536157781816962,0.06009258492383227,0.009596174428372581,0.837529243519041,0.0018027391776949963,4.154172677364535,0.10264825842950209,0.012622319162630907,23677.668799646504,9.641010174613175,4.741676496584824,0.06322784090150402,0.0057796331209396925,4.7974235745039,4.8263378733423475e-4,18.249600353511678,0.11991408546046421,0.008139492826854255,35322.04655351383,14.112269375611515,6.750857526156689,5.940598521839255e-4,1.569473585657188e-5,5.70542500011751,4.829684975829448e-6,26.569166486158725,0.001004548268831952,2.052442083240133e-5, 47,Sub-Saharan Africa,Malawi,Lilongwe,STA Chitekwele,20607,MW20607,0.1435885,0.003537823,0.2045180,0.02936643,0.02463863,0.000723548,23696.91840,0.2966072,0.03349341,0.5957214,0.1766953,0.1129218,0.01995274, 5474.019385,0.05,8.80e-06,1,0.2258832,0.000176050,3.98e-05, 35348.61572,38,2020-04-10
51,5468.352382680546,2.972284493335666,1.4331669022765352,0.08224785555594835,0.013406656289100516,1.1632444443197116,0.0026519676818129146,5.667002319458776,0.142456601112418,0.017858347435016905,23671.048088833842,13.045375839456295,6.381047153630894,0.08383265276992344,0.0075710235800061955,6.351832306564898,6.52190169978732e-4,24.870311166171994,0.15876857645801248,0.01075993687848717,35312.287501580584,19.155009598466577,9.205295631767772,8.172554277052736e-4,2.21033979780263e-5,7.967066658958106,7.1713864843813505e-6,36.328218419404614,0.0014027511169534266,2.927478446240766e-5, 47,Sub-Saharan Africa,Malawi,Lilongwe,STA Chitekwele,20607,MW20607,0.1435885,0.003537823,0.2045180,0.02936643,0.02463863,0.000723548,23696.91840,0.2966072,0.03349341,0.5957214,0.1766953,0.1129218,0.01995274, 5474.019385,0.05,8.80e-06,1,0.2258832,0.000176050,3.98e-05, 35348.61572,38,2020-04-10
52,5466.303572854773,4.028562558520115,1.9465663152528032,0.1122310713467016,0.01857852232123364,1.6060405871579044,0.0038330906334580026,7.715812145232216,0.19656108824307253,0.02501289018758527,23662.08438980673,17.65633885858694,8.608592020451788,0.11190713516446031,0.00996948293169253,8.446327802264392,8.74893889017418e-4,33.834010193288286,0.21113037466444862,0.014247316124944067,35299.06976067914,25.974609136130177,12.523153144564372,0.0011193622692645265,3.08317326955876e-5,11.0470363942392,1.0451908287101585e-5,49.545959320843984,0.0019450350889183103,4.12836409826892e-5, 47,Sub-Saharan Africa,Malawi,Lilongwe,STA Chitekwele,20607,MW20607,0.1435885,0.003537823,0.2045180,0.02936643,0.02463863,0.000723548,23696.91840,0.2966072,0.03349341,0.5957214,0.1766953,0.1129218,0.01995274, 5474.019385,0.05,8.80e-06,1,0.2258832,0.000176050,3.98e-05, 35348.61572,38,2020-04-10
53,5463.529712910347,5.457528959848888,2.6410717867094675,0.1528002755285666,0.02559071897239251,2.207215931246639,0.005464417351325361,10.48967208965728,0.270004079991148,0.03476349227099377,23649.950873517977,23.898372132300327,11.630629492543587,0.15009944306329867,0.01319912234561298,11.274057305621183,0.0011689861658598824,45.967526482039865,0.2818295817022539,0.018914933011959616,35281.173529899745,35.198081911784215,17.009184620806987,0.0015280743017430907,4.269225920440408e-5,15.233337791645441,1.5009440412652348e-5,67.442190100238,0.0026821082940842195,5.770169961705643e-5, 47,Sub-Saharan Africa,Malawi,Lilongwe,STA Chitekwele,20607,MW20607,0.1435885,0.003537823,0.2045180,0.02936643,0.02463863,0.000723548,23696.91840,0.2966072,0.03349341,0.5957214,0.1766953,0.1129218,0.01995274, 5474.019385,0.05,8.80e-06,1,0.2258832,0.000176050,3.98e-05, 35348.61572,38,2020-04-10
54,5459.775693061365,7.390039363291931,3.580526702506076,0.20768754080249993,0.03509114556148753,3.0226412856172624,0.0077059008605141425,14.243691938639772,0.369607265187863,0.048026556074714254,23633.531958642838,32.343370280352985,15.726000757946439,0.20198129660375336,0.01756221018646062,15.095967424464943,0.0015593876219539855,62.38644135717654,0.3773916282707951,0.025186906408573025,35256.95285826017,47.669871718923424,23.075231737650853,0.0020808890700006115,5.8783395992417706e-5,20.915597310055553,2.1300717795766028e-5,91.66286173981362,0.003682571345764286,8.008411378818372e-5, 47,Sub-Saharan Africa,Malawi,Lilongwe,STA Chitekwele,20607,MW20607,0.1435885,0.003537823,0.2045180,0.02936643,0.02463863,0.000723548,23696.91840,0.2966072,0.03349341,0.5957214,0.1766953,0.1129218,0.01995274, 5474.019385,0.05,8.80e-06,1,0.2258832,0.000176050,3.98e-05, 35348.61572,38,2020-04-10
55,5454.697838918972,10.002001029055176,4.851023571265223,0.2819371958036102,0.04795613076392237,4.127854336689088,0.010773817455243818,19.32154608103226,0.5045934889406488,0.06604145966975623,23611.32484768571,43.76025452398224,21.270847836930237,0.27237199039846555,0.02346645766818299,20.264531478693506,0.002080026628575761,84.5935523143012,0.5066305962950621,0.03363684183278347,35224.19031925851,64.52510400979735,31.276748127488826,0.0028285116685914558,8.059046301522603e-5,28.6206095593176,2.994274014357787e-5,124.4254007414755,0.005039175731767534,1.105332031588039e-4, 47,Sub-Saharan Africa,Malawi,Lilongwe,STA Chitekwele,20607,MW20607,0.1435885,0.003537823,0.2045180,0.02936643,0.02463863,0.000723548,23696.91840,0.2966072,0.03349341,0.5957214,0.1766953,0.1129218,0.01995274, 5474.019385,0.05,8.80e-06,1,0.2258832,0.000176050,3.98e-05, 35348.61572,38,2020-04-10
56,5447.834139236459,13.52924183333438,6.568425795195157,0.3823575129612028,0.06537038311748015,5.624889631121702,0.014960607815383912,26.185245763545304,0.6874202806466235,0.09048381334742307,23581.30939267369,59.17993837131091,28.77150167657357,0.3677704037365304,0.031461822960708256,27.255558069600863,0.0027769821380677854,114.60900732632064,0.6814445668734955,0.045040002573592135,35179.90491446077,87.28552399204861,42.36131705896065,0.0038393989492748323,1.1012139772795348e-4,39.0599731986542,4.1769202215715424e-5,168.71080553921269,0.00687721094814821,1.518905999436689e-4, 47,Sub-Saharan Africa,Malawi,Lilongwe,STA Chitekwele,20607,MW20607,0.1435885,0.003537823,0.2045180,0.02936643,0.02463863,0.000723548,23696.91840,0.2966072,0.03349341,0.5957214,0.1766953,0.1129218,0.01995274, 5474.019385,0.05,8.80e-06,1,0.2258832,0.000176050,3.98e-05, 35348.61572,38,2020-04-10
57,5438.56527735578,18.286723201702323,8.888264425998495,0.5181213288994597,0.08893411907576537,7.651402925374745,0.020661643173636803,35.45410764422442,0.9348931346818754,0.12361751835206605,23540.777789055097,79.97926474085747,38.907740612610105,0.49692880231853637,0.04228991341287563,36.7106741536278,0.0037127220866277197,155.14061094491342,0.9178778043335654,0.06044343577583496,35120.10062963375,117.98347211842693,57.33249798177577,0.005205801216443185,1.5008854198811426e-4,53.19370646961839,5.790665333145683e-5,228.51509036623284,0.009365705122834609,2.079951953195711e-4, 47,Sub-Saharan Africa,Malawi,Lilongwe,STA Chitekwele,20607,MW20607,0.1435885,0.003537823,0.2045180,0.02936643,0.02463863,0.000723548,23696.91840,0.2966072,0.03349341,0.5957214,0.1766953,0.1129218,0.01995274, 5474.019385,0.05,8.80e-06,1,0.2258832,0.000176050,3.98e-05, 35348.61572,38,2020-04-10
58,5426.064339838308,24.69288333536472,12.018598148629764,0.7015585400553841,0.12080595071799419,10.392787968374963,0.028411218554726066,47.95504516169754,1.2696434489008501,0.16849807417490892,23486.114833927113,107.98732828611632,52.58898598902118,0.6716093756939874,0.05694993320868748,49.49372068552555,0.004971803330664785,209.8035660728964,1.237530672961816,0.08125979019274161,35039.44191755219,159.31897313672525,77.53279855240564,0.007051733800059222,2.0415104921895933e-4,72.31469499688448,7.987693653127476e-5,309.17380244780117,0.012732293515063903,2.840279857502341e-4, 47,Sub-Saharan Africa,Malawi,Lilongwe,STA Chitekwele,20607,MW20607,0.1435885,0.003537823,0.2045180,0.02936643,0.02463863,0.000723548,23696.91840,0.2966072,0.03349341,0.5957214,0.1766953,0.1129218,0.01995274, 5474.019385,0.05,8.80e-06,1,0.2258832,0.000176050,3.98e-05, 35348.61572,38,2020-04-10
59,5409.233034511513,33.29966942511468,16.2364806336436,0.949193586084074,0.1638928191108892,14.098183106441098,0.03893091809619296,64.78635048849051,1.7220800828861391,0.22924369973426936,23412.51933165068,145.6165831687063,71.02623982639803,0.9075740890553076,0.07678637361095521,66.76521635922603,0.006668532335220388,283.39906834933197,1.669421059472032,0.10939246371168176,34930.84211030272,214.8535495888895,104.74993049632677,0.009543413139736393,2.7723705143549443e-4,98.16019922702412,1.097348574879569e-4,417.77360969728926,0.017282851318205426,3.869719089234515e-4, 47,Sub-Saharan Africa,Malawi,Lilongwe,STA Chitekwele,20607,MW20607,0.1435885,0.003537823,0.2045180,0.02936643,0.02463863,0.000723548,23696.91840,0.2966072,0.03349341,0.5957214,0.1766953,0.1129218,0.01995274, 5474.019385,0.05,8.80e-06,1,0.2258832,0.000176050,3.98e-05, 35348.61572,38,2020-04-10
60,5384.170938044325,46.9942466657828,22.17004977867305,1.2856786910227058,0.2221465999577123,19.123130419961242,0.053194800281150874,89.84844695567871,2.3356915071981983,0.3114413613699274,23302.93958099464,205.4888357947729,96.96534575942626,1.2283365450458938,0.1036259656650199,90.18371764837458,0.008957292091865045,392.97881900537647,2.2550416780437046,0.14742304998945616,34769.134125538134,303.21640421458414,143.03694904404415,0.01292882297112705,3.7604670256776037e-4,133.21478607984443,1.5025374206758643e-4,579.4815944618891,0.02345483186383396,5.263004446353474e-4, 47,Sub-Saharan Africa,Malawi,Lilongwe,STA Chitekwele,20607,MW20607,0.1435885,0.003537823,0.2045180,0.02936643,0.02463863,0.000723548,23696.91840,0.2966072,0.03349341,0.5957214,0.1766953,0.1129218,0.01995274, 5474.019385,0.05,8.80e-06,1,0.2258832,0.000176050,3.98e-05, 35348.61572,38,2020-04-10
61,5349.386504950872,65.80624484498526,30.664718337939505,1.7534572720082369,0.3013924080917595,26.03453309013307,0.07253409597303676,124.63288004913092,3.1800943439823506,0.42315082733444004,23150.86002661994,287.72898101940615,134.101478547627,1.6743788662342274,0.14016015708699414,122.40132565703776,0.012049132682492296,545.0583733800746,3.0608056041114207,0.19907493565167944,34544.692989425384,424.5995864250608,197.84895425008622,0.01763492456822433,5.104568499122395e-4,181.4558392945971,2.0522347826683673e-4,803.9227305746412,0.03194853113180583,7.156803281790769e-4, 47,Sub-Saharan Africa,Malawi,Lilongwe,STA Chitekwele,20607,MW20607,0.1435885,0.003537823,0.2045180,0.02936643,0.02463863,0.000723548,23696.91840,0.2966072,0.03349341,0.5957214,0.1766953,0.1129218,0.01995274, 5474.019385,0.05,8.80e-06,1,0.2258832,0.000176050,3.98e-05, 35348.61572,38,2020-04-10
62,5301.310877352346,91.58841651502028,42.58769988222133,2.4088193360813657,0.41023694699403807,35.61452181491445,0.09881315242602311,172.70850764765754,4.35114697830121,0.5761083634414292,22940.688072035602,400.42936061213726,186.2238494041536,2.2993833956878116,0.19036444322460833,167.07113045377392,0.016239655433789375,755.2303279644108,4.178147865590092,0.2697689720865637,34234.48930942166,590.9591287172103,274.781940144809,0.024227982338982833,6.95061479358669e-4,248.36013872113963,2.7995137415020416e-4,1114.1264105783519,0.04372823940916027,9.750128535088736e-4, 47,Sub-Saharan Africa,Malawi,Lilongwe,STA Chitekwele,20607,MW20607,0.1435885,0.003537823,0.2045180,0.02936643,0.02463863,0.000723548,23696.91840,0.2966072,0.03349341,0.5957214,0.1766953,0.1129218,0.01995274, 5474.019385,0.05,8.80e-06,1,0.2258832,0.000176050,3.98e-05, 35348.61572,38,2020-04-10
63,5235.312745716743,126.6605173869385,59.11132535235816,3.324789999388543,0.5607623723602608,48.914582367675415,0.13466180453947166,238.70663928326042,5.977492508378158,0.7868106636243842,22652.1971174864,553.71627326021,258.4533244847601,3.172979226806249,0.25981842637429475,229.09694127878987,0.021945836672277414,1043.7212825136126,5.729754916891225,0.3671235861757667,33808.636443556985,817.2656893578137,381.4010321452961,0.033442631536568464,9.503485304514212e-4,341.2777800361985,3.819236575788301e-4,1539.9792764430333,0.06008807529717346,0.0013322721880302518, 47,Sub-Saharan Africa,Malawi,Lilongwe,STA Chitekwele,20607,MW20607,0.1435885,0.003537823,0.2045180,0.02936643,0.02463863,0.000723548,23696.91840,0.2966072,0.03349341,0.5957214,0.1766953,0.1129218,0.01995274, 5474.019385,0.05,8.80e-06,1,0.2258832,0.000176050,3.98e-05, 35348.61572,38,2020-04-10
64,5145.58265715276,173.79172175342737,81.75316155202216,4.596764320017302,0.7694845077925123,67.34182806318306,0.18376765080065852,328.43672784724305,8.2310782909795,1.077963690847978,22260.03004100227,759.6668483172018,357.4157187381355,4.3861006836182295,0.35614757662818985,315.03379134695086,0.029752335208968687,1435.8883589977434,7.8795765795259305,0.5016229636795432,33229.64241393563,1121.3921649865847,527.4997106445521,0.04623858232809818,0.0013043251443087126,470.03336588824834,5.216375306750755e-4,2118.973306064389,0.08275783582777392,0.0018259626749837887, 47,Sub-Saharan Africa,Malawi,Lilongwe,STA Chitekwele,20607,MW20607,0.1435885,0.003537823,0.2045180,0.02936643,0.02463863,0.000723548,23696.91840,0.2966072,0.03349341,0.5957214,0.1766953,0.1129218,0.01995274, 5474.019385,0.05,8.80e-06,1,0.2258832,0.000176050,3.98e-05, 35348.61572,38,2020-04-10
65,5025.196780117744,236.02805836260504,112.38377118409957,6.347656534046833,1.058580812138118,92.75328729492678,0.2512506944418244,448.82260488225813,11.338565490286312,1.4803395309651137,21733.993154874974,1031.5447401561464,491.27213457147445,6.0558686772709605,0.4895888657297084,433.5224420233888,0.04047083102380444,1961.925245125034,10.843667298124817,0.6874728222704746,32452.818755812314,1523.0019117436646,725.1504977422337,0.06385245618733285,0.0017946006413953036,647.5781939772334,7.13667742000687e-4,2895.796964187703,0.11401782385525261,0.0025082683833959913, 47,Sub-Saharan Africa,Malawi,Lilongwe,STA Chitekwele,20607,MW20607,0.1435885,0.003537823,0.2045180,0.02936643,0.02463863,0.000723548,23696.91840,0.2966072,0.03349341,0.5957214,0.1766953,0.1129218,0.01995274, 5474.019385,0.05,8.80e-06,1,0.2258832,0.000176050,3.98e-05, 35348.61572,38,2020-04-10
66,4866.533579803914,316.2516678558486,153.15729644807126,8.731110946600142,1.4572754260225573,127.54431837304796,0.3441361464992709,607.4858051960896,15.591885411857437,2.0349551039714626,21040.90027551786,1381.8595339388287,669.4098179428304,8.328601002000717,0.6736277220060822,595.6913290008707,0.055214875607070724,2655.0181244821424,14.900181251057482,0.9436033505916871,31428.965334866043,2040.7071582525962,988.2580137603009,0.08783015021330721,0.0024707363853100767,890.5939342217871,9.780126925228554e-4,3919.650385133976,0.15680513176996583,0.0034487490778329333, 47,Sub-Saharan Africa,Malawi,Lilongwe,STA Chitekwele,20607,MW20607,0.1435885,0.003537823,0.2045180,0.02936643,0.02463863,0.000723548,23696.91840,0.2966072,0.03349341,0.5957214,0.1766953,0.1129218,0.01995274, 5474.019385,0.05,8.80e-06,1,0.2258832,0.000176050,3.98e-05, 35348.61572,38,2020-04-10
67,4642.535653550887,433.72777197969697,208.44488555303957,11.951621645026494,2.0035311157323523,174.88398651811744,0.47193463750051773,831.4837314491133,21.37734722657033,2.79573807271009,20062.80416523341,1894.5818336725854,910.8747455839748,11.398896038978718,0.925774521433226,816.2574932710062,0.07549167862575079,3633.1142347666037,20.416989370779422,1.2948944943732654,29983.438761879595,2798.857729974175,1345.0375836778644,0.12022936395206091,0.0033971169955424995,1221.1566762409543,0.0013417464822874006,5365.176958120425,0.215006633508659,0.004738863477829903, 47,Sub-Saharan Africa,Malawi,Lilongwe,STA Chitekwele,20607,MW20607,0.1435885,0.003537823,0.2045180,0.02936643,0.02463863,0.000723548,23696.91840,0.2966072,0.03349341,0.5957214,0.1766953,0.1129218,0.01995274, 5474.019385,0.05,8.80e-06,1,0.2258832,0.000176050,3.98e-05, 35348.61572,38,2020-04-10
68,4355.838281551357,576.6599338075474,282.53862508164906,16.31306371121786,2.7488066126865833,239.27322509916917,0.6474491363746548,1118.181103448645,29.244775100233113,3.8356387063039272,18811.643793814863,2517.8863227703073,1234.3177071555788,15.555688929221253,1.2697511537485782,1116.1418065248881,0.10332965140907693,4884.274606185152,27.91730669233885,1.7749861521794115,28133.173795155843,3721.379588624634,1823.2025762833534,0.16410808583776948,0.004661022063198115,1670.6891495116058,0.0018413166817517024,7215.441924844177,0.29415486073676594,0.0065023387449498204, 47,Sub-Saharan Africa,Malawi,Lilongwe,STA Chitekwele,20607,MW20607,0.1435885,0.003537823,0.2045180,0.02936643,0.02463863,0.000723548,23696.91840,0.2966072,0.03349341,0.5957214,0.1766953,0.1129218,0.01995274, 5474.019385,0.05,8.80e-06,1,0.2258832,0.000176050,3.98e-05, 35348.61572,38,2020-04-10
69,4004.783119272163,739.9930785494716,376.5744265052805,22.121014719896987,3.7603440140861566,325.8994873604374,0.8879145786657112,1469.2362657278386,39.823991258974104,5.25083030292136,17280.787254906725,3229.3081521056565,1644.5417912797025,21.08888676227833,1.7365307356795905,1519.3143258625566,0.14145834741869587,6415.131145093291,37.999695884837124,2.428197715694534,25867.370964980335,4775.712556652267,2430.109108095812,0.22254219859830182,0.0063765119187360044,2275.191645771182,0.00252578990346468,9481.244755019683,0.4005882350423156,0.008902301822200687, 47,Sub-Saharan Africa,Malawi,Lilongwe,STA Chitekwele,20607,MW20607,0.1435885,0.003537823,0.2045180,0.02936643,0.02463863,0.000723548,23696.91840,0.2966072,0.03349341,0.5957214,0.1766953,0.1129218,0.01995274, 5474.019385,0.05,8.80e-06,1,0.2258832,0.000176050,3.98e-05, 35348.61572,38,2020-04-10
70,3597.579489690295,911.2849535590512,489.20434596102393,29.612313708570017,5.116706317319017,440.0055410382999,1.216034725441681,1876.4398953097063,53.74519798763751,7.157987233938229,15506.82429304027,3974.109641267733,2135.4407777276488,28.221988459348374,2.362255969729316,2049.7659719054463,0.19347162983692545,8189.094106959741,51.26174612658933,3.3082442438026285,23238.894267983218,5881.622411952803,3157.093411738294,0.29791705251545647,0.00867686863223631,3070.695574598774,0.0034598057853278954,12109.721452016804,0.5406505408667406,0.01213667441756421, 47,Sub-Saharan Africa,Malawi,Lilongwe,STA Chitekwele,20607,MW20607,0.1435885,0.003537823,0.2045180,0.02936643,0.02463863,0.000723548,23696.91840,0.2966072,0.03349341,0.5957214,0.1766953,0.1129218,0.01995274, 5474.019385,0.05,8.80e-06,1,0.2258832,0.000176050,3.98e-05, 35348.61572,38,2020-04-10
71,3153.612448328438,1071.4775743386735,615.4095078414489,38.8803871747582,6.899115007299149,586.0798217412927,1.6605305680899554,2320.406936671563,71.5382023049115,9.686543103872404,13575.067181873552,4668.839193269561,2684.8504348176234,37.04083669698155,3.184216404956436,2727.672624105574,0.26391283176344427,10120.851218126458,68.20370919718937,4.4746301179960914,20372.750348791833,6916.146501562696,3971.8043742219734,0.39117621740605285,0.011699914856375452,4087.506894149639,0.004725141619287437,14975.865371208192,0.7196773469193107,0.016425056475662895, 47,Sub-Saharan Africa,Malawi,Lilongwe,STA Chitekwele,20607,MW20607,0.1435885,0.003537823,0.2045180,0.02936643,0.02463863,0.000723548,23696.91840,0.2966072,0.03349341,0.5957214,0.1766953,0.1129218,0.01995274, 5474.019385,0.05,8.80e-06,1,0.2258832,0.000176050,3.98e-05, 35348.61572,38,2020-04-10
72,2700.496079107398,1199.200694593702,746.2580581787367,49.79544944535381,9.178232061938525,766.834998537472,2.255873075398752,2773.523305892603,93.50653985452442,12.96502413521095,11606.385074005024,5220.339543790675,3253.5711927315247,47.41787334911617,4.234730323032617,3564.6117556938934,0.35823010674683076,12089.533325994986,89.10862583166193,5.986312612840023,17447.120468235393,7741.332437879768,4816.627684510699,0.5010181805043666,0.015565602990049502,5343.012125634708,0.006419955961048238,17901.495251764634,0.9407293595263215,0.021985558951097748, 47,Sub-Saharan Africa,Malawi,Lilongwe,STA Chitekwele,20607,MW20607,0.1435885,0.003537823,0.2045180,0.02936643,0.02463863,0.000723548,23696.91840,0.2966072,0.03349341,0.5957214,0.1766953,0.1129218,0.01995274, 5474.019385,0.05,8.80e-06,1,0.2258832,0.000176050,3.98e-05, 35348.61572,38,2020-04-10
73,2267.2877218342505,1277.3019613521926,870.139075331956,61.95687528235478,11.99784391682932,982.295008380845,3.0408989015715684,3206.7316631657504,119.61700426543007,17.10240940930881,9727.35898216796,5554.3476168099705,3790.856149026538,58.967569222214976,5.533618805972058,4559.371909383212,0.48255458414552627,13968.55941783205,113.93778789792694,7.893091244317469,14649.596890813149,8246.37333768364,5616.633029262067,0.6234161374488046,0.02034834043753311,6835.360042910888,0.008654852388904498,20699.018829186876,1.203479993977557,0.02900319282643762, 47,Sub-Saharan Africa,Malawi,Lilongwe,STA Chitekwele,20607,MW20607,0.1435885,0.003537823,0.2045180,0.02936643,0.02463863,0.000723548,23696.91840,0.2966072,0.03349341,0.5957214,0.1766953,0.1129218,0.01995274, 5474.019385,0.05,8.80e-06,1,0.2258832,0.000176050,3.98e-05, 35348.61572,38,2020-04-10
74,1848.2530948729427,1323.1784832121425,978.7423429259189,74.74912567070909,15.36005874946133,1229.680058373396,4.056221195430201,3625.7662901270583,149.4910127154727,22.16898183906363,7913.300700079555,5746.729064137019,4260.450741222372,71.1005704057991,7.081409556253245,5697.612626469906,0.6432881291076996,15782.617699920454,142.323516002069,10.22679592374999,11943.159115607408,8543.531090620134,6318.175283923909,0.7521796273447707,0.02605186825848346,8542.960452841186,0.011545511772520011,23405.456604392617,1.50412722796484,0.03759738003100346, 47,Sub-Saharan Africa,Malawi,Lilongwe,STA Chitekwele,20607,MW20607,0.1435885,0.003537823,0.2045180,0.02936643,0.02463863,0.000723548,23696.91840,0.2966072,0.03349341,0.5957214,0.1766953,0.1129218,0.01995274, 5474.019385,0.05,8.80e-06,1,0.2258832,0.000176050,3.98e-05, 35348.61572,38,2020-04-10
75,1491.7801367465527,1303.0290095404544,1062.9775199535484,87.47798227105459,19.221127573354558,1504.1927088786179,5.340900036418938,3982.2392482534487,182.50790782121038,28.186560133640192,6373.351032639012,5651.998487179518,4622.950592363631,83.1539477028678,8.857453671427544,6955.76031156406,0.846574879495785,17322.567367360996,173.6682980047774,12.99681978832574,9640.411645471304,8414.35860085925,6862.535989474202,0.8803246913311016,0.03260215284680984,10430.381354136758,0.01520321432126387,25708.204074528723,1.8364320346925758,0.0478053671680737, 47,Sub-Saharan Africa,Malawi,Lilongwe,STA Chitekwele,20607,MW20607,0.1435885,0.003537823,0.2045180,0.02936643,0.02463863,0.000723548,23696.91840,0.2966072,0.03349341,0.5957214,0.1766953,0.1129218,0.01995274, 5474.019385,0.05,8.80e-06,1,0.2258832,0.000176050,3.98e-05, 35348.61572,38,2020-04-10
76,1201.9711158723067,1229.9296153944595,1114.0371037256102,99.31589069667089,23.48901178646576,1798.3476790639238,6.9289684605644535,4272.048269127695,217.722439173651,35.12023480542136,5124.109117076684,5328.0940192025555,4840.485106284065,94.34107487480219,10.818887866319002,8297.972443263874,1.0977514317133816,18571.80928292333,207.06871728392466,16.18639308206227,7768.01586656988,7943.1380682144045,7192.78362269799,0.9995221166183571,0.03984322642763806,12443.619072227426,0.019724947267006507,27580.599853430143,2.190885590511248,0.05956817369464457, 47,Sub-Saharan Africa,Malawi,Lilongwe,STA Chitekwele,20607,MW20607,0.1435885,0.003537823,0.2045180,0.02936643,0.02463863,0.000723548,23696.91840,0.2966072,0.03349341,0.5957214,0.1766953,0.1129218,0.01995274, 5474.019385,0.05,8.80e-06,1,0.2258832,0.000176050,3.98e-05, 35348.61572,38,2020-04-10
77,973.8134165480601,1121.5378070879167,1129.2713883447764,109.4597485201095,28.02455172961217,2103.066672911212,8.845799858314233,4500.205968451941,254.0059325235249,42.87343890793788,4142.735679372657,4852.430816178291,4902.06700421903,103.90194209331655,12.901285048691513,9681.48089850064,1.4007745873880981,19553.182720627356,241.4508103733546,19.75043567302824,6293.739059363113,7243.806179262803,7291.734666406282,1.101685369480917,0.04753912906508439,14518.161407413298,0.02518305597212401,29054.87666063691,2.5561290702250847,0.07272218503720838, 47,Sub-Saharan Africa,Malawi,Lilongwe,STA Chitekwele,20607,MW20607,0.1435885,0.003537823,0.2045180,0.02936643,0.02463863,0.000723548,23696.91840,0.2966072,0.03349341,0.5957214,0.1766953,0.1129218,0.01995274, 5474.019385,0.05,8.80e-06,1,0.2258832,0.000176050,3.98e-05, 35348.61572,38,2020-04-10
78,797.7879596092098,994.9546281167429,1111.090071569086,117.2874467270431,32.65471603415776,2409.1395276129724,11.105035330789294,4676.231425390792,290.2301114027105,51.29603952998869,3387.1615429925614,4299.527315476468,4818.670176093586,111.2510974089938,15.024838167066365,11063.525689664026,1.7577401973090652,20308.75685700745,275.74469032804666,23.61938826685741,5156.193775497096,6426.775042244639,7174.8826114200765,1.1805471752473782,0.05539635859935146,16589.496730819046,0.03161648530838295,30192.421944502934,2.9208040534020663,0.08701284390773441, 47,Sub-Saharan Africa,Malawi,Lilongwe,STA Chitekwele,20607,MW20607,0.1435885,0.003537823,0.2045180,0.02936643,0.02463863,0.000723548,23696.91840,0.2966072,0.03349341,0.5957214,0.1766953,0.1129218,0.01995274, 5474.019385,0.05,8.80e-06,1,0.2258832,0.000176050,3.98e-05, 35348.61572,38,2020-04-10
79,663.4092087498719,863.8161157769669,1065.1378346504648,122.4359323041675,37.192435330116346,2708.321080379042,13.706777809371717,4810.610176250129,325.40180800110545,60.20114008601687,2811.4658076372484,3728.492309814196,4615.203035210541,116.05050403005163,17.10352502724538,12406.434614528855,2.1686037518740964,20884.452592362763,309.01171636698,27.707011037641024,4287.704517704875,5580.126643305679,6878.629539184494,1.2324466537150007,0.06309751058699299,18600.820450014366,0.039025626289090204,31060.911202295156,3.2749093912366654,0.10212313687608321, 47,Sub-Saharan Africa,Malawi,Lilongwe,STA Chitekwele,20607,MW20607,0.1435885,0.003537823,0.2045180,0.02936643,0.02463863,0.000723548,23696.91840,0.2966072,0.03349341,0.5957214,0.1766953,0.1129218,0.01995274, 5474.019385,0.05,8.80e-06,1,0.2258832,0.000176050,3.98e-05, 35348.61572,38,2020-04-10
80,561.170705038914,737.4920192899411,998.4906627994847,124.80874038608759,41.45691571178674,2993.963024401304,16.637317372482613,4912.848679961088,358.73742683846393,69.38493268831743,2374.236968432288,3179.7124527871065,4322.635863722461,118.21537679359676,19.054443093043698,13680.432151998524,2.6311431729925654,21321.681431567722,340.5140740986654,31.91953649798882,3626.8874889571525,4764.412982818303,6448.642007009986,1.2564064500850949,0.07033575024901845,20507.29912749078,0.04737152345251806,31721.728231042882,3.6105519241158257,0.11770727370153655, 47,Sub-Saharan Africa,Malawi,Lilongwe,STA Chitekwele,20607,MW20607,0.1435885,0.003537823,0.2045180,0.02936643,0.02463863,0.000723548,23696.91840,0.2966072,0.03349341,0.5957214,0.1766953,0.1129218,0.01995274, 5474.019385,0.05,8.80e-06,1,0.2258832,0.000176050,3.98e-05, 35348.61572,38,2020-04-10
81,486.7114515999654,618.5684026433604,917.8506611039794,124.53153267177561,45.29019395413153,3261.1969013766216,19.87024165016761,4987.307933400038,389.6805827611476,78.64511732966854,2056.3030569945718,2664.2830204862853,3970.2019486904755,117.871034813003,20.80537801574658,14864.3128214065,3.141139593432641,21639.61534300544,369.73049401252655,36.16412195727076,3145.5922387589785,3996.3629708693124,5928.188250226047,1.2536860657107955,0.0768429200220737,22277.08515213118,0.05657902876231883,32203.023481241056,3.9221250413986475,0.1334219487843925, 47,Sub-Saharan Africa,Malawi,Lilongwe,STA Chitekwele,20607,MW20607,0.1435885,0.003537823,0.2045180,0.02936643,0.02463863,0.000723548,23696.91840,0.2966072,0.03349341,0.5957214,0.1766953,0.1129218,0.01995274, 5474.019385,0.05,8.80e-06,1,0.2258832,0.000176050,3.98e-05, 35348.61572,38,2020-04-10
82,429.4361920056787,514.3533408009299,829.5978636199919,121.88530350968213,48.56741348350801,3506.810702476844,23.368569103366845,5044.583192994325,417.88202528728766,87.79475885563475,1812.071061166078,2213.2752175696637,3585.594750235907,115.28899606499539,22.299469008893354,15944.696187733165,3.6927182213120764,21883.847338833933,396.3364446331407,40.35518156872709,2775.354268951957,3323.239135463596,5358.472729220721,1.2271099281703861,0.08240699736622431,23890.173526566745,0.06654287145922318,32573.261451048078,4.206107304679338,0.14894986882544747, 47,Sub-Saharan Africa,Malawi,Lilongwe,STA Chitekwele,20607,MW20607,0.1435885,0.003537823,0.2045180,0.02936643,0.02463863,0.000723548,23696.91840,0.2966072,0.03349341,0.5957214,0.1766953,0.1129218,0.01995274, 5474.019385,0.05,8.80e-06,1,0.2258832,0.000176050,3.98e-05, 35348.61572,38,2020-04-10
83,385.1124755396684,424.84760413108,739.3045628492093,117.2634361652615,51.20231138367869,3729.201564385096,27.087430546008168,5088.906909460336,443.1903700793829,96.67227527285273,1623.2883774676536,1826.4453125595269,3192.8950841930946,110.84560771079072,23.49766000224636,16915.667583958064,4.278774108638589,22072.630022532354,420.19433200242554,44.418919297949365,2488.825912459457,2745.0743773178083,4775.494233139079,1.1806354717540097,0.08688142873280506,25337.876544890914,0.07713529226682342,32859.78980754058,4.460969891746582,0.16401672099962847, 47,Sub-Saharan Africa,Malawi,Lilongwe,STA Chitekwele,20607,MW20607,0.1435885,0.003537823,0.2045180,0.02936643,0.02463863,0.000723548,23696.91840,0.2966072,0.03349341,0.5957214,0.1766953,0.1129218,0.01995274, 5474.019385,0.05,8.80e-06,1,0.2258832,0.000176050,3.98e-05, 35348.61572,38,2020-04-10
84,350.5816009310939,349.1237825994831,651.026209119478,111.10840367311151,53.148285338687465,3928.05408647876,30.977016859387906,5123.43778406891,465.6090794301821,105.14745283441272,1476.364522817981,1499.5812400821908,2809.5726662992015,104.96210994437293,24.379120125696943,17777.16730268846,4.89143804210906,22219.55387718203,441.3123566625678,48.2960274008955,2265.595067875533,2255.899317929054,4205.458437404074,1.1187157524047389,0.09018696131489826,26620.365779638916,0.08821443871387065,33083.020652124505,4.68674375298012,0.1784014000287689, 47,Sub-Saharan Africa,Malawi,Lilongwe,STA Chitekwele,20607,MW20607,0.1435885,0.003537823,0.2045180,0.02936643,0.02463863,0.000723548,23696.91840,0.2966072,0.03349341,0.5957214,0.1766953,0.1129218,0.01995274, 5474.019385,0.05,8.80e-06,1,0.2258832,0.000176050,3.98e-05, 35348.61572,38,2020-04-10
85,323.4980120511872,285.7827659039945,567.5115482816461,103.86046531177396,54.39520253169429,4103.985946915708,34.98544400399706,5150.521372948817,485.2506144842433,113.12306425362856,1361.2282745486596,1226.478880045003,2447.4195566722597,98.05630611132348,24.9397258784325,18533.273128913155,5.522527831181195,22334.69012545135,459.8009805557946,51.942375186469896,2090.5029862336833,1846.691614273346,3666.132464992748,1.0457826599323075,0.09230624322422257,27744.050933069913,0.09963252716040036,33258.11273376636,4.884558067624768,0.1919387703846229, 47,Sub-Saharan Africa,Malawi,Lilongwe,STA Chitekwele,20607,MW20607,0.1435885,0.003537823,0.2045180,0.02936643,0.02463863,0.000723548,23696.91840,0.2966072,0.03349341,0.5957214,0.1766953,0.1129218,0.01995274, 5474.019385,0.05,8.80e-06,1,0.2258832,0.000176050,3.98e-05, 35348.61572,38,2020-04-10
86,302.11948760489,233.25192315983122,490.45058300323916,95.92471610738953,54.96371039084399,4258.247711028026,39.0612537057811,5171.899897395114,502.29845617322616,120.53337719445575,1270.4127068802293,1000.226238609343,2113.6403070796305,90.511663640959,25.18941453462276,19190.774128196987,6.163941058245556,22425.50569311978,475.8369702770633,55.32828279191822,1952.2893624150495,1507.3032351630986,3168.4447348369004,0.965914884113413,0.09327417850013092,28719.40795555379,0.11124296855091505,33396.32635758499,5.056257825134335,0.20451714705104593, 47,Sub-Saharan Africa,Malawi,Lilongwe,STA Chitekwele,20607,MW20607,0.1435885,0.003537823,0.2045180,0.02936643,0.02463863,0.000723548,23696.91840,0.2966072,0.03349341,0.5957214,0.1766953,0.1129218,0.01995274, 5474.019385,0.05,8.80e-06,1,0.2258832,0.000176050,3.98e-05, 35348.61572,38,2020-04-10
87,285.14590762547425,189.96775504756644,420.7210123364309,87.65224075885733,54.8984168375835,4392.478590760851,43.155461633237636,5188.873477374529,516.9768581846083,127.34077266572335,1198.3547849179965,813.9854024987612,1811.9295316969199,82.65977271707102,25.149033828107772,19758.031898519133,6.8079758220201745,22497.563615082017,489.6348379683467,58.43693915683275,1842.550850882604,1227.6415090346543,2718.075729639815,0.8826479001984043,0.09316635897106146,29559.24890997773,0.12290620603599225,33506.064869117436,5.204099200339481,0.21607256500705374, 47,Sub-Saharan Africa,Malawi,Lilongwe,STA Chitekwele,20607,MW20607,0.1435885,0.003537823,0.2045180,0.02936643,0.02463863,0.000723548,23696.91840,0.2966072,0.03349341,0.5957214,0.1766953,0.1129218,0.01995274, 5474.019385,0.05,8.80e-06,1,0.2258832,0.000176050,3.98e-05, 35348.61572,38,2020-04-10
88,271.9263072734558,154.19531999488,358.5666511408125,79.33168767239701,54.2609519440191,4508.51537573554,47.22309123889717,5202.093077726546,529.5277093522308,133.53138144159487,1142.2632260901075,660.2268553683368,1543.2536146844282,74.77264808572302,24.847149997366014,20244.107335689892,7.447570084157304,22553.65517390991,501.4250635936958,61.26238036416652,1757.0803173230724,996.5020644469556,2316.6097076943065,0.798888901510059,0.09208729111675454,30277.398160255234,0.13449408781553282,33591.535402676964,5.330516480155808,0.22658137893228739, 47,Sub-Saharan Africa,Malawi,Lilongwe,STA Chitekwele,20607,MW20607,0.1435885,0.003537823,0.2045180,0.02936643,0.02463863,0.000723548,23696.91840,0.2966072,0.03349341,0.5957214,0.1766953,0.1129218,0.01995274, 5474.019385,0.05,8.80e-06,1,0.2258832,0.000176050,3.98e-05, 35348.61572,38,2020-04-10
89,261.3233523741174,125.04905003705335,303.85784790709187,71.18869421765565,53.123602930227804,4608.25267775085,51.22415978300508,5212.696032625882,540.1940799087041,139.11037423474207,1097.29391258355,535.0571858227934,1306.973738706044,67.06241645985887,24.317129365647293,20658.137562392923,8.07645466919069,22598.62448741647,511.43866748637015,63.807319320520186,1688.5255496513641,808.1693608029598,1963.2171576141018,0.7169108294211873,0.09015959304946615,30887.75068882974,0.14589267937560227,33660.090170348674,5.437956277922558,0.23605227242506846, 47,Sub-Saharan Africa,Malawi,Lilongwe,STA Chitekwele,20607,MW20607,0.1435885,0.003537823,0.2045180,0.02936643,0.02463863,0.000723548,23696.91840,0.2966072,0.03349341,0.5957214,0.1766953,0.1129218,0.01995274, 5474.019385,0.05,8.80e-06,1,0.2258832,0.000176050,3.98e-05, 35348.61572,38,2020-04-10
90,252.7886557121611,101.35726835717483,256.2340515936721,63.39161898504895,51.56377848295835,4693.559692794032,55.1243190749532,5221.2307292878395,549.2109166532698,144.09750158733763,1061.109772797374,433.3960647872394,1101.4632429284939,59.68687165717177,23.594604975482035,21008.97859089856,8.689251955683378,22634.80862720265,519.8984829315899,66.08109494547676,1633.3417217129206,655.0758808276925,1655.5757301260921,0.6384099788655833,0.08751459771008792,31403.739458664815,0.15700409191113435,33715.27399828711,5.528783771290029,0.24451868962122228, 47,Sub-Saharan Africa,Malawi,Lilongwe,STA Chitekwele,20607,MW20607,0.1435885,0.003537823,0.2045180,0.02936643,0.02463863,0.000723548,23696.91840,0.2966072,0.03349341,0.5957214,0.1766953,0.1129218,0.01995274, 5474.019385,0.05,8.80e-06,1,0.2258832,0.000176050,3.98e-05, 35348.61572,38,2020-04-10
91,245.8979503353057,82.1311471328823,215.15783898694295,56.05851759025504,49.65970266017239,4766.219200601525,58.89502769291705,5228.121434664695,556.798475588094,148.52307686985668,1031.9045293994286,350.96238677604373,924.3451525287387,52.75620702651132,22.715511627067354,21304.953111622886,9.281501019330747,22664.013870600596,527.013060105455,68.09783014832587,1588.7862784505585,530.8345436065161,1390.219062860167,0.5645761400019756,0.08428504165066478,31837.959226925475,0.1677469756375525,33759.82944154947,5.605216485766323,0.25203201728821734, 47,Sub-Saharan Africa,Malawi,Lilongwe,STA Chitekwele,20607,MW20607,0.1435885,0.003537823,0.2045180,0.02936643,0.02463863,0.000723548,23696.91840,0.2966072,0.03349341,0.5957214,0.1766953,0.1129218,0.01995274, 5474.019385,0.05,8.80e-06,1,0.2258832,0.000176050,3.98e-05, 35348.61572,38,2020-04-10
92,240.32072395995044,66.5467557277438,180.00125553958492,49.26445068169514,47.48706999460644,4827.885635448393,62.513493648025936,5233.69866104005,563.1580282435051,152.42453513859138,1008.2723135233938,284.1937312600002,772.863695806846,46.340025221688705,21.714563624488022,21553.684423651,9.849646912588778,22687.646086476627,532.9727092913937,69.8748571565428,1552.7226776498123,430.1230087004,1163.094736899014,0.49616611611726263,0.08059938479322323,32201.92047489117,0.1780563587005624,33795.89304235022,5.669280985992977,0.25865574349378573, 47,Sub-Saharan Africa,Malawi,Lilongwe,STA Chitekwele,20607,MW20607,0.1435885,0.003537823,0.2045180,0.02936643,0.02463863,0.000723548,23696.91840,0.2966072,0.03349341,0.5957214,0.1766953,0.1129218,0.01995274, 5474.019385,0.05,8.80e-06,1,0.2258832,0.000176050,3.98e-05, 35348.61572,38,2020-04-10
93,235.79737939956613,53.923442866236826,150.10706449374914,43.04943385058178,45.11660508645718,4880.06307086864,65.9623884347688,5238.2220056004335,568.4699655260081,155.8435127227596,989.1097546111708,230.15073059591074,644.1470976849793,40.47491750632753,20.62414842705029,21762.02075692548,10.390994249078442,22706.80864538885,537.9477946237208,71.4313842159708,1523.4727670537973,348.5442176991835,969.9601553816636,0.433583732932795,0.07657766508298221,32505.940535632973,0.18788283436964293,33825.142952946226,5.7227937219852985,0.2644604994526253, 47,Sub-Saharan Africa,Malawi,Lilongwe,STA Chitekwele,20607,MW20607,0.1435885,0.003537823,0.2045180,0.02936643,0.02463863,0.000723548,23696.91840,0.2966072,0.03349341,0.5957214,0.1766953,0.1129218,0.01995274, 5474.019385,0.05,8.80e-06,1,0.2258832,0.000176050,3.98e-05, 35348.61572,38,2020-04-10
94,232.12282339097843,43.70278636901229,124.82825253309166,37.4259237313134,42.612501368638995,4924.0976840611265,69.22941354583655,5241.896561609022,572.8935668820056,158.82355832552608,973.5457321479716,186.42457105593004,535.3764490775992,35.171573862078745,19.473622877011053,21936.022813069914,10.903637909505186,22722.372667852058,542.0885832466267,72.78745300201318,1499.7107078639588,282.4905356792427,806.6379428745137,0.376955199598336,0.07232884551195927,32759.130058209736,0.19719132744498208,33848.90501213603,5.767358658737161,0.2695201729569415, 47,Sub-Saharan Africa,Malawi,Lilongwe,STA Chitekwele,20607,MW20607,0.1435885,0.003537823,0.2045180,0.02936643,0.02463863,0.000723548,23696.91840,0.2966072,0.03349341,0.5957214,0.1766953,0.1129218,0.01995274, 5474.019385,0.05,8.80e-06,1,0.2258832,0.000176050,3.98e-05, 35348.61572,38,2020-04-10
95,228.90905650250198,35.6234782713371,103.58101163846656,32.385930144181785,40.031504066473644,4961.18162387485,72.30678050218835,5245.110328497499,576.5680779238319,161.40834314290825,959.935507292307,151.8747609288371,444.0105619432537,30.42151381517461,18.28890376579985,22081.00077184675,11.38638040788972,22735.982892707725,545.5263108170789,73.96312514430791,1478.9277088932267,230.27493723421733,669.3585689200091,0.3262007213400421,0.06794925480023145,32969.4543953625,0.20595961391261142,33869.688011106744,5.804378095596896,0.2739088687128428, 47,Sub-Saharan Africa,Malawi,Lilongwe,STA Chitekwele,20607,MW20607,0.1435885,0.003537823,0.2045180,0.02936643,0.02463863,0.000723548,23696.91840,0.2966072,0.03349341,0.5957214,0.1766953,0.1129218,0.01995274, 5474.019385,0.05,8.80e-06,1,0.2258832,0.000176050,3.98e-05, 35348.61572,38,2020-04-10
96,226.29017099611713,29.03713983630369,85.80683031247015,27.907232378368825,37.42261049430931,4992.36476886722,75.1906321152095,5247.729214003884,579.6146409295578,163.64038966962423,948.8460496709596,123.72942726649867,367.6251003982336,26.202953632391253,17.092339522381465,22201.583889230882,11.838640278660733,22747.072350329072,548.3750354470319,74.97790596964151,1461.9911457043013,187.70667191136195,554.5152554018875,0.28109710242164926,0.06352207635407596,33143.84385113086,0.21417667282490477,33886.62457429567,5.8350720860012615,0.27769874917898074, 47,Sub-Saharan Africa,Malawi,Lilongwe,STA Chitekwele,20607,MW20607,0.1435885,0.003537823,0.2045180,0.02936643,0.02463863,0.000723548,23696.91840,0.2966072,0.03349341,0.5957214,0.1766953,0.1129218,0.01995274, 5474.019385,0.05,8.80e-06,1,0.2258832,0.000176050,3.98e-05, 35348.61572,38,2020-04-10
97,224.15377609681835,23.670072480616025,70.97692760805944,23.9567668363687,34.82709231214565,5018.554271336127,77.88047832986332,5249.865608903184,582.1365647008299,165.56014694114384,939.8006522207822,100.80977576796663,303.93072795257115,22.484028922597656,15.902728424453828,22301.730123750276,12.260362961357686,22756.117747779248,550.7319525367819,75.85032697987529,1448.1744140091225,153.01744852561774,458.692711738652,0.24131184900358538,0.05911738399982633,33288.20887541415,0.22184107946025305,33900.44130599085,5.860481118205171,0.28095846346007936, 47,Sub-Saharan Africa,Malawi,Lilongwe,STA Chitekwele,20607,MW20607,0.1435885,0.003537823,0.2045180,0.02936643,0.02463863,0.000723548,23696.91840,0.2966072,0.03349341,0.5957214,0.1766953,0.1129218,0.01995274, 5474.019385,0.05,8.80e-06,1,0.2258832,0.000176050,3.98e-05, 35348.61572,38,2020-04-10
98,222.409465679414,19.297475541567792,58.63239339329504,20.494757346254286,32.27881367198748,5040.527859801883,80.37861956559799,5251.609919320589,584.2212639136466,167.20534067873587,932.4159995010506,82.14873182164554,250.9421516610018,19.226678790118818,14.735471415850919,22384.797436882847,12.65192992749357,22763.50240049898,552.6792487455039,76.59765434103878,1436.8930254142424,124.7548234046683,378.92680131949567,0.20644477394040128,0.054792680210358206,33407.55087304484,0.2289593626100786,33911.722694585726,5.881485630349135,0.28375204282043676, 47,Sub-Saharan Africa,Malawi,Lilongwe,STA Chitekwele,20607,MW20607,0.1435885,0.003537823,0.2045180,0.02936643,0.02463863,0.000723548,23696.91840,0.2966072,0.03349341,0.5957214,0.1766953,0.1129218,0.01995274, 5474.019385,0.05,8.80e-06,1,0.2258832,0.000176050,3.98e-05, 35348.61572,38,2020-04-10
99,220.98434641386137,15.735314323655455,48.37802075828511,17.478082617250188,29.804744015480075,5058.949256112066,82.6896207594013,5253.035038586142,585.9423788187604,168.6106031963006,926.383126957946,66.9554477216834,206.95100714355385,16.389803472882015,13.60281219376042,22453.622126583694,13.01407592649156,22769.535273042082,554.2861136983964,77.23572434081623,1427.6757011036239,101.72969202690649,312.66474597544294,0.17606192286786054,0.05059376518772643,33506.083380699834,0.2355445061447004,33920.94001889635,5.898827349516395,0.2861382713324268, 47,Sub-Saharan Africa,Malawi,Lilongwe,STA Chitekwele,20607,MW20607,0.1435885,0.003537823,0.2045180,0.02936643,0.02463863,0.000723548,23696.91840,0.2966072,0.03349341,0.5957214,0.1766953,0.1129218,0.01995274, 5474.019385,0.05,8.80e-06,1,0.2258832,0.000176050,3.98e-05, 35348.61572,38,2020-04-10
100,219.8193966750873,12.833199218830343,39.875521622972265,14.862760120670144,27.425644180248593,5074.383049336484,84.81981384570653,5254.199988324916,587.3617566084744,169.80732435105742,921.4519322019846,54.58430481889001,170.49610762323866,13.931589447999627,12.514155232491776,22510.592499849798,13.347810825609615,22774.46646779804,555.6106183750738,77.77887924509515,1420.1408355965082,82.97030305491377,257.7213401910686,0.14972060131308146,0.04655590046118282,33587.34535012429,0.2416145314534523,33928.47488440347,5.91312923960578,0.2881704319146351, 47,Sub-Saharan Africa,Malawi,Lilongwe,STA Chitekwele,20607,MW20607,0.1435885,0.003537823,0.2045180,0.02936643,0.02463863,0.000723548,23696.91840,0.2966072,0.03349341,0.5957214,0.1766953,0.1129218,0.01995274, 5474.019385,0.05,8.80e-06,1,0.2258832,0.000176050,3.98e-05, 35348.61572,38,2020-04-10
101,218.86675769309548,10.468539626361835,32.83709023725824,12.605625393621647,25.156785672332127,5087.307714711717,86.77687166561158,5255.1526273069085,588.5311442758913,170.82365556421703,917.4196611353807,44.50952344381965,140.33527964335943,11.811077694275642,11.476397685189335,22557.71210764215,13.654352755823439,22778.498738864644,556.7013183016645,78.239972313454,1413.9789867380946,67.68450063260187,212.237403657914,0.1269862974463291,0.04270502910236857,33654.297946361534,0.24719128330733586,33934.636733261876,5.924912545640415,0.2898963124097045, 47,Sub-Saharan Africa,Malawi,Lilongwe,STA Chitekwele,20607,MW20607,0.1435885,0.003537823,0.2045180,0.02936643,0.02463863,0.000723548,23696.91840,0.2966072,0.03349341,0.5957214,0.1766953,0.1129218,0.01995274, 5474.019385,0.05,8.80e-06,1,0.2258832,0.000176050,3.98e-05, 35348.61572,38,2020-04-10
102,218.03267936350272,8.588938581104745,27.025675434064464,10.665590480053288,23.008704875580076,5098.128372891746,88.56942337394867,5255.986705636501,589.4938132556454,171.68461843844457,913.8893934370506,36.50407583821353,115.44564541607184,9.989334704600477,10.494276436494888,22596.660606331716,13.935067835853001,22782.02900656297,557.5987890113852,78.63042012972967,1408.5838346121486,55.53399838633568,174.68162305347136,0.10744536650165863,0.03905905544653866,33709.41746019221,0.2522993338917812,33940.03188538781,5.934613153268055,0.29135838933832, 47,Sub-Saharan Africa,Malawi,Lilongwe,STA Chitekwele,20607,MW20607,0.1435885,0.003537823,0.2045180,0.02936643,0.02463863,0.000723548,23696.91840,0.2966072,0.03349341,0.5957214,0.1766953,0.1129218,0.01995274, 5474.019385,0.05,8.80e-06,1,0.2258832,0.000176050,3.98e-05, 35348.61572,38,2020-04-10
103,217.34932875375648,7.045974207984119,22.23657121086126,9.004457247461904,20.987938562769333,5107.188386663408,90.20672835375754,5256.670056246247,590.2860070201493,172.4122928897375,910.997207097252,29.93576935250208,94.94495278870833,8.430205082292202,9.570705701663154,22628.848140850856,14.191419126729446,22784.921192902766,558.3369915741198,78.96029061218174,1404.163507867933,45.559252665670115,143.7315441605298,0.09071323133093488,0.03562909329234946,33754.77810792775,0.2569650534993339,33944.45221213203,5.9425961671645995,0.29259414679168344, 47,Sub-Saharan Africa,Malawi,Lilongwe,STA Chitekwele,20607,MW20607,0.1435885,0.003537823,0.2045180,0.02936643,0.02463863,0.000723548,23696.91840,0.2966072,0.03349341,0.5957214,0.1766953,0.1129218,0.01995274, 5474.019385,0.05,8.80e-06,1,0.2258832,0.000176050,3.98e-05, 35348.61572,38,2020-04-10
104,216.78924669587173,5.779762601008149,18.291359212300545,7.586983964630396,19.097694145831817,5114.775932782105,91.6984055982507,5257.230138304131,590.937735828373,173.02603312819954,908.6268225973718,24.54813295196138,78.06529037070494,7.100369955204217,8.707084343014564,22655.44577546496,14.42492431678615,22787.291577402644,558.9440303374596,79.23840342879743,1400.5404443282282,37.373296579419915,118.23444690704171,0.07643505558086817,0.03242060342783663,33792.09746068705,0.2612158392451813,33948.07527567174,5.949163909041225,0.29363644267301803, 47,Sub-Saharan Africa,Malawi,Lilongwe,STA Chitekwele,20607,MW20607,0.1435885,0.003537823,0.2045180,0.02936643,0.02463863,0.000723548,23696.91840,0.2966072,0.03349341,0.5957214,0.1766953,0.1129218,0.01995274, 5474.019385,0.05,8.80e-06,1,0.2258832,0.000176050,3.98e-05, 35348.61572,38,2020-04-10
105,216.3300552750957,4.740899532558065,15.042472408352268,6.381101656775392,17.338458448893295,5121.132189528312,93.05420815001301,5257.689329724907,591.4737689836926,173.54269779636846,906.6834885110222,20.129780627974643,64.17184461861649,5.969540461006552,7.9035747128646126,22677.42305056679,14.63712050172579,22789.23491148899,559.4430890444107,79.47243663076807,1397.5699339073547,30.656867430468928,97.23691655670845,0.06428792941702631,0.02943442688308684,33822.793200277025,0.26507947214459543,33951.04578609261,5.954565909970669,0.2945138990276823, 47,Sub-Saharan Africa,Malawi,Lilongwe,STA Chitekwele,20607,MW20607,0.1435885,0.003537823,0.2045180,0.02936643,0.02463863,0.000723548,23696.91840,0.2966072,0.03349341,0.5957214,0.1766953,0.1129218,0.01995274, 5474.019385,0.05,8.80e-06,1,0.2258832,0.000176050,3.98e-05, 35348.61572,38,2020-04-10
106,215.95348737263245,3.8886907842073417,12.367886976621088,5.358017830808609,15.708543439061636,5126.458918342362,94.28384025430532,5258.065897627371,591.9145436561053,173.97688876676904,905.0898665459288,16.50674551569393,52.7399639652477,5.010545624986066,7.159352262829353,22695.582390411717,14.829535673597322,22790.828533454085,559.8532862055995,79.66903685585936,1395.133845099207,25.146977090590518,79.95055352853922,0.05398192058747108,0.02666771126494064,33848.03511105392,0.2685835958962253,33953.48187490076,5.9590080638107885,0.29525130716116604, 47,Sub-Saharan Africa,Malawi,Lilongwe,STA Chitekwele,20607,MW20607,0.1435885,0.003537823,0.2045180,0.02936643,0.02463863,0.000723548,23696.91840,0.2966072,0.03349341,0.5957214,0.1766953,0.1129218,0.01995274, 5474.019385,0.05,8.80e-06,1,0.2258832,0.000176050,3.98e-05, 35348.61572,38,2020-04-10
107,215.64461638421355,3.1896649231369407,10.16676183899615,4.492145753881074,14.204568483344044,5130.924813005339,95.39681461108874,5258.374768615789,592.27691219513,174.34119377679284,903.7827663910201,13.536053265951258,43.33631466899265,4.199258070028599,6.472825798249703,22710.58751530219,15.003666503569924,22792.135633608996,560.1903781855348,79.8339309507053,1393.13564540933,20.627305613378834,65.72380547298752,0.04525936709294694,0.02411472942289231,33868.78783409787,0.27175530992370717,33955.48007459063,5.962660154024933,0.29587003934659956, 47,Sub-Saharan Africa,Malawi,Lilongwe,STA Chitekwele,20607,MW20607,0.1435885,0.003537823,0.2045180,0.02936643,0.02463863,0.000723548,23696.91840,0.2966072,0.03349341,0.5957214,0.1766953,0.1129218,0.01995274, 5474.019385,0.05,8.80e-06,1,0.2258832,0.000176050,3.98e-05, 35348.61572,38,2020-04-10
108,215.39124268132056,2.616327462632046,8.355840190584523,3.760957733068532,12.821882714675775,5134.670798631308,96.40233558641035,5258.628142318681,592.5747584399786,174.64641274903468,902.7105456649167,11.10034714853208,35.603331279917874,3.5144496461271366,5.84183018535702,22722.986935884546,15.160960190603125,22793.207854335105,560.467338813619,79.97202992622634,1391.4964350335817,16.92015344389525,54.01872179609076,0.03789340343096161,0.02176759648726491,33885.846127890116,0.2746208363978041,33957.11928496637,5.965662061132341,0.29638843288506905, 47,Sub-Saharan Africa,Malawi,Lilongwe,STA Chitekwele,20607,MW20607,0.1435885,0.003537823,0.2045180,0.02936643,0.02463863,0.000723548,23696.91840,0.2966072,0.03349341,0.5957214,0.1766953,0.1129218,0.01995274, 5474.019385,0.05,8.80e-06,1,0.2258832,0.000176050,3.98e-05, 35348.61572,38,2020-04-10
109,215.201605902437,2.1302797352422664,6.864087400180633,3.1447067440963536,11.554887853519302,5137.814570872375,97.30924649215133,5258.817779097567,592.8195093609065,174.9017921147248,901.9080598582495,9.036372610958553,29.23625189223338,2.9375248707890025,5.263773402892975,22733.23361101914,15.302806345731863,22794.010340141773,560.6948405826643,80.08753632709453,1390.2695428570714,13.777235472911693,44.37629325025215,0.03168515970755007,0.01961681797177541,33899.86414107224,0.27720536983056226,33958.34617714289,5.968128915754302,0.29682218780233777, 47,Sub-Saharan Africa,Malawi,Lilongwe,STA Chitekwele,20607,MW20607,0.1435885,0.003537823,0.2045180,0.02936643,0.02463863,0.000723548,23696.91840,0.2966072,0.03349341,0.5957214,0.1766953,0.1129218,0.01995274, 5474.019385,0.05,8.80e-06,1,0.2258832,0.000176050,3.98e-05, 35348.61572,38,2020-04-10
110,215.04633446905683,1.7352735077154298,5.634519764105258,2.6261990899599112,10.397383755128999,5140.453747315119,98.12592709891697,5258.973050530946,593.0204926955632,175.11519832233597,901.2510081954058,7.359430497533054,23.990648096204577,2.452303368068868,4.735793986267278,22741.698694784016,15.430521072502044,22794.667391804614,560.8815914827968,80.18402383646156,1389.2649610067392,11.222934813252799,36.42830627958222,0.026461473986023335,0.017651876436143518,33911.375871765114,0.279532784870874,33959.35075899323,5.970154700126372,0.29718466130701754, 47,Sub-Saharan Africa,Malawi,Lilongwe,STA Chitekwele,20607,MW20607,0.1435885,0.003537823,0.2045180,0.02936643,0.02463863,0.000723548,23696.91840,0.2966072,0.03349341,0.5957214,0.1766953,0.1129218,0.01995274, 5474.019385,0.05,8.80e-06,1,0.2258832,0.000176050,3.98e-05, 35348.61572,38,2020-04-10
111,214.91923347012147,1.4140481837808465,4.622283943857124,2.190613758560787,9.34277740614741,5142.670141480067,98.86028675746641,5259.100151529882,593.185422001776,175.29331528755702,900.7131711505093,5.996042688016616,19.674116396662992,2.044844731297258,4.254855939580454,22748.690023077797,15.545346016132529,22795.205228849514,561.0347884859599,80.26452753881631,1388.442619740721,9.145670290105219,29.884939198765867,0.02207307651523065,0.015861586395861722,33920.82293049092,0.2816256165533834,33960.17310025925,5.9718171355001335,0.2974872029492452, 47,Sub-Saharan Africa,Malawi,Lilongwe,STA Chitekwele,20607,MW20607,0.1435885,0.003537823,0.2045180,0.02936643,0.02463863,0.000723548,23696.91840,0.2966072,0.03349341,0.5957214,0.1766953,0.1129218,0.01995274, 5474.019385,0.05,8.80e-06,1,0.2258832,0.000176050,3.98e-05, 35348.61572,38,2020-04-10
112,214.8152167101591,1.152672936228074,3.789831451560473,1.8252387137226793,8.384293904722146,5144.532395068013,99.51973621559563,5259.204168289843,593.320684758815,175.4418080641859,900.2730224955397,4.886928791481363,16.12571689336531,1.7031980783834875,3.8178445377688863,22754.46324513934,15.648444064113427,22795.645377504483,561.1603878951931,80.3316187000109,1387.7696194760526,7.455383543918129,24.503559188212964,0.018391935070907132,0.01423445259782588,33928.571026424266,0.2835049798550914,33960.84610052391,5.973180584129252,0.2977394324529173, 47,Sub-Saharan Africa,Malawi,Lilongwe,STA Chitekwele,20607,MW20607,0.1435885,0.003537823,0.2045180,0.02936643,0.02463863,0.000723548,23696.91840,0.2966072,0.03349341,0.5957214,0.1766953,0.1129218,0.01995274, 5474.019385,0.05,8.80e-06,1,0.2258832,0.000176050,3.98e-05, 35348.61572,38,2020-04-10
113,214.73010833402722,0.939884637070716,3.1058369483963695,1.5191952448450787,7.51513639741136,5146.098043640682,100.11117979756855,5259.289276665976,593.43156167809,175.56546965313876,899.9128893406788,3.9841780325065477,13.211280966704344,1.4171412097405713,3.421638841393197,22759.230373384198,15.740898224775353,22796.00551065934,561.2633113331348,80.38747179876295,1387.2189481485966,6.079259913291145,20.081737482002676,0.0153084794527092,0.012758941640528269,33934.92251648769,0.28519054729148635,33961.39677185136,5.974298258093001,0.29794948893201467, 47,Sub-Saharan Africa,Malawi,Lilongwe,STA Chitekwele,20607,MW20607,0.1435885,0.003537823,0.2045180,0.02936643,0.02463863,0.000723548,23696.91840,0.2966072,0.03349341,0.5957214,0.1766953,0.1129218,0.01995274, 5474.019385,0.05,8.80e-06,1,0.2258832,0.000176050,3.98e-05, 35348.61572,38,2020-04-10
114,214.66048405217947,0.7665746553435866,2.544255473037477,1.2631988902795055,6.728605217418282,5147.415247818449,100.64101889329405,5259.358900947824,593.5224090434589,175.6683459977461,899.6182799167972,3.249058208159804,10.819332221547402,1.1779544010151672,3.063165623804522,22763.166897364456,15.823712264217884,22796.300120083226,561.347616791193,80.433921568112,1386.7684545591212,4.958411458688139,16.45116070944524,0.012729194274207134,0.01142368432439747,33940.12683983535,0.2867005587569256,33961.847265440825,5.97521405590067,0.2981242430813232, 47,Sub-Saharan Africa,Malawi,Lilongwe,STA Chitekwele,20607,MW20607,0.1435885,0.003537823,0.2045180,0.02936643,0.02463863,0.000723548,23696.91840,0.2966072,0.03349341,0.5957214,0.1766953,0.1129218,0.01995274, 5474.019385,0.05,8.80e-06,1,0.2258832,0.000176050,3.98e-05, 35348.61572,38,2020-04-10
115,214.60353591160867,0.6253623427520705,2.0834834281032517,1.049342869268439,6.018191341438943,5148.524306607251,101.11516249957893,5259.415849088394,593.5968168872224,175.75384713553808,899.3773110891611,2.6501954389980744,8.857461890402295,0.978215579669743,2.7394415976639643,22766.41796196511,15.897812438992052,22796.54108891086,561.4166468883658,80.47251369396866,1386.3999739306025,4.045120243167492,13.472211860281957,0.010574438363044728,0.010217634399762164,33944.389570041676,0.28805185147102097,33962.21574606935,5.975964155778709,0.2982694858707832, 47,Sub-Saharan Africa,Malawi,Lilongwe,STA Chitekwele,20607,MW20607,0.1435885,0.003537823,0.2045180,0.02936643,0.02463863,0.000723548,23696.91840,0.2966072,0.03349341,0.5957214,0.1766953,0.1129218,0.01995274, 5474.019385,0.05,8.80e-06,1,0.2258832,0.000176050,3.98e-05, 35348.61572,38,2020-04-10
116,214.55696257738717,0.5102628558237852,1.7056391714854853,0.8709095896037136,5.377642768059186,5149.45892388362,101.53904415402292,5259.4624224226145,593.6577401267747,175.82484200250477,899.1802439023387,2.162157294975034,7.249226795145839,0.8116221317092567,2.4476033173796847,22769.10349633933,15.964050219123438,22796.738156097683,561.4731516545885,80.50454803189592,1386.0986183827167,3.300691319233736,11.029323241869417,0.00877654683678144,0.009130181337743425,33947.879920419815,0.28925990815422964,33962.51710161723,5.976578336676245,0.2983900894919731, 47,Sub-Saharan Africa,Malawi,Lilongwe,STA Chitekwele,20607,MW20607,0.1435885,0.003537823,0.2045180,0.02936643,0.02463863,0.000723548,23696.91840,0.2966072,0.03349341,0.5957214,0.1766953,0.1129218,0.01995274, 5474.019385,0.05,8.80e-06,1,0.2258832,0.000176050,3.98e-05, 35348.61572,38,2020-04-10
117,214.5188786843596,0.4164186984526175,1.3959495160744604,0.7222044456589246,4.801011154729852,5150.247279575091,101.91764292563542,5259.500506315643,593.7076083930266,175.88374030569764,899.0190998737494,1.7643081983632758,5.931507181495421,0.6728338868427948,2.184928103282532,22771.322517119024,16.023205637244672,22796.89930012627,561.5193912853774,80.53111590701945,1385.8521907026934,2.6937175349353755,9.02701329420326,0.00727815757359928,0.008151229580870067,33950.73703016421,0.29033891677396617,33962.763529297255,5.977081084670325,0.2984901463548363, 47,Sub-Saharan Africa,Malawi,Lilongwe,STA Chitekwele,20607,MW20607,0.1435885,0.003537823,0.2045180,0.02936643,0.02463863,0.000723548,23696.91840,0.2966072,0.03349341,0.5957214,0.1766953,0.1129218,0.01995274, 5474.019385,0.05,8.80e-06,1,0.2258832,0.000176050,3.98e-05, 35348.61572,38,2020-04-10
118,214.4877403365289,0.3398848360981173,1.1422290551172023,0.598410617253533,4.2826819721327585,5150.912930912342,102.25550727052908,5259.531644663474,593.7484175039588,175.93256272264637,898.8873456544806,1.4398936561480267,4.852267024410393,0.557336030269226,1.9488474777939313,22773.156719079154,16.075991077742838,22797.031054345538,561.5572216576207,80.55313207740292,1385.650702521522,2.198690576149136,7.386522825100577,0.00603074910923748,0.007271249805120002,33953.075200239815,0.29130183846480806,33962.965017478426,5.9774925145078,0.2985730882699281, 47,Sub-Saharan Africa,Malawi,Lilongwe,STA Chitekwele,20607,MW20607,0.1435885,0.003537823,0.2045180,0.02936643,0.02463863,0.000723548,23696.91840,0.2966072,0.03349341,0.5957214,0.1766953,0.1129218,0.01995274, 5474.019385,0.05,8.80e-06,1,0.2258832,0.000176050,3.98e-05, 35348.61572,38,2020-04-10
119,214.46228323008447,0.2774530982510551,0.9344390883398148,0.4954614836103759,3.817392348752571,5151.475575266683,102.55678048427882,5259.5571017699185,593.7818060875265,175.97300147120268,898.7796311314919,1.175292208833291,3.9686584398957874,0.4613187297430378,1.7369550155334421,22774.67348916601,16.123055308492425,22797.138768868524,561.5881659180349,80.571362297496,1385.4859741164394,1.794865929141314,6.042965362174844,0.004993355867816415,0.006481309277975158,33954.988279447054,0.2921604800068324,33963.12974588351,5.977829141563968,0.2986417892848076, 47,Sub-Saharan Africa,Malawi,Lilongwe,STA Chitekwele,20607,MW20607,0.1435885,0.003537823,0.2045180,0.02936643,0.02463863,0.000723548,23696.91840,0.2966072,0.03349341,0.5957214,0.1766953,0.1129218,0.01995274, 5474.019385,0.05,8.80e-06,1,0.2258832,0.000176050,3.98e-05, 35348.61572,38,2020-04-10
120,214.4414725822152,0.22651482605414094,0.764318510138114,0.4099307299304663,3.4002375935593343,5151.951683419827,102.82522733827643,5259.577912417787,593.809118426636,176.0064715449943,898.6915775074373,0.9594306458719393,3.2454373580703715,0.3815735219128026,1.5470090604968874,22775.92838421551,16.16498769069944,22797.226822492583,561.6134731485223,80.58644661953538,1385.3513105505463,1.4653750310744145,4.942942255165494,0.004131461525512796,0.005773082989000731,33956.55326204898,0.2929255696859905,33963.26440944941,5.978104515025338,0.29869865267499124, 47,Sub-Saharan Africa,Malawi,Lilongwe,STA Chitekwele,20607,MW20607,0.1435885,0.003537823,0.2045180,0.02936643,0.02463863,0.000723548,23696.91840,0.2966072,0.03349341,0.5957214,0.1766953,0.1129218,0.01995274, 5474.019385,0.05,8.80e-06,1,0.2258832,0.000176050,3.98e-05, 35348.61572,38,2020-04-10
121,214.42446156599863,0.18494658359945565,0.6250766436888309,0.33893663292202114,3.0266704304052165,5152.3550324567605,103.06426068662452,5259.594923434004,593.8314567441627,176.0341546111388,898.61960138577615,0.783297516186227,2.6536457156562427,0.31540313944900755,1.3769321478048369,22776.967197717127,16.202322377999547,22797.298798614247,561.6341671558803,80.59891934697332,1385.2412328237,1.1964864814792566,4.042557978490282,0.0034160351179164713,0.005138852401440773,33957.83328099571,0.29360683307717406,33963.374487176254,5.978329744690213,0.29874568547861485, 47,Sub-Saharan Africa,Malawi,Lilongwe,STA Chitekwele,20607,MW20607,0.1435885,0.003537823,0.2045180,0.02936643,0.02463863,0.000723548,23696.91840,0.2966072,0.03349341,0.5957214,0.1766953,0.1129218,0.01995274, 5474.019385,0.05,8.80e-06,1,0.2258832,0.000176050,3.98e-05, 35348.61572,38,2020-04-10
122,214.41055734816194,0.15101949185417543,0.5111357691222799,0.28005961052592326,2.6924939080330628,5152.697150989986,103.27696788231572,5259.608827651839,593.8497243503866,176.05703626342884,898.5607710372183,0.6395574021881383,2.169507982643017,0.260543880129065,1.2248075686477513,22777.827669648937,16.23554248023804,22797.357628962807,561.6510867050289,80.6092259584131,1385.1512581886998,0.9770199388387896,3.3057564206521812,0.002822700702881594,0.004571493461231948,33958.88007818933,0.2942130682898137,33963.46446181125,5.978513935723795,0.2987845617510457, 47,Sub-Saharan Africa,Malawi,Lilongwe,STA Chitekwele,20607,MW20607,0.1435885,0.003537823,0.2045180,0.02936643,0.02463863,0.000723548,23696.91840,0.2966072,0.03349341,0.5957214,0.1766953,0.1129218,0.01995274, 5474.019385,0.05,8.80e-06,1,0.2258832,0.000176050,3.98e-05, 35348.61572,38,2020-04-10
123,214.3991931692554,0.12332528008046399,0.41791757311030725,0.2312714623863343,2.393849853923924,5152.987691209373,103.46613645186774,5259.620191830746,593.8646612606536,176.07593757457272,898.5126882412821,0.5222364071642267,1.773516483481168,0.21509902890393667,1.0888739293709018,22778.540901803535,16.26508410626455,22797.405711758744,561.664918715866,80.61773743412132,1385.077719547429,0.797868070401201,2.70294093146838,0.0023310247345786354,0.004064457035368346,33959.7360437498,0.2947522191056477,33963.53800045252,5.978664547554899,0.2988166761410161, 47,Sub-Saharan Africa,Malawi,Lilongwe,STA Chitekwele,20607,MW20607,0.1435885,0.003537823,0.2045180,0.02936643,0.02463863,0.000723548,23696.91840,0.2966072,0.03349341,0.5957214,0.1766953,0.1129218,0.01995274, 5474.019385,0.05,8.80e-06,1,0.2258832,0.000176050,3.98e-05, 35348.61572,38,2020-04-10
124,214.3899054756829,0.10071613115303021,0.34166695479633324,0.190874464980149,2.127204185740955,5153.234739008347,103.63427877929779,5259.629479524318,593.8768734665942,176.0915418430716,898.4733915094738,0.42646639851790474,1.4496772194831649,0.17748159254263557,0.9675183005124645,22779.132524731955,16.291340247516715,22797.445008490555,561.6762255311144,80.62476239402359,1385.017617520619,0.6516076601068932,2.2098357244638445,0.0019239026616183824,0.003611744010671959,33960.43589200281,0.2952314452979294,33963.59810247933,5.978787688833645,0.2988431893086013, 47,Sub-Saharan Africa,Malawi,Lilongwe,STA Chitekwele,20607,MW20607,0.1435885,0.003537823,0.2045180,0.02936643,0.02463863,0.000723548,23696.91840,0.2966072,0.03349341,0.5957214,0.1766953,0.1129218,0.01995274, 5474.019385,0.05,8.80e-06,1,0.2258832,0.000176050,3.98e-05, 35348.61572,38,2020-04-10
125,214.3823151767489,0.08225650578367816,0.27930499996379765,0.15744965521579016,1.8893299249937916,5153.445073105221,103.78365563207048,5259.637069823252,593.8868570951277,176.1044170984115,898.4412767670296,0.34828026671747364,1.1848810020654519,0.14636569881766068,0.8592683405724654,22779.623663448172,16.314664476630153,22797.477123233,561.6854674095699,80.63055730599434,1384.9684991974734,0.5321881488129315,1.8065357200067258,0.001587038054903576,0.00320787648682955,33961.00804482948,0.29565718965468446,33963.64722080248,5.978888360885183,0.2988650661415139, 47,Sub-Saharan Africa,Malawi,Lilongwe,STA Chitekwele,20607,MW20607,0.1435885,0.003537823,0.2045180,0.02936643,0.02463863,0.000723548,23696.91840,0.2966072,0.03349341,0.5957214,0.1766953,0.1129218,0.01995274, 5474.019385,0.05,8.80e-06,1,0.2258832,0.000176050,3.98e-05, 35348.61572,38,2020-04-10
126,214.3761122961969,0.06718348211320921,0.22830879522029046,0.12981256609206557,1.677288946367902,5153.62438056368,103.91629835032725,5259.6432727038045,593.895018191762,176.11503509805422,898.4150324007572,0.28444340767512927,0.9683896316942965,0.1206450288175072,0.762783862045329,22780.031731235278,16.335374433732664,22797.50336759927,561.6930209383232,80.63533509828206,1384.9283588422413,0.4346752166550226,1.4767298236212691,0.0013084967722936096,0.002847866819008337,33961.47576451266,0.29603524119610136,33963.68736115771,5.978970657074486,0.2988831080151096, 47,Sub-Saharan Africa,Malawi,Lilongwe,STA Chitekwele,20607,MW20607,0.1435885,0.003537823,0.2045180,0.02936643,0.02463863,0.000723548,23696.91840,0.2966072,0.03349341,0.5957214,0.1766953,0.1129218,0.01995274, 5474.019385,0.05,8.80e-06,1,0.2258832,0.000176050,3.98e-05, 35348.61572,38,2020-04-10
127,214.3710434005153,0.054874789334610194,0.18661178501526537,0.10697568958922192,1.4884130162189688,5153.777436667226,104.03402965209803,5259.648341599487,593.9016890017775,176.1237872903309,898.393586058533,0.23231794804487402,0.7914101674728173,0.09939758495658645,0.6768480909402192,22780.371085056617,16.353755093436916,22797.524813941494,561.6991941782641,80.63927239313813,1384.8955565618378,0.35504410278816095,1.2070569370733923,0.001078328870590578,0.002527185449900173,33961.8580860895,0.29637079445083153,33963.72016343811,5.979037926885223,0.29889797990073164, 47,Sub-Saharan Africa,Malawi,Lilongwe,STA Chitekwele,20607,MW20607,0.1435885,0.003537823,0.2045180,0.02936643,0.02463863,0.000723548,23696.91840,0.2966072,0.03349341,0.5957214,0.1766953,0.1129218,0.01995274, 5474.019385,0.05,8.80e-06,1,0.2258832,0.000176050,3.98e-05, 35348.61572,38,2020-04-10
128,214.36690129535688,0.04482280726245288,0.15252160278996352,0.08811673865654127,1.3202846290430679,5153.908254905647,104.13848302124129,5259.652483704646,593.9071413483961,176.13099819622596,898.3760610475335,0.18975233779681416,0.6467440349871785,0.08185591874820798,0.6003588495721647,22780.653566003617,16.37006180774319,22797.542338952495,561.7042391041593,80.64251556801838,1384.8687516453595,0.2900114920799809,0.9865748841863973,8.882489190764767e-4,0.0022417283954111068,33962.170583496336,0.2966685046959999,33963.746968354586,5.979092910747296,0.29891023309141096, 47,Sub-Saharan Africa,Malawi,Lilongwe,STA Chitekwele,20607,MW20607,0.1435885,0.003537823,0.2045180,0.02936643,0.02463863,0.000723548,23696.91840,0.2966072,0.03349341,0.5957214,0.1766953,0.1129218,0.01995274, 5474.019385,0.05,8.80e-06,1,0.2258832,0.000176050,3.98e-05, 35348.61572,38,2020-04-10
129,214.3635166160328,0.03661329191884889,0.124653039705736,0.07255167899065323,1.1707180980385299,5154.020211608218,104.23112066709152,5259.65586838397,593.9115975540343,176.1369366476683,898.3617407480843,0.15499103322805083,0.5285009158946704,0.06738184827860827,0.5323198682419747,22780.88894246275,16.38452312352669,22797.556659251946,561.708361756102,80.64518584349446,1384.846848156183,0.23689795380374828,0.8063271612480837,7.313643473217044e-4,0.001987785158895371,33962.425995040096,0.2969325391290687,33963.768871843764,5.979137850106602,0.298920324287964, 47,Sub-Saharan Africa,Malawi,Lilongwe,STA Chitekwele,20607,MW20607,0.1435885,0.003537823,0.2045180,0.02936643,0.02463863,0.000723548,23696.91840,0.2966072,0.03349341,0.5957214,0.1766953,0.1129218,0.01995274, 5474.019385,0.05,8.80e-06,1,0.2258832,0.000176050,3.98e-05, 35348.61572,38,2020-04-10
130,214.36075091954177,0.029908201200444504,0.10187232691849844,0.05971212048054743,1.0377411111572648,5154.116150221729,104.31325009896835,5259.658634080461,593.9152394514667,176.14182516616734,898.3500393818625,0.1266016068026702,0.43186104324259106,0.05544527224651527,0.4718323211302824,22781.085276993083,16.397343381636773,22797.56836061817,561.711730612374,80.64738352756085,1384.8289502377029,0.19351688795083533,0.6589827948851112,6.019477034215606e-4,0.001762007432939197,33962.634739500194,0.29716662409426436,33963.78676976224,5.979174578247492,0.29892863152720345, 47,Sub-Saharan Africa,Malawi,Lilongwe,STA Chitekwele,20607,MW20607,0.1435885,0.003537823,0.2045180,0.02936643,0.02463863,0.000723548,23696.91840,0.2966072,0.03349341,0.5957214,0.1766953,0.1129218,0.01995274, 5474.019385,0.05,8.80e-06,1,0.2258832,0.000176050,3.98e-05, 35348.61572,38,2020-04-10
131,214.3584910497141,0.02443160717891736,0.08325180762067688,0.049126197192497355,0.9195770247378693,5154.198467962961,104.38603935059062,5259.6608939502885,593.9182157294462,176.14584781271117,898.3404781676795,0.10341496778743925,0.3528819071266572,0.04560626339241287,0.41808670820048077,22781.24922688241,16.408705103409588,22797.57792183235,561.7144834123247,80.64919156649943,1384.8143256552594,0.15808342689695098,0.5385433479582395,4.952440460855968e-4,0.001561379051156683,33962.8053368583,0.29737408846307317,33963.80139434469,5.979204594330682,0.2989354675142297, 47,Sub-Saharan Africa,Malawi,Lilongwe,STA Chitekwele,20607,MW20607,0.1435885,0.003537823,0.2045180,0.02936643,0.02463863,0.000723548,23696.91840,0.2966072,0.03349341,0.5957214,0.1766953,0.1129218,0.01995274, 5474.019385,0.05,8.80e-06,1,0.2258832,0.000176050,3.98e-05, 35348.61572,38,2020-04-10
132,214.35664452696412,0.019958250112529427,0.06803266516921588,0.040402510217169216,0.8146280185144599,5154.269188112756,104.45053091626298,5259.662740473039,593.9206479546109,176.14915673657444,898.3326658131697,0.08447680472014048,0.2883393820926746,0.037500037511237864,0.3703551384345244,22781.386291649585,16.418771174492786,22797.58573418686,561.7167327478232,80.65067850602459,1384.8023759667624,0.12914041715310837,0.44010198971748166,4.0730918628810177e-4,0.0013831874003742263,33962.94475322641,0.29755790334487764,33963.81334403319,5.979229124091326,0.29894109074525177, 47,Sub-Saharan Africa,Malawi,Lilongwe,STA Chitekwele,20607,MW20607,0.1435885,0.003537823,0.2045180,0.02936643,0.02463863,0.000723548,23696.91840,0.2966072,0.03349341,0.5957214,0.1766953,0.1129218,0.01995274, 5474.019385,0.05,8.80e-06,1,0.2258832,0.000176050,3.98e-05, 35348.61572,38,2020-04-10
133,214.3551357672729,0.01630423933094889,0.05559416148940231,0.033216717249041905,0.7214591892663531,5154.3300204544375,104.50765447094982,5259.66424923273,593.9226355221705,176.15187762135517,898.3262825155477,0.06900814267132217,0.2355966572197288,0.03082440567008598,0.3279840483747439,22781.501017393053,16.427686837468816,22797.592117484484,561.7185706586556,80.65190095284677,1384.7926120582165,0.10549828230671147,0.3596446414643628,3.348745886123771e-4,0.0012249964246041516,33963.05868442864,0.2977207183330364,33963.82310794173,5.979249169741424,0.29894571475764053, 47,Sub-Saharan Africa,Malawi,Lilongwe,STA Chitekwele,20607,MW20607,0.1435885,0.003537823,0.2045180,0.02936643,0.02463863,0.000723548,23696.91840,0.2966072,0.03349341,0.5957214,0.1766953,0.1129218,0.01995274, 5474.019385,0.05,8.80e-06,1,0.2258832,0.000176050,3.98e-05, 35348.61572,38,2020-04-10
134,214.35390300367527,0.01331941491350183,0.045428711709326774,0.02730022234467704,0.6387836781548629,5154.382411529334,104.5582384398649,5259.665481996327,593.9242596806878,176.15411423345276,898.3210669351115,0.05637295050505507,0.19249807550405043,0.025329196953701588,0.29038739786622014,22781.59716394033,16.435581503739698,22797.59733306492,561.7200723672453,80.65290562970739,1384.7846342242835,0.08618562444864758,0.2938888452534191,2.7523342582003114e-4,0.0010846213825311138,33963.15178655671,0.29786489447319925,33963.831085775666,5.979265550540427,0.29894951585573026, 47,Sub-Saharan Africa,Malawi,Lilongwe,STA Chitekwele,20607,MW20607,0.1435885,0.003537823,0.2045180,0.02936643,0.02463863,0.000723548,23696.91840,0.2966072,0.03349341,0.5957214,0.1766953,0.1129218,0.01995274, 5474.019385,0.05,8.80e-06,1,0.2258832,0.000176050,3.98e-05, 35348.61572,38,2020-04-10
135,214.3528957596876,0.010881162543069317,0.03712125142655459,0.022430772567594386,0.5654488129464841,5154.427586739949,104.60302050087608,5259.666489240316,593.925586845707,176.15595219401695,898.316805504351,0.04605191593926175,0.15728128628887483,0.020807468037216004,0.2570403337470857,22781.677843093814,16.44257039783233,22797.60159449568,561.7212993526523,80.65373107897402,1384.7781158199396,0.07040922228733594,0.2401503769616822,2.2614584236933046e-4,9.601053266860214e-4,33963.22786579542,0.29799253419111826,33963.837604180015,5.9792789361984555,0.2989526395178042, 47,Sub-Saharan Africa,Malawi,Lilongwe,STA Chitekwele,20607,MW20607,0.1435885,0.003537823,0.2045180,0.02936643,0.02463863,0.000723548,23696.91840,0.2966072,0.03349341,0.5957214,0.1766953,0.1129218,0.01995274, 5474.019385,0.05,8.80e-06,1,0.2258832,0.000176050,3.98e-05, 35348.61572,38,2020-04-10
136,214.35207278630133,0.008889358691775076,0.030332391953275032,0.018424600924215502,0.5004232790861041,5154.466585489644,104.64265709339688,5259.667312213703,593.9266713056509,176.15746211199829,898.31332369866,0.037621015943852955,0.1285055523315323,0.01708816153341442,0.22747332682339197,22781.745632198934,16.448756045785537,22797.60507630137,561.722301860062,80.65440907715113,1384.772789911447,0.057521338466499976,0.19623434446244506,1.857597939971941e-4,8.496973282585662e-4,33963.290033440084,0.29810550838974725,33963.842930088504,5.979289874154113,0.29895520571800577, 47,Sub-Saharan Africa,Malawi,Lilongwe,STA Chitekwele,20607,MW20607,0.1435885,0.003537823,0.2045180,0.02936643,0.02463863,0.000723548,23696.91840,0.2966072,0.03349341,0.5957214,0.1766953,0.1129218,0.01995274, 5474.019385,0.05,8.80e-06,1,0.2258832,0.000176050,3.98e-05, 35348.61572,38,2020-04-10
137,214.35140037830928,0.0072622243544972626,0.024784709973771094,0.015129838618935314,0.44278530922172354,5154.500290531474,104.67773200804471,5259.667984621694,593.9275574283448,176.15870219259145,898.3104789121986,0.030733941765050784,0.10499341562184697,0.01402995306567795,0.20126677659710754,22781.802667381413,16.454229619348475,22797.60792108783,561.7231209466124,80.65496581212683,1384.7684383817007,0.046992902195916654,0.16034654706994728,1.525446735910173e-4,7.518324300810724e-4,33963.34083231097,0.2982054809271824,33963.84728161825,5.979298811818861,0.2989573133572635, 47,Sub-Saharan Africa,Malawi,Lilongwe,STA Chitekwele,20607,MW20607,0.1435885,0.003537823,0.2045180,0.02936643,0.02463863,0.000723548,23696.91840,0.2966072,0.03349341,0.5957214,0.1766953,0.1129218,0.01995274, 5474.019385,0.05,8.80e-06,1,0.2258832,0.000176050,3.98e-05, 35348.61572,38,2020-04-10
138,214.35085099301335,0.00593297427771174,0.020251394626057746,0.012421074576240212,0.3917118285157037,5154.529452599729,104.70876413525762,5259.66853400699,593.9282814773616,176.15972038966115,898.3081546132785,0.02510789781661473,0.08578240826491793,0.011516171781958559,0.17804605470742207,22781.850720705865,16.45907214829608,22797.610245386753,561.7237901650709,80.65542285428533,1384.764882992121,0.038391836318646864,0.13102007332583018,1.2523649509172684e-4,6.65113221470181e-4,33963.38234081779,0.29829393069820254,33963.850837007834,5.979306114888547,0.29895904391967276, 47,Sub-Saharan Africa,Malawi,Lilongwe,STA Chitekwele,20607,MW20607,0.1435885,0.003537823,0.2045180,0.02936643,0.02463863,0.000723548,23696.91840,0.2966072,0.03349341,0.5957214,0.1766953,0.1129218,0.01995274, 5474.019385,0.05,8.80e-06,1,0.2258832,0.000176050,3.98e-05, 35348.61572,38,2020-04-10
139,214.35040212493928,0.004847060884143408,0.01654704874468971,0.010194800441981788,0.34646853688379475,5154.554710988755,104.73621443934763,5259.668982875064,593.9288730890523,176.1605561948856,898.3062555830192,0.02051192226227777,0.07008593882881557,0.009450549343716929,0.1574769777831026,22781.891263417427,16.463355611345577,22797.612144417013,561.7243369326188,80.65579796344485,1384.7619781010142,0.03136523037460512,0.10705582481075765,1.0279199753304767e-4,5.882930031006423e-4,33963.41625758726,0.2983721715087504,33963.853741898936,5.979312082234554,0.2989604645118511, 47,Sub-Saharan Africa,Malawi,Lilongwe,STA Chitekwele,20607,MW20607,0.1435885,0.003537823,0.2045180,0.02936643,0.02463863,0.000723548,23696.91840,0.2966072,0.03349341,0.5957214,0.1766953,0.1129218,0.01995274, 5474.019385,0.05,8.80e-06,1,0.2258832,0.000176050,3.98e-05, 35348.61572,38,2020-04-10
140,214.35003538554773,0.00395992543533261,0.013520153883954576,0.008365625007933487,0.30640086860756854,5154.576610814992,104.76049222652253,5259.669349614456,593.9293564812723,176.1612421191023,898.3047040214266,0.01675735843190793,0.057261260988658566,0.007753688341130009,0.13926168216145837,22781.92551807221,16.467143916448848,22797.613695978605,561.724783650772,80.65610575676047,1384.7596047083975,0.025624794174016197,0.08747379573234994,8.43505007208295e-5,5.202604408823794e-4,33963.44397072079,0.2984413699385984,33963.85611529156,5.979316958090336,0.2989616303794808, 47,Sub-Saharan Africa,Malawi,Lilongwe,STA Chitekwele,20607,MW20607,0.1435885,0.003537823,0.2045180,0.02936643,0.02463863,0.000723548,23696.91840,0.2966072,0.03349341,0.5957214,0.1766953,0.1129218,0.01995274, 5474.019385,0.05,8.80e-06,1,0.2258832,0.000176050,3.98e-05, 35348.61572,38,2020-04-10
141,214.34973574899388,0.0032351757783468395,0.011046851918975711,0.006863150944958619,0.27092576711456035,5154.595617533072,104.78196077217413,5259.66964925101,593.9297514465169,176.1618049132625,898.3034363560788,0.013690134473497652,0.04678304668292776,0.00636014957993539,0.12313487176859363,22781.9545016607,16.470493780720684,22797.61496364395,561.725148625351,80.6563582590532,1384.7576655752716,0.020935070350713958,0.0714728639506919,6.920243374264197e-5,4.600256033110145e-4,33963.466614700985,0.29850256137823394,33963.85805442467,5.979320942064642,0.298962586981545, 47,Sub-Saharan Africa,Malawi,Lilongwe,STA Chitekwele,20607,MW20607,0.1435885,0.003537823,0.2045180,0.02936643,0.02463863,0.000723548,23696.91840,0.2966072,0.03349341,0.5957214,0.1766953,0.1129218,0.01995274, 5474.019385,0.05,8.80e-06,1,0.2258832,0.000176050,3.98e-05, 35348.61572,38,2020-04-10
142,214.34949093839523,0.0026430828117506,0.00902592554274821,0.005629361857433088,0.2395242348568783,5154.612129093364,104.80094236316812,5259.66989406161,593.930074157818,176.16226658248453,898.3024006453469,0.011184393955916631,0.03822205991203247,0.00521601620558488,0.10886042048830559,22781.979060945327,16.473455518766503,22797.615999354683,561.7254468128434,80.656565359743,1384.7560812520849,0.017103708350499035,0.05839833330433245,5.67630047913002e-5,4.067073143784947e-4,33963.48511657152,0.2985566643987389,33963.85963874786,5.979324197267139,0.29896337171311743, 47,Sub-Saharan Africa,Malawi,Lilongwe,STA Chitekwele,20607,MW20607,0.1435885,0.003537823,0.2045180,0.02936643,0.02463863,0.000723548,23696.91840,0.2966072,0.03349341,0.5957214,0.1766953,0.1129218,0.01995274, 5474.019385,0.05,8.80e-06,1,0.2258832,0.000176050,3.98e-05, 35348.61572,38,2020-04-10
143,214.3492909228699,0.0021593607168175796,0.007374659290724372,0.004616467595518109,0.2117345898605729,5154.62648618692,104.8177228127423,5259.670094077134,593.9303378306582,176.16264522147833,898.3015544503148,0.009137329135042735,0.031227575240647995,0.004276885720731932,0.09622829762394149,22781.99990171352,16.476073748447224,22797.616845549714,561.7256904333224,80.65673518917976,1384.7547868239853,0.01397357380563674,0.04771516877804389,4.6550488264059575e-5,3.5952170590882647e-4,33963.50023386759,0.29860449361880337,33963.86093317596,5.979326856982507,0.29896401532471223, 47,Sub-Saharan Africa,Malawi,Lilongwe,STA Chitekwele,20607,MW20607,0.1435885,0.003537823,0.2045180,0.02936643,0.02463863,0.000723548,23696.91840,0.2966072,0.03349341,0.5957214,0.1766953,0.1129218,0.01995274, 5474.019385,0.05,8.80e-06,1,0.2258832,0.000176050,3.98e-05, 35348.61572,38,2020-04-10
144,214.34912750616553,0.0017641730667884382,0.0060254462018170035,0.003785123225931277,0.18714637666834416,5154.638980876335,104.83255549833288,5259.670257493838,593.930553264838,176.16295570353284,898.3008630942414,0.007464971302509955,0.025512967501337268,0.0035062107337552927,0.0850517923921158,22782.01761294185,16.478388021978382,22797.617536905786,561.7258894721004,80.65687442892471,1384.7537292487489,0.01141631895305418,0.038986052672037745,3.8168276747294404e-5,3.1777188063138666e-4,33963.51258566823,0.298646771212243,33963.8619907512,5.979329030134235,0.2989645430928744, 47,Sub-Saharan Africa,Malawi,Lilongwe,STA Chitekwele,20607,MW20607,0.1435885,0.003537823,0.2045180,0.02936643,0.02463863,0.000723548,23696.91840,0.2966072,0.03349341,0.5957214,0.1766953,0.1129218,0.01995274, 5474.019385,0.05,8.80e-06,1,0.2258832,0.000176050,3.98e-05, 35348.61572,38,2020-04-10
145,214.34899399175785,0.0014413131245931362,0.0049230460013447806,0.0031029437480085344,0.1653948833068861,5154.649863853936,104.84566496812134,5259.670391008245,593.930729284466,176.1632102515667,898.3002982455814,0.006098719225273776,0.020844070532226335,0.0028739157195064673,0.07516501518310599,22782.032686644212,16.48043338954827,22797.618101754448,561.7260520870018,80.65698856884714,1384.752865189541,0.009327079778274478,0.031853653480272776,3.1289912842181366e-5,2.8083860393256666e-4,33963.522677811474,0.29868413718648995,33963.862854810395,5.979330805721292,0.2989649757904226, 47,Sub-Saharan Africa,Malawi,Lilongwe,STA Chitekwele,20607,MW20607,0.1435885,0.003537823,0.2045180,0.02936643,0.02463863,0.000723548,23696.91840,0.2966072,0.03349341,0.5957214,0.1766953,0.1129218,0.01995274, 5474.019385,0.05,8.80e-06,1,0.2258832,0.000176050,3.98e-05, 35348.61572,38,2020-04-10
146,214.34888490895855,0.0011775430674479405,0.004022323286768729,0.0025432885671522803,0.14615621057011724,5154.659350568621,104.85725015692434,5259.670500091044,593.930873098912,176.16341890572298,898.2998367591451,0.00498254088758055,0.017029575879405033,0.002355265353277735,0.06642065101272436,22782.045534305904,16.482240901820617,22797.61856324088,561.7261849424228,80.65708211758587,1384.7521592424766,0.00762020118289802,0.02602599843859267,2.5646839225755805e-5,2.481719331228245e-4,33963.530923580554,0.2987171585478119,33963.86356075746,5.97933225645792,0.2989653304809347, 47,Sub-Saharan Africa,Malawi,Lilongwe,STA Chitekwele,20607,MW20607,0.1435885,0.003537823,0.2045180,0.02936643,0.02463863,0.000723548,23696.91840,0.2966072,0.03349341,0.5957214,0.1766953,0.1129218,0.01995274, 5474.019385,0.05,8.80e-06,1,0.2258832,0.000176050,3.98e-05, 35348.61572,38,2020-04-10
147,214.34879578704115,9.620476907243264e-4,0.0032863847577708663,0.0020842465127722544,0.12914282877037533,5154.667626440174,104.86748726504878,5259.670589212963,593.9309906003487,176.1635899126735,898.2994597204303,0.0040706601527395695,0.013913127050732213,0.0019299197986884667,0.058687935438872664,22782.056500577404,16.483838059724384,22797.618940279594,561.7262934846618,80.657158777733315,1384.7515824749112,0.00622570270922033,0.02126442642407625,2.1018169506239978e-5,2.1928367417665005e-4,33963.537660756585,0.298746337506051,33963.86413752502,5.979333441774059,0.2989656211802276, 47,Sub-Saharan Africa,Malawi,Lilongwe,STA Chitekwele,20607,MW20607,0.1435885,0.003537823,0.2045180,0.02936643,0.02463863,0.000723548,23696.91840,0.2966072,0.03349341,0.5957214,0.1766953,0.1129218,0.01995274, 5474.019385,0.05,8.80e-06,1,0.2258832,0.000176050,3.98e-05, 35348.61572,38,2020-04-10
148,214.34872297312012,7.859900807427918e-4,0.002685084806800119,0.0017078013966445459,0.11409960791853402,5154.6748512297145,104.87653231295745,5259.670662026884,593.9310866032426,176.16373004415493,898.2991516750781,0.0033256753751450727,0.011366978229135311,0.0015811583118719276,0.051850846477071263,22782.065874452983,16.485249213546613,22797.619248324947,561.7263821635003,80.65722158913347,1384.7511112468646,0.005086403887403461,0.017373922857970337,1.7222278324645326e-5,1.937406421266324e-4,33963.543165344694,0.29877211875548054,33963.864608753065,5.979334410230467,0.29896585939760706, 47,Sub-Saharan Africa,Malawi,Lilongwe,STA Chitekwele,20607,MW20607,0.1435885,0.003537823,0.2045180,0.02936643,0.02463863,0.000723548,23696.91840,0.2966072,0.03349341,0.5957214,0.1766953,0.1129218,0.01995274, 5474.019385,0.05,8.80e-06,1,0.2258832,0.000176050,3.98e-05, 35348.61572,38,2020-04-10
149,214.34866348323933,6.421523754680113e-4,0.0021937953497430723,0.0013991484394271538,0.10080026118404793,5154.681162743963,104.88452341544433,5259.6707215167635,593.9311650406495,176.16384485794396,898.2988999988395,0.00271703839109527,0.009286775285686924,0.0012952433958524773,0.04580648502705838,22782.073898540893,16.4864959181694,22797.619500001187,561.7264546137901,80.65727304625582,1384.750726247355,0.004155600022648495,0.014195163345429822,1.4109911803456018e-5,1.711586230168793e-4,33963.54766282476,0.2987948959563061,33963.86499375258,5.979335201498262,0.29896605457932296, 47,Sub-Saharan Africa,Malawi,Lilongwe,STA Chitekwele,20607,MW20607,0.1435885,0.003537823,0.2045180,0.02936643,0.02463863,0.000723548,23696.91840,0.2966072,0.03349341,0.5957214,0.1766953,0.1129218,0.01995274, 5474.019385,0.05,8.80e-06,1,0.2258832,0.000176050,3.98e-05, 35348.61572,38,2020-04-10
150,214.3486148793359,5.24637991742612e-4,0.0017923912539391787,0.0011461239881930326,0.08904415672383834,5154.686680000399,104.89158281030241,5259.670770120668,593.9312291262986,176.16393891508287,898.298694377022,0.00221979380048887,0.00758725200964241,0.0010608904507852157,0.040463623252336406,22782.08077681354,16.48759724992973,22797.61970562301,561.7265138053805,80.65731519587538,1384.7504116981743,0.003395135637522371,0.011597951589842784,1.1558439691592946e-5,1.5119696119574925e-4,33963.55133744166,0.29881501751649625,33963.86530830176,5.979335847993531,0.298966214477692, 47,Sub-Saharan Africa,Malawi,Lilongwe,STA Chitekwele,20607,MW20607,0.1435885,0.003537823,0.2045180,0.02936643,0.02463863,0.000723548,23696.91840,0.2966072,0.03349341,0.5957214,0.1766953,0.1129218,0.01995274, 5474.019385,0.05,8.80e-06,1,0.2258832,0.000176050,3.98e-05, 35348.61572,38,2020-04-10
151,214.34857516944257,4.2862925544582463e-4,0.001464428992659328,9.387365092532351e-4,0.07865346956710768,5154.691505905134,104.89781866109337,5259.670809830562,593.9312814859794,176.16401595796066,898.2985263822578,0.0018135528855203896,0.006198746591212983,8.688317467551624e-4,0.035741407983030236,22782.086680990367,16.48857008816993,22797.61987361777,561.7265621646322,80.65734971712902,1384.750154708053,0.0027738363306923025,0.009475906908743139,9.467128117207086e-6,1.335537238889169e-4,33963.5543397361,0.29883279172982274,33963.86556529188,5.979336376202351,0.2989663454537117, 47,Sub-Saharan Africa,Malawi,Lilongwe,STA Chitekwele,20607,MW20607,0.1435885,0.003537823,0.2045180,0.02936643,0.02463863,0.000723548,23696.91840,0.2966072,0.03349341,0.5957214,0.1766953,0.1129218,0.01995274, 5474.019385,0.05,8.80e-06,1,0.2258832,0.000176050,3.98e-05, 35348.61572,38,2020-04-10
152,214.34854272609513,3.5019042615568323e-4,0.0011964727093334568,7.687815179174857e-4,0.06947063881362114,5154.695729531438,104.9033266589943,5259.670842273908,593.9313242651002,176.16407905643,898.2983891292993,0.0014816597496110644,0.005064343768885225,7.11458519979221e-4,0.031568203270562735,22782.091755840003,16.489429365387302,22797.620010870727,561.7266016738807,80.65737798718833,1384.7499447446335,0.002266234318174157,0.007742105084376229,7.753258264463372e-6,1.1796138408166333e-4,33963.556792709955,0.2988484913412829,33963.8657752553,5.979336807765557,0.29896645272536465, 47,Sub-Saharan Africa,Malawi,Lilongwe,STA Chitekwele,20607,MW20607,0.1435885,0.003537823,0.2045180,0.02936643,0.02463863,0.000723548,23696.91840,0.2966072,0.03349341,0.5957214,0.1766953,0.1129218,0.01995274, 5474.019385,0.05,8.80e-06,1,0.2258832,0.000176050,3.98e-05, 35348.61572,38,2020-04-10
153,214.34851621959564,2.861060851454695e-4,9.775439516188803e-4,6.295235330356784e-4,0.06135609949555333,5154.699428061625,104.90819144570861,5259.6708687804085,593.9313592166104,176.16413072822058,898.2982769926655,0.0012105071859854534,0.004137541688472613,5.825254354739203e-4,0.027880558092101878,22782.096123585507,16.490188289423482,22797.62012300736,561.726633952735,80.6574011353688,1384.7497732025802,0.0018515227667379776,0.006325519051583231,6.348920546571476e-6,1.0418296968639841e-4,33963.558796866084,0.29886235760256,33963.86594679735,5.979337160365475,0.2989665405722465, 47,Sub-Saharan Africa,Malawi,Lilongwe,STA Chitekwele,20607,MW20607,0.1435885,0.003537823,0.2045180,0.02936643,0.02463863,0.000723548,23696.91840,0.2966072,0.03349341,0.5957214,0.1766953,0.1129218,0.01995274, 5474.019385,0.05,8.80e-06,1,0.2258832,0.000176050,3.98e-05, 35348.61572,38,2020-04-10
154,214.34849456357267,2.3374922764095635e-4,7.986729154488929e-4,5.154342884848318e-4,0.05418626081830978,5154.702668442372,104.91248787680018,5259.6708904364305,593.9313877727175,176.16417303785892,898.2981853763189,9.88978317298751e-4,0.0033803494297447822,4.7690738839164853e-4,0.024622286296606094,22782.099887561522,16.4908585407211,22797.62021462371,561.726660324384,80.65742008757128,1384.7496330512731,0.0015127023061672937,0.005168116116340604,5.198375765610596e-6,9.200863098276054e-5,33963.5604343194,0.298874603872691,33963.86608694866,5.979337448449241,0.2989666125036738, 47,Sub-Saharan Africa,Malawi,Lilongwe,STA Chitekwele,20607,MW20607,0.1435885,0.003537823,0.2045180,0.02936643,0.02463863,0.000723548,23696.91840,0.2966072,0.03349341,0.5957214,0.1766953,0.1129218,0.01995274, 5474.019385,0.05,8.80e-06,1,0.2258832,0.000176050,3.98e-05, 35348.61572,38,2020-04-10
155,214.34847687043998,1.909736763179715e-4,6.525305864044436e-4,4.2197753889506966e-4,0.047851705343987624,5154.705508799531,104.9162821428772,5259.670908129563,593.931411103605,176.16420767791294,898.2981105252215,8.079912027495184e-4,0.0027617276892143074,3.903996350964154e-4,0.02174364718653034,22782.10313526169,16.491450447373083,22797.620289474802,561.7266818698791,80.65743560277517,1384.7495185465539,0.0012358848991166319,0.004222478403973611,4.25588589129754e-6,8.125258315205354e-5,33963.56177216284,0.29888541881360436,33963.866201453384,5.979337683821021,0.29896667139675653, 47,Sub-Saharan Africa,Malawi,Lilongwe,STA Chitekwele,20607,MW20607,0.1435885,0.003537823,0.2045180,0.02936643,0.02463863,0.000723548,23696.91840,0.2966072,0.03349341,0.5957214,0.1766953,0.1129218,0.01995274, 5474.019385,0.05,8.80e-06,1,0.2258832,0.000176050,3.98e-05, 35348.61572,38,2020-04-10
156,214.34846241502433,1.5602602557200244e-4,5.33128732490351e-4,3.4543181112458606e-4,0.04225558624288716,5154.707999647986,104.91963276417142,5259.670922584979,593.9314301653604,176.16423603578085,898.2980493714512,6.601261280987754e-4,0.002256317221135365,3.1955320535925427e-4,0.019200616299379858,22782.105940875295,16.491973140395366,22797.62035062857,561.7266994724388,80.65744830303285,1384.7494249953415,0.0010097240760456713,0.0034498621714613947,3.4839272987560615e-6,7.175038507610992e-5,33963.56286521485,0.2988949692248295,33963.8662950046,5.979337876125413,0.29896671960990573, 47,Sub-Saharan Africa,Malawi,Lilongwe,STA Chitekwele,20607,MW20607,0.1435885,0.003537823,0.2045180,0.02936643,0.02463863,0.000723548,23696.91840,0.2966072,0.03349341,0.5957214,0.1766953,0.1129218,0.01995274, 5474.019385,0.05,8.80e-06,1,0.2258832,0.000176050,3.98e-05, 35348.61572,38,2020-04-10
157,214.34845060485412,1.2747374263507566e-4,4.355747624353283e-4,2.827446618134292e-4,0.037312201656633806,5154.710184927826,104.92259147249122,5259.67093439515,593.9314457391312,176.1642592485332,898.2979994085019,5.393212935147712e-4,0.0018433999398821902,2.615396003300076e-4,0.016954236833106703,22782.10836740242,16.492434691408242,22797.62040059152,561.7267138536391,80.65745869809436,1384.7493485633534,8.249497069694583e-4,0.002818611999891797,2.8517215680149997e-6,6.335651882554807e-5,33963.56375826412,0.29890340255721526,33963.86637143658,5.979338033242385,0.29896675907604087, 47,Sub-Saharan Africa,Malawi,Lilongwe,STA Chitekwele,20607,MW20607,0.1435885,0.003537823,0.2045180,0.02936643,0.02463863,0.000723548,23696.91840,0.2966072,0.03349341,0.5957214,0.1766953,0.1129218,0.01995274, 5474.019385,0.05,8.80e-06,1,0.2258832,0.000176050,3.98e-05, 35348.61572,38,2020-04-10
158,214.34844095587061,1.0414647284529768e-4,3.5587114721132224e-4,2.3141293174924494e-4,0.032945727353525966,5154.712102893196,104.92520399302218,5259.670944044134,593.9314584631446,176.16427824792797,898.2979585885236,4.4062439544201087e-4,0.001506048967999232,2.1403964790272598e-4,0.014970043135862194,22782.11046842065,16.49284223467608,22797.620441411498,561.7267256030095,80.65746720561576,1384.749286117915,6.73988207685746e-4,0.0023028632363940897,2.3340283232302244e-006,5.594223788972673e-5,33963.56448790521,0.29891084914120636,33963.86643388202,5.979338161610246,0.29896679137909615, 47,Sub-Saharan Africa,Malawi,Lilongwe,STA Chitekwele,20607,MW20607,0.1435885,0.003537823,0.2045180,0.02936643,0.02463863,0.000723548,23696.91840,0.2966072,0.03349341,0.5957214,0.1766953,0.1129218,0.01995274, 5474.019385,0.05,8.80e-06,1,0.2258832,0.000176050,3.98e-05, 35348.61572,38,2020-04-10
159,214.34843307259288,8.508803917230756e-5,2.9075175382916576e-4,1.8938426289677947e-4,0.029089090756178847,5154.713786875476,104.92751073711355,5259.670951927411,593.9314688588503,176.1642937973749,898.2979252384062,3.59989476617989e-4,0.0012304351674860333,1.7515211255775802e-4,0.013217548547752365,22782.112289561042,16.49320207524617,22797.620474761618,561.7267352021912,80.65747416775072,1384.749235099599,5.506519414657398e-4,0.0018814832032431074,1.9101523975444067e-6,4.9393655424919666e-5,33963.56508403727,0.2989174241614214,33963.86648490034,5.979338266489326,0.2989668178168464, 47,Sub-Saharan Africa,Malawi,Lilongwe,STA Chitekwele,20607,MW20607,0.1435885,0.003537823,0.2045180,0.02936643,0.02463863,0.000723548,23696.91840,0.2966072,0.03349341,0.5957214,0.1766953,0.1129218,0.01995274, 5474.019385,0.05,8.80e-06,1,0.2258832,0.000176050,3.98e-05, 35348.61572,38,2020-04-10
160,214.34842663191003,6.951724464359201e-5,2.3754805023664869e-4,1.5497620385033576e-4,0.02568297104863253,5154.715265939532,104.92954741600454,5259.670958368093,593.9314773522839,176.16430652226651,898.2978979912098,2.9411103693819594e-4,0.001005260290726264,1.4331864172879112e-4,0.011669790626185216,22782.11386974345,16.49351978474217,22797.620502008816,561.7267430446797,80.65747986476221,1384.749193417332,4.498855793182852e-4,0.0015372056327810284,1.5631282925179196e-6,4.3610046558836895e-5,33963.56557108885,0.29892322940590016,33963.866526582606,5.979338352177473,0.298966839452459, 47,Sub-Saharan Africa,Malawi,Lilongwe,STA Chitekwele,20607,MW20607,0.1435885,0.003537823,0.2045180,0.02936643,0.02463863,0.000723548,23696.91840,0.2966072,0.03349341,0.5957214,0.1766953,0.1129218,0.01995274, 5474.019385,0.05,8.80e-06,1,0.2258832,0.000176050,3.98e-05, 35348.61572,38,2020-04-10
161,214.34842136983667,5.679585773580235e-5,1.9407973451110504e-4,1.268097806681763e-4,0.022674911661267432,5154.716565448764,104.93134558435914,5259.6709636301675,593.931484291529,176.1643169348605,898.2978757301306,2.4028854692013658e-4,8.212936504252223e-4,1.1726214476909598e-4,0.010302927512525609,22782.115242211818,16.4938002861978,22797.620524269892,561.7267494519606,80.65748452618737,1384.7491593626812,3.6755893784821405e-4,0.0012559230978879561,1.2790504552033048e-6,3.8502341490604266e-5,33963.56596901905,0.2989283548152961,33963.86656063725,5.97933842218619,0.2989668571567867, 47,Sub-Saharan Africa,Malawi,Lilongwe,STA Chitekwele,20607,MW20607,0.1435885,0.003537823,0.2045180,0.02936643,0.02463863,0.000723548,23696.91840,0.2966072,0.03349341,0.5957214,0.1766953,0.1129218,0.01995274, 5474.019385,0.05,8.80e-06,1,0.2258832,0.000176050,3.98e-05, 35348.61572,38,2020-04-10
162,214.3484170706948,4.640244219508204e-5,1.5856544040601344e-4,1.0375492643101838e-4,0.020018532853532965,5154.717707552128,104.93293312150935,5259.67096792931,593.931489960977,176.1643254546954,898.2978575427345,1.9631569763841594e-4,6.709938704809226e-4,9.593618177400305e-5,0.009095879846412771,22782.116435402502,16.494047929165006,22797.62054245729,561.7267546866846,80.65748833999658,1384.7491315398443,3.0029763404917063e-4,0.001026109315282843,1.0465230992933994e-6,3.39917885385938e-5,33963.566294135024,0.29893287985452993,33963.86658846009,5.979338479384469,0.29896687164306845, 47,Sub-Saharan Africa,Malawi,Lilongwe,STA Chitekwele,20607,MW20607,0.1435885,0.003537823,0.2045180,0.02936643,0.02463863,0.000723548,23696.91840,0.2966072,0.03349341,0.5957214,0.1766953,0.1129218,0.01995274, 5474.019385,0.05,8.80e-06,1,0.2258832,0.000176050,3.98e-05, 35348.61572,38,2020-04-10
163,214.348413558274,3.7910984086284034e-5,1.2954974405411844e-4,8.488569251186943e-5,0.017672833372700158,5154.718711604482,104.93433465744538,5259.670971441731,593.9314945929814,176.16433242533182,898.2978426835575,1.6038995420758535e-4,5.481997122669534e-4,7.848343180549296e-5,0.00803001320833817,22782.11747367394,16.494266556196013,22797.620557316466,561.7267589634351,80.65749146010297,1384.7491088084398,2.453447814181737e-4,8.383469022305786e-4,8.56208635239539e-7,3.000876842424497e-5,33963.56655976015,0.29893687472696173,33963.86661119149,5.979338526116356,0.29896688349538597, 47,Sub-Saharan Africa,Malawi,Lilongwe,STA Chitekwele,20607,MW20607,0.1435885,0.003537823,0.2045180,0.02936643,0.02463863,0.000723548,23696.91840,0.2966072,0.03349341,0.5957214,0.1766953,0.1129218,0.01995274, 5474.019385,0.05,8.80e-06,1,0.2258832,0.000176050,3.98e-05, 35348.61572,38,2020-04-10
164,214.34841068860874,3.0973431105962984e-5,1.0584351997384261e-4,6.944349014540853e-5,0.015601571342041085,5154.719594529792,104.93557194981116,5259.670974311396,593.9314983773795,176.16433812807998,898.29783054355,1.3103866679967566e-4,4.4787746241207625e-4,6.42016133380153e-5,0.007088856606901631,22782.118377920422,16.49445956167689,22797.62056945647,561.7267624575265,80.65749401251922,1384.7490902367654,2.004480013487134e-4,6.84941492578916e-4,7.004570554398632e-7,2.6491743074994397e-5,33963.56677678008,0.2989404014489222,33963.86662976317,5.979338564297,0.29896689319199715, 47,Sub-Saharan Africa,Malawi,Lilongwe,STA Chitekwele,20607,MW20607,0.1435885,0.003537823,0.2045180,0.02936643,0.02463863,0.000723548,23696.91840,0.2966072,0.03349341,0.5957214,0.1766953,0.1129218,0.01995274, 5474.019385,0.05,8.80e-06,1,0.2258832,0.000176050,3.98e-05, 35348.61572,38,2020-04-10
165,214.3484083440784,2.5305423281789806e-5,8.647522740412284e-5,5.680692201774007e-5,0.013772715578381568,5154.720371135294,104.9366642174715,5259.670976655926,593.9315014692723,176.1643427932547,898.2978206251163,1.0705868796897335e-4,3.659146283463854e-4,5.251551914720137e-5,0.00625785300431494,22782.11916608916,16.494629943881833,22797.620579374907,561.726765312189,80.65749610040464,1384.7490750636155,1.6376708538018043e-4,5.59606564784754e-4,5.730017562772993e-7,2.3386324006025012e-5,33963.56695408859,0.2989435148004623,33963.86664493632,5.9793385954911225,0.2989669011244682, 47,Sub-Saharan Africa,Malawi,Lilongwe,STA Chitekwele,20607,MW20607,0.1435885,0.003537823,0.2045180,0.02936643,0.02463863,0.000723548,23696.91840,0.2966072,0.03349341,0.5957214,0.1766953,0.1129218,0.01995274, 5474.019385,0.05,8.80e-06,1,0.2258832,0.000176050,3.98e-05, 35348.61572,38,2020-04-10
166,214.34840642858615,2.0674637993060694e-5,7.065109578058217e-5,4.646703699152492e-5,0.012157959476432584,5154.721054383565,104.93762843559696,5259.670978571418,593.9315039953792,176.16434660940052,898.2978125217177,8.746705377879478e-5,2.9895133307953617e-4,4.2954081943981645e-5,0.005524138301089107,22782.11985361649,16.49478035102072,22797.620587478305,561.7267676444404,80.65749780820157,1384.7490626670783,1.337985743975087e-4,4.572058425121845e-4,4.6871003449496326e-7,2.0644446931962418e-5,33963.56709895216,0.2989462631664231,33963.86665733286,5.979338620977137,0.298966907613355, 47,Sub-Saharan Africa,Malawi,Lilongwe,STA Chitekwele,20607,MW20607,0.1435885,0.003537823,0.2045180,0.02936643,0.02463863,0.000723548,23696.91840,0.2966072,0.03349341,0.5957214,0.1766953,0.1129218,0.01995274, 5474.019385,0.05,8.80e-06,1,0.2258832,0.000176050,3.98e-05, 35348.61572,38,2020-04-10
167,214.34840486362015,1.6891267452863196e-5,5.7722596545155464e-5,3.800703324663603e-5,0.010732290451846664,5154.721655628366,104.93847959665983,5259.670980136384,593.9315060592323,176.16434973085228,898.2978059012103,7.146068928314723e-5,2.442425743591163e-4,3.5131565805424255e-5,0.004876345590210105,22782.1204537964,16.494913121965848,22797.62059409881,561.7267695498845,80.65749920502476,1384.749052539049,1.0931413684933655e-4,3.735428346681265e-4,3.8337843212926137e-7,1.8223640710358176e-5,33963.56721730766,0.2989486892803447,33963.86666746089,5.979338641799534,0.298966912921055, 47,Sub-Saharan Africa,Malawi,Lilongwe,STA Chitekwele,20607,MW20607,0.1435885,0.003537823,0.2045180,0.02936643,0.02463863,0.000723548,23696.91840,0.2966072,0.03349341,0.5957214,0.1766953,0.1129218,0.01995274, 5474.019385,0.05,8.80e-06,1,0.2258832,0.000176050,3.98e-05, 35348.61572,38,2020-04-10
168,214.34840358503584,1.3800237806760608e-5,4.715987035266317e-5,3.108561228122434e-5,0.009473608691687764,5154.722184819304,104.9392309412436,5259.670981414969,593.9315077454191,176.1643522839307,898.2978004922306,5.8383484193605586e-5,1.9954570846515506e-4,2.873214308334867e-5,0.004304431835900361,22782.120978092327,16.495030322267286,22797.620599507787,561.7267711066282,80.65750034743878,1384.749044264402,8.931021694462138e-5,3.0518890498170163e-4,3.135648899426251e-7,1.6086380003486924e-5,33963.56731400563,0.2989508308823362,33963.86667573553,5.979338658811685,0.29896691726233965, 47,Sub-Saharan Africa,Malawi,Lilongwe,STA Chitekwele,20607,MW20607,0.1435885,0.003537823,0.2045180,0.02936643,0.02463863,0.000723548,23696.91840,0.2966072,0.03349341,0.5957214,0.1766953,0.1129218,0.01995274, 5474.019385,0.05,8.80e-06,1,0.2258832,0.000176050,3.98e-05, 35348.61572,38,2020-04-10
169,214.34840254042297,1.1274844143021882e-5,3.8529981014458934e-5,2.5423312259824396e-5,0.008362388711854303,5154.722650680035,104.93989416268867,5259.670982459582,593.9315091230532,176.16435437202588,898.297796073058,4.7699360289421166e-5,1.6302837676928944e-4,2.349723363974482e-5,0.0037995240195472734,22782.121436401867,16.495133776084728,22797.62060392696,561.7267723784898,80.65750128173627,1384.7490375039529,7.296684526463142e-5,2.49342569503639e-4,2.5645093969310526e-7,1.419951062172793e-5,33963.56739300935,0.29895272130237427,33963.86668249598,5.97933867271086,0.2989669208129959, 47,Sub-Saharan Africa,Malawi,Lilongwe,STA Chitekwele,20607,MW20607,0.1435885,0.003537823,0.2045180,0.02936643,0.02463863,0.000723548,23696.91840,0.2966072,0.03349341,0.5957214,0.1766953,0.1129218,0.01995274, 5474.019385,0.05,8.80e-06,1,0.2258832,0.000176050,3.98e-05, 35348.61572,38,2020-04-10
170,214.34840168694103,9.2115173987509985e-006,3.14790385513274e-5,2.0791236634547204e-5,0.007381379410380354,5154.723060863579,104.94047958827295,5259.6709833130635,593.9315102486296,176.16435607978693,898.2977924624563,3.8970128584202674e-5,1.3319281782759942e-4,1.9215064423528983e-5,0.003353782790640268,22782.121837282284,16.495225094457364,22797.620607537563,561.7267734176337,80.65750204581565,1384.7490319804504,5.961377397869105e-5,2.0371382687605084e-4,2.097280470600721e-7,1.2533740229272238e-5,33963.56745755848,0.29895438997671936,33963.86668801949,5.979338684067021,0.29896692371694855, 47,Sub-Saharan Africa,Malawi,Lilongwe,STA Chitekwele,20607,MW20607,0.1435885,0.003537823,0.2045180,0.02936643,0.02463863,0.000723548,23696.91840,0.2966072,0.03349341,0.5957214,0.1766953,0.1129218,0.01995274, 5474.019385,0.05,8.80e-06,1,0.2258832,0.000176050,3.98e-05, 35348.61572,38,2020-04-10
171,214.34840098964426,7.525774490559934e-6,2.5718364997660002e-5,1.7002297563076248e-5,0.006515349245758825,5154.723422081716,104.94099633295207,5259.67098401036,593.9315111682323,176.16435747637433,898.2977895125885,3.183835335873104e-5,1.0881729920310253e-4,1.5712559764555107e-5,0.002960286635432652,22782.122188133268,16.495305699291535,22797.620610487433,561.7267742666108,80.65750267063842,1384.7490274677352,4.870426887132149e-5,1.6643464524735213e-4,1.7150931095923013e-7,1.1063205668325028e-5,33963.567510295725,0.29895586288612125,33963.8666925322,5.979338693345103,0.2989669260917895, 47,Sub-Saharan Africa,Malawi,Lilongwe,STA Chitekwele,20607,MW20607,0.1435885,0.003537823,0.2045180,0.02936643,0.02463863,0.000723548,23696.91840,0.2966072,0.03349341,0.5957214,0.1766953,0.1129218,0.01995274, 5474.019385,0.05,8.80e-06,1,0.2258832,0.000176050,3.98e-05, 35348.61572,38,2020-04-10
172,214.3484004199598,6.14853931896997e-6,2.1011924663567895e-5,1.3903247439997983e-5,0.005750842298209762,5154.723740227585,104.94145244644143,5259.670984580044,593.9315119195417,176.1643586184187,898.2977871025777,2.601178555506427e-5,8.890290380109847e-5,1.2847962112603185e-5,0.0026129209950564135,22782.122495367465,16.49537684630919,22797.62061289744,561.7267749602123,80.65750318155487,1384.7490237808918,3.9791301349782095e-5,1.359776302461043e-4,1.4024910924624918e-7,9.765058761274648e-6,33963.56755338187,0.2989571629750461,33963.86669621905,5.979338700925258,0.29896692803380726, 47,Sub-Saharan Africa,Malawi,Lilongwe,STA Chitekwele,20607,MW20607,0.1435885,0.003537823,0.2045180,0.02936643,0.02463863,0.000723548,23696.91840,0.2966072,0.03349341,0.5957214,0.1766953,0.1129218,0.01995274, 5474.019385,0.05,8.80e-06,1,0.2258832,0.000176050,3.98e-05, 35348.61572,38,2020-04-10
173,214.34839995452876,5.0233407210314915e-6,1.716675101608294e-5,1.1368585893116693e-5,0.005075972514189124,5154.72402047714,104.94185503713587,5259.670985045475,593.9315125333624,176.1643595522812,898.2977851336052,2.1251506914509694e-5,7.263300469219401e-5,1.0505190525158237e-5,0.0023062847435603,22782.12276454756,16.49543964438192,22797.620614866413,561.7267755268798,80.65750359931688,1384.7490207687479,3.250941536398737e-5,1.1109408155504984e-4,1.1468165515091583e-7,8.619116945234419e-6,33963.56758858343,0.29895831050488547,33963.86669923119,5.97933870711827,0.2989669296218306, 47,Sub-Saharan Africa,Malawi,Lilongwe,STA Chitekwele,20607,MW20607,0.1435885,0.003537823,0.2045180,0.02936643,0.02463863,0.000723548,23696.91840,0.2966072,0.03349341,0.5957214,0.1766953,0.1129218,0.01995274, 5474.019385,0.05,8.80e-06,1,0.2258832,0.000176050,3.98e-05, 35348.61572,38,2020-04-10
174,214.34839957427283,4.104056250560568e-6,1.402523823123456e-5,9.295636570380423e-6,0.004480242769439929,5154.724267377038,104.94221038098495,5259.670985425731,593.9315130348542,176.16436031587898,898.297783524961,1.7362383726697956e-5,5.934063520143158e-5,8.58928294507946e-6,0.0020356079493563336,22782.123000502263,16.495495072517468,22797.62061647506,561.7267759898431,80.65750394089537,1384.7490183078341,2.6560126500703e-5,9.076411429950389e-5,9.377134913042835e-8,7.607556046753393e-6,33963.567617343215,0.29895932336428455,33963.866701692095,5.979338712177978,0.2989669309203313, 47,Sub-Saharan Africa,Malawi,Lilongwe,STA Chitekwele,20607,MW20607,0.1435885,0.003537823,0.2045180,0.02936643,0.02463863,0.000723548,23696.91840,0.2966072,0.03349341,0.5957214,0.1766953,0.1129218,0.01995274, 5474.019385,0.05,8.80e-06,1,0.2258832,0.000176050,3.98e-05, 35348.61572,38,2020-04-10
175,214.34839926360496,3.3530035502591204e-6,1.145861995424355e-5,7.600378216050059e-6,0.003954382912136345,5154.724484922583,104.94252401889477,5259.6709857363985,593.9315134445727,176.16436094023027,898.2977822107047,1.4184991293769755e-5,4.8480884796842316e-5,7.0225369727827855e-6,0.0017966782649008414,22782.12320742755,16.4955439950559,22797.62061778932,561.7267763680806,80.65750422017263,1384.7490162972756,2.1699570471531477e-5,7.415446228064928e-5,7.667073698902438e-8,6.714635283648881e-6,33963.56764084002,0.29896021734676775,33963.86670370265,5.9793387163117675,0.2989669319820513, 47,Sub-Saharan Africa,Malawi,Lilongwe,STA Chitekwele,20607,MW20607,0.1435885,0.003537823,0.2045180,0.02936643,0.02463863,0.000723548,23696.91840,0.2966072,0.03349341,0.5957214,0.1766953,0.1129218,0.01995274, 5474.019385,0.05,8.80e-06,1,0.2258832,0.000176050,3.98e-05, 35348.61572,38,2020-04-10
176,214.34839900979014,2.7393952474445028e-6,9.36169007435746e-6,6.214059358807117e-6,0.0034902067628533183,5154.724676625636,104.94280084266323,5259.670985990214,593.9315137793128,176.16436145070875,898.2977811369612,1.1589076568227247e-005,3.96085533737402e-5,5.7413764656012505e-6,0.0015857759341832856,22782.123388973014,16.495587175076626,22797.62061886306,561.726776677098,80.65750444850389,1384.749014654654,1.7728504066043866e-5,6.05843174781258e-5,6.268636970733e-8,5.926454454416469e-6,33963.56766003696,0.298961006395681,33963.86670534528,5.979338719689082,0.29896693285013537, 47,Sub-Saharan Africa,Malawi,Lilongwe,STA Chitekwele,20607,MW20607,0.1435885,0.003537823,0.2045180,0.02936643,0.02463863,0.000723548,23696.91840,0.2966072,0.03349341,0.5957214,0.1766953,0.1129218,0.01995274, 5474.019385,0.05,8.80e-06,1,0.2258832,0.000176050,3.98e-05, 35348.61572,38,2020-04-10
177,214.34839880242413,2.238078793761597e-6,7.648497002386708e-6,5.080430161510979e-6,0.003080485721108636,5154.72484557396,104.9430451708858,5259.67098619758,593.9315140527953,176.16436186806823,898.2977802597162,9.468226447767128e-6,3.235992682445109e-5,4.693789671393388e-6,0.0013996163491801089,22782.123548315743,16.49562528624052,22797.620619740308,561.7267769295631,80.65750463517641,1384.7490133126369,1.448415007238876e-5,4.9497468569030524e-5,5.125088672868182e-8,5.230739324752051e-6,33963.56767572091,0.2989617028205483,33963.8667066873,5.979338722448352,0.298966933559873, 47,Sub-Saharan Africa,Malawi,Lilongwe,STA Chitekwele,20607,MW20607,0.1435885,0.003537823,0.2045180,0.02936643,0.02463863,0.000723548,23696.91840,0.2966072,0.03349341,0.5957214,0.1766953,0.1129218,0.01995274, 5474.019385,0.05,8.80e-06,1,0.2258832,0.000176050,3.98e-05, 35348.61572,38,2020-04-10
178,214.3483986330067,1.828504536950021e-6,6.248817684141318e-6,4.153471134533213e-6,0.002718837029983147,5154.724994483147,104.94326081601957,5259.670986366997,593.9315142762305,176.1643622092834,898.29777954301,7.735501745269892e-6,2.6437853324642424e-5,3.83722739812572e-6,0.0012352992692483758,22782.12368822388,16.495658923252446,22797.620620457015,561.7267771358255,80.6575047877858,1384.7490122162128,1.1833519176072822e-5,4.043948479751935e-5,4.1900109758124163e-8,4.616651902829236e-6,33963.56768853471,0.29896231748822544,33963.86670778372,5.9793387247026795,0.29896693414012826, 47,Sub-Saharan Africa,Malawi,Lilongwe,STA Chitekwele,20607,MW20607,0.1435885,0.003537823,0.2045180,0.02936643,0.02463863,0.000723548,23696.91840,0.2966072,0.03349341,0.5957214,0.1766953,0.1129218,0.01995274, 5474.019385,0.05,8.80e-06,1,0.2258832,0.000176050,3.98e-05, 35348.61572,38,2020-04-10
179,214.3483984946003,1.4939007834701833e-6,5.105338843910527e-6,3.3955734141020205e-6,0.002399627200013542,5154.725125741066,104.9434511423167,5259.670986505404,593.9315144587673,176.16436248822305,898.2977789574938,6.319946954600154e-6,2.159981333485453e-5,3.1369192315640964e-6,0.0010902649308888884,22782.123811109992,16.49568861089924,22797.62062104253,561.7267773043319,80.65750491253756,1384.7490113204838,9.668071379755401e-6,3.303947607486894e-5,3.4254690355211444e-8,4.074626454463904e-6,33963.56769900307,0.29896285998802935,33963.86670867945,5.979338726544372,0.2989669346144838, 47,Sub-Saharan Africa,Malawi,Lilongwe,STA Chitekwele,20607,MW20607,0.1435885,0.003537823,0.2045180,0.02936643,0.02463863,0.000723548,23696.91840,0.2966072,0.03349341,0.5957214,0.1766953,0.1129218,0.01995274, 5474.019385,0.05,8.80e-06,1,0.2258832,0.000176050,3.98e-05, 35348.61572,38,2020-04-10
180,214.34839838152436,1.2205344106351562e-6,4.171130512134616e-6,2.775904581036685e-6,0.0021178787661528926,5154.7252414504055,104.94361912173133,5259.670986618479,593.9315146078976,176.1643627162544,898.297778479136,5.163461991050337e-6,1.764722693999912e-5,2.5643615719848698e-6,9.622516730430829e-4,22782.123919081365,16.495714812771464,22797.620621520888,561.7267774419985,80.6575050145176,1384.7490105886864,7.898931044399771e-6,2.699374430573339e-5,2.8003628514841727e-8,3.5962111775256354e-6,33963.5677075556,0.29896333879109144,33963.86670941125,5.9793387280490125,0.29896693500226895, 47,Sub-Saharan Africa,Malawi,Lilongwe,STA Chitekwele,20607,MW20607,0.1435885,0.003537823,0.2045180,0.02936643,0.02463863,0.000723548,23696.91840,0.2966072,0.03349341,0.5957214,0.1766953,0.1129218,0.01995274, 5474.019385,0.05,8.80e-06,1,0.2258832,0.000176050,3.98e-05, 35348.61572,38,2020-04-10
181,214.34839828913613,9.971813914505998e-7,3.4078367852984077e-6,2.269235577759702e-6,0.001869196663409004,5154.725343461906,104.94376737803745,5259.670986710867,593.9315147297441,176.16436290267663,898.2977780882959,4.218562066362118e-6,1.4417796944784368e-5,2.096232411923808e-6,8.492624789309729e-4,22782.124013978482,16.495737938145872,22797.62062191173,561.7267775544781,80.65750509788633,1384.749009990774,6.4534603730332124e-6,2.205407578351838e-5,2.2892441399473327e-8,3.1739431883890107e-6,33963.567714543446,0.2989637613761083,33963.86671000917,5.979338729278379,0.29896693531929663, 47,Sub-Saharan Africa,Malawi,Lilongwe,STA Chitekwele,20607,MW20607,0.1435885,0.003537823,0.2045180,0.02936643,0.02463863,0.000723548,23696.91840,0.2966072,0.03349341,0.5957214,0.1766953,0.1129218,0.01995274, 5474.019385,0.05,8.80e-06,1,0.2258832,0.000176050,3.98e-05, 35348.61572,38,2020-04-10
182,214.34839821365426,8.147003243844694e-7,2.7842185358514133e-6,1.8549935307447127e-6,0.0016497033126433606,5154.72543340341,104.94389822570824,5259.670986786349,593.9315148292937,176.16436305507096,898.2977777689767,3.446573377300026e-6,1.177934166538633e-5,1.71351520194548e-6,7.495354767270437e-4,22782.12409740806,16.49575834805061,22797.620622231047,561.7267776463743,80.65750516603535,1384.7490095022758,5.272499485805835e-6,1.8018310972495485e-5,1.8713610289765815e-8,2.8012382979819474e-6,33963.56772025259,0.29896413434016045,33963.86671049767,5.979338730282784,0.2989669355784584, 47,Sub-Saharan Africa,Malawi,Lilongwe,STA Chitekwele,20607,MW20607,0.1435885,0.003537823,0.2045180,0.02936643,0.02463863,0.000723548,23696.91840,0.2966072,0.03349341,0.5957214,0.1766953,0.1129218,0.01995274, 5474.019385,0.05,8.80e-06,1,0.2258832,0.000176050,3.98e-05, 35348.61572,38,2020-04-10
183,214.3483981519858,6.656137515446086e-7,2.2747227532240473e-6,1.5163330129022657e-6,0.0014559750328109761,5154.725512708308,104.94401370800101,5259.6709868480175,593.9315149106257,176.16436317964377,898.2977775080941,2.8158617365326814e-6,9.623740311186822e-6,1.4006397281969024e-6,6.615150430233479e-4,22782.124170775412,16.495776361206502,22797.62062249193,561.7267777214531,80.65750522174112,1384.7490091031739,4.307656903210507e-6,1.4721086665481303e-5,1.5297213588370886e-8,2.4722830401177765e-6,33963.56772491697,0.2989644635072681,33963.86671089677,5.979338731103383,0.29896693579030814, 47,Sub-Saharan Africa,Malawi,Lilongwe,STA Chitekwele,20607,MW20607,0.1435885,0.003537823,0.2045180,0.02936643,0.02463863,0.000723548,23696.91840,0.2966072,0.03349341,0.5957214,0.1766953,0.1129218,0.01995274, 5474.019385,0.05,8.80e-06,1,0.2258832,0.000176050,3.98e-05, 35348.61572,38,2020-04-10
184,214.34839810160221,5.438088618059944e-7,1.8584597952079369e-6,1.2394690595565115e-6,0.0012849890625925816,5154.72558263893,104.94411562866433,5259.6709868984,593.9315149770747,176.16436328147287,898.2977772949511,2.30056632164154e-6,7.8626049354066365e-006,1.1448652592857583e-6,5.838277282581141e-4,22782.124235310308,16.495792258973257,22797.62062270507,561.7267777827929,80.65750526727507,1384.7490087771046,3.51937262256348e-6,1.2027217630949263e-5,1.2504199563660612e-8,2.1819447142941542e-6,33963.56772872781,0.2989647540187665,33963.866711222836,5.9793387317738205,0.2989669359634807, 47,Sub-Saharan Africa,Malawi,Lilongwe,STA Chitekwele,20607,MW20607,0.1435885,0.003537823,0.2045180,0.02936643,0.02463863,0.000723548,23696.91840,0.2966072,0.03349341,0.5957214,0.1766953,0.1129218,0.01995274, 5474.019385,0.05,8.80e-06,1,0.2258832,0.000176050,3.98e-05, 35348.61572,38,2020-04-10
185,214.34839806043854,4.4429355356309246e-7,1.5183698045032783e-6,1.0131326421676957e-6,0.0011340768918766345,5154.725644307012,104.94420557985919,5259.670986939564,593.931515031364,176.16436336470846,898.2977771208122,1.8795676431230326e-6,6.423752969338637e-6,9.357769885701807e-7,5.152610497629007e-4,22782.12429208933,16.495806289705076,22797.620622879207,561.7267778329075,80.65750530449364,1384.749008510704,2.875339455553096e-6,9.82630234274779e-6,1.0220894138045064e-8,1.9256921425152435e-6,33963.5677318413,0.29896501041289114,33963.86671148924,5.9793387323215725,0.2989669361050336, 47,Sub-Saharan Africa,Malawi,Lilongwe,STA Chitekwele,20607,MW20607,0.1435885,0.003537823,0.2045180,0.02936643,0.02463863,0.000723548,23696.91840,0.2966072,0.03349341,0.5957214,0.1766953,0.1129218,0.01995274, 5474.019385,0.05,8.80e-06,1,0.2258832,0.000176050,3.98e-05, 35348.61572,38,2020-04-10
186,214.3483980268066,3.629865537623754e-7,1.2405055095077168e-6,8.281024104961564e-7,0.0010008825208387342,5154.725698691948,104.94428496712784,5259.670986973196,593.9315150757201,176.16436343274611,898.2977769785355,1.535599592672489e-6,5.248172227448551e-6,7.648530005354636e-7,4.547445241207632e-4,22782.124342055664,16.495818672645708,22797.62062302148,561.7267778738525,80.6575053349156,1384.749008293047,2.3491447657795775e-6,8.028081864236036e-6,8.354277941533778e-9,1.6995247931327201e-6,33963.56773438512,0.298965236695948,33963.86671170689,5.979338732769105,0.298966936220741, 47,Sub-Saharan Africa,Malawi,Lilongwe,STA Chitekwele,20607,MW20607,0.1435885,0.003537823,0.2045180,0.02936643,0.02463863,0.000723548,23696.91840,0.2966072,0.03349341,0.5957214,0.1766953,0.1129218,0.01995274, 5474.019385,0.05,8.80e-06,1,0.2258832,0.000176050,3.98e-05, 35348.61572,38,2020-04-10
187,214.34839799932922,2.9655853588734333e-7,1.013489285594449e-6,6.768491535789498e-7,8.833271650077383e-4,5154.725746656109,104.94435503049799,5259.670987000673,593.9315151119591,176.16436348835768,898.2977768622951,1.2545772620477114e-6,4.2877234288787335e-6,6.251355243869203e-7,0.00040133362892969346,22782.12438603541,16.495829601220546,22797.620623137722,561.7267779073046,80.65750535978077,1384.7490081152207,1.9192422465077792e-6,6.558926362958843e-6,6.82840018712054e-9,1.4999128498968577e-6,33963.56773646343,0.29896543640246687,33963.866711884715,5.979338733134741,0.2989669363153166, 47,Sub-Saharan Africa,Malawi,Lilongwe,STA Chitekwele,20607,MW20607,0.1435885,0.003537823,0.2045180,0.02936643,0.02463863,0.000723548,23696.91840,0.2966072,0.03349341,0.5957214,0.1766953,0.1129218,0.01995274, 5474.019385,0.05,8.80e-06,1,0.2258832,0.000176050,3.98e-05, 35348.61572,38,2020-04-10
188,214.34839797688048,2.422875147018063e-7,8.280190020528248e-7,5.532119908316191e-7,7.795755052553813e-4,5154.725788959434,104.9444168646595,5259.6709870231225,593.931515141566,176.164363533811,898.2977767673281,1.024985163853281e-6,3.5030491754302037e-6,5.109315373882659e-7,3.541944666960531e-4,22782.12442475305,16.49583924618408,22797.620623232688,561.7267779346347,80.65750538010342,1384.7490079699387,1.568016091385387e-6,5.35863732171267e-6,5.5811125700829576e-9,1.323739904257689e-6,33963.5677381614,0.298965612652713,33963.86671203,5.979338733433462,0.29896693639261707, 47,Sub-Saharan Africa,Malawi,Lilongwe,STA Chitekwele,20607,MW20607,0.1435885,0.003537823,0.2045180,0.02936643,0.02463863,0.000723548,23696.91840,0.2966072,0.03349341,0.5957214,0.1766953,0.1129218,0.01995274, 5474.019385,0.05,8.80e-06,1,0.2258832,0.000176050,3.98e-05, 35348.61572,38,2020-04-10
189,214.34839795853995,1.979482060819867e-7,6.764899348826002e-7,4.521502751965824e-7,6.880072689770831e-4,5154.725826271652,104.9444714359486,5259.670987041463,593.9315151657548,176.16436357096126,898.2977766897402,8.374091498447524e-7,2.861974090796391e-6,4.175833899771139e-7,3.125908514000549e-4,22782.124458844162,16.49584775826928,22797.620623310275,561.7267779569631,80.65750539671326,1384.749007851243,1.2810649731889773e-6,4.378000829560274e-6,4.561566803361897e-9,1.1682547000019328e-6,33963.56773954864,0.29896576820109727,33963.866712148694,5.979338733677516,0.2989669364557971, 47,Sub-Saharan Africa,Malawi,Lilongwe,STA Chitekwele,20607,MW20607,0.1435885,0.003537823,0.2045180,0.02936643,0.02463863,0.000723548,23696.91840,0.2966072,0.03349341,0.5957214,0.1766953,0.1129218,0.01995274, 5474.019385,0.05,8.80e-06,1,0.2258832,0.000176050,3.98e-05, 35348.61572,38,2020-04-10
190,214.34839794355577,1.6172311112554662e-7,5.526909139897527e-7,3.6954385374653785e-7,6.071922817469192e-4,5154.725859182948,104.944519597254,5259.670987056447,593.931515185517,176.1643636013245,898.2977766263512,6.841602397103675e-7,2.3382191090142675e-6,3.412841559186311e-7,2.7587297215431503e-4,22782.12448886649,16.495855270512852,22797.620623373663,561.7267779752054,80.65750541028834,1384.7490077542695,1.046626612707937e-6,3.5768212522994056e-6,3.728199886769435e-9,1.0310287707399959e-6,33963.56774068201,0.2989659054786646,33963.86671224567,5.979338733876909,0.29896693650743505, 47,Sub-Saharan Africa,Malawi,Lilongwe,STA Chitekwele,20607,MW20607,0.1435885,0.003537823,0.2045180,0.02936643,0.02463863,0.000723548,23696.91840,0.2966072,0.03349341,0.5957214,0.1766953,0.1129218,0.01995274, 5474.019385,0.05,8.80e-06,1,0.2258832,0.000176050,3.98e-05, 35348.61572,38,2020-04-10
191,214.34839793131374,1.321273256094514e-7,4.5154737368222627e-7,3.02024079520795e-7,5.358681593963289e-4,5154.725888213482,104.94456210134332,5259.670987068689,593.9315152016627,176.1643636261403,898.2977765745625,5.589565173032513e-7,1.9103142332995532e-6,2.789214149578817e-7,2.4346725671588995e-4,22782.124515309646,16.49586190033401,22797.62062342545,561.7267779901093,80.65750542138292,1384.7490076750423,8.550911728900366e-7,2.9222584268983633e-6,3.0470295488488283e-9,9.099185608336293e-7,33963.56774160798,0.2989660266310782,33963.8667123249,5.979338734039812,0.29896693654963874, 47,Sub-Saharan Africa,Malawi,Lilongwe,STA Chitekwele,20607,MW20607,0.1435885,0.003537823,0.2045180,0.02936643,0.02463863,0.000723548,23696.91840,0.2966072,0.03349341,0.5957214,0.1766953,0.1129218,0.01995274, 5474.019385,0.05,8.80e-06,1,0.2258832,0.000176050,3.98e-05, 35348.61572,38,2020-04-10
192,214.348397921312,1.0794764677087474e-7,3.6891326043946653e-7,2.468367727435649e-7,4.72920638959711e-4,5154.725913821739,104.94459961261043,5259.670987078691,593.9315152148536,176.1643636464218,898.2977765322513,4.5666551471393475e-7,1.5607180406746962e-6,2.2795057953804195e-7,2.1486743415166618e-4,22782.124538603606,16.49586775136693,22797.62062346776,561.7267780022856,80.65750543045014,1384.749007610314,6.986071795553855e-7,2.387481021492078e-6,2.49027193993303e-9,8.030320271184653e-7,33963.56774236449,0.2989661335521044,33963.86671238962,5.979338734172905,0.2989669365841312, 47,Sub-Saharan Africa,Malawi,Lilongwe,STA Chitekwele,20607,MW20607,0.1435885,0.003537823,0.2045180,0.02936643,0.02463863,0.000723548,23696.91840,0.2966072,0.03349341,0.5957214,0.1766953,0.1129218,0.01995274, 5474.019385,0.05,8.80e-06,1,0.2258832,0.000176050,3.98e-05, 35348.61572,38,2020-04-10
193,214.34839791314064,8.819291664143182e-8,3.014013386789398e-7,2.0173033531477805e-7,4.1736621489280203e-4,5154.725936411873,104.94463271744407,5259.670987086862,593.9315152256307,176.16436366299723,898.2977764976832,3.730941347101409e-7,1.275099669417738e-6,1.862914788605835e-7,1.8962664504722118e-4,22782.124559126103,16.495872915078156,22797.62062350233,561.7267780122337,80.65750543786034,1384.749007557431,5.707601607092413e-7,1.950568378269586e-6,2.0352130330966504e-9,7.086991549849055e-7,33963.56774298257,0.2989662279131663,33963.866712442505,5.979338734281642,0.29896693661232093, 47,Sub-Saharan Africa,Malawi,Lilongwe,STA Chitekwele,20607,MW20607,0.1435885,0.003537823,0.2045180,0.02936643,0.02463863,0.000723548,23696.91840,0.2966072,0.03349341,0.5957214,0.1766953,0.1129218,0.01995274, 5474.019385,0.05,8.80e-06,1,0.2258832,0.000176050,3.98e-05, 35348.61572,38,2020-04-10
194,214.34839790646467,7.20533583670879e-8,2.462442282219914e-7,1.6486404563299253e-7,3.683368053597914e-4,5154.725956340183,104.94466193338242,5259.670987093537,593.9315152344354,176.16436367654362,898.2977764694413,3.0481661937352693e-007,1.0417508448241816e-6,1.5224359994696573e-7,1.673504741903145e-4,22782.124577209073,16.495877472194607,22797.62062353057,561.7267780203613,80.65750544391625,1384.749007514226,4.6630948512950687e-7,1.5936112305037825e-6,1.6632835775360834e-9,6.254459215245874e-7,33963.567743487525,0.2989663111894381,33963.86671248572,5.979338734370479,0.2989669366353592, 47,Sub-Saharan Africa,Malawi,Lilongwe,STA Chitekwele,20607,MW20607,0.1435885,0.003537823,0.2045180,0.02936643,0.02463863,0.000723548,23696.91840,0.2966072,0.03349341,0.5957214,0.1766953,0.1129218,0.01995274, 5474.019385,0.05,8.80e-06,1,0.2258832,0.000176050,3.98e-05, 35348.61572,38,2020-04-10
195,214.3483979010104,5.886738474270136e-8,2.0118097656504191e-7,1.3473312862486347e-7,3.2506621545488076e-4,5154.725973920797,104.94468771719387,5259.670987098993,593.931515241629,176.1643636876143,898.2977764463676,2.4903413104629745e-7,8.511059526841556e-7,1.2441683716886106e-7,1.4769079978416407e-4,22782.124593144305,16.495881493964067,22797.62062355364,561.7267780270014,80.65750544886531,1384.7490074789275,3.8097355837125787e-7,1.3019776632461875e-6,1.3593032589241045e-9,5.519713098819169e-7,33963.56774390008,0.2989663846828778,33963.86671252101,5.9793387344430595,0.2989669366541873, 47,Sub-Saharan Africa,Malawi,Lilongwe,STA Chitekwele,20607,MW20607,0.1435885,0.003537823,0.2045180,0.02936643,0.02463863,0.000723548,23696.91840,0.2966072,0.03349341,0.5957214,0.1766953,0.1129218,0.01995274, 5474.019385,0.05,8.80e-06,1,0.2258832,0.000176050,3.98e-05, 35348.61572,38,2020-04-10
196,214.34839789655433,4.8094481857239534e-8,1.6436439172397205e-7,1.1010748269061768e-7,2.8687818629387444e-4,5154.725989430682,104.94471047200976,5259.670987103448,593.9315152475061,176.16436369666164,898.2977764275164,2.0346003482613756e-7,6.953499574506578e-7,1.0167486651186789e-7,1.3034036327489552e-4,22782.12460718836,16.4958850432678,22797.62062357249,561.7267780324263,80.65750545290976,1384.749007450089,3.112543346970731e-7,1.0637134227568958e-6,1.1108626151178102e-9,4.871270164246801e-7,33963.56774423713,0.29896644954255813,33963.866712549854,5.979338734502357,0.2989669366695742, 47,Sub-Saharan Africa,Malawi,Lilongwe,STA Chitekwele,20607,MW20607,0.1435885,0.003537823,0.2045180,0.02936643,0.02463863,0.000723548,23696.91840,0.2966072,0.03349341,0.5957214,0.1766953,0.1129218,0.01995274, 5474.019385,0.05,8.80e-06,1,0.2258832,0.000176050,3.98e-05, 35348.61572,38,2020-04-10
197,214.3483978929137,3.929305106108283e-8,1.342853193503629e-7,8.998156725228124e-8,2.531758444823524e-4,5154.7260031140595,104.94473055362056,5259.670987107089,593.9315152523077,176.16436370405532,898.2977764121152,1.6622615780202454e-7,5.680980159742943e-7,8.308883623664789e-8,1.1502797549956067e-4,22782.12461956689,16.495888175602687,22797.62062358789,561.7267780368583,80.6575054562149,1384.7490074265277,2.542939175224502e-7,8.690518785588787e-7,9.07817528564755e-10,4.29899535766539e-7,33963.56774451251,0.29896650678261333,33963.86671257342,5.979338734550804,0.2989669366821487, 47,Sub-Saharan Africa,Malawi,Lilongwe,STA Chitekwele,20607,MW20607,0.1435885,0.003537823,0.2045180,0.02936643,0.02463863,0.000723548,23696.91840,0.2966072,0.03349341,0.5957214,0.1766953,0.1129218,0.01995274, 5474.019385,0.05,8.80e-06,1,0.2258832,0.000176050,3.98e-05, 35348.61572,38,2020-04-10
198,214.34839788993935,3.2102307404806284e-8,1.0971078224026321e-7,7.353342958390678e-8,2.2343238816972057e-4,5154.726015186291,104.94474827603345,5259.670987110063,593.9315152562306,176.1643637100975,898.2977763995325,1.3580620960233821e-7,4.641337459637734e-7,6.789950506124331e-8,1.0151428472465896e-4,22782.124630478393,16.49589093994809,22797.620623600473,561.7267780404794,80.65750545891585,1384.7490074072784,2.0775741193757543e-7,7.100136944119539e-7,7.41875907281385e-10,3.7939434552500367e-7,33963.56774473749,0.29896655729807964,33963.86671259267,5.9793387345903835,0.2989669366924248, 47,Sub-Saharan Africa,Malawi,Lilongwe,STA Chitekwele,20607,MW20607,0.1435885,0.003537823,0.2045180,0.02936643,0.02463863,0.000723548,23696.91840,0.2966072,0.03349341,0.5957214,0.1766953,0.1129218,0.01995274, 5474.019385,0.05,8.80e-06,1,0.2258832,0.000176050,3.98e-05, 35348.61572,38,2020-04-10
199,214.3483978875093,2.622749061583202e-8,8.96334399969844e-8,6.00912026949151e-8,1.971828649432171e-4,5154.726025837294,104.94476391637765,5259.670987112493,593.9315152594355,176.16436371503517,898.2977763892524,1.1095321692430136e-7,3.7919539184246073e-7,5.548628550310215e-8,8.958804080025111e-5,22782.124640097536,16.495893379531054,22797.62062361075,561.7267780434379,80.65750546112304,1384.7490073915517,1.697372148456359e-7,5.800797566471719e-7,6.062597276395559e-10,3.3482194503621367e-7,33963.567744921296,0.2989666018788778,33963.8667126084,5.97933873462272,0.2989669367008224, 47,Sub-Saharan Africa,Malawi,Lilongwe,STA Chitekwele,20607,MW20607,0.1435885,0.003537823,0.2045180,0.02936643,0.02463863,0.000723548,23696.91840,0.2966072,0.03349341,0.5957214,0.1766953,0.1129218,0.01995274, 5474.019385,0.05,8.80e-06,1,0.2258832,0.000176050,3.98e-05, 35348.61572,38,2020-04-10
200,214.34839788552398,2.142778234801675e-8,7.323029705864461e-8,4.910571294991826e-8,1.740169137395156e-4,5154.726035234562,104.9447777192343,5259.6709871144785,593.9315152620541,176.1643637190702,898.2977763808535,9.064840715354288e-8,3.0980112148463665e-7,4.534193386662997e-8,7.906279734583771e-5,22782.12464857805,16.49589553250168,22797.62062361915,561.7267780458549,80.65750546292671,1384.7490073787028,1.3867481919310572e-7,4.739239526539269e-7,4.954287077257201e-10,2.954855309838365e-7,33963.567745071465,0.29896664122215433,33963.866712621246,5.979338734649139,0.2989669367076849, 47,Sub-Saharan Africa,Malawi,Lilongwe,STA Chitekwele,20607,MW20607,0.1435885,0.003537823,0.2045180,0.02936643,0.02463863,0.000723548,23696.91840,0.2966072,0.03349341,0.5957214,0.1766953,0.1129218,0.01995274, 5474.019385,0.05,8.80e-06,1,0.2258832,0.000176050,3.98e-05, 35348.61572,38,2020-04-10
201,214.34839788390195,1.7506434677771195e-8,5.982896742290608e-8,4.012808438669883e-8,1.5357235788358327e-4,5154.726043525816,104.94478990045803,5259.6709871161,593.9315152641932,176.16436372236754,898.2977763739917,7.405944680269009e-8,2.5310629587297834e-7,3.705185796286361e-8,6.977400067003316e-5,22782.124656055257,16.495897432529237,22797.62062362601,561.7267780478296,80.6575054644006,1384.7490073682056,1.1329692865783283e-7,3.8719485215052256e-7,4.048543842208645e-10,2.6077011825378423e-7,33963.56774519416,0.298966675943175,33963.866712631745,5.979338734670724,0.2989669367132929, 47,Sub-Saharan Africa,Malawi,Lilongwe,STA Chitekwele,20607,MW20607,0.1435885,0.003537823,0.2045180,0.02936643,0.02463863,0.000723548,23696.91840,0.2966072,0.03349341,0.5957214,0.1766953,0.1129218,0.01995274, 5474.019385,0.05,8.80e-06,1,0.2258832,0.000176050,3.98e-05, 35348.61572,38,2020-04-10
202,214.34839788257673,1.4302705101236211e-8,4.888011291502091e-8,3.279142876785749e-8,1.3552954955872086e-4,5154.7260508413465,104.94480065055026,5259.670987117424,593.931515265941,176.16436372506206,898.2977763683856,6.05063224477461e-8,2.067868591993373e-7,3.027720049663434e-8,6.157642012209248e-5,22782.12466264829,16.495899109328338,22797.620623631617,561.7267780494428,80.65750546560501,1384.7490073596293,9.256326342448367e-8,3.163373403391434e-7,3.3083540394438014e-10,2.301329367302153e-7,33963.5677452944,0.29896670658493923,33963.866712640316,5.9793387346883575,0.29896693671787555, 47,Sub-Saharan Africa,Malawi,Lilongwe,STA Chitekwele,20607,MW20607,0.1435885,0.003537823,0.2045180,0.02936643,0.02463863,0.000723548,23696.91840,0.2966072,0.03349341,0.5957214,0.1766953,0.1129218,0.01995274, 5474.019385,0.05,8.80e-06,1,0.2258832,0.000176050,3.98e-05, 35348.61572,38,2020-04-10
203,214.34839788149407,1.1685267442415176e-8,3.9934925255527505e-8,2.6795876491074323e-8,1.1960637766926841e-4,5154.726057296073,104.9448101376362,5259.670987118508,593.9315152673689,176.16436372726392,898.2977763638055,4.943346556827608e-8,1.6894406923438997e-7,2.474100962561071e-8,5.43418798709463e-5,22782.124668462067,16.495900589123323,22797.620623636194,561.7267780507609,80.65750546658921,1384.7490073526226,7.562391758230411e-8,2.58446891930949e-7,2.7034651646142557e-10,2.030949545427506e-7,33963.56774537629,0.29896673362666615,33963.86671264733,5.979338734702765,0.29896693672162034, 47,Sub-Saharan Africa,Malawi,Lilongwe,STA Chitekwele,20607,MW20607,0.1435885,0.003537823,0.2045180,0.02936643,0.02463863,0.000723548,23696.91840,0.2966072,0.03349341,0.5957214,0.1766953,0.1129218,0.01995274, 5474.019385,0.05,8.80e-06,1,0.2258832,0.000176050,3.98e-05, 35348.61572,38,2020-04-10
204,214.34839788060953,9.546824035214471e-9,3.262671339039737e-8,2.1896328798740335e-8,1.0555385469065435e-4,5154.726062991366,104.94481851009672,5259.670987119392,593.9315152685355,176.16436372906318,898.2977763600635,4.038695941658145e-8,1.3802659687977324e-7,2.0216924065368173e-8,4.795725375894937e-5,22782.12467358899,16.49590189505877,22797.620623639938,561.7267780518378,80.65750546739345,1384.7490073468982,6.178449078708806e-8,2.1115041237541611e-7,2.2091501814551816e-10,1.7923338444379965e-7,33963.56774544319,0.29896675749129636,33963.86671265305,5.979338734714536,0.2989669367246804, 47,Sub-Saharan Africa,Malawi,Lilongwe,STA Chitekwele,20607,MW20607,0.1435885,0.003537823,0.2045180,0.02936643,0.02463863,0.000723548,23696.91840,0.2966072,0.03349341,0.5957214,0.1766953,0.1129218,0.01995274, 5474.019385,0.05,8.80e-06,1,0.2258832,0.000176050,3.98e-05, 35348.61572,38,2020-04-10
205,214.34839787988696,7.800023827381532e-9,2.665695374509701e-8,1.7893175542031685e-8,9.315276385830838e-5,5154.726068016429,104.94482589856764,5259.670987120115,593.9315152694885,176.1643637305332,898.2977763570068,3.299727059749242e-8,1.127715076964541e-7,1.6520598035899166e-8,4.232294192829404e-5,22782.124678110245,16.495903047511334,22797.620623642993,561.72677805271735,80.6575054680505,1384.749007342222,5.047967145035766e-8,1.7251596109697347e-7,1.8052711247065533e-10,1.5817599066385184e-7,33963.56774549785,0.2989667785511903,33963.86671265773,5.979338734724151,0.29896693672718055, 47,Sub-Saharan Africa,Malawi,Lilongwe,STA Chitekwele,20607,MW20607,0.1435885,0.003537823,0.2045180,0.02936643,0.02463863,0.000723548,23696.91840,0.2966072,0.03349341,0.5957214,0.1766953,0.1129218,0.01995274, 5474.019385,0.05,8.80e-06,1,0.2258832,0.000176050,3.98e-05, 35348.61572,38,2020-04-10
206,214.34839787929673,6.373068676753148e-9,2.178027482755338e-8,1.4622291084044121e-8,8.220895120579205e-5,5154.726072450227,104.94483241874654,5259.670987120704,593.9315152702669,176.16436373173428,898.2977763545098,2.6960661608725697e-8,9.214073566295122e-8,1.3500460073933421e-8,3.735073174606565e-5,22782.124682097627,16.495904064527608,22797.62062364549,561.726778053436,80.65750546858735,1384.7490073384024,4.124480197861069e-8,1.4095557796087244e-7,1.4752698662250553e-10,1.395930946842512e-7,33963.5677455425,0.298966797136129,33963.86671266154,5.979338734732005,0.2989669367292233, 47,Sub-Saharan Africa,Malawi,Lilongwe,STA Chitekwele,20607,MW20607,0.1435885,0.003537823,0.2045180,0.02936643,0.02463863,0.000723548,23696.91840,0.2966072,0.03349341,0.5957214,0.1766953,0.1129218,0.01995274, 5474.019385,0.05,8.80e-06,1,0.2258832,0.000176050,3.98e-05, 35348.61572,38,2020-04-10
207,214.34839787881444,5.2071298027944534e-9,1.7795628002335667e-8,1.194915215566111e-8,7.255078620285793e-5,5154.726076362537,104.94483817290683,5259.670987121186,593.931515270903,176.16436373271583,898.2977763524696,2.202826119937319e-8,7.528372900316834e-8,1.1032279432502461e-8,3.2962644035009954e-5,22782.124685614483,16.49590496206025,22797.62062364753,561.726778054023,80.65750546902606,1384.7490073352812,3.369915880639862e-8,1.151681441245624e-7,1.205574712776899e-10,1.2319326334362823e-7,33963.567745578985,0.29896681353762966,33963.86671266466,5.979338734738423,0.2989669367308927, 47,Sub-Saharan Africa,Malawi,Lilongwe,STA Chitekwele,20607,MW20607,0.1435885,0.003537823,0.2045180,0.02936643,0.02463863,0.000723548,23696.91840,0.2966072,0.03349341,0.5957214,0.1766953,0.1129218,0.01995274, 5474.019385,0.05,8.80e-06,1,0.2258832,0.000176050,3.98e-05, 35348.61572,38,2020-04-10
208,214.34839787842037,4.254480971180312e-9,1.4539907674304794e-8,9.764585100517597e-9,6.402722266345124e-5,5154.726079814741,104.94484325105388,5259.67098712158,593.9315152714228,176.16436373351794,898.2977763508026,1.799816686256531e-8,6.151045898507877e-8,9.015237757750057e-9,2.909005204098815e-5,22782.124688716478,16.495905754148346,22797.620623649196,561.7267780545027,80.65750546938457,1384.749007332731,2.7533870910452016e-8,9.409809440230827e-8,9.851713769728633e-11,1.0872001621558005e-7,33963.56774560879,0.298966828012241,33963.866712667215,5.979338734743668,0.2989669367322569, 47,Sub-Saharan Africa,Malawi,Lilongwe,STA Chitekwele,20607,MW20607,0.1435885,0.003537823,0.2045180,0.02936643,0.02463863,0.000723548,23696.91840,0.2966072,0.03349341,0.5957214,0.1766953,0.1129218,0.01995274, 5474.019385,0.05,8.80e-06,1,0.2258832,0.000176050,3.98e-05, 35348.61572,38,2020-04-10
209,214.34839787809844,3.476122792343647e-9,1.1879832354795126e-8,7.979352186646037e-9,5.6504994295421516e-5,5154.7260828609715,104.94484773259676,5259.670987121903,593.9315152718474,176.1643637341734,898.2977763494405,1.4705394507588378e-8,5.025707109272616e-8,7.366928496916792e-9,2.5672407227330644e-5,22782.12469145265,16.495906453178144,22797.62062365056,561.7267780548946,80.65750546967753,1384.7490073306471,2.2496544959067838e-8,7.688287471561037e-8,8.050568280885611e-11,9.594706358641264e-8,33963.56774563315,0.2989668407863084,33963.866712669296,5.9793387347479525,0.29896693673337166, 47,Sub-Saharan Africa,Malawi,Lilongwe,STA Chitekwele,20607,MW20607,0.1435885,0.003537823,0.2045180,0.02936643,0.02463863,0.000723548,23696.91840,0.2966072,0.03349341,0.5957214,0.1766953,0.1129218,0.01995274, 5474.019385,0.05,8.80e-06,1,0.2258832,0.000176050,3.98e-05, 35348.61572,38,2020-04-10
210,214.34839787783537,2.8401654804698537e-9,9.706417743140957e-9,6.520462990824457e-9,4.986647373236684e-5,5154.726085548995,104.9448516876246,5259.670987122166,593.9315152721944,176.16436373470904,898.2977763483277,1.2015036789651328e-8,4.106250245445736e-8,6.0199499330294625e-9,2.2656266526242392e-5,22782.12469386623,16.495907070082165,22797.620623651674,561.7267780552149,80.65750546991693,1384.7490073289448,1.838079899139974e-8,6.281717396265034e-8,6.578671695464727e-11,8.467467103997169e-8,33963.56774565304,0.29896685205961193,33963.866712671,5.979338734751453,0.2989669367342826, 47,Sub-Saharan Africa,Malawi,Lilongwe,STA Chitekwele,20607,MW20607,0.1435885,0.003537823,0.2045180,0.02936643,0.02463863,0.000723548,23696.91840,0.2966072,0.03349341,0.5957214,0.1766953,0.1129218,0.01995274, 5474.019385,0.05,8.80e-06,1,0.2258832,0.000176050,3.98e-05, 35348.61572,38,2020-04-10
211,214.34839787762044,2.320556458648517e-9,7.930628312520332e-9,5.328270767832463e-9,4.4007850571384586e-5,5154.726087920953,104.94485517799255,5259.670987122381,593.9315152724779,176.16436373514674,898.2977763474184,9.816880303912119e-9,3.355008522656425e-8,4.919223354346236e-9,1.999446453213637e-5,22782.124695995328,16.495907614508596,22797.620623652587,561.7267780554766,80.65750547011255,1384.7490073275537,1.501802783956603e-8,5.132478268354406e-8,5.37584707021554e-11,7.472656572154585e-8,33963.5677456693,0.2989668620084616,33963.86671267239,5.979338734754313,0.29896693673502706, 47,Sub-Saharan Africa,Malawi,Lilongwe,STA Chitekwele,20607,MW20607,0.1435885,0.003537823,0.2045180,0.02936643,0.02463863,0.000723548,23696.91840,0.2966072,0.03349341,0.5957214,0.1766953,0.1129218,0.01995274, 5474.019385,0.05,8.80e-06,1,0.2258832,0.000176050,3.98e-05, 35348.61572,38,2020-04-10
212,214.34839787744482,1.8960100538056073e-9,6.47971953666827e-9,4.354029513146482e-9,3.883750803774045e-5,5154.7260900140245,104.94485825828932,5259.670987122557,593.9315152727095,176.1643637355044,898.2977763466755,8.02087771258578e-9,2.7412071860826985e-8,4.019736755727095e-9,1.764537594191215e-5,22782.124697873525,16.495908094972187,22797.62062365333,561.7267780556904,80.65750547027241,1384.749007326417,1.2270476417732431e-8,4.193492128866093e-8,4.392914928285823e-11,6.59471798747275e-8,33963.56774568259,0.2989668707884558,33963.86671267352,5.97933873475665,0.29896693673563535, 47,Sub-Saharan Africa,Malawi,Lilongwe,STA Chitekwele,20607,MW20607,0.1435885,0.003537823,0.2045180,0.02936643,0.02463863,0.000723548,23696.91840,0.2966072,0.03349341,0.5957214,0.1766953,0.1129218,0.01995274, 5474.019385,0.05,8.80e-06,1,0.2258832,0.000176050,3.98e-05, 35348.61572,38,2020-04-10
213,214.34839787730135,1.5491345208427387e-9,5.294254486638602e-9,3.557900574091575e-9,3.427459069956659e-5,5154.726091861013,104.94486097669093,5259.6709871227,593.9315152728987,176.16436373579666,898.2977763460684,6.553454667264279e-9,2.239701343933401e-8,3.2847037930639504e-9,1.5572264799630742e-5,22782.124699530443,16.49590851898745,22797.620623653933,561.7267780558651,80.65750547040304,1384.7490073254887,1.0025590068444782e-8,3.4262932542731555e-8,3.589682219405065e-11,5.8199218785489605e-8,33963.567745693435,0.29896687853691395,33963.86671267445,5.979338734758558,0.2989669367361324, 47,Sub-Saharan Africa,Malawi,Lilongwe,STA Chitekwele,20607,MW20607,0.1435885,0.003537823,0.2045180,0.02936643,0.02463863,0.000723548,23696.91840,0.2966072,0.03349341,0.5957214,0.1766953,0.1129218,0.01995274, 5474.019385,0.05,8.80e-06,1,0.2258832,0.000176050,3.98e-05, 35348.61572,38,2020-04-10
214,214.3483978771841,1.2657199480674547e-9,4.325670238077241e-9,2.9073259503782743e-9,3.024774068224261e-5,5154.72609349086,104.94486337571394,5259.670987122817,593.9315152730533,176.16436373603545,898.2977763455725,5.354497333859148e-9,1.829946409045592e-8,2.684061442725842e-9,1.3742710299532548e-5,22782.12470099219,16.495908893186105,22797.62062365443,561.7267780560078,80.65750547050976,1384.7490073247297,8.191406086199602e-9,2.7994532209168113e-8,2.9333012080868664e-11,5.136151484256213e-8,33963.567745702305,0.2989668853750241,33963.866712675204,5.979338734760118,0.29896693673653857, 47,Sub-Saharan Africa,Malawi,Lilongwe,STA Chitekwele,20607,MW20607,0.1435885,0.003537823,0.2045180,0.02936643,0.02463863,0.000723548,23696.91840,0.2966072,0.03349341,0.5957214,0.1766953,0.1129218,0.01995274, 5474.019385,0.05,8.80e-06,1,0.2258832,0.000176050,3.98e-05, 35348.61572,38,2020-04-10
215,214.3483978770883,1.034156141731164e-9,3.534288481912718e-9,2.375698037534823e-9,2.6693982216578565e-5,5154.726094929103,104.94486549288015,5259.670987122913,593.9315152731797,176.1643637362306,898.2977763451672,4.3748897886884994e-9,1.4951564682996067e-8,2.1932414698532535e-9,1.2128099984786363e-5,22782.124702281788,16.495909223420814,22797.62062365484,561.7267780561244,80.65750547059699,1384.7490073241102,6.692786428601666e-9,2.2872934411408023e-8,2.396927425126855e-11,4.532713347204869e-8,33963.56774570955,0.2989668914097374,33963.86671267583,5.979338734761393,0.2989669367368705, 47,Sub-Saharan Africa,Malawi,Lilongwe,STA Chitekwele,20607,MW20607,0.1435885,0.003537823,0.2045180,0.02936643,0.02463863,0.000723548,23696.91840,0.2966072,0.03349341,0.5957214,0.1766953,0.1129218,0.01995274, 5474.019385,0.05,8.80e-06,1,0.2258832,0.000176050,3.98e-05, 35348.61572,38,2020-04-10
216,214.34839787701006,8.449303763605428e-10,2.887599075492812e-9,1.9412113007473128e-9,2.3557571555186885e-5,5154.72609619834,104.94486736140212,5259.670987122992,593.9315152732829,176.1643637363901,898.2977763448362,3.5743892842720535e-9,1.2215781252270352e-8,1.7921099499266625e-9,1.0703107212979403e-5,22782.1247034196,16.49590951487206,22797.62062365517,561.7267780562197,80.65750547066827,1384.7490073236036,5.468167295774663e-9,1.8687743357364156e-8,1.9585611547464777e-11,4.000142026577613e-8,33963.567745715474,0.29896689673572185,33963.86671267634,5.979338734762434,0.2989669367371418, 47,Sub-Saharan Africa,Malawi,Lilongwe,STA Chitekwele,20607,MW20607,0.1435885,0.003537823,0.2045180,0.02936643,0.02463863,0.000723548,23696.91840,0.2966072,0.03349341,0.5957214,0.1766953,0.1129218,0.01995274, 5474.019385,0.05,8.80e-06,1,0.2258832,0.000176050,3.98e-05, 35348.61572,38,2020-04-10
217,214.34839787694594,6.899553064058669e-10,2.3579631583495683e-9,1.5853234017563573e-9,2.0787051538571096e-5,5154.726097319429,104.944869011938,5259.670987123056,593.9315152733675,176.16436373652076,898.2977763445649,2.9187830322231916e-9,9.975187959425693e-9,1.4635462590062888e-9,9.4443529234534e-6,22782.1247044244,16.49590977232191,22797.620623655443,561.7267780562977,80.65750547072665,1384.7490073231886,4.465209557775666e-9,1.5260088636332612e-8,1.599494880531508e-11,3.529699955493233e-8,33963.56774572032,0.2989669014403648,33963.86671267675,5.979338734763288,0.29896693673736396, 47,Sub-Saharan Africa,Malawi,Lilongwe,STA Chitekwele,20607,MW20607,0.1435885,0.003537823,0.2045180,0.02936643,0.02463863,0.000723548,23696.91840,0.2966072,0.03349341,0.5957214,0.1766953,0.1129218,0.01995274, 5474.019385,0.05,8.80e-06,1,0.2258832,0.000176050,3.98e-05, 35348.61572,38,2020-04-10
218,214.34839787689353,5.633374573250819e-10,1.9252395113546033e-9,1.2945191494257943e-9,1.8341708352349243e-5,5154.726098308867,104.94487046874485,5259.670987123108,593.9315152734365,176.1643637366275,898.2977763443433,2.3831392284076597e-9,8.144577773591111e-9,1.1950716510234216e-9,8.333339198258727e-6,22782.12470531104,16.49590999955397,22797.620623655665,561.7267780563615,80.65750547077435,1384.7490073228498,3.6457722253237082e-9,1.2459622267108512e-8,1.306092976368352e-11,3.1144738162474526e-8,33963.567745724285,0.29896690559280775,33963.86671267709,5.979338734763985,0.29896693673754554, 47,Sub-Saharan Africa,Malawi,Lilongwe,STA Chitekwele,20607,MW20607,0.1435885,0.003537823,0.2045180,0.02936643,0.02463863,0.000723548,23696.91840,0.2966072,0.03349341,0.5957214,0.1766953,0.1129218,0.01995274, 5474.019385,0.05,8.80e-06,1,0.2258832,0.000176050,3.98e-05, 35348.61572,38,2020-04-10
219,214.34839787685078,4.5998239899689693e-10,1.5720176807884079e-9,1.057114092408842e-9,1.618408916886782e-5,5154.726099181832,104.94487175413668,5259.670987123151,593.931515273493,176.16436373671465,898.2977763441625,1.9459063586623558e-9,6.650296189196221e-9,9.758978314174393e-10,7.353049721749773e-6,22782.124706093164,16.49591020004878,22797.620623655843,561.7267780564135,80.6575054708133,1384.749007322573,2.9768855085882042e-9,1.0173668939008467e-8,1.0665668466589019e-11,2.7481040154581454e-8,33963.56774572752,0.2989669092566539,33963.866712677365,5.979338734764554,0.29896693673769376, 47,Sub-Saharan Africa,Malawi,Lilongwe,STA Chitekwele,20607,MW20607,0.1435885,0.003537823,0.2045180,0.02936643,0.02463863,0.000723548,23696.91840,0.2966072,0.03349341,0.5957214,0.1766953,0.1129218,0.01995274, 5474.019385,0.05,8.80e-06,1,0.2258832,0.000176050,3.98e-05, 35348.61572,38,2020-04-10
220,214.3483978768159,3.755912420336791e-10,1.283606005378912e-9,8.632467959564117e-10,1.4280278626593594e-5,5154.72609995206,104.94487288831976,5259.670987123186,593.931515273539,176.16436373678582,898.2977763440148,1.5888983756664593e-9,5.430190560056748e-9,7.969198064644187e-10,6.488075395550837e-6,22782.124706783135,16.4959103769581,22797.620623655992,561.7267780564559,80.65750547084511,1384.7490073223473,2.4307281426660614e-9,8.307148532412623e-9,8.709671385912349e-12,2.424831631052843e-8,33963.567745730164,0.2989669124894988,33963.8667126776,5.979338734765019,0.29896693673781477, 47,Sub-Saharan Africa,Malawi,Lilongwe,STA Chitekwele,20607,MW20607,0.1435885,0.003537823,0.2045180,0.02936643,0.02463863,0.000723548,23696.91840,0.2966072,0.03349341,0.5957214,0.1766953,0.1129218,0.01995274, 5474.019385,0.05,8.80e-06,1,0.2258832,0.000176050,3.98e-05, 35348.61572,38,2020-04-10
221,214.3483978767874,3.066826986121397e-10,1.048107011241044e-9,7.049297477432146e-10,1.260041761105431e-5,5154.726100631649,104.94487388908354,5259.670987123215,593.9315152735767,176.16436373684394,898.2977763438942,1.297388024173636e-9,4.433929041765342e-9,6.507628651773215e-10,5.7248500406732e-6,22782.124707391813,16.495910533056733,22797.620623656116,561.7267780564907,80.65750547087107,1384.749007322163,1.9847701597686966e-9,6.7830640583144125e-9,7.112351059599163e-12,2.1395865027317145e-8,33963.56774573232,0.29896691534204894,33963.86671267778,5.979338734765398,0.2989669367379135, 47,Sub-Saharan Africa,Malawi,Lilongwe,STA Chitekwele,20607,MW20607,0.1435885,0.003537823,0.2045180,0.02936643,0.02463863,0.000723548,23696.91840,0.2966072,0.03349341,0.5957214,0.1766953,0.1129218,0.01995274, 5474.019385,0.05,8.80e-06,1,0.2258832,0.000176050,3.98e-05, 35348.61572,38,2020-04-10
222,214.3483978767641,2.5041656345038946e-10,8.558141523405111e-10,5.756452344086516e-10,1.1118163486827442e-5,5154.726101231266,104.9448747721223,5259.670987123239,593.9315152736074,176.1643637368914,898.2977763437957,1.059360091035531e-9,3.6204484821723348e-9,5.314094041877439e-10,5.051405157676096e-6,22782.12470792879,16.49591067079267,22797.620623656218,561.726778056519,80.65750547089229,1384.7490073220124,1.6206305062539796e-9,5.538597555162049e-9,5.807948938103295e-12,1.887895577933043e-8,33963.56774573408,0.29896691785903884,33963.866712677926,5.979338734765707,0.29896693673799424, 47,Sub-Saharan Africa,Malawi,Lilongwe,STA Chitekwele,20607,MW20607,0.1435885,0.003537823,0.2045180,0.02936643,0.02463863,0.000723548,23696.91840,0.2966072,0.03349341,0.5957214,0.1766953,0.1129218,0.01995274, 5474.019385,0.05,8.80e-06,1,0.2258832,0.000176050,3.98e-05, 35348.61572,38,2020-04-10
223,214.34839787674508,2.0447340628947176e-10,6.988006551476289e-10,4.70069781040317e-10,9.81027186310552e-6,5154.726101760322,104.94487555128441,5259.670987123257,593.9315152736325,176.16436373693014,898.2977763437153,8.650024541060667e-10,2.9562150214581686e-9,4.3394447793956636e-10,4.4571799050273496e-6,22782.12470840252,16.495910792325972,22797.620623656294,561.7267780565421,80.6575054709096,1384.7490073218892,1.3232984450023456e-9,4.522449220015443e-9,4.742755270125219e-12,1.665811894511389e-8,33963.56774573551,0.2989669200799416,33963.86671267805,5.97933873476596,0.29896693673806013, 47,Sub-Saharan Africa,Malawi,Lilongwe,STA Chitekwele,20607,MW20607,0.1435885,0.003537823,0.2045180,0.02936643,0.02463863,0.000723548,23696.91840,0.2966072,0.03349341,0.5957214,0.1766953,0.1129218,0.01995274, 5474.019385,0.05,8.80e-06,1,0.2258832,0.000176050,3.98e-05, 35348.61572,38,2020-04-10
224,214.34839787672956,1.6695929885120941e-10,5.705939192511306e-10,3.838558544751566e-10,8.656232434138288e-6,5154.726102227124,104.94487623878925,5259.670987123272,593.931515273653,176.16436373696177,898.2977763436498,7.063030377388016e-10,2.4138466420484204e-9,3.543542304651057e-10,3.932855646126403e-6,22782.12470882045,16.495910899562617,22797.62062365636,561.7267780565611,80.65750547092374,1384.749007321789,1.0805169740246291e-9,3.6927302295202335e-9,3.87290670952546e-12,1.4698527454683542e-8,33963.567745736684,0.2989669220395869,33963.86671267815,5.979338734766166,0.2989669367381139, 47,Sub-Saharan Africa,Malawi,Lilongwe,STA Chitekwele,20607,MW20607,0.1435885,0.003537823,0.2045180,0.02936643,0.02463863,0.000723548,23696.91840,0.2966072,0.03349341,0.5957214,0.1766953,0.1129218,0.01995274, 5474.019385,0.05,8.80e-06,1,0.2258832,0.000176050,3.98e-05, 35348.61572,38,2020-04-10
225,214.34839787671692,1.3632778901305414e-10,4.659088608845848e-10,3.13453046022628e-10,7.637947428886007e-6,5154.726102638997,104.94487684541882,5259.670987123285,593.9315152736697,176.16436373698764,898.2977763435963,5.767197313089248e-10,1.970985078704148e-9,2.8936078363910126e-10,3.470209855579608e-6,22782.124709189167,16.49591099418437,22797.620623656414,561.7267780565766,80.65750547093529,1384.7490073217066,8.822778643482898e-10,3.015237020511521e-9,3.1625822244384677e-12,1.2969450788379962e-8,33963.567745737644,0.29896692376870754,33963.866712678224,5.979338734766335,0.2989669367381579, 47,Sub-Saharan Africa,Malawi,Lilongwe,STA Chitekwele,20607,MW20607,0.1435885,0.003537823,0.2045180,0.02936643,0.02463863,0.000723548,23696.91840,0.2966072,0.03349341,0.5957214,0.1766953,0.1129218,0.01995274, 5474.019385,0.05,8.80e-06,1,0.2258832,0.000176050,3.98e-05, 35348.61572,38,2020-04-10
226,214.34839787670654,1.1131614793056315e-10,3.8043003473320385e-10,2.5596193313216724e-10,6.739447852784575e-6,5154.726103002407,104.9448773806868,5259.670987123295,593.9315152736834,176.16436373700873,898.2977763435525,4.709106883126942e-10,1.609374086547961e-9,2.3628730166880223e-10,3.061987196089681e-6,22782.124709514464,16.49591107767518,22797.620623656454,561.7267780565892,80.65750547094471,1384.74900732164,7.204090685336794e-10,2.462041248168009e-9,2.5825287005728552e-12,1.1443773147715293e-8,33963.56774573843,0.29896692529442104,33963.8667126783,5.979338734766472,0.2989669367381938, 47,Sub-Saharan Africa,Malawi,Lilongwe,STA Chitekwele,20607,MW20607,0.1435885,0.003537823,0.2045180,0.02936643,0.02463863,0.000723548,23696.91840,0.2966072,0.03349341,0.5957214,0.1766953,0.1129218,0.01995274, 5474.019385,0.05,8.80e-06,1,0.2258832,0.000176050,3.98e-05, 35348.61572,38,2020-04-10
227,214.3483978766981,9.089331566543205e-11,3.1063373580039204e-10,2.0901473193327967e-10,5.946643102015443e-6,5154.726103323056,104.94487785298782,5259.670987123304,593.9315152736946,176.16436373702595,898.2977763435167,3.8451411504724316e-10,1.3141068455910123e-9,1.9294779429077148e-10,2.7017857579233735e-6,22782.124709801457,16.495911151344437,22797.62062365649,561.7267780565995,80.65750547095242,1384.7490073215854,5.882378387408015e-10,2.0103384825515355e-9,2.1088568354569513e-12,1.009756829361028e-8,33963.56774573906,0.29896692664065516,33963.86671267835,5.979338734766585,0.29896693673822305, 47,Sub-Saharan Africa,Malawi,Lilongwe,STA Chitekwele,20607,MW20607,0.1435885,0.003537823,0.2045180,0.02936643,0.02463863,0.000723548,23696.91840,0.2966072,0.03349341,0.5957214,0.1766953,0.1129218,0.01995274, 5474.019385,0.05,8.80e-06,1,0.2258832,0.000176050,3.98e-05, 35348.61572,38,2020-04-10
228,214.3483978766912,7.421739763594109e-11,2.5364274157008235e-10,1.7067782780528017e-10,5.2471000254205626e-6,5154.726103605977,104.94487826972899,5259.670987123311,593.9315152737037,176.16436373704005,898.2977763434876,3.139684632503492e-10,1.0730114504584035e-9,1.5755712180386033e-10,2.3839566777106935e-6,22782.12471005466,16.495911216347487,22797.620623656516,561.7267780566079,80.6575054709587,1384.7490073215406,4.803156551321984e-10,1.6415081429993e-9,1.7220577591060147e-12,8.909724387510985e-9,33963.56774573959,0.298966927828523,33963.8667126784,5.979338734766677,0.298966936738247, 47,Sub-Saharan Africa,Malawi,Lilongwe,STA Chitekwele,20607,MW20607,0.1435885,0.003537823,0.2045180,0.02936643,0.02463863,0.000723548,23696.91840,0.2966072,0.03349341,0.5957214,0.1766953,0.1129218,0.01995274, 5474.019385,0.05,8.80e-06,1,0.2258832,0.000176050,3.98e-05, 35348.61572,38,2020-04-10
229,214.3483978766856,6.060095904755417e-11,2.0710770407555425e-10,1.3937217310924335e-10,4.62984797114863e-6,5154.726103855608,104.94487863744608,5259.670987123317,593.93151527371106,176.16436373705153,898.2977763434637,2.5636561143073843e-10,8.761491426818293e-10,1.2865749809182213e-10,2.103515563214877e-6,22782.12471027805,16.495911273703793,22797.620623656538,561.7267780566148,80.65750547096383,1384.7490073215045,3.921936206973872e-10,1.3403459025177427e-9,1.4061999162463686e-12,7.861612955269835e-9,33963.56774574001,0.29896692887665394,33963.866712678435,5.979338734766752,0.2989669367382666, 47,Sub-Saharan Africa,Malawi,Lilongwe,STA Chitekwele,20607,MW20607,0.1435885,0.003537823,0.2045180,0.02936643,0.02463863,0.000723548,23696.91840,0.2966072,0.03349341,0.5957214,0.1766953,0.1129218,0.01995274, 5474.019385,0.05,8.80e-06,1,0.2258832,0.000176050,3.98e-05, 35348.61572,38,2020-04-10
230,214.348397876681,4.94826866376217e-11,1.691103025283528e-10,1.1380827743753229e-10,4.08520676235158e-6,5154.7261040758685,104.9448789619061,5259.6709871233215,593.931515273717,176.1643637370609,898.2977763434443,2.0933098256592492e-10,7.154046009936255e-10,1.050584677164533e-10,1.8560643357386742e-6,22782.124710475142,16.49591132431288,22797.62062365656,561.7267780566203,80.65750547096802,1384.7490073214747,3.202390636189952e-10,1.0944369198977964e-9,1.1482731727115181e-12,6.936796785166401e-9,33963.56774574036,0.2989669298014861,33963.866712678464,5.979338734766813,0.2989669367382825, 47,Sub-Saharan Africa,Malawi,Lilongwe,STA Chitekwele,20607,MW20607,0.1435885,0.003537823,0.2045180,0.02936643,0.02463863,0.000723548,23696.91840,0.2966072,0.03349341,0.5957214,0.1766953,0.1129218,0.01995274, 5474.019385,0.05,8.80e-06,1,0.2258832,0.000176050,3.98e-05, 35348.61572,38,2020-04-10
231,214.34839787667724,4.0404249550710945e-11,1.380841642007019e-10,9.293311578162769e-11,3.604634905508312e-6,5154.726104270214,104.94487924819761,5259.670987123325,593.931515273722,176.16436373706856,898.2977763434284,1.7092565625983676e-10,5.841514000547426e-10,8.578788731101135e-11,1.637722265061288e-6,22782.124710649034,16.495911368968464,22797.620623656574,561.7267780566249,80.65750547097144,1384.7490073214503,2.6148578701520257e-10,8.936440626090861e-10,9.376531622906366e-13,6.120772181472188e-9,33963.56774574064,0.2989669306175237,33963.866712678486,5.979338734766863,0.2989669367382955, 47,Sub-Saharan Africa,Malawi,Lilongwe,STA Chitekwele,20607,MW20607,0.1435885,0.003537823,0.2045180,0.02936643,0.02463863,0.000723548,23696.91840,0.2966072,0.03349341,0.5957214,0.1766953,0.1129218,0.01995274, 5474.019385,0.05,8.80e-06,1,0.2258832,0.000176050,3.98e-05, 35348.61572,38,2020-04-10
232,214.3483978766742,3.299140547666226e-11,1.1275029368347259e-10,7.588677012015854e-11,3.180595651986993e-6,5154.726104441692,104.9448795008106,5259.670987123328,593.9315152737261,176.16436373707484,898.2977763434154,1.3956644009973444e-10,4.769788466383012e-10,7.005189410763135e-11,1.4450651158443827e-6,22782.124710802455,16.49591140837089,22797.620623656585,561.7267780566286,80.65750547097423,1384.7490073214306,2.135117928843582e-10,7.296900235648291e-10,7.656638348052714e-13,5.400741533295614e-9,33963.56774574087,0.298966931337565,33963.86671267851,5.979338734766904,0.29896693673830615, 47,Sub-Saharan Africa,Malawi,Lilongwe,STA Chitekwele,20607,MW20607,0.1435885,0.003537823,0.2045180,0.02936643,0.02463863,0.000723548,23696.91840,0.2966072,0.03349341,0.5957214,0.1766953,0.1129218,0.01995274, 5474.019385,0.05,8.80e-06,1,0.2258832,0.000176050,3.98e-05, 35348.61572,38,2020-04-10
233,214.34839787667167,2.693857318635677e-11,9.206434871885426e-11,6.196702025801046e-11,2.806438813227471e-6,5154.726104592996,104.94487972370689,5259.670987123331,593.9315152737294,176.16436373707992,898.2977763434048,1.1396060528906747e-10,3.89468932489389e-10,5.720221412474132e-11,1.2750714515586317e-6,22782.124710937816,16.495911443138127,22797.620623656596,561.7267780566318,80.65750547097652,1384.7490073214142,1.74339439648203e-10,5.958161054075244e-10,6.252202050154478e-13,4.765412633500197e-9,33963.567745741064,0.2989669319729026,33963.86671267852,5.979338734766937,0.2989669367383148, 47,Sub-Saharan Africa,Malawi,Lilongwe,STA Chitekwele,20607,MW20607,0.1435885,0.003537823,0.2045180,0.02936643,0.02463863,0.000723548,23696.91840,0.2966072,0.03349341,0.5957214,0.1766953,0.1129218,0.01995274, 5474.019385,0.05,8.80e-06,1,0.2258832,0.000176050,3.98e-05, 35348.61572,38,2020-04-10
234,214.3483978766696,2.1996235496141645e-11,7.517358915804773e-11,5.0600426730498436e-11,2.4762964768091835e-6,5154.726104726498,104.94487992038223,5259.670987123332,593.9315152737321,176.1643637370841,898.2977763433962,9.305259614361669e-11,3.180142090739406e-10,4.6709464493782094e-11,1.1250752541531858e-6,22782.124711057248,16.495911473815426,22797.620623656603,561.7267780566342,80.65750547097838,1384.749007321401,1.4235391747365415e-10,4.865036064159217e-10,5.105366008256581e-13,4.204821601703752e-9,33963.56774574122,0.29896693253350076,33963.866712678544,5.979338734766965,0.2989669367383219, 47,Sub-Saharan Africa,Malawi,Lilongwe,STA Chitekwele,20607,MW20607,0.1435885,0.003537823,0.2045180,0.02936643,0.02463863,0.000723548,23696.91840,0.2966072,0.03349341,0.5957214,0.1766953,0.1129218,0.01995274, 5474.019385,0.05,8.80e-06,1,0.2258832,0.000176050,3.98e-05, 35348.61572,38,2020-04-10
235,214.34839787666795,1.796065337107931e-11,6.138172434926586e-11,4.131871565726145e-11,2.184990988531218e-6,5154.726104844294,104.94488009392116,5259.670987123335,593.9315152737342,176.16436373708754,898.2977763433893,7.598051664070618e-11,2.5966907637690335e-10,3.814135102672395e-11,9.927241166749794e-7,22782.124711162625,16.495911500883928,22797.620623656614,561.7267780566362,80.6575054709799,1384.74900732139,1.1623668066916183e-10,3.972463227482306e-10,4.16888403695926e-13,3.7101766353004412e-009,33963.56774574134,0.2989669330281515,33963.86671267855,5.979338734766987,0.2989669367383277, 47,Sub-Saharan Africa,Malawi,Lilongwe,STA Chitekwele,20607,MW20607,0.1435885,0.003537823,0.2045180,0.02936643,0.02463863,0.000723548,23696.91840,0.2966072,0.03349341,0.5957214,0.1766953,0.1129218,0.01995274, 5474.019385,0.05,8.80e-06,1,0.2258832,0.000176050,3.98e-05, 35348.61572,38,2020-04-10
236,214.34839787666658,1.4665467149640902e-11,5.0120209858206854e-11,3.373949356351463e-11,1.927953757880514e-6,5154.726104948231,104.94488024704539,5259.670987123336,593.9315152737361,176.16436373709033,898.2977763433835,6.204060025380534e-11,2.1202835535629482e-10,3.114486355353695e-11,8.759423533924314e-7,22782.124711255594,16.49591152476815,22797.620623656618,561.726778056638,80.65750547098114,1384.7490073213812,9.491109302905037e-11,3.2436478889652906e-10,3.4041747488115765e-13,3.273720138891676e-9,33963.56774574144,0.2989669334646127,33963.86671267856,5.979338734767005,0.29896693673833247, 47,Sub-Saharan Africa,Malawi,Lilongwe,STA Chitekwele,20607,MW20607,0.1435885,0.003537823,0.2045180,0.02936643,0.02463863,0.000723548,23696.91840,0.2966072,0.03349341,0.5957214,0.1766953,0.1129218,0.01995274, 5474.019385,0.05,8.80e-06,1,0.2258832,0.000176050,3.98e-05, 35348.61572,38,2020-04-10
237,214.34839787666547,1.1974838665589156e-11,4.092481028400144e-11,2.755049834651986e-11,1.7011536139112729e-6,5154.726105039939,104.94488038215644,5259.670987123337,593.9315152737375,176.1643637370926,898.2977763433788,5.065819840228896e-11,1.731281383889014e-10,2.5431736071963007e-11,7.728984490564554e-7,22782.124711337627,16.49591154584269,22797.62062365662,561.7267780566392,80.65750547098216,1384.7490073213742,7.749804545525329e-11,2.648545987955244e-10,2.779732585659942e-13,2.888607070577043e-9,33963.56774574152,0.2989669338497296,33963.866712678566,5.979338734767019,0.2989669367383363, 47,Sub-Saharan Africa,Malawi,Lilongwe,STA Chitekwele,20607,MW20607,0.1435885,0.003537823,0.2045180,0.02936643,0.02463863,0.000723548,23696.91840,0.2966072,0.03349341,0.5957214,0.1766953,0.1129218,0.01995274, 5474.019385,0.05,8.80e-06,1,0.2258832,0.000176050,3.98e-05, 35348.61572,38,2020-04-10
238,214.34839787666456,9.777851563465094e-12,3.3416462017965587e-11,2.2496738075763376e-11,1.5010335882599768e-6,5154.726105120858,104.94488050137333,5259.670987123338,593.9315152737388,176.16436373709445,898.297776343375,4.136409156498152e-11,1.4136483042082478e-10,2.076657311416837e-11,6.81976336947672e-7,22782.12471141,16.495911564438067,22797.620623656625,561.7267780566403,80.65750547098298,1384.749007321368,6.32797162744403e-11,2.1626255493144293e-10,2.2698302101224967e-13,2.5487975977530687e-9,33963.567745741595,0.29896693418954223,33963.86671267857,5.9793387347670315,0.29896693673833946, 47,Sub-Saharan Africa,Malawi,Lilongwe,STA Chitekwele,20607,MW20607,0.1435885,0.003537823,0.2045180,0.02936643,0.02463863,0.000723548,23696.91840,0.2966072,0.03349341,0.5957214,0.1766953,0.1129218,0.01995274, 5474.019385,0.05,8.80e-06,1,0.2258832,0.000176050,3.98e-05, 35348.61572,38,2020-04-10
239,214.3483978766638,7.983938970828119e-12,2.7285647049148834e-11,1.8369988158291915e-11,1.3244551341202e-6,5154.726105192257,104.94488060656579,5259.670987123339,593.9315152737397,176.16436373709593,898.2977763433718,3.377514652387728e-11,1.1542904342082039e-10,1.6957153470771712e-11,6.017500553774917e-7,22782.12471147386,16.495911580845927,22797.62062365663,561.7267780566411,80.65750547098366,1384.7490073213633,5.166998033605111e-11,1.7658553994765202e-10,1.8534588384099858e-13,2.248962379376583e-9,33963.567745741646,0.29896693448938005,33963.86671267858,5.97933873476704,0.298966936738342, 47,Sub-Saharan Africa,Malawi,Lilongwe,STA Chitekwele,20607,MW20607,0.1435885,0.003537823,0.2045180,0.02936643,0.02463863,0.000723548,23696.91840,0.2966072,0.03349341,0.5957214,0.1766953,0.1129218,0.01995274, 5474.019385,0.05,8.80e-06,1,0.2258832,0.000176050,3.98e-05, 35348.61572,38,2020-04-10
240,214.3483978766632,6.51915004130961e-12,2.2279633656689138e-11,1.500021446222052e-11,1.1686489065686906e-6,5154.726105255256,104.94488069938363,5259.67098712334,593.9315152737405,176.16436373709718,898.2977763433692,2.757852236623519e-11,9.425161903941314e-11,1.3846512034971447e-11,5.309613852723399e-7,22782.124711530207,16.495911595323594,22797.620623656632,561.7267780566418,80.65750547098422,1384.7490073213594,4.219024706044601e-11,1.44187941931253e-10,1.51346288827177e-13,1.98439898958371e-9,33963.5677457417,0.29896693475394553,33963.86671267858,5.979338734767048,0.2989669367383441, 47,Sub-Saharan Africa,Malawi,Lilongwe,STA Chitekwele,20607,MW20607,0.1435885,0.003537823,0.2045180,0.02936643,0.02463863,0.000723548,23696.91840,0.2966072,0.03349341,0.5957214,0.1766953,0.1129218,0.01995274, 5474.019385,0.05,8.80e-06,1,0.2258832,0.000176050,3.98e-05, 35348.61572,38,2020-04-10
241,214.34839787666272,5.323101463463538e-12,1.8192058010804665e-11,1.224856926279349e-11,1.0311713324947722e-6,5154.726105310843,104.94488078128256,5259.670987123341,593.9315152737412,176.1643637370982,898.2977763433671,2.2518774164746487e-11,7.69595543436039e-11,1.1306473723962129e-11,4.685001182042964e-7,22782.12471157992,16.49591160809814,22797.620623656636,561.7267780566425,80.65750547098466,1384.7490073213562,3.444973140483494e-11,1.1773422940211586e-10,1.2358333135719708e-13,1.750958172215492e-9,33963.56774574173,0.2989669349873881,33963.86671267858,5.979338734767055,0.2989669367383459, 47,Sub-Saharan Africa,Malawi,Lilongwe,STA Chitekwele,20607,MW20607,0.1435885,0.003537823,0.2045180,0.02936643,0.02463863,0.000723548,23696.91840,0.2966072,0.03349341,0.5957214,0.1766953,0.1129218,0.01995274, 5474.019385,0.05,8.80e-06,1,0.2258832,0.000176050,3.98e-05, 35348.61572,38,2020-04-10
242,214.34839787666232,4.346488266868703e-12,1.485441720367347e-11,1.0001671616609234e-11,9.098662891503022e-7,5154.72610535989,104.94488085354708,5259.670987123341,593.9315152737416,176.16436373709902,898.2977763433655,1.8387322707288042e-11,6.284001373604724e-11,9.232373212164515e-12,4.133866454699344e-7,22782.124711623783,16.495911619369913,22797.620623656636,561.726778056643,80.65750547098504,1384.7490073213537,2.812934445352356e-11,9.613389654133511e-11,1.009130528793227e-13,1.5449787699228535e-9,33963.56774574176,0.29896693519336887,33963.86671267858,5.979338734767061,0.2989669367383473, 47,Sub-Saharan Africa,Malawi,Lilongwe,STA Chitekwele,20607,MW20607,0.1435885,0.003537823,0.2045180,0.02936643,0.02463863,0.000723548,23696.91840,0.2966072,0.03349341,0.5957214,0.1766953,0.1129218,0.01995274, 5474.019385,0.05,8.80e-06,1,0.2258832,0.000176050,3.98e-05, 35348.61572,38,2020-04-10
243,214.348397876662,3.5490513129520627e-12,1.2129123026462442e-11,8.166936643506946e-12,8.028312904292043e-7,5154.726105403167,104.94488091731053,5259.670987123341,593.9315152737421,176.1643637370997,898.2977763433641,1.5013856184106514e-11,5.131094350799052e-11,7.538743030012441e-12,3.647565952082398e-7,22782.124711662484,16.495911629315692,22797.620623656636,561.7267780566433,80.65750547098534,1384.7490073213514,2.296853955137905e-11,7.849650913411881e-11,8.240131612675282e-14,1.363230307521577e-9,33963.567745741784,0.2989669353751184,33963.86671267858,5.979338734767065,0.2989669367383484, 47,Sub-Saharan Africa,Malawi,Lilongwe,STA Chitekwele,20607,MW20607,0.1435885,0.003537823,0.2045180,0.02936643,0.02463863,0.000723548,23696.91840,0.2966072,0.03349341,0.5957214,0.1766953,0.1129218,0.01995274, 5474.019385,0.05,8.80e-06,1,0.2258832,0.000176050,3.98e-05, 35348.61572,38,2020-04-10
244,214.34839787666172,2.8979176840031716e-12,9.90383014753152e-12,6.668761377086798e-12,7.083876506588147e-7,5154.726105441353,104.94488097357294,5259.670987123341,593.9315152737424,176.16436373710025,898.297776343363,1.225930938190001e-11,4.189707765850775e-11,6.155792451584965e-12,3.2184727665830544e-7,22782.124711696633,16.49591163809147,22797.620623656636,561.7267780566436,80.65750547098558,1384.7490073213498,1.875457173627163e-11,6.409499808374869e-11,6.72853225569347e-14,1.202862329272994e-9,33963.567745741806,0.29896693553548737,33963.86671267858,5.979338734767069,0.29896693673834934, 47,Sub-Saharan Africa,Malawi,Lilongwe,STA Chitekwele,20607,MW20607,0.1435885,0.003537823,0.2045180,0.02936643,0.02463863,0.000723548,23696.91840,0.2966072,0.03349341,0.5957214,0.1766953,0.1129218,0.01995274, 5474.019385,0.05,8.80e-06,1,0.2258832,0.000176050,3.98e-05, 35348.61572,38,2020-04-10
245,214.34839787666152,2.3662455559032566e-12,8.086804881592834e-12,5.44541011031458e-12,6.250541580473145e-7,5154.726105475046,104.94488102321675,5259.670987123341,593.9315152737427,176.1643637371007,898.2977763433621,1.0010130964266853e-11,3.421034585900904e-11,5.02653215464957e-12,2.839857189911736e-7,22782.124711726763,16.495911645834884,22797.620623656636,561.7267780566439,80.65750547098578,1384.7490073213482,1.5313727710083406e-11,5.233568734289145e-11,5.49421872496008e-14,1.0613596956584955e-9,33963.56774574182,0.29896693567699073,33963.86671267858,5.9793387347670715,0.2989669367383501, 47,Sub-Saharan Africa,Malawi,Lilongwe,STA Chitekwele,20607,MW20607,0.1435885,0.003537823,0.2045180,0.02936643,0.02463863,0.000723548,23696.91840,0.2966072,0.03349341,0.5957214,0.1766953,0.1129218,0.01995274, 5474.019385,0.05,8.80e-06,1,0.2258832,0.000176050,3.98e-05, 35348.61572,38,2020-04-10
246,214.34839787666132,1.932117691883456e-12,6.603143635987331e-12,4.446470963054858e-12,5.515238449595937e-7,5154.726105504776,104.94488106702056,5259.670987123341,593.931515273743,176.16436373710107,898.2977763433614,8.173602517127424e-12,2.7933875913447516e-11,4.104426227484712e-12,2.5057811715173543e-7,22782.12471175335,16.49591165266737,22797.620623656636,561.7267780566442,80.65750547098594,1384.749007321347,1.2504164819731388e-11,4.27338207215352e-11,4.4863277078429644e-14,9.365031386551294e-10,33963.56774574184,0.2989669358018479,33963.86671267858,5.979338734767073,0.2989669367383507, 47,Sub-Saharan Africa,Malawi,Lilongwe,STA Chitekwele,20607,MW20607,0.1435885,0.003537823,0.2045180,0.02936643,0.02463863,0.000723548,23696.91840,0.2966072,0.03349341,0.5957214,0.1766953,0.1129218,0.01995274, 5474.019385,0.05,8.80e-06,1,0.2258832,0.000176050,3.98e-05, 35348.61572,38,2020-04-10
247,214.34839787666118,1.5776379435800743e-12,5.391685146570967e-12,3.6307789187122986e-12,4.866434907503428e-7,5154.726105531007,104.94488110567134,5259.670987123341,593.9315152737432,176.16436373710138,898.2977763433607,6.674016394917015e-12,2.2808931241976844e-11,3.351474812432654e-12,2.2110051920778834e-7,22782.124711776807,16.495911658696098,22797.620623656636,561.7267780566443,80.65750547098608,1384.7490073213462,1.0210063848156655e-11,3.48935787111757e-11,3.663325527273148e-14,8.263344569697158e-10,33963.56774574185,0.2989669359120172,33963.86671267858,5.979338734767075,0.2989669367383512, 47,Sub-Saharan Africa,Malawi,Lilongwe,STA Chitekwele,20607,MW20607,0.1435885,0.003537823,0.2045180,0.02936643,0.02463863,0.000723548,23696.91840,0.2966072,0.03349341,0.5957214,0.1766953,0.1129218,0.01995274, 5474.019385,0.05,8.80e-06,1,0.2258832,0.000176050,3.98e-05, 35348.61572,38,2020-04-10
248,214.34839787666107,1.2881935142645713e-12,4.402489215870092e-12,2.9647197852978495e-12,4.2939553572899014e-7,5154.726105554154,104.94488113977532,5259.670987123341,593.9315152737433,176.1643637371016,898.2977763433603,5.4495548059216595e-12,1.8624244907424712e-11,2.7366484102023022e-12,1.9509060916996555e-7,22782.124711797504,16.495911664015615,22797.620623656636,561.7267780566444,80.65750547098618,1384.7490073213455,8.33685457465711e-12,2.84917615570017e-11,2.991296928083657e-14,7.2912580544228e-10,33963.56774574186,0.29896693600922625,33963.86671267858,5.979338734767078,0.29896693673835156, 47,Sub-Saharan Africa,Malawi,Lilongwe,STA Chitekwele,20607,MW20607,0.1435885,0.003537823,0.2045180,0.02936643,0.02463863,0.000723548,23696.91840,0.2966072,0.03349341,0.5957214,0.1766953,0.1129218,0.01995274, 5474.019385,0.05,8.80e-06,1,0.2258832,0.000176050,3.98e-05, 35348.61572,38,2020-04-10
249,214.34839787666098,1.0518525723731392e-12,3.594778019156546e-12,2.4208452226542872e-12,3.7888212263779795e-7,5154.726105574577,104.94488116986736,5259.670987123341,593.9315152737435,176.16436373710178,898.2977763433599,4.449741482496085e-12,1.5207310497540185e-11,2.2346093514002083e-12,1.7214045642336972e-7,22782.124711815766,16.495911668709354,22797.620623656636,561.7267780566445,80.65750547098628,1384.7490073213448,6.807317286908507e-12,2.3264465943761908e-11,2.442547711105102e-14,6.433525970264105e-10,33963.567745741864,0.2989669360949998,33963.86671267858,5.9793387347670786,0.29896693673835195, 47,Sub-Saharan Africa,Malawi,Lilongwe,STA Chitekwele,20607,MW20607,0.1435885,0.003537823,0.2045180,0.02936643,0.02463863,0.000723548,23696.91840,0.2966072,0.03349341,0.5957214,0.1766953,0.1129218,0.01995274, 5474.019385,0.05,8.80e-06,1,0.2258832,0.000176050,3.98e-05, 35348.61572,38,2020-04-10
250,214.3483978766609,8.588723830333217e-13,2.9352551125888744e-12,1.976741787874222e-12,3.343110153845899e-7,5154.726105592597,104.94488119641942,5259.670987123341,593.9315152737436,176.16436373710195,898.2977763433596,3.6333608857199722e-12,1.2417270844161343e-11,1.8246677687337353e-12,1.5189011806861398e-7,22782.12471183188,16.495911672850923,22797.620623656636,561.7267780566447,80.65750547098635,1384.7490073213444,5.558399536537666e-12,1.899620606692247e-11,1.9944636572613447e-14,5.676695924006055e-10,33963.56774574187,0.2989669361706831,33963.86671267858,5.9793387347670794,0.29896693673835223, 47,Sub-Saharan Africa,Malawi,Lilongwe,STA Chitekwele,20607,MW20607,0.1435885,0.003537823,0.2045180,0.02936643,0.02463863,0.000723548,23696.91840,0.2966072,0.03349341,0.5957214,0.1766953,0.1129218,0.01995274, 5474.019385,0.05,8.80e-06,1,0.2258832,0.000176050,3.98e-05, 35348.61572,38,2020-04-10
251,214.34839787666084,7.012976811908892e-13,2.396732847628324e-12,1.614107412392277e-12,2.949831742080977e-7,5154.726105608498,104.94488121984794,5259.670987123341,593.9315152737437,176.16436373710206,898.2977763433594,2.9667591673426555e-12,1.0139111428657542e-11,1.489929061652375e-12,1.3402199384416742e-7,22782.124711846096,16.49591167650529,22797.620623656636,561.7267780566448,80.65750547098641,1384.7490073213437,4.538616914731592e-12,1.551103062579717e-11,1.6285787387678182e-14,5.008898022486889e-10,33963.56774574188,0.29896693623746307,33963.86671267858,5.97933873476708,0.29896693673835245, 47,Sub-Saharan Africa,Malawi,Lilongwe,STA Chitekwele,20607,MW20607,0.1435885,0.003537823,0.2045180,0.02936643,0.02463863,0.000723548,23696.91840,0.2966072,0.03349341,0.5957214,0.1766953,0.1129218,0.01995274, 5474.019385,0.05,8.80e-06,1,0.2258832,0.000176050,3.98e-05, 35348.61572,38,2020-04-10
252,214.34839787666075,5.726327299880725e-13,1.9570116094127795e-12,1.3179972674537442e-12,2.6028179242821464e-7,5154.726105622527,104.94488124052036,5259.670987123341,593.9315152737438,176.16436373710218,898.297776343359,2.4224568491457764e-12,8.278919106542925e-12,1.2165977324761987e-12,1.1825584510306703e-7,22782.124711858643,16.495911679729762,22797.620623656636,561.7267780566449,80.65750547098645,1384.7490073213435,3.705930699535397e-12,1.2665269553389096e-11,1.3298142340547098e-14,4.419658713524446e-10,33963.567745741886,0.29896693629638715,33963.86671267858,5.979338734767081,0.2989669367383526, 47,Sub-Saharan Africa,Malawi,Lilongwe,STA Chitekwele,20607,MW20607,0.1435885,0.003537823,0.2045180,0.02936643,0.02463863,0.000723548,23696.91840,0.2966072,0.03349341,0.5957214,0.1766953,0.1129218,0.01995274, 5474.019385,0.05,8.80e-06,1,0.2258832,0.000176050,3.98e-05, 35348.61572,38,2020-04-10
253,214.34839787666073,4.675735455865124e-13,1.597964677746969e-12,1.0762079513416816e-12,2.2966262285269869e-7,5154.726105634906,104.9448812587609,5259.670987123341,593.9315152737438,176.16436373710226,898.2977763433589,1.9780160298604343e-12,6.760010700177548e-12,9.934089140220167e-13,1.0434439973019121e-7,22782.124711869714,16.495911682574913,22797.620623656636,561.7267780566449,80.6575054709865,1384.7490073213432,3.0260148846656535e-12,1.0341611480467773e-11,1.0858574020378603e-14,3.899736525571553e-10,33963.567745741886,0.29896693634837956,33963.86671267858,5.979338734767082,0.2989669367383528, 47,Sub-Saharan Africa,Malawi,Lilongwe,STA Chitekwele,20607,MW20607,0.1435885,0.003537823,0.2045180,0.02936643,0.02463863,0.000723548,23696.91840,0.2966072,0.03349341,0.5957214,0.1766953,0.1129218,0.01995274, 5474.019385,0.05,8.80e-06,1,0.2258832,0.000176050,3.98e-05, 35348.61572,38,2020-04-10
254,214.3483978766607,3.8178924988205866e-13,1.304790985778921e-12,8.787746291012745e-13,2.0264544213536864e-7,5154.726105645829,104.94488127485565,5259.670987123341,593.9315152737438,176.16436373710232,898.2977763433588,1.6151154222295884e-12,5.519771867338336e-12,8.111641685670464e-13,9.206947407462801e-8,22782.12471187948,16.49591168508536,22797.620623656636,561.7267780566449,80.65750547098652,1384.749007321343,2.470841151215828e-12,8.444267788395965e-12,8.866541196202033e-15,3.440977130107852e-10,33963.567745741886,0.2989669363942556,33963.86671267858,5.979338734767082,0.2989669367383529, 47,Sub-Saharan Africa,Malawi,Lilongwe,STA Chitekwele,20607,MW20607,0.1435885,0.003537823,0.2045180,0.02936643,0.02463863,0.000723548,23696.91840,0.2966072,0.03349341,0.5957214,0.1766953,0.1129218,0.01995274, 5474.019385,0.05,8.80e-06,1,0.2258832,0.000176050,3.98e-05, 35348.61572,38,2020-04-10
255,214.34839787666067,3.117435377678514e-13,1.065404972704731e-12,7.175604080997763e-13,1.788065192256281e-7,5154.726105655467,104.94488128905705,5259.670987123341,593.9315152737438,176.1643637371024,898.2977763433587,1.3187950902410768e-12,4.507075933379306e-12,6.623524332586562e-13,8.12385510792686e-8,22782.1247118881,16.495911687300485,22797.620623656636,561.7267780566449,80.65750547098656,1384.7490073213428,2.0175234502529154e-12,6.895023897785049e-12,7.239945804825105e-15,3.0361854537850297e-10,33963.567745741886,0.2989669364347349,33963.86671267858,5.979338734767082,0.29896693673835306, 47,Sub-Saharan Africa,Malawi,Lilongwe,STA Chitekwele,20607,MW20607,0.1435885,0.003537823,0.2045180,0.02936643,0.02463863,0.000723548,23696.91840,0.2966072,0.03349341,0.5957214,0.1766953,0.1129218,0.01995274, 5474.019385,0.05,8.80e-06,1,0.2258832,0.000176050,3.98e-05, 35348.61572,38,2020-04-10
256,214.34839787666064,2.545488992525306e-13,8.699383782924565e-13,5.85921032165712e-13,1.5777196979499845e-7,5154.726105663972,104.94488130158781,5259.670987123341,593.9315152737438,176.16436373710246,898.2977763433586,1.0768397521493926e-12,3.680176282727807e-12,5.408404946533516e-13,7.168176094371388e-8,22782.124711895704,16.495911689255028,22797.620623656636,561.7267780566449,80.65750547098658,1384.7490073213426,1.647374566295736e-12,5.630015014682263e-12,5.911749865858242e-15,2.679012834711228e-10,33963.567745741886,0.29896693647045225,33963.86671267858,5.979338734767082,0.2989669367383531, 47,Sub-Saharan Africa,Malawi,Lilongwe,STA Chitekwele,20607,MW20607,0.1435885,0.003537823,0.2045180,0.02936643,0.02463863,0.000723548,23696.91840,0.2966072,0.03349341,0.5957214,0.1766953,0.1129218,0.01995274, 5474.019385,0.05,8.80e-06,1,0.2258832,0.000176050,3.98e-05, 35348.61572,38,2020-04-10
257,214.3483978766606,2.0784758700068928e-13,7.103334416116897e-13,4.784310797055292e-13,1.3921189242010454e-7,5154.726105671475,104.94488131264447,5259.670987123341,593.9315152737438,176.1643637371025,898.2977763433585,8.792752270364705e-13,3.0049854271508282e-12,4.416202393876498e-13,6.324921696906561e-8,22782.124711902412,16.495911690979636,22797.620623656636,561.7267780566449,80.65750547098659,1384.7490073213423,1.345135770195694e-12,4.597093420394104e-12,4.827212941980625e-15,2.363857453180357e-10,33963.567745741886,0.2989669365019678,33963.86671267858,5.979338734767082,0.2989669367383532, 47,Sub-Saharan Africa,Malawi,Lilongwe,STA Chitekwele,20607,MW20607,0.1435885,0.003537823,0.2045180,0.02936643,0.02463863,0.000723548,23696.91840,0.2966072,0.03349341,0.5957214,0.1766953,0.1129218,0.01995274, 5474.019385,0.05,8.80e-06,1,0.2258832,0.000176050,3.98e-05, 35348.61572,38,2020-04-10
258,214.34839787666058,1.697144223948763e-13,5.800107343261081e-13,3.9066038486051503e-13,1.228351945610695e-7,5154.726105678096,104.94488132240043,5259.670987123341,593.9315152737438,176.16436373710252,898.2977763433584,7.1795726680593e-13,2.453669808322956e-12,3.6060226700422057e-13,5.5808664803150327e-8,22782.124711908335,16.495911692501362,22797.620623656636,561.7267780566449,80.6575054709866,1384.7490073213423,1.0983478052401952e-12,3.7536787763291604e-12,3.941636325748382e-15,2.0857764753219848e-10,33963.567745741886,0.29896693652977596,33963.86671267858,5.979338734767082,0.29896693673835323, 47,Sub-Saharan Africa,Malawi,Lilongwe,STA Chitekwele,20607,MW20607,0.1435885,0.003537823,0.2045180,0.02936643,0.02463863,0.000723548,23696.91840,0.2966072,0.03349341,0.5957214,0.1766953,0.1129218,0.01995274, 5474.019385,0.05,8.80e-06,1,0.2258832,0.000176050,3.98e-05, 35348.61572,38,2020-04-10
259,214.34839787666058,1.385774334724599e-13,4.735979355795386e-13,3.1899146977812267e-13,1.0838502719175327e-7,5154.726105683938,104.94488133100873,5259.670987123341,593.9315152737438,176.16436373710255,898.2977763433584,5.862358239327649e-13,2.003502407839802e-12,2.9444736100712314e-13,4.924340821952761e-8,22782.124711913555,16.49591169384408,22797.620623656636,561.7267780566449,80.65750547098662,1384.7490073213423,8.968372765071222e-13,3.0650028266365914e-12,3.218521009373384e-15,1.8404085318312666e-10,33963.567745741886,0.29896693655431283,33963.86671267858,5.979338734767082,0.2989669367383533, 47,Sub-Saharan Africa,Malawi,Lilongwe,STA Chitekwele,20607,MW20607,0.1435885,0.003537823,0.2045180,0.02936643,0.02463863,0.000723548,23696.91840,0.2966072,0.03349341,0.5957214,0.1766953,0.1129218,0.01995274, 5474.019385,0.05,8.80e-06,1,0.2258832,0.000176050,3.98e-05, 35348.61572,38,2020-04-10
260,214.34839787666058,1.1315305317783731e-13,3.86708367711932e-13,2.604704656361329e-13,9.563475648332234e-8,5154.726105689094,104.94488133860435,5259.670987123341,593.9315152737438,176.16436373710258,898.2977763433584,4.786809149971415e-13,1.635925865495086e-12,2.4042887396589506e-13,4.3450478900324e-8,22782.124711918164,16.495911695028838,22797.620623656636,561.7267780566449,80.65750547098664,1384.7490073213423,7.322972707906065e-13,2.502676139731911e-12,2.6280635406505003e-15,1.6239053160160525e-10,33963.567745741886,0.29896693657596324,33963.86671267858,5.979338734767082,0.29896693673835334, 47,Sub-Saharan Africa,Malawi,Lilongwe,STA Chitekwele,20607,MW20607,0.1435885,0.003537823,0.2045180,0.02936643,0.02463863,0.000723548,23696.91840,0.2966072,0.03349341,0.5957214,0.1766953,0.1129218,0.01995274, 5474.019385,0.05,8.80e-06,1,0.2258832,0.000176050,3.98e-05, 35348.61572,38,2020-04-10
261,214.34839787666058,9.239320659346873e-14,3.1576016334111066e-13,2.126853797584516e-13,8.438440936493033e-8,5154.726105693642,104.94488134530643,5259.670987123341,593.9315152737438,176.1643637371026,898.2977763433584,3.908587792090396e-13,1.3357874844844459e-12,1.963203561708238e-13,3.8339021519508455e-8,22782.12471192223,16.495911696074224,22797.620623656636,561.7267780566449,80.65750547098665,1384.7490073213423,5.979449189046183e-13,2.043517805257466e-12,2.1459277886265456e-15,1.4328712284111544e-10,33963.567745741886,0.2989669365950666,33963.86671267858,5.979338734767082,0.29896693673835334, 47,Sub-Saharan Africa,Malawi,Lilongwe,STA Chitekwele,20607,MW20607,0.1435885,0.003537823,0.2045180,0.02936643,0.02463863,0.000723548,23696.91840,0.2966072,0.03349341,0.5957214,0.1766953,0.1129218,0.01995274, 5474.019385,0.05,8.80e-06,1,0.2258832,0.000176050,3.98e-05, 35348.61572,38,2020-04-10
262,214.34839787666058,7.544210591513959e-14,2.5782860930023035e-13,1.7366669282201222e-13,7.445753721687717e-8,5154.726105697656,104.94488135122008,5259.670987123341,593.9315152737438,176.1643637371026,898.2977763433584,3.19149104453116e-13,1.0907145879443098e-12,1.6030379742226376e-13,3.3828868799684595e-8,22782.124711925822,16.495911696996632,22797.620623656636,561.7267780566449,80.65750547098665,1384.7490073213423,4.882417839824801e-13,1.6685998428763782e-12,1.752242010002305e-15,1.264310121400249e-10,33963.567745741886,0.29896693661192275,33963.86671267858,5.979338734767082,0.29896693673835334, 47,Sub-Saharan Africa,Malawi,Lilongwe,STA Chitekwele,20607,MW20607,0.1435885,0.003537823,0.2045180,0.02936643,0.02463863,0.000723548,23696.91840,0.2966072,0.03349341,0.5957214,0.1766953,0.1129218,0.01995274, 5474.019385,0.05,8.80e-06,1,0.2258832,0.000176050,3.98e-05, 35348.61572,38,2020-04-10
263,214.34839787666058,6.160097212128504e-14,2.1052558057646853e-13,1.41806190179732e-13,6.569844850903368e-8,5154.726105701197,104.94488135643806,5259.670987123341,593.9315152737438,176.1643637371026,898.2977763433584,2.6059578631951013e-13,8.906044769778862e-13,1.3089470085658727e-13,2.98492841947638e-8,22782.124711928987,16.495911697810527,22797.620623656636,561.7267780566449,80.65750547098665,1384.7490073213423,3.986655492795563e-13,1.362466930397819e-12,1.4307798898305487e-15,1.1155783086326541e-10,33963.567745741886,0.29896693662679596,33963.86671267858,5.979338734767082,0.29896693673835334, 47,Sub-Saharan Africa,Malawi,Lilongwe,STA Chitekwele,20607,MW20607,0.1435885,0.003537823,0.2045180,0.02936643,0.02463863,0.000723548,23696.91840,0.2966072,0.03349341,0.5957214,0.1766953,0.1129218,0.01995274, 5474.019385,0.05,8.80e-06,1,0.2258832,0.000176050,3.98e-05, 35348.61572,38,2020-04-10
264,214.34839787666058,5.022821187865756e-14,1.7165838808966805e-13,1.1562723258978316e-13,5.795133466582667e-8,5154.726105704329,104.94488136105319,5259.670987123341,593.9315152737438,176.1643637371026,898.2977763433584,2.1248463794727226e-13,7.261812236372443e-13,1.0673002571046255e-13,2.63294779814394e-8,22782.12471193179,16.495911698530392,22797.620623656636,561.7267780566449,80.65750547098665,1384.7490073213423,3.2506398898257515e-13,1.1109285556805427e-12,1.1666426563657632e-15,9.840301162891788e-11,33963.567745741886,0.29896693663995083,33963.86671267858,5.979338734767082,0.29896693673835334, 47,Sub-Saharan Africa,Malawi,Lilongwe,STA Chitekwele,20607,MW20607,0.1435885,0.003537823,0.2045180,0.02936643,0.02463863,0.000723548,23696.91840,0.2966072,0.03349341,0.5957214,0.1766953,0.1129218,0.01995274, 5474.019385,0.05,8.80e-06,1,0.2258832,0.000176050,3.98e-05, 35348.61572,38,2020-04-10
265,214.34839787666058,4.092283214604447e-14,1.3985661066911663e-13,9.420690486120581e-14,5.110978099187041e-8,5154.726105707095,104.94488136512886,5259.670987123341,593.9315152737438,176.1643637371026,898.2977763433584,1.7311930439751476e-13,5.916474136777464e-13,8.695785868185982e-14,2.3221101943201848e-8,22782.12471193426,16.49591169916611,22797.620623656636,561.7267780566449,80.65750547098665,1384.7490073213423,2.648419800126883e-13,9.051157099448983e-13,9.50518415500636e-16,8.678585926479468e-11,33963.567745741886,0.298966936651568,33963.86671267858,5.979338734767082,0.29896693673835334, 47,Sub-Saharan Africa,Malawi,Lilongwe,STA Chitekwele,20607,MW20607,0.1435885,0.003537823,0.2045180,0.02936643,0.02463863,0.000723548,23696.91840,0.2966072,0.03349341,0.5957214,0.1766953,0.1129218,0.01995274, 5474.019385,0.05,8.80e-06,1,0.2258832,0.000176050,3.98e-05, 35348.61572,38,2020-04-10
266,214.34839787666058,3.3270896619983175e-14,1.137055926138641e-13,7.659247414518618e-14,4.504477788480485e-8,5154.7261057095475,104.94488136874192,5259.670987123341,593.9315152737438,176.1643637371026,898.2977763433584,1.4074867579449307e-13,4.810185042182842e-13,7.069876481701368e-14,2.0465542144857823e-8,22782.124711936453,16.49591169972967,22797.620623656636,561.7267780566449,80.65750547098665,1384.7490073213423,2.1532063383263596e-13,7.358731098142902e-13,7.727944185984446e-16,7.648731180511383e-11,33963.567745741886,0.2989669366618665,33963.86671267858,5.979338734767082,0.29896693673835334, 47,Sub-Saharan Africa,Malawi,Lilongwe,STA Chitekwele,20607,MW20607,0.1435885,0.003537823,0.2045180,0.02936643,0.02463863,0.000723548,23696.91840,0.2966072,0.03349341,0.5957214,0.1766953,0.1129218,0.01995274, 5474.019385,0.05,8.80e-06,1,0.2258832,0.000176050,3.98e-05, 35348.61572,38,2020-04-10
267,214.34839787666058,2.767701981166195e-14,9.45881319911806e-14,6.371536494424413e-14,4.0039806764196484e-8,5154.726105711571,104.94488137172348,5259.670987123341,593.9315152737438,176.1643637371026,898.2977763433584,1.1708442701812687e-13,4.001442648430497e-13,5.881249905065588e-14,1.819159489436839e-8,22782.12471193826,16.495911700194736,22797.620623656636,561.7267780566449,80.65750547098665,1384.7490073213423,1.7911851084495765e-13,6.121498655888473e-13,6.428684454742889e-16,6.798872874710982e-11,33963.567745741886,0.2989669366703651,33963.86671267858,5.979338734767082,0.29896693673835334, 47,Sub-Saharan Africa,Malawi,Lilongwe,STA Chitekwele,20607,MW20607,0.1435885,0.003537823,0.2045180,0.02936643,0.02463863,0.000723548,23696.91840,0.2966072,0.03349341,0.5957214,0.1766953,0.1129218,0.01995274, 5474.019385,0.05,8.80e-06,1,0.2258832,0.000176050,3.98e-05, 35348.61572,38,2020-04-10
268,214.34839787666058,2.302364839503767e-14,7.868491341427524e-14,5.3003204425209955e-14,3.559094283986722e-8,5154.726105713369,104.94488137437376,5259.670987123341,593.9315152737438,176.1643637371026,898.2977763433584,9.739887764492604e-14,3.3286751213513873e-13,4.8924604833563796e-14,1.617030813400334e-8,22782.124711939872,16.495911700608126,22797.620623656636,561.7267780566449,80.65750547098665,1384.7490073213423,1.49003095291571e-13,5.092283610678533e-13,5.347861056338131e-16,6.043443149451078e-11,33963.567745741886,0.29896693667791946,33963.86671267858,5.979338734767082,0.29896693673835334, 47,Sub-Saharan Africa,Malawi,Lilongwe,STA Chitekwele,20607,MW20607,0.1435885,0.003537823,0.2045180,0.02936643,0.02463863,0.000723548,23696.91840,0.2966072,0.03349341,0.5957214,0.1766953,0.1129218,0.01995274, 5474.019385,0.05,8.80e-06,1,0.2258832,0.000176050,3.98e-05, 35348.61572,38,2020-04-10
269,214.34839787666058,1.9152654041853455e-14,6.545552244263868e-14,4.409201620623482e-14,3.163639654195493e-8,5154.726105714968,104.94488137672957,5259.670987123341,593.9315152737438,176.1643637371026,898.2977763433584,8.10230840217989e-14,2.769020836678229e-13,4.069910969197374e-14,1.4373608528980464e-8,22782.1247119413,16.49591170097558,22797.620623656636,561.7267780566449,80.65750547098665,1384.7490073213423,1.2395102157725572e-13,4.2361117450566247e-13,4.448749981733274e-16,5.3719499604359725e-11,33963.567745741886,0.29896693668463437,33963.86671267858,5.979338734767082,0.29896693673835334, 47,Sub-Saharan Africa,Malawi,Lilongwe,STA Chitekwele,20607,MW20607,0.1435885,0.003537823,0.2045180,0.02936643,0.02463863,0.000723548,23696.91840,0.2966072,0.03349341,0.5957214,0.1766953,0.1129218,0.01995274, 5474.019385,0.05,8.80e-06,1,0.2258832,0.000176050,3.98e-05, 35348.61572,38,2020-04-10
270,214.34839787666058,1.5932494733942536e-14,5.4450405174050124e-14,3.6679015882218184e-14,2.8121243788500362e-8,5154.726105716389,104.94488137882362,5259.670987123341,593.9315152737438,176.1643637371026,898.2977763433584,6.740057282060568e-14,2.3034619237036724e-13,3.385652537759032e-14,1.2776541995056382e-8,22782.12471194257,16.49591170130221,22797.620623656636,561.7267780566449,80.65750547098665,1384.7490073213423,1.031109838185239e-13,3.5238890990126277e-13,3.700801282765568e-16,4.7750670426558355e-11,33963.567745741886,0.29896693669060315,33963.86671267858,5.979338734767082,0.29896693673835334, 47,Sub-Saharan Africa,Malawi,Lilongwe,STA Chitekwele,20607,MW20607,0.1435885,0.003537823,0.2045180,0.02936643,0.02463863,0.000723548,23696.91840,0.2966072,0.03349341,0.5957214,0.1766953,0.1129218,0.01995274, 5474.019385,0.05,8.80e-06,1,0.2258832,0.000176050,3.98e-05, 35348.61572,38,2020-04-10
271,214.34839787666058,1.3253744774388291e-14,4.529559175191185e-14,3.051232350637055e-14,2.4996663156714966e-8,5154.726105717652,104.944881380685,5259.670987123341,593.9315152737438,176.1643637371026,898.2977763433584,5.6068431262716865e-14,1.9161780101471376e-13,2.816435175351352e-14,1.1356927116595885e-8,22782.1247119437,16.495911701592547,22797.620623656636,561.7267780566449,80.65750547098665,1384.7490073213423,8.577480723493155e-14,2.9314133152492937e-13,3.078601098046936e-16,4.244504379944909e-11,33963.567745741886,0.29896693669590885,33963.86671267858,5.979338734767082,0.29896693673835334, 47,Sub-Saharan Africa,Malawi,Lilongwe,STA Chitekwele,20607,MW20607,0.1435885,0.003537823,0.2045180,0.02936643,0.02463863,0.000723548,23696.91840,0.2966072,0.03349341,0.5957214,0.1766953,0.1129218,0.01995274, 5474.019385,0.05,8.80e-06,1,0.2258832,0.000176050,3.98e-05, 35348.61572,38,2020-04-10
272,214.34839787666058,1.1025376343258261e-14,3.767998832777393e-14,2.5382405572155132e-14,2.2219257812530904e-8,5154.726105718775,104.94488138233957,5259.670987123341,593.9315152737438,176.1643637371026,898.2977763433584,4.664157666789328e-14,1.5940086227230867e-13,2.3429177143780604e-14,1.0095047073529414e-8,22782.124711944703,16.495911701850623,22797.620623656636,561.7267780566449,80.65750547098665,1384.7490073213423,7.135338334124745e-14,2.4385512081242203e-013,2.5610081790764664e-16,3.7728930666957813e-11,33963.567745741886,0.29896693670062496,33963.86671267858,5.979338734767082,0.29896693673835334, 47,Sub-Saharan Africa,Malawi,Lilongwe,STA Chitekwele,20607,MW20607,0.1435885,0.003537823,0.2045180,0.02936643,0.02463863,0.000723548,23696.91840,0.2966072,0.03349341,0.5957214,0.1766953,0.1129218,0.01995274, 5474.019385,0.05,8.80e-06,1,0.2258832,0.000176050,3.98e-05, 35348.61572,38,2020-04-10
273,214.34839787666058,9.17166623993756e-15,3.134480564159416e-14,2.1114955743127804e-14,1.9750452780842974e-8,5154.726105719773,104.9448813838103,5259.670987123341,593.9315152737438,176.1643637371026,898.2977763433584,3.879967078342859e-14,1.3260059749811065e-13,1.949010675711536e-14,8.973375798438883e-9,22782.124711945595,16.495911702080026,22797.620623656636,561.7267780566449,80.65750547098665,1384.7490073213423,5.935665118522466e-14,2.02855460891089e-13,2.1304355807437119e-16,3.353682962636705e-11,33963.567745741886,0.29896693670481705,33963.86671267858,5.979338734767082,0.29896693673835334, 47,Sub-Saharan Africa,Malawi,Lilongwe,STA Chitekwele,20607,MW20607,0.1435885,0.003537823,0.2045180,0.02936643,0.02463863,0.000723548,23696.91840,0.2966072,0.03349341,0.5957214,0.1766953,0.1129218,0.01995274, 5474.019385,0.05,8.80e-06,1,0.2258832,0.000176050,3.98e-05, 35348.61572,38,2020-04-10
274,214.34839787666058,7.629622698671964e-15,2.607476498761652e-14,1.7564972456657802e-14,1.7555959185333213e-8,5154.726105720661,104.9448813851176,5259.670987123341,593.9315152737438,176.1643637371026,898.2977763433584,3.22762342233621e-14,1.1030629454908883e-13,1.6213295914890883e-14,7.976334560459563e-9,22782.124711946388,16.495911702283937,22797.620623656636,561.7267780566449,80.65750547098665,1384.7490073213423,4.9376944364382534e-14,1.6874912388167863e-13,1.772253112061565e-16,2.9810517192339364e-11,33963.567745741886,0.29896693670854335,33963.86671267858,5.979338734767082,0.29896693673835334, 47,Sub-Saharan Africa,Malawi,Lilongwe,STA Chitekwele,20607,MW20607,0.1435885,0.003537823,0.2045180,0.02936643,0.02463863,0.000723548,23696.91840,0.2966072,0.03349341,0.5957214,0.1766953,0.1129218,0.01995274, 5474.019385,0.05,8.80e-06,1,0.2258832,0.000176050,3.98e-05, 35348.61572,38,2020-04-10
275,214.34839787666058,6.346844836774043e-15,2.1690782731877962e-14,1.461183218920112e-14,1.5605298016879195e-8,5154.726105721449,104.94488138627965,5259.670987123341,593.9315152737438,176.1643637371026,898.2977763433584,2.684959111052338e-14,9.176036045239707e-14,1.3487402347817905e-14,7.090075595269939e-9,22782.124711947094,16.495911702465193,22797.620623656636,561.7267780566449,80.65750547098665,1384.7490073213423,4.107513792925928e-14,1.40377127000472e-13,1.4742902455680573e-16,2.6498239142163584e-11,33963.567745741886,0.2989669367118556,33963.86671267858,5.979338734767082,0.29896693673835334, 47,Sub-Saharan Africa,Malawi,Lilongwe,STA Chitekwele,20607,MW20607,0.1435885,0.003537823,0.2045180,0.02936643,0.02463863,0.000723548,23696.91840,0.2966072,0.03349341,0.5957214,0.1766953,0.1129218,0.01995274, 5474.019385,0.05,8.80e-06,1,0.2258832,0.000176050,3.98e-05, 35348.61572,38,2020-04-10
276,214.34839787666058,5.279741996431845e-15,1.8043884790671224e-14,1.2155190996965913e-14,1.3871376816313451e-8,5154.726105722151,104.94488138731259,5259.670987123341,593.9315152737438,176.1643637371026,898.2977763433584,2.2335336207134208e-014,7.633257728742132e-14,1.1219803050484778e-14,6.302289776073127e-9,22782.12471194772,16.49591170262631,22797.620623656636,561.7267780566449,80.65750547098665,1384.7490073213423,3.4169124424797534e-14,1.1677534864791702e-13,1.2264225967618603e-16,2.3553991711069763e-11,33963.567745741886,0.29896693671479985,33963.86671267858,5.979338734767082,0.29896693673835334, 47,Sub-Saharan Africa,Malawi,Lilongwe,STA Chitekwele,20607,MW20607,0.1435885,0.003537823,0.2045180,0.02936643,0.02463863,0.000723548,23696.91840,0.2966072,0.03349341,0.5957214,0.1766953,0.1129218,0.01995274, 5474.019385,0.05,8.80e-06,1,0.2258832,0.000176050,3.98e-05, 35348.61572,38,2020-04-10
277,214.34839787666058,4.392052470767032e-15,1.5010144275139878e-14,1.0111575085522633e-14,1.2330113392207145e-8,5154.726105722774,104.94488138823074,5259.670987123341,593.9315152737438,176.1643637371026,898.2977763433584,1.8580068556077157e-14,6.349868645876465e-14,9.333447158321093e-15,5.602035654368799e-9,22782.124711948276,16.495911702769522,22797.620623656636,561.7267780566449,80.65750547098665,1384.7490073213423,2.8424227469018674e-14,9.714176616171664e-14,1.0202279241225233e-16,2.0936882654349157e-11,33963.567745741886,0.298966936717417,33963.86671267858,5.979338734767082,0.29896693673835334, 47,Sub-Saharan Africa,Malawi,Lilongwe,STA Chitekwele,20607,MW20607,0.1435885,0.003537823,0.2045180,0.02936643,0.02463863,0.000723548,23696.91840,0.2966072,0.03349341,0.5957214,0.1766953,0.1129218,0.01995274, 5474.019385,0.05,8.80e-06,1,0.2258832,0.000176050,3.98e-05, 35348.61572,38,2020-04-10
278,214.34839787666058,3.6536112783011245e-15,1.2486470275844805e-14,8.411544571085963e-15,1.0960101347601903e-8,5154.726105723328,104.9448813890469,5259.670987123341,593.9315152737438,176.1643637371026,898.2977763433584,1.5456178692820938e-14,5.282257362232993e-14,7.76423792025095e-15,4.979587496111364e-9,22782.12471194877,16.495911702896823,22797.620623656636,561.7267780566449,80.65750547098665,1384.7490073213423,2.3645227108469747e-14,8.080920192599743e-14,8.486999621609931e-17,1.861056330225403e-11,33963.567745741886,0.2989669367197433,33963.86671267858,5.979338734767082,0.29896693673835334, 47,Sub-Saharan Africa,Malawi,Lilongwe,STA Chitekwele,20607,MW20607,0.1435885,0.003537823,0.2045180,0.02936643,0.02463863,0.000723548,23696.91840,0.2966072,0.03349341,0.5957214,0.1766953,0.1129218,0.01995274, 5474.019385,0.05,8.80e-06,1,0.2258832,0.000176050,3.98e-05, 35348.61572,38,2020-04-10
279,214.34839787666058,3.0393251130151997e-15,1.0387104684106913e-14,6.9973340700570304e-15,9.74231277028264e-9,5154.726105723821,104.94488138977236,5259.670987123341,593.9315152737438,176.1643637371026,898.2977763433584,1.2857512289861269e-14,4.394144888214874e-14,6.458854816324837e-15,4.42630020266997e-9,22782.12471194921,16.49591170300998,22797.620623656636,561.7267780566449,80.65750547098665,1384.7490073213423,1.9669725960440357e-14,6.722265171004466e-14,7.060103647835322e-17,1.6542723719644076e-11,33963.567745741886,0.2989669367218112,33963.86671267858,5.979338734767082,0.29896693673835334, 47,Sub-Saharan Africa,Malawi,Lilongwe,STA Chitekwele,20607,MW20607,0.1435885,0.003537823,0.2045180,0.02936643,0.02463863,0.000723548,23696.91840,0.2966072,0.03349341,0.5957214,0.1766953,0.1129218,0.01995274, 5474.019385,0.05,8.80e-06,1,0.2258832,0.000176050,3.98e-05, 35348.61572,38,2020-04-10
280,214.34839787666058,2.528319637316079e-15,8.640708007043963e-15,5.820889953511656e-15,8.659833957335109e-9,5154.726105724259,104.94488139041722,5259.670987123341,593.9315152737438,176.1643637371026,898.2977763433584,1.0695762877991647e-14,3.6553518659308346e-14,5.372941823651421e-15,3.9344892405129194e-9,22782.124711949604,16.49591170311057,22797.620623656636,561.7267780566449,80.65750547098665,1384.7490073213423,1.6362630713827557e-14,5.5920424820844674e-14,5.873106707802371e-17,1.4704643958785436e-11,33963.567745741886,0.2989669367236492,33963.86671267858,5.979338734767082,0.29896693673835334, 47,Sub-Saharan Africa,Malawi,Lilongwe,STA Chitekwele,20607,MW20607,0.1435885,0.003537823,0.2045180,0.02936643,0.02463863,0.000723548,23696.91840,0.2966072,0.03349341,0.5957214,0.1766953,0.1129218,0.01995274, 5474.019385,0.05,8.80e-06,1,0.2258832,0.000176050,3.98e-05, 35348.61572,38,2020-04-10
281,214.34839787666058,2.1032301416844575e-15,7.187935148076582e-15,4.8422375799957985e-15,7.697630503533888e-9,5154.726105724647,104.94488139099043,5259.670987123341,593.9315152737438,176.1643637371026,898.2977763433584,8.897471063812834e-15,3.040773030500803e-14,4.469600274015095e-15,3.497323911990157e-9,22782.12471194995,16.495911703199976,22797.620623656636,561.7267780566449,80.65750547098665,1384.7490073213423,1.3611561462032427e-14,4.651845518459497e-14,4.8856756299504885e-17,1.3070795172766773e-11,33963.567745741886,0.29896693672528307,33963.86671267858,5.979338734767082,0.29896693673835334, 47,Sub-Saharan Africa,Malawi,Lilongwe,STA Chitekwele,20607,MW20607,0.1435885,0.003537823,0.2045180,0.02936643,0.02463863,0.000723548,23696.91840,0.2966072,0.03349341,0.5957214,0.1766953,0.1129218,0.01995274, 5474.019385,0.05,8.80e-06,1,0.2258832,0.000176050,3.98e-05, 35348.61572,38,2020-04-10
282,214.34839787666058,1.7496114665885966e-15,5.9794187744137484e-15,4.028123031070826e-15,6.842338490931068e-9,5154.726105724993,104.94488139149996,5259.670987123341,593.9315152737438,176.1643637371026,898.2977763433584,7.401528272516818e-15,2.5295240964665928e-14,3.7181350952841605e-15,3.108732484877717e-9,22782.12471195026,16.495911703279447,22797.620623656636,561.7267780566449,80.65750547098665,1384.7490073213423,1.1323032870351601e-14,3.869725022507721e-14,4.0642582389041854e-17,1.1618485049494651e-11,33963.567745741886,0.29896693672673536,33963.86671267858,5.979338734767082,0.29896693673835334, 47,Sub-Saharan Africa,Malawi,Lilongwe,STA Chitekwele,20607,MW20607,0.1435885,0.003537823,0.2045180,0.02936643,0.02463863,0.000723548,23696.91840,0.2966072,0.03349341,0.5957214,0.1766953,0.1129218,0.01995274, 5474.019385,0.05,8.80e-06,1,0.2258832,0.000176050,3.98e-05, 35348.61572,38,2020-04-10
283,214.34839787666058,1.4554471349523287e-15,4.974091743423289e-15,3.3508832004048497e-15,6.082078879527268e-9,5154.726105725301,104.94488139195285,5259.670987123341,593.9315152737438,176.1643637371026,898.2977763433584,6.15710018948575e-15,2.1042320792579605e-14,3.093011837664636e-15,2.7633178630506006e-9,22782.12471195053,16.49591170335009,22797.620623656636,561.7267780566449,80.65750547098665,1384.7490073213423,9.419277408383733e-15,3.219103404292676e-14,3.380943312143767e-17,1.0327542641784941e-11,33963.567745741886,0.2989669367280263,33963.86671267858,5.979338734767082,0.29896693673835334, 47,Sub-Saharan Africa,Malawi,Lilongwe,STA Chitekwele,20607,MW20607,0.1435885,0.003537823,0.2045180,0.02936643,0.02463863,0.000723548,23696.91840,0.2966072,0.03349341,0.5957214,0.1766953,0.1129218,0.01995274, 5474.019385,0.05,8.80e-06,1,0.2258832,0.000176050,3.98e-05, 35348.61572,38,2020-04-10
284,214.34839787666058,1.2107410147849485e-15,4.137791581504461e-15,2.7875058456726114e-15,5.406292521139477e-9,5154.726105725575,104.94488139235543,5259.670987123341,593.9315152737438,176.1643637371026,898.2977763433584,5.1218993362242285e-15,1.7504449357980325e-14,2.5729890475108837e-15,2.4562826270532138e-9,22782.124711950775,16.495911703412887,22797.620623656636,561.7267780566449,80.65750547098665,1384.7490073213423,7.835602696272497e-15,2.6778715965340943e-14,2.8125122027859005e-17,9.180038216227617e-12,33963.567745741886,0.2989669367291738,33963.86671267858,5.979338734767082,0.29896693673835334, 47,Sub-Saharan Africa,Malawi,Lilongwe,STA Chitekwele,20607,MW20607,0.1435885,0.003537823,0.2045180,0.02936643,0.02463863,0.000723548,23696.91840,0.2966072,0.03349341,0.5957214,0.1766953,0.1129218,0.01995274, 5474.019385,0.05,8.80e-06,1,0.2258832,0.000176050,3.98e-05, 35348.61572,38,2020-04-10
285,214.34839787666058,1.0071776360754284e-15,3.442099593632012e-15,2.3188476666834262e-15,4.805593505009808e-9,5154.726105725817,104.94488139271328,5259.670987123341,593.9315152737438,176.1643637371026,898.2977763433584,4.2607480802370906e-15,1.456140462971469e-14,2.1403965090736896e-15,2.183362403472279e-9,22782.124711950994,16.495911703468703,22797.620623656636,561.7267780566449,80.65750547098665,1384.7490073213423,6.518193163571537e-15,2.2276377564488934e-14,2.3396499055701474e-17,8.160034229867805e-12,33963.567745741886,0.2989669367301938,33963.86671267858,5.979338734767082,0.29896693673835334, 47,Sub-Saharan Africa,Malawi,Lilongwe,STA Chitekwele,20607,MW20607,0.1435885,0.003537823,0.2045180,0.02936643,0.02463863,0.000723548,23696.91840,0.2966072,0.03349341,0.5957214,0.1766953,0.1129218,0.01995274, 5474.019385,0.05,8.80e-06,1,0.2258832,0.000176050,3.98e-05, 35348.61572,38,2020-04-10
286,214.34839787666058,8.37839619025094e-16,2.8633751548310316e-15,1.92898384227326e-15,4.271638798303749e-9,5154.726105726033,104.94488139303137,5259.670987123341,593.9315152737438,176.1643637371026,898.2977763433584,3.5443832478338677e-15,1.2113177656064675e-14,1.7805348306547613e-15,1.940766637693596e-9,22782.12471195119,16.495911703518317,22797.620623656636,561.7267780566449,80.65750547098665,1384.7490073213423,5.422281317905032e-15,1.853102284264418e-14,1.9462887603931556e-17,7.253363976071556e-12,33963.567745741886,0.2989669367311005,33963.86671267858,5.979338734767082,0.29896693673835334, 47,Sub-Saharan Africa,Malawi,Lilongwe,STA Chitekwele,20607,MW20607,0.1435885,0.003537823,0.2045180,0.02936643,0.02463863,0.000723548,23696.91840,0.2966072,0.03349341,0.5957214,0.1766953,0.1129218,0.01995274, 5474.019385,0.05,8.80e-06,1,0.2258832,0.000176050,3.98e-05, 35348.61572,38,2020-04-10
287,214.34839787666058,6.969726114217847e-16,2.381952367405077e-15,1.6046669249823625e-15,3.797012370941924e-9,5154.726105726225,104.9448813933141,5259.670987123341,593.9315152737438,176.1643637371026,898.2977763433584,2.948461718841746e-15,1.0076574114490207e-14,1.4811759745289633e-15,1.7251259474344693e-9,22782.12471195136,16.495911703562417,22797.620623656636,561.7267780566449,80.65750547098665,1384.7490073213423,4.5106264805314764e-15,1.541537920652858e-14,1.6190624942466534e-17,6.447434825294906e-12,33963.567745741886,0.2989669367319064,33963.86671267858,5.979338734767082,0.29896693673835334, 47,Sub-Saharan Africa,Malawi,Lilongwe,STA Chitekwele,20607,MW20607,0.1435885,0.003537823,0.2045180,0.02936643,0.02463863,0.000723548,23696.91840,0.2966072,0.03349341,0.5957214,0.1766953,0.1129218,0.01995274, 5474.019385,0.05,8.80e-06,1,0.2258832,0.000176050,3.98e-05, 35348.61572,38,2020-04-10
288,214.34839787666058,5.797897473727344e-16,1.98147178517348e-15,1.334876708130431e-15,3.375122195495331e-9,5154.726105726395,104.94488139356544,5259.670987123341,593.9315152737438,176.1643637371026,898.2977763433584,2.452733211982187e-15,8.3823872472718435e-015,1.2321477597170665e-15,1.533445325919766e-9,22782.124711951514,16.495911703601617,22797.620623656636,561.7267780566449,80.65750547098665,1384.7490073213423,3.7522492937500644e-15,1.2823572559253092e-14,1.3468520513762229e-17,5.731053327714288e-12,33963.567745741886,0.2989669367326228,33963.86671267858,5.979338734767082,0.29896693673835334, 47,Sub-Saharan Africa,Malawi,Lilongwe,STA Chitekwele,20607,MW20607,0.1435885,0.003537823,0.2045180,0.02936643,0.02463863,0.000723548,23696.91840,0.2966072,0.03349341,0.5957214,0.1766953,0.1129218,0.01995274, 5474.019385,0.05,8.80e-06,1,0.2258832,0.000176050,3.98e-05, 35348.61572,38,2020-04-10
289,214.34839787666058,4.823089826442214e-16,1.6483244957207139e-15,1.1104457708568042e-15,3.000108691415953e-9,5154.726105726546,104.94488139378883,5259.670987123341,593.9315152737438,176.1643637371026,898.2977763433584,2.0403521507672443e-15,6.973046114719957e-15,1.024988219933797e-15,1.3630625446303875e-9,22782.12471195165,16.495911703636466,22797.620623656636,561.7267780566449,80.65750547098665,1384.7490073213423,3.1213789974222365e-15,1.066752954552008e-14,1.1204077799925387e-17,5.094269749146138e-12,33963.567745741886,0.2989669367332596,33963.86671267858,5.979338734767082,0.29896693673835334, 47,Sub-Saharan Africa,Malawi,Lilongwe,STA Chitekwele,20607,MW20607,0.1435885,0.003537823,0.2045180,0.02936643,0.02463863,0.000723548,23696.91840,0.2966072,0.03349341,0.5957214,0.1766953,0.1129218,0.01995274, 5474.019385,0.05,8.80e-06,1,0.2258832,0.000176050,3.98e-05, 35348.61572,38,2020-04-10
290,214.34839787666058,4.0121777900520187e-16,1.3711896697824195e-15,9.237479779778275e-16,2.6667633421501547e-9,5154.7261057266805,104.9448813939874,5259.670987123341,593.9315152737438,176.1643637371026,898.2977763433584,1.6973052262766304e-15,5.800659250625342e-15,8.526580724128999e-16,1.2116111779859298e-9,22782.12471195177,16.49591170366744,22797.620623656636,561.7267780566449,80.65750547098665,1384.7490073213423,2.5965777010565842e-15,8.87398469120083e-15,9.320351383917454e-18,4.528239880597326e-12,33963.567745741886,0.29896693673382563,33963.86671267858,5.979338734767082,0.29896693673835334, 47,Sub-Saharan Africa,Malawi,Lilongwe,STA Chitekwele,20607,MW20607,0.1435885,0.003537823,0.2045180,0.02936643,0.02463863,0.000723548,23696.91840,0.2966072,0.03349341,0.5957214,0.1766953,0.1129218,0.01995274, 5474.019385,0.05,8.80e-06,1,0.2258832,0.000176050,3.98e-05, 35348.61572,38,2020-04-10
291,214.34839787666058,3.337605393575415e-16,1.1406498630200762e-15,7.684393505428941e-16,2.3704563547876595e-9,5154.726105726801,104.94488139416393,5259.670987123341,593.9315152737438,176.1643637371026,898.2977763433584,1.411935204521808e-15,4.8253872403833586e-15,7.093015278337359e-16,1.0769877363947452e-9,22782.124711951874,16.495911703694972,22797.620623656636,561.7267780566449,80.65750547098665,1384.7490073213423,2.160011893077754e-15,7.381990736067336e-15,7.753332414355994e-18,4.025102202251608e-12,33963.567745741886,0.2989669367343288,33963.86671267858,5.979338734767082,0.29896693673835334, 47,Sub-Saharan Africa,Malawi,Lilongwe,STA Chitekwele,20607,MW20607,0.1435885,0.003537823,0.2045180,0.02936643,0.02463863,0.000723548,23696.91840,0.2966072,0.03349341,0.5957214,0.1766953,0.1129218,0.01995274, 5474.019385,0.05,8.80e-06,1,0.2258832,0.000176050,3.98e-05, 35348.61572,38,2020-04-10
292,214.34839787666058,2.7764496853751115e-16,9.488709975784585e-16,6.392425023806029e-16,2.1070723575048126e-9,5154.726105726906,104.94488139432084,5259.670987123341,593.9315152737438,176.1643637371026,898.2977763433584,1.1745447966575035e-15,4.014088919558091e-15,5.900473140796019e-16,9.573224511754955e-10,22782.12471195197,16.495911703719447,22797.620623656636,561.7267780566449,80.65750547098665,1384.7490073213423,1.79684643216453e-15,6.1408475574264e-15,6.4497736371978636e-18,3.5778686959028763e-12,33963.567745741886,0.29896693673477603,33963.86671267858,5.979338734767082,0.29896693673835334, 47,Sub-Saharan Africa,Malawi,Lilongwe,STA Chitekwele,20607,MW20607,0.1435885,0.003537823,0.2045180,0.02936643,0.02463863,0.000723548,23696.91840,0.2966072,0.03349341,0.5957214,0.1766953,0.1129218,0.01995274, 5474.019385,0.05,8.80e-06,1,0.2258832,0.000176050,3.98e-05, 35348.61572,38,2020-04-10
293,214.34839787666058,2.3096417779100186e-16,7.8933614873593e-16,5.317673181835389e-16,1.8729532417245493e-9,5154.726105727001,104.94488139446031,5259.670987123341,593.9315152737438,176.1643637371026,898.2977763433584,9.770671309840752e-16,3.3391951887661123e-15,4.908431529224683e-16,8.509533055932492e-10,22782.124711952052,16.495911703741204,22797.620623656636,561.7267780566449,80.65750547098665,1384.7490073213423,1.4947404275694782e-15,5.108379306350521e-15,5.365380093047691e-18,3.180327789320179e-12,33963.567745741886,0.2989669367351736,33963.86671267858,5.979338734767082,0.29896693673835334, 47,Sub-Saharan Africa,Malawi,Lilongwe,STA Chitekwele,20607,MW20607,0.1435885,0.003537823,0.2045180,0.02936643,0.02463863,0.000723548,23696.91840,0.2966072,0.03349341,0.5957214,0.1766953,0.1129218,0.01995274, 5474.019385,0.05,8.80e-06,1,0.2258832,0.000176050,3.98e-05, 35348.61572,38,2020-04-10
294,214.34839787666058,1.9213188591922097e-16,6.566240903314918e-16,4.4236178007918465e-16,1.6648473551376474e-9,5154.726105727085,104.94488139458429,5259.670987123341,593.9315152737438,176.1643637371026,898.2977763433584,8.127916288992896e-16,2.7777721754642432e-15,4.0831806539132086e-16,7.564029513316191e-10,22782.12471195213,16.49591170376054,22797.620623656636,561.7267780566449,80.65750547098665,1384.7490073213423,1.2434278777004706e-15,4.249501211097814e-15,4.4633040031742726e-18,2.8269580845554475e-12,33963.567745741886,0.298966936735527,33963.86671267858,5.979338734767082,0.29896693673835334, 47,Sub-Saharan Africa,Malawi,Lilongwe,STA Chitekwele,20607,MW20607,0.1435885,0.003537823,0.2045180,0.02936643,0.02463863,0.000723548,23696.91840,0.2966072,0.03349341,0.5957214,0.1766953,0.1129218,0.01995274, 5474.019385,0.05,8.80e-06,1,0.2258832,0.000176050,3.98e-05, 35348.61572,38,2020-04-10
295,214.34839787666058,1.5982851513554526e-16,5.462250736206785e-16,3.6798787401049186e-16,1.4798643399356617e-9,5154.72610572716,104.94488139469448,5259.670987123341,593.9315152737438,176.1643637371026,898.2977763433584,6.76135969664997e-16,2.3107419075104096e-15,3.396678271443706e-16,6.723581897976761e-10,22782.124711952194,16.49591170377773,22797.620623656636,561.7267780566449,80.65750547098665,1384.7490073213423,1.0343688164533367e-15,3.535027345623642e-15,3.712892702928598e-18,2.512851671980904e-12,33963.567745741886,0.2989669367358411,33963.86671267858,5.979338734767082,0.29896693673835334, 47,Sub-Saharan Africa,Malawi,Lilongwe,STA Chitekwele,20607,MW20607,0.1435885,0.003537823,0.2045180,0.02936643,0.02463863,0.000723548,23696.91840,0.2966072,0.03349341,0.5957214,0.1766953,0.1129218,0.01995274, 5474.019385,0.05,8.80e-06,1,0.2258832,0.000176050,3.98e-05, 35348.61572,38,2020-04-10
296,214.34839787666058,1.3295634989233374e-16,4.543875794583225e-16,3.061183594073397e-16,1.3154349890111692e-9,5154.726105727226,104.94488139479243,5259.670987123341,593.9315152737438,176.1643637371026,898.2977763433584,5.624563950192911e-16,1.92223401584701e-15,2.8255968175934284e-16,5.976517332788288e-10,22782.124711952256,16.49591170379301,22797.620623656636,561.7267780566449,80.65750547098665,1384.7490073213423,8.604591127407656e-16,2.940678849429426e-15,3.0886470792449865e-18,2.2336459649774043e-12,33963.567745741886,0.29896693673612035,33963.86671267858,5.979338734767082,0.29896693673835334, 47,Sub-Saharan Africa,Malawi,Lilongwe,STA Chitekwele,20607,MW20607,0.1435885,0.003537823,0.2045180,0.02936643,0.02463863,0.000723548,23696.91840,0.2966072,0.03349341,0.5957214,0.1766953,0.1129218,0.01995274, 5474.019385,0.05,8.80e-06,1,0.2258832,0.000176050,3.98e-05, 35348.61572,38,2020-04-10
297,214.34839787666058,1.1060223490940584e-16,3.779908362248126e-16,2.546508945225052e-16,1.1692755625745531e-9,5154.726105727285,104.9448813948795,5259.670987123341,593.9315152737438,176.1643637371026,898.2977763433584,4.678899075085435e-16,1.5990464362173156e-15,2.3505307420665297e-16,5.312459926353014e-10,22782.124711952307,16.495911703806588,22797.620623656636,561.7267780566449,80.65750547098665,1384.7490073213423,7.157890617834605e-16,2.4462588966208577e-15,2.569355121396901e-18,1.985463108536671e-12,33963.567745741886,0.2989669367363685,33963.86671267858,5.979338734767082,0.29896693673835334, 47,Sub-Saharan Africa,Malawi,Lilongwe,STA Chitekwele,20607,MW20607,0.1435885,0.003537823,0.2045180,0.02936643,0.02463863,0.000723548,23696.91840,0.2966072,0.03349341,0.5957214,0.1766953,0.1129218,0.01995274, 5474.019385,0.05,8.80e-06,1,0.2258832,0.000176050,3.98e-05, 35348.61572,38,2020-04-10
298,214.34839787666058,9.200654482892779e-17,3.144387714698244e-16,2.1183659951843333e-16,1.0393560695864321e-9,5154.726105727338,104.9448813949569,5259.670987123341,593.9315152737438,176.1643637371026,898.2977763433584,3.892230002087748e-16,1.330196783771868e-15,1.95533711110214e-16,4.722186663580084e-10,22782.124711952354,16.49591170381866,22797.620623656636,561.7267780566449,80.65750547098665,1384.7490073213423,5.954425647445573e-16,2.0349663784274932e-15,2.1373711441861822e-18,1.7648561202330448e-12,33963.567745741886,0.2989669367365891,33963.86671267858,5.979338734767082,0.29896693673835334, 47,Sub-Saharan Africa,Malawi,Lilongwe,STA Chitekwele,20607,MW20607,0.1435885,0.003537823,0.2045180,0.02936643,0.02463863,0.000723548,23696.91840,0.2966072,0.03349341,0.5957214,0.1766953,0.1129218,0.01995274, 5474.019385,0.05,8.80e-06,1,0.2258832,0.000176050,3.98e-05, 35348.61572,38,2020-04-10
299,214.34839787666058,7.653737104043819e-17,2.6157179359633867e-16,1.7622062996041683e-16,9.238720734714602e-10,5154.726105727385,104.94488139502569,5259.670987123341,593.9315152737438,176.1643637371026,898.2977763433584,3.2378245708109436e-16,1.106549155619107e-15,1.6265870722491163e-16,4.19749930840471e-10,22782.124711952394,16.495911703829393,22797.620623656636,561.7267780566449,80.65750547098665,1384.7490073213423,4.953300725392374e-16,1.692824977120131e-15,1.7780161924288748e-18,1.5687610155250517e-12,33963.567745741886,0.29896693673678515,33963.86671267858,5.979338734767082,0.29896693673835334, 47,Sub-Saharan Africa,Malawi,Lilongwe,STA Chitekwele,20607,MW20607,0.1435885,0.003537823,0.2045180,0.02936643,0.02463863,0.000723548,23696.91840,0.2966072,0.03349341,0.5957214,0.1766953,0.1129218,0.01995274, 5474.019385,0.05,8.80e-06,1,0.2258832,0.000176050,3.98e-05, 35348.61572,38,2020-04-10
300,214.34839787666058,6.366904850677392e-17,2.1759340579841737e-16,1.4659274146571348e-16,8.212196305273342e-10,5154.726105727426,104.94488139508685,5259.670987123341,593.9315152737438,176.1643637371026,898.2977763433584,2.6934451319822964e-16,9.205036795261981e-16,1.353109542540831e-16,3.7311105395239857e-10,22782.12471195243,16.49591170383893,22797.620623656636,561.7267780566449,80.65750547098665,1384.7490073213423,4.120496170072288e-16,1.4082082304293223e-15,1.4790792531360873e-18,1.3944542524623576e-12,33963.567745741886,0.29896693673695945,33963.86671267858,5.979338734767082,0.29896693673835334, 47,Sub-Saharan Africa,Malawi,Lilongwe,STA Chitekwele,20607,MW20607,0.1435885,0.003537823,0.2045180,0.02936643,0.02463863,0.000723548,23696.91840,0.2966072,0.03349341,0.5957214,0.1766953,0.1129218,0.01995274, 5474.019385,0.05,8.80e-06,1,0.2258832,0.000176050,3.98e-05, 35348.61572,38,2020-04-10
301,214.34839787666058,5.2964292901201344e-17,1.8100915848772508e-16,1.2194616574240936e-16,7.299730129523128e-10,5154.726105727463,104.94488139514121,5259.670987123341,593.9315152737438,176.1643637371026,898.2977763433584,2.2405928797433976e-16,7.657382591818559e-16,1.1256116149369078e-16,3.316542737705489e-10,22782.124711952467,16.49591170384741,22797.620623656636,561.7267780566449,80.65750547098665,1384.7490073213423,3.427712070853195e-16,1.1714444474647767e-15,1.2304023270752781e-18,1.2395149047540108e-12,33963.567745741886,0.2989669367371144,33963.86671267858,5.979338734767082,0.29896693673835334, 47,Sub-Saharan Africa,Malawi,Lilongwe,STA Chitekwele,20607,MW20607,0.1435885,0.003537823,0.2045180,0.02936643,0.02463863,0.000723548,23696.91840,0.2966072,0.03349341,0.5957214,0.1766953,0.1129218,0.01995274, 5474.019385,0.05,8.80e-06,1,0.2258832,0.000176050,3.98e-05, 35348.61572,38,2020-04-10
302,214.34839787666058,4.4059341049683986e-17,1.5057586572354968e-16,1.0144340066116524e-16,6.488649070896434e-10,5154.726105727496,104.94488139518953,5259.670987123341,593.9315152737438,176.1643637371026,898.2977763433584,1.8638792352920452e-16,6.369937401483619e-16,9.363627846957683e-17,2.948038018940415e-10,22782.124711952496,16.495911703854944,22797.620623656636,561.7267780566449,80.65750547098665,1384.7490073213423,2.8514066159368906e-16,9.744880506051908e-16,1.0235352608169292e-18,1.1017910378252662e-12,33963.567745741886,0.2989669367372521,33963.86671267858,5.979338734767082,0.29896693673835334, 47,Sub-Saharan Africa,Malawi,Lilongwe,STA Chitekwele,20607,MW20607,0.1435885,0.003537823,0.2045180,0.02936643,0.02463863,0.000723548,23696.91840,0.2966072,0.03349341,0.5957214,0.1766953,0.1129218,0.01995274, 5474.019385,0.05,8.80e-06,1,0.2258832,0.000176050,3.98e-05, 35348.61572,38,2020-04-10
303,214.34839787666058,3.6651589728895875e-17,1.2525935994682163e-16,8.438775193284744e-17,5.767688118651783e-10,5154.7261057275255,104.94488139523247,5259.670987123341,593.9315152737438,176.1643637371026,898.2977763433584,1.5505029205685307e-16,5.298951961283832e-16,7.789322658748427e-17,2.620478263904646e-10,22782.12471195252,16.49591170386164,22797.620623656636,561.7267780566449,80.65750547098665,1384.7490073213423,2.371996107342571e-16,8.106461750788621e-16,8.514486107390113e-19,9.793698208649033e-13,33963.567745741886,0.2989669367373745,33963.86671267858,5.979338734767082,0.29896693673835334, 47,Sub-Saharan Africa,Malawi,Lilongwe,STA Chitekwele,20607,MW20607,0.1435885,0.003537823,0.2045180,0.02936643,0.02463863,0.000723548,23696.91840,0.2966072,0.03349341,0.5957214,0.1766953,0.1129218,0.01995274, 5474.019385,0.05,8.80e-06,1,0.2258832,0.000176050,3.98e-05, 35348.61572,38,2020-04-10
304,214.34839787666058,3.0489312768352204e-17,1.0419934946260229e-16,7.01996593977563e-17,5.126833929525843e-10,5154.726105727552,104.94488139527066,5259.670987123341,593.9315152737438,176.1643637371026,898.2977763433584,1.289814952188627e-16,4.4080326259323077e-16,6.479704721062208e-17,2.3293140330282814e-10,22782.124711952543,16.495911703867595,22797.620623656636,561.7267780566449,80.65750547098665,1384.7490073213423,1.9731894783560432e-16,6.743512356919252e-16,7.082947823156971e-19,8.705509597535241e-13,33963.567745741886,0.2989669367374833,33963.86671267858,5.979338734767082,0.29896693673835334, 47,Sub-Saharan Africa,Malawi,Lilongwe,STA Chitekwele,20607,MW20607,0.1435885,0.003537823,0.2045180,0.02936643,0.02463863,0.000723548,23696.91840,0.2966072,0.03349341,0.5957214,0.1766953,0.1129218,0.01995274, 5474.019385,0.05,8.80e-06,1,0.2258832,0.000176050,3.98e-05, 35348.61572,38,2020-04-10
305,214.34839787666058,2.5363107028826378e-17,8.668018447722305e-17,5.839700350804727e-17,4.557185753633415e-10,5154.726105727575,104.94488139530459,5259.670987123341,593.9315152737438,176.1643637371026,898.2977763433584,1.0729567734836284e-16,3.666904658723957e-16,5.390272364587626e-17,2.07050137988498e-10,22782.124711952565,16.49591170387289,22797.620623656636,561.7267780566449,80.65750547098665,1384.7490073213423,1.6414346993795491e-16,5.609717321914204e-16,5.8920932835614415e-19,7.738230818864967e-13,33963.567745741886,0.29896693673758,33963.86671267858,5.979338734767082,0.29896693673835334, 47,Sub-Saharan Africa,Malawi,Lilongwe,STA Chitekwele,20607,MW20607,0.1435885,0.003537823,0.2045180,0.02936643,0.02463863,0.000723548,23696.91840,0.2966072,0.03349341,0.5957214,0.1766953,0.1129218,0.01995274, 5474.019385,0.05,8.80e-06,1,0.2258832,0.000176050,3.98e-05, 35348.61572,38,2020-04-10
306,214.34839787666058,2.1098776578954133e-17,7.210653827752813e-17,4.857872282795027e-17,4.0508318130343994e-10,5154.726105727595,104.94488139533475,5259.670987123341,593.9315152737438,176.1643637371026,898.2977763433584,8.925592278471839e-17,3.050383451864504e-16,4.484005935628321e-17,1.8404456853109898e-10,22782.12471195258,16.495911703877592,22797.620623656636,561.7267780566449,80.65750547098665,1384.7490073213423,1.3654582602477058e-16,4.66654864154701e-16,4.9014565441867e-19,6.878427449036249e-13,33963.567745741886,0.298966936737666,33963.86671267858,5.979338734767082,0.29896693673835334, 47,Sub-Saharan Africa,Malawi,Lilongwe,STA Chitekwele,20607,MW20607,0.1435885,0.003537823,0.2045180,0.02936643,0.02463863,0.000723548,23696.91840,0.2966072,0.03349341,0.5957214,0.1766953,0.1129218,0.01995274, 5474.019385,0.05,8.80e-06,1,0.2258832,0.000176050,3.98e-05, 35348.61572,38,2020-04-10
307,214.34839787666058,1.7551413264079035e-17,5.998317716340407e-17,4.0411185881798725e-17,3.6007394159872366e-10,5154.726105727614,104.94488139536156,5259.670987123341,593.9315152737438,176.1643637371026,898.2977763433584,7.424921440662811e-17,2.537518716799799e-16,3.7301098565757274e-17,1.6359517321687503e-10,22782.124711952594,16.495911703881774,22797.620623656636,561.7267780566449,80.65750547098665,1384.7490073213423,1.1358820799536108e-16,3.88195607230589e-16,4.077375147698608e-19,6.11415777781115e-13,33963.567745741886,0.29896693673774244,33963.86671267858,5.979338734767082,0.29896693673835334, 47,Sub-Saharan Africa,Malawi,Lilongwe,STA Chitekwele,20607,MW20607,0.1435885,0.003537823,0.2045180,0.02936643,0.02463863,0.000723548,23696.91840,0.2966072,0.03349341,0.5957214,0.1766953,0.1129218,0.01995274, 5474.019385,0.05,8.80e-06,1,0.2258832,0.000176050,3.98e-05, 35348.61572,38,2020-04-10
308,214.34839787666058,1.4600472516016527e-17,4.989813168620219e-17,3.3616854270391513e-17,3.2006572807945864e-10,5154.726105727629,104.9448813953854,5259.670987123341,593.9315152737438,176.1643637371026,898.2977763433584,6.176560241743114e-17,2.110882562884275e-16,3.102966181123892e-17,1.454179327373832e-10,22782.12471195261,16.495911703885493,22797.620623656636,561.7267780566449,80.65750547098665,1384.7490073213423,9.449048257957953e-17,3.229278017527135e-16,3.3918462655832465e-19,5.434806951325723e-13,33963.567745741886,0.2989669367378104,33963.86671267858,5.979338734767082,0.29896693673835334, 47,Sub-Saharan Africa,Malawi,Lilongwe,STA Chitekwele,20607,MW20607,0.1435885,0.003537823,0.2045180,0.02936643,0.02463863,0.000723548,23696.91840,0.2966072,0.03349341,0.5957214,0.1766953,0.1129218,0.01995274, 5474.019385,0.05,8.80e-06,1,0.2258832,0.000176050,3.98e-05, 35348.61572,38,2020-04-10
309,214.34839787666058,1.2145677073435735e-17,4.1508697327805774e-17,2.7964851831840364e-17,2.845028712455566e-10,5154.726105727644,104.94488139540658,5259.670987123341,593.9315152737438,176.1643637371026,898.2977763433584,5.1380875508950215e-17,1.755977272264255e-16,2.5812640861553322e-17,1.2926038547815256e-10,22782.124711952623,16.495911703888797,22797.620623656636,561.7267780566449,80.65750547098665,1384.7490073213423,7.860368127543018e-17,2.686335527578669e-16,2.8215751540955873e-19,4.830939543665818e-13,33963.567745741886,0.2989669367378708,33963.86671267858,5.979338734767082,0.29896693673835334, 47,Sub-Saharan Africa,Malawi,Lilongwe,STA Chitekwele,20607,MW20607,0.1435885,0.003537823,0.2045180,0.02936643,0.02463863,0.000723548,23696.91840,0.2966072,0.03349341,0.5957214,0.1766953,0.1129218,0.01995274, 5474.019385,0.05,8.80e-06,1,0.2258832,0.000176050,3.98e-05, 35348.61572,38,2020-04-10
310,214.34839787666058,1.0103609414583264e-17,3.4529788902642e-17,2.3263119389249022e-17,2.528914426390336e-10,5154.7261057276555,104.94488139542541,5259.670987123341,593.9315152737438,176.1643637371026,898.2977763433584,4.274214554363826e-17,1.4607426463033711e-16,2.1472757205525617e-17,1.1489812110935118e-10,22782.124711952634,16.495911703891736,22797.620623656636,561.7267780566449,80.65750547098665,1384.7490073213423,6.538794745502252e-17,2.2346786269065575e-16,2.347183591222545e-19,4.2941685093609446e-13,33963.567745741886,0.2989669367379244,33963.86671267858,5.979338734767082,0.29896693673835334, 47,Sub-Saharan Africa,Malawi,Lilongwe,STA Chitekwele,20607,MW20607,0.1435885,0.003537823,0.2045180,0.02936643,0.02463863,0.000723548,23696.91840,0.2966072,0.03349341,0.5957214,0.1766953,0.1129218,0.01995274, 5474.019385,0.05,8.80e-06,1,0.2258832,0.000176050,3.98e-05, 35348.61572,38,2020-04-10
311,214.34839787666058,8.40487710844994e-18,2.872425294837442e-17,1.9351888504907734e-17,2.247923947311536e-10,5154.726105727667,104.94488139544215,5259.670987123341,593.9315152737438,176.1643637371026,898.2977763433584,3.555585590183817e-17,1.2151461824629824e-16,1.7862538042946807e-17,1.0213166377753547e-10,22782.124711952645,16.495911703894347,22797.620623656636,561.7267780566449,80.65750547098665,1384.7490073213423,5.439419125052832e-17,1.8589593570403362e-16,1.9525513975048023e-19,3.817038696702631e-13,33963.567745741886,0.2989669367379721,33963.86671267858,5.979338734767082,0.29896693673835334, 47,Sub-Saharan Africa,Malawi,Lilongwe,STA Chitekwele,20607,MW20607,0.1435885,0.003537823,0.2045180,0.02936643,0.02463863,0.000723548,23696.91840,0.2966072,0.03349341,0.5957214,0.1766953,0.1129218,0.01995274, 5474.019385,0.05,8.80e-06,1,0.2258832,0.000176050,3.98e-05, 35348.61572,38,2020-04-10
312,214.34839787666058,6.991754758979696e-18,2.3894808906284477e-17,1.6098252479895408e-17,1.99815463043171e-10,5154.726105727677,104.94488139545702,5259.670987123341,593.9315152737438,176.1643637371026,898.2977763433584,2.957780600047895e-17,1.0108421552506497e-16,1.4859305082392807e-17,9.078370160906462e-11,22782.124711952656,16.495911703896667,22797.620623656636,561.7267780566449,80.65750547098665,1384.7490073213423,4.5248828826985845e-17,1.5464102306475025e-16,1.624268665684651e-19,3.3929233040231985e-13,33963.567745741886,0.2989669367380145,33963.86671267858,5.979338734767082,0.29896693673835334, 47,Sub-Saharan Africa,Malawi,Lilongwe,STA Chitekwele,20607,MW20607,0.1435885,0.003537823,0.2045180,0.02936643,0.02463863,0.000723548,23696.91840,0.2966072,0.03349341,0.5957214,0.1766953,0.1129218,0.01995274, 5474.019385,0.05,8.80e-06,1,0.2258832,0.000176050,3.98e-05, 35348.61572,38,2020-04-10
313,214.34839787666058,5.816222412104326e-18,1.9877345240909257e-17,1.3391650121935667e-17,1.7761374580891538e-10,5154.726105727686,104.94488139547025,5259.670987123341,593.9315152737438,176.1643637371026,898.2977763433584,2.460485300175294e-17,8.408880163104546e-17,1.2361005864891248e-17,8.069662404633607e-11,22782.124711952663,16.49591170389873,22797.620623656636,561.7267780566449,80.65750547098665,1384.7490073213423,3.7641087459965526e-17,1.2864103737484854e-16,1.3511800859869885e-19,3.0159318408273993e-13,33963.567745741886,0.29896693673805225,33963.86671267858,5.979338734767082,0.29896693673835334, 47,Sub-Saharan Africa,Malawi,Lilongwe,STA Chitekwele,20607,MW20607,0.1435885,0.003537823,0.2045180,0.02936643,0.02463863,0.000723548,23696.91840,0.2966072,0.03349341,0.5957214,0.1766953,0.1129218,0.01995274, 5474.019385,0.05,8.80e-06,1,0.2258832,0.000176050,3.98e-05, 35348.61572,38,2020-04-10
314,214.34839787666058,4.8383337678207e-18,1.6535342691332478e-17,1.1140108819909716e-17,1.5787888589684157e-10,5154.7261057276955,104.944881395482,5259.670987123341,593.9315152737438,176.1643637371026,898.2977763433584,2.0468008723752383e-17,6.995084765168845e-17,1.0282745961277808e-17,7.173033281321749e-11,22782.12471195267,16.495911703900568,22797.620623656636,561.7267780566449,80.65750547098665,1384.7490073213423,3.1312445026165815e-17,1.0701246129740541e-16,1.1240058832153577e-19,2.6808283154607656e-13,33963.567745741886,0.2989669367380857,33963.86671267858,5.979338734767082,0.29896693673835334, 47,Sub-Saharan Africa,Malawi,Lilongwe,STA Chitekwele,20607,MW20607,0.1435885,0.003537823,0.2045180,0.02936643,0.02463863,0.000723548,23696.91840,0.2966072,0.03349341,0.5957214,0.1766953,0.1129218,0.01995274, 5474.019385,0.05,8.80e-06,1,0.2258832,0.000176050,3.98e-05, 35348.61572,38,2020-04-10
315,214.34839787666058,4.0248587467823186e-18,1.3755235148097827e-17,9.267119264465644e-18,1.4033678807386807e-10,5154.726105727702,104.94488139549244,5259.670987123341,593.9315152737438,176.1643637371026,898.2977763433584,1.7026697176038128e-17,5.818992532380065e-17,8.553904206685415e-18,6.37602961064499e-11,22782.12471195268,16.4959117039022,22797.620623656636,561.7267780566449,80.65750547098665,1384.7490073213423,2.6047845045464715e-17,8.902032435256459e-17,9.350264850915012e-20,2.382958513033529e-13,33963.567745741886,0.29896693673811553,33963.86671267858,5.979338734767082,0.29896693673835334, 47,Sub-Saharan Africa,Malawi,Lilongwe,STA Chitekwele,20607,MW20607,0.1435885,0.003537823,0.2045180,0.02936643,0.02463863,0.000723548,23696.91840,0.2966072,0.03349341,0.5957214,0.1766953,0.1129218,0.01995274, 5474.019385,0.05,8.80e-06,1,0.2258832,0.000176050,3.98e-05, 35348.61572,38,2020-04-10
316,214.34839787666058,3.348154283842631e-18,1.1442550511595606e-17,7.709035617370431e-18,1.2474381212861762e-10,5154.726105727708,104.94488139550172,5259.670987123341,593.9315152737438,176.1643637371026,898.2977763433584,1.4163977582838327e-17,4.840638138139327e-17,7.115732947174935e-18,5.6675818987929336e-11,22782.12471195269,16.495911703903648,22797.620623656636,561.7267780566449,80.65750547098665,1384.7490073213423,2.166838874877388e-17,7.405322755175124e-17,7.77820206839812e-20,2.1181853535722978e-13,33963.567745741886,0.29896693673814195,33963.86671267858,5.979338734767082,0.29896693673835334, 47,Sub-Saharan Africa,Malawi,Lilongwe,STA Chitekwele,20607,MW20607,0.1435885,0.003537823,0.2045180,0.02936643,0.02463863,0.000723548,23696.91840,0.2966072,0.03349341,0.5957214,0.1766953,0.1129218,0.01995274, 5474.019385,0.05,8.80e-06,1,0.2258832,0.000176050,3.98e-05, 35348.61572,38,2020-04-10
317,214.34839787666058,2.7852249764715395e-18,9.51870039267826e-18,6.41291278692642e-18,1.1088338898082202e-10,5154.726105727714,104.94488139550998,5259.670987123341,593.9315152737438,176.1643637371026,898.2977763433584,1.1782570565250452e-17,4.0267756755607624e-17,5.919361754226434e-18,5.037850595556029e-11,22782.124711952692,16.495911703904937,22797.620623656636,561.7267780566449,80.65750547098665,1384.7490073213423,1.8025255837527742e-17,6.160256717083682e-17,6.470450385012165e-20,1.8828314325969066e-13,33963.567745741886,0.2989669367381655,33963.86671267858,5.979338734767082,0.29896693673835334, 47,Sub-Saharan Africa,Malawi,Lilongwe,STA Chitekwele,20607,MW20607,0.1435885,0.003537823,0.2045180,0.02936643,0.02463863,0.000723548,23696.91840,0.2966072,0.03349341,0.5957214,0.1766953,0.1129218,0.01995274, 5474.019385,0.05,8.80e-06,1,0.2258832,0.000176050,3.98e-05, 35348.61572,38,2020-04-10
318,214.34839787666058,2.3169416675112838e-18,7.918309564862638e-18,5.334707319604077e-18,9.856301277845197e-11,5154.726105727719,104.94488139551733,5259.670987123341,593.9315152737438,176.1643637371026,898.2977763433584,9.8015524463323e-18,3.349748913134407e-17,4.924136772668846e-18,4.4780894339516875e-11,22782.124711952696,16.495911703906085,22797.620623656636,561.7267780566449,80.65750547098665,1384.7490073213423,1.4994647353369748e-17,5.124525165586422e-17,5.38257120067145e-20,1.6736279460755908e-13,33963.567745741886,0.2989669367381864,33963.86671267858,5.979338734767082,0.29896693673835334, 47,Sub-Saharan Africa,Malawi,Lilongwe,STA Chitekwele,20607,MW20607,0.1435885,0.003537823,0.2045180,0.02936643,0.02463863,0.000723548,23696.91840,0.2966072,0.03349341,0.5957214,0.1766953,0.1129218,0.01995274, 5474.019385,0.05,8.80e-06,1,0.2258832,0.000176050,3.98e-05, 35348.61572,38,2020-04-10
319,214.34839787666058,1.927391408576626e-18,6.586994419020688e-18,4.43778077371503e-18,8.761156720617867e-11,5154.726105727723,104.94488139552385,5259.670987123341,593.9315152737438,176.1643637371026,898.2977763433584,8.153605346756302e-18,2.7865514957007744e-17,4.096239272485494e-18,3.9805239543319744e-11,22782.1247119527,16.4959117039071,22797.620623656636,561.7267780566449,80.65750547098665,1384.7490073213423,1.247357880938912e-17,4.2629324356664235e-17,4.4775973617471464e-20,1.4876692903834707e-13,33963.567745741886,0.29896693673820496,33963.86671267858,5.979338734767082,0.29896693673835334, 47,Sub-Saharan Africa,Malawi,Lilongwe,STA Chitekwele,20607,MW20607,0.1435885,0.003537823,0.2045180,0.02936643,0.02463863,0.000723548,23696.91840,0.2966072,0.03349341,0.5957214,0.1766953,0.1129218,0.01995274, 5474.019385,0.05,8.80e-06,1,0.2258832,0.000176050,3.98e-05, 35348.61572,38,2020-04-10
320,214.34839787666058,1.6033367149097039e-18,5.479514929217736e-18,3.691654719300438e-18,7.787694887059064e-11,5154.7261057277265,104.94488139552965,5259.670987123341,593.9315152737438,176.1643637371026,898.2977763433584,6.782729625273898e-18,2.3180451549969518e-17,3.4075364623245956e-18,3.53824352580901e-11,22782.124711952703,16.495911703908003,22797.620623656636,561.7267780566449,80.65750547098665,1384.7490073213423,1.0376380627386212e-17,3.546200352794968e-17,3.724776991593163e-20,1.3223727067086927e-13,33963.567745741886,0.2989669367382215,33963.86671267858,5.979338734767082,0.29896693673835334, 47,Sub-Saharan Africa,Malawi,Lilongwe,STA Chitekwele,20607,MW20607,0.1435885,0.003537823,0.2045180,0.02936643,0.02463863,0.000723548,23696.91840,0.2966072,0.03349341,0.5957214,0.1766953,0.1129218,0.01995274, 5474.019385,0.05,8.80e-06,1,0.2258832,0.000176050,3.98e-05, 35348.61572,38,2020-04-10
321,214.34839787666058,1.3337657363825963e-18,4.558237330809502e-18,3.0709750586916488e-018,6.922395475365178e-11,5154.72610572773,104.94488139553481,5259.670987123341,593.9315152737438,176.1643637371026,898.2977763433584,5.642340929386634e-18,1.928309363429586e-17,2.834625514844663e-18,3.1451053652967166e-11,22782.124711952707,16.49591170390881,22797.620623656636,561.7267780566449,80.65750547098665,1384.7490073213423,8.631786960932581e-18,2.949973317973522e-17,3.098528519588934e-20,1.1754424094122843e-13,33963.567745741886,0.2989669367382362,33963.86671267858,5.979338734767082,0.29896693673835334, 47,Sub-Saharan Africa,Malawi,Lilongwe,STA Chitekwele,20607,MW20607,0.1435885,0.003537823,0.2045180,0.02936643,0.02463863,0.000723548,23696.91840,0.2966072,0.03349341,0.5957214,0.1766953,0.1129218,0.01995274, 5474.019385,0.05,8.80e-06,1,0.2258832,0.000176050,3.98e-05, 35348.61572,38,2020-04-10
322,214.34839787666058,1.1095180588036436e-18,3.791855270363402e-18,2.5546504749466388e-18,6.153240439349605e-11,5154.726105727734,104.9448813955394,5259.670987123341,593.9315152737438,176.1643637371026,898.2977763433584,4.69368719123539e-18,1.604100331362526e-17,2.358038319412182e-18,2.795649221100945e-11,22782.12471195271,16.495911703909524,22797.620623656636,561.7267780566449,80.65750547098665,1384.7490073213423,7.180513978197165e-18,2.4539906690514165e-17,2.5775714001930675e-20,1.0448377001248366e-13,33963.567745741886,0.2989669367382493,33963.86671267858,5.979338734767082,0.29896693673835334, 47,Sub-Saharan Africa,Malawi,Lilongwe,STA Chitekwele,20607,MW20607,0.1435885,0.003537823,0.2045180,0.02936643,0.02463863,0.000723548,23696.91840,0.2966072,0.03349341,0.5957214,0.1766953,0.1129218,0.01995274, 5474.019385,0.05,8.80e-06,1,0.2258832,0.000176050,3.98e-05, 35348.61572,38,2020-04-10
323,214.34839787666058,9.229734197113478e-19,3.1543259702182073e-18,2.1251357322648143e-18,5.4695470711753385e-11,5154.7261057277365,104.94488139554346,5259.670987123341,593.9315152737438,176.1643637371026,898.2977763433584,3.904531775923486e-18,1.3344009638588329e-17,1.9615799392327408e-18,2.485021536108588e-11,22782.124711952714,16.49591170391016,22797.620623656636,561.7267780566449,80.65750547098665,1384.7490073213423,5.9732453110650815e-18,2.041398193953348e-17,2.1442029834785478e-20,9.287446247205287e-14,33963.567745741886,0.2989669367382609,33963.86671267858,5.979338734767082,0.29896693673835334, 47,Sub-Saharan Africa,Malawi,Lilongwe,STA Chitekwele,20607,MW20607,0.1435885,0.003537823,0.2045180,0.02936643,0.02463863,0.000723548,23696.91840,0.2966072,0.03349341,0.5957214,0.1766953,0.1129218,0.01995274, 5474.019385,0.05,8.80e-06,1,0.2258832,0.000176050,3.98e-05, 35348.61572,38,2020-04-10
324,214.34839787666058,7.677927607655172e-19,2.623985257006254e-18,1.7678354745880546e-18,4.8618196304466664e-11,5154.726105727739,104.94488139554707,5259.670987123341,593.9315152737438,176.1643637371026,898.2977763433584,3.2480580337366e-18,1.1100464837516745e-17,1.6317782933196205e-18,2.2089080372872625e-11,22782.124711952718,16.495911703910725,22797.620623656636,561.7267780566449,80.65750547098665,1384.7490073213423,4.968956213178606e-18,1.6981754000350166e-17,1.783696964879757e-20,8.255507795155934e-14,33963.567745741886,0.29896693673827124,33963.86671267858,5.979338734767082,0.29896693673835334, 47,Sub-Saharan Africa,Malawi,Lilongwe,STA Chitekwele,20607,MW20607,0.1435885,0.003537823,0.2045180,0.02936643,0.02463863,0.000723548,23696.91840,0.2966072,0.03349341,0.5957214,0.1766953,0.1129218,0.01995274, 5474.019385,0.05,8.80e-06,1,0.2258832,0.000176050,3.98e-05, 35348.61572,38,2020-04-10
325,214.34839787666058,6.387028173190591e-19,2.182811381520007e-18,1.4706082631590819e-18,4.32161745895409e-11,5154.726105727742,104.9448813955503,5259.670987123341,593.9315152737438,176.1643637371026,898.2977763433584,2.7019580313491914e-18,9.234129991707205e-18,1.3574263631669832e-18,1.9634738152391177e-11,22782.12471195272,16.49591170391123,22797.620623656636,561.7267780566449,80.65750547098665,1384.7490073213423,4.133519479351899e-18,1.41265907734672e-17,1.48380297317583e-20,7.338229167775079e-14,33963.567745741886,0.29896693673828045,33963.86671267858,5.979338734767082,0.29896693673835334, 47,Sub-Saharan Africa,Malawi,Lilongwe,STA Chitekwele,20607,MW20607,0.1435885,0.003537823,0.2045180,0.02936643,0.02463863,0.000723548,23696.91840,0.2966072,0.03349341,0.5957214,0.1766953,0.1129218,0.01995274, 5474.019385,0.05,8.80e-06,1,0.2258832,0.000176050,3.98e-05, 35348.61572,38,2020-04-10
326,214.34839787666058,5.313169252105797e-19,1.815812613451076e-18,1.2233539999614337e-18,3.841437749333748e-11,5154.726105727744,104.94488139555315,5259.670987123341,593.9315152737438,176.1643637371026,898.2977763433584,2.247674495777214e-18,7.681584325949535e-18,1.1292013680239386e-18,1.7453100615807853e-11,22782.124711952725,16.495911703911677,22797.620623656636,561.7267780566449,80.65750547098665,1384.7490073213423,3.4385457534725498e-18,1.1751469657917437e-17,1.2343302924437845e-20,6.52287038510477e-14,33963.567745741886,0.2989669367382886,33963.86671267858,5.979338734767082,0.29896693673835334, 47,Sub-Saharan Africa,Malawi,Lilongwe,STA Chitekwele,20607,MW20607,0.1435885,0.003537823,0.2045180,0.02936643,0.02463863,0.000723548,23696.91840,0.2966072,0.03349341,0.5957214,0.1766953,0.1129218,0.01995274, 5474.019385,0.05,8.80e-06,1,0.2258832,0.000176050,3.98e-05, 35348.61572,38,2020-04-10
327,214.34839787666058,4.419859555322463e-19,1.5105178005802407e-18,1.0176707174488854e-18,3.4146113394444524e-11,5154.7261057277465,104.9448813955557,5259.670987123341,593.9315152737438,176.1643637371026,898.2977763433584,1.8697702112270048e-18,6.3900700782337615e-18,9.393479680949228e-19,1.5513867244120737e-011,22782.124711952725,16.495911703912075,22797.620623656636,561.7267780566449,80.65750547098665,1384.7490073213423,2.8604188168620052e-18,9.775680582130768e-18,1.026801572617431e-20,5.798107020394363e-14,33963.567745741886,0.29896693673829583,33963.86671267858,5.979338734767082,0.29896693673835334, 47,Sub-Saharan Africa,Malawi,Lilongwe,STA Chitekwele,20607,MW20607,0.1435885,0.003537823,0.2045180,0.02936643,0.02463863,0.000723548,23696.91840,0.2966072,0.03349341,0.5957214,0.1766953,0.1129218,0.01995274, 5474.019385,0.05,8.80e-06,1,0.2258832,0.000176050,3.98e-05, 35348.61572,38,2020-04-10
328,214.34839787666058,3.6767431191721297e-19,1.2565525808774168e-18,8.465690720682293e-19,3.035210085087916e-11,5154.726105727748,104.94488139555796,5259.670987123341,593.9315152737438,176.1643637371026,898.2977763433584,1.5554034400377572e-18,5.315699714189216e-18,7.814147306928497e-19,1.379010424209261e-11,22782.124711952725,16.495911703912427,22797.620623656636,561.7267780566449,80.65750547098665,1384.7490073213423,2.3794930748037225e-18,8.132083358283016e-18,8.541647615276712e-21,5.1538729165009603e-14,33963.567745741886,0.29896693673830227,33963.86671267858,5.979338734767082,0.29896693673835334, 47,Sub-Saharan Africa,Malawi,Lilongwe,STA Chitekwele,20607,MW20607,0.1435885,0.003537823,0.2045180,0.02936643,0.02463863,0.000723548,23696.91840,0.2966072,0.03349341,0.5957214,0.1766953,0.1129218,0.01995274, 5474.019385,0.05,8.80e-06,1,0.2258832,0.000176050,3.98e-05, 35348.61572,38,2020-04-10
329,214.34839787666058,3.058567765581995e-19,1.0452868465843165e-18,7.042348398791987e-19,2.6979645247215197e-11,5154.72610572775,104.94488139555997,5259.670987123341,593.9315152737438,176.1643637371026,898.2977763433584,1.293891541737315e-18,4.421964564754638e-18,6.50034904276355e-19,1.225787045830185e-11,22782.124711952725,16.49591170391274,22797.620623656636,561.7267780566449,80.65750547098665,1384.7490073213423,1.979425970635929e-18,6.764826161030355e-18,7.105534696941192e-21,4.581220378111917e-14,33963.567745741886,0.298966936738308,33963.86671267858,5.979338734767082,0.29896693673835334, 47,Sub-Saharan Africa,Malawi,Lilongwe,STA Chitekwele,20607,MW20607,0.1435885,0.003537823,0.2045180,0.02936643,0.02463863,0.000723548,23696.91840,0.2966072,0.03349341,0.5957214,0.1766953,0.1129218,0.01995274, 5474.019385,0.05,8.80e-06,1,0.2258832,0.000176050,3.98e-05, 35348.61572,38,2020-04-10
330,214.34839787666058,2.544326996311099e-19,8.695414805947642e-19,5.858313437121548e-19,2.398190692504116e-11,5154.726105727751,104.94488139556177,5259.670987123341,593.9315152737438,176.1643637371026,898.2977763433584,1.076347961369033e-18,3.678494208446042e-18,5.407440509088616e-19,1.0895884869206698e-11,22782.124711952725,16.49591170391302,22797.620623656636,561.7267780566449,80.65750547098665,1384.7490073213423,1.646622641892157e-18,5.627447601223736e-18,5.9108762490261646e-21,4.0721958982171696e-14,33963.567745741886,0.2989669367383131,33963.86671267858,5.979338734767082,0.29896693673835334, 47,Sub-Saharan Africa,Malawi,Lilongwe,STA Chitekwele,20607,MW20607,0.1435885,0.003537823,0.2045180,0.02936643,0.02463863,0.000723548,23696.91840,0.2966072,0.03349341,0.5957214,0.1766953,0.1129218,0.01995274, 5474.019385,0.05,8.80e-06,1,0.2258832,0.000176050,3.98e-05, 35348.61572,38,2020-04-10
331,214.34839787666058,2.116546161564304e-19,7.233443996085088e-19,4.873350981980115e-19,2.1317250632170514e-11,5154.726105727752,104.94488139556336,5259.670987123341,593.9315152737438,176.1643637371026,898.2977763433584,8.953802514199767e-19,3.060024440217458e-18,4.498283401495944e-19,9.685231009317972e-12,22782.124711952725,16.49591170391327,22797.620623656636,561.7267780566449,80.65750547098665,1384.7490073213423,1.3697739470906858e-18,4.681297900306836e-18,4.917076426729252e-21,3.6197296927626727e-14,33963.567745741886,0.29896693673831765,33963.86671267858,5.979338734767082,0.29896693673835334, 47,Sub-Saharan Africa,Malawi,Lilongwe,STA Chitekwele,20607,MW20607,0.1435885,0.003537823,0.2045180,0.02936643,0.02463863,0.000723548,23696.91840,0.2966072,0.03349341,0.5957214,0.1766953,0.1129218,0.01995274, 5474.019385,0.05,8.80e-06,1,0.2258832,0.000176050,3.98e-05, 35348.61572,38,2020-04-10
332,214.34839787666058,1.7606886459592241e-19,6.017276140501902e-19,4.0539908776716154e-19,1.894866725532792e-11,5154.726105727753,104.94488139556476,5259.670987123341,593.9315152737438,176.1643637371026,898.2977763433584,7.448388656937963e-19,2.5455387569895045e-18,3.7419834928175824e-19,8.609094242546507e-12,22782.124711952725,16.49591170391349,22797.620623656636,561.7267780566449,80.65750547098665,1384.7490073213423,1.1394721646479408e-18,3.894225514606152e-18,4.090364776091131e-21,3.217537509218429e-14,33963.567745741886,0.29896693673832164,33963.86671267858,5.979338734767082,0.29896693673835334, 47,Sub-Saharan Africa,Malawi,Lilongwe,STA Chitekwele,20607,MW20607,0.1435885,0.003537823,0.2045180,0.02936643,0.02463863,0.000723548,23696.91840,0.2966072,0.03349341,0.5957214,0.1766953,0.1129218,0.01995274, 5474.019385,0.05,8.80e-06,1,0.2258832,0.000176050,3.98e-05, 35348.61572,38,2020-04-10
333,214.34839787666058,1.4646618931785245e-19,5.005584085541434e-19,3.3723903169923817e-19,1.6843259804751766e-11,5154.726105727754,104.94488139556601,5259.670987123341,593.9315152737438,176.1643637371026,898.2977763433584,6.196081887795786e-19,2.117554186275794e-18,3.112840815055415e-19,7.652528225619759e-12,22782.124711952725,16.495911703913684,22797.620623656636,561.7267780566449,80.65750547098665,1384.7490073213423,9.478913048072475e-19,3.2394845790963607e-18,3.402648680335724e-21,2.860033345304345e-14,33963.567745741886,0.2989669367383252,33963.86671267858,5.979338734767082,0.29896693673835334, 47,Sub-Saharan Africa,Malawi,Lilongwe,STA Chitekwele,20607,MW20607,0.1435885,0.003537823,0.2045180,0.02936643,0.02463863,0.000723548,23696.91840,0.2966072,0.03349341,0.5957214,0.1766953,0.1129218,0.01995274, 5474.019385,0.05,8.80e-06,1,0.2258832,0.000176050,3.98e-05, 35348.61572,38,2020-04-10
334,214.34839787666058,1.2184064833063595e-19,4.1639890628227643e-19,2.805387714200654e-19,1.4971786511612377e-11,5154.726105727755,104.94488139556714,5259.670987123341,593.9315152737438,176.1643637371026,898.2977763433584,5.154326999938222e-19,1.7615271893239172e-18,2.589476347250465e-19,6.802247320004868e-12,22782.124711952725,16.495911703913855,22797.620623656636,561.7267780566449,80.65750547098665,1384.7490073213423,7.885211711170413e-19,2.6948260439907403e-18,2.830558744278751e-21,2.5422518656343776e-14,33963.567745741886,0.29896693673832836,33963.86671267858,5.979338734767082,0.29896693673835334, 47,Sub-Saharan Africa,Malawi,Lilongwe,STA Chitekwele,20607,MW20607,0.1435885,0.003537823,0.2045180,0.02936643,0.02463863,0.000723548,23696.91840,0.2966072,0.03349341,0.5957214,0.1766953,0.1129218,0.01995274, 5474.019385,0.05,8.80e-06,1,0.2258832,0.000176050,3.98e-05, 35348.61572,38,2020-04-10
335,214.34839787666058,1.0135542990987862e-19,3.4638924486620767e-19,2.333715650288421e-19,1.3308254692378585e-11,5154.726105727756,104.94488139556813,5259.670987123341,593.9315152737438,176.1643637371026,898.2977763433584,4.2877236459324013e-19,1.4653594504946052e-18,2.154105533383761e-19,6.0464420691712934e-12,22782.124711952725,16.49591170391401,22797.620623656636,561.7267780566449,80.65750547098665,1384.7490073213423,6.55946134480538e-19,2.2417416196558846e-18,2.3546546781979413e-21,2.2597794387326728e-14,33963.567745741886,0.2989669367383312,33963.86671267858,5.979338734767082,0.29896693673835334, 47,Sub-Saharan Africa,Malawi,Lilongwe,STA Chitekwele,20607,MW20607,0.1435885,0.003537823,0.2045180,0.02936643,0.02463863,0.000723548,23696.91840,0.2966072,0.03349341,0.5957214,0.1766953,0.1129218,0.01995274, 5474.019385,0.05,8.80e-06,1,0.2258832,0.000176050,3.98e-05, 35348.61572,38,2020-04-10
336,214.34839787666058,8.431441651805243e-20,2.881503941221895e-19,1.9413461457736062e-19,1.1829559739361476e-11,5154.7261057277565,104.94488139556901,5259.670987123341,593.9315152737438,176.1643637371026,898.2977763433584,3.566823382412958e-19,1.218986758882532e-18,1.7919339437972942e-19,5.3746151783778914e-12,22782.124711952725,16.495911703914146,22797.620623656636,561.7267780566449,80.65750547098665,1384.7490073213423,5.456611021971155e-19,1.864834837999e-18,1.9587646964394223e-21,2.0086928366027305e-14,33963.567745741886,0.2989669367383337,33963.86671267858,5.979338734767082,0.29896693673835334, 47,Sub-Saharan Africa,Malawi,Lilongwe,STA Chitekwele,20607,MW20607,0.1435885,0.003537823,0.2045180,0.02936643,0.02463863,0.000723548,23696.91840,0.2966072,0.03349341,0.5957214,0.1766953,0.1129218,0.01995274, 5474.019385,0.05,8.80e-06,1,0.2258832,0.000176050,3.98e-05, 35348.61572,38,2020-04-10
337,214.34839787666058,7.013852971741076e-20,2.3970331314336333e-19,1.614946012815748e-19,1.0515164223416333e-11,5154.726105727757,104.9448813955698,5259.670987123341,593.9315152737438,176.1643637371026,898.2977763433584,2.967128969111353e-19,1.0140370117775885e-18,1.4906545441566665e-19,4.777435718926487e-12,22782.124711952725,16.495911703914267,22797.620623656636,561.7267780566449,80.65750547098665,1384.7490073213423,4.539184283556098e-19,1.551297858078762e-18,1.6294359829606185e-21,1.7855047454549408e-14,33963.567745741886,0.2989669367383359,33963.86671267858,5.979338734767082,0.29896693673835334, 47,Sub-Saharan Africa,Malawi,Lilongwe,STA Chitekwele,20607,MW20607,0.1435885,0.003537823,0.2045180,0.02936643,0.02463863,0.000723548,23696.91840,0.2966072,0.03349341,0.5957214,0.1766953,0.1129218,0.01995274, 5474.019385,0.05,8.80e-06,1,0.2258832,0.000176050,3.98e-05, 35348.61572,38,2020-04-10
338,214.34839787666058,5.834605224185605e-20,1.9940169960970637e-19,1.3434237790365986e-19,9.346812651896963e-12,5154.726105727758,104.94488139557048,5259.670987123341,593.9315152737438,176.1643637371026,898.2977763433584,2.46826191697351e-19,8.435457184262679e-19,1.2400294886839272e-19,4.246609531941493e-12,22782.124711952725,16.495911703914373,22797.620623656636,561.7267780566449,80.65750547098665,1384.7490073213423,3.7760056337188835e-19,1.2904762370332189e-18,1.3554775501467043e-21,1.5871153307972197e-14,33963.567745741886,0.29896693673833796,33963.86671267858,5.979338734767082,0.29896693673835334, 47,Sub-Saharan Africa,Malawi,Lilongwe,STA Chitekwele,20607,MW20607,0.1435885,0.003537823,0.2045180,0.02936643,0.02463863,0.000723548,23696.91840,0.2966072,0.03349341,0.5957214,0.1766953,0.1129218,0.01995274, 5474.019385,0.05,8.80e-06,1,0.2258832,0.000176050,3.98e-05, 35348.61572,38,2020-04-10
339,214.34839787666058,4.853625854312264e-20,1.6587604603936383e-19,1.1175527871050698e-19,8.308277920168146e-12,5154.726105727759,104.9448813955711,5259.670987123341,593.9315152737438,176.1643637371026,898.2977763433584,2.0532699974390302e-19,7.017193364967229e-19,1.03154222659465e-19,3.77476403172846e-12,22782.124711952725,16.495911703914473,22797.620623656636,561.7267780566449,80.65750547098665,1384.7490073213423,3.14114115116651e-19,1.0735068766076716e-18,1.12757995683205e-21,1.4107691841818204e-14,33963.567745741886,0.29896693673833974,33963.86671267858,5.979338734767082,0.29896693673835334, 47,Sub-Saharan Africa,Malawi,Lilongwe,STA Chitekwele,20607,MW20607,0.1435885,0.003537823,0.2045180,0.02936643,0.02463863,0.000723548,23696.91840,0.2966072,0.03349341,0.5957214,0.1766953,0.1129218,0.01995274, 5474.019385,0.05,8.80e-06,1,0.2258832,0.000176050,3.98e-05, 35348.61572,38,2020-04-10
340,214.34839787666058,4.037579755340961e-20,1.3798710193138182e-19,9.296576626597906e-20,7.385135935170196e-12,5154.726105727759,104.94488139557164,5259.670987123341,593.9315152737438,176.1643637371026,898.2977763433584,1.708051181039285e-19,5.837383990759935e-19,8.581080999765723e-20,3.355345808758526e-12,22782.124711952725,16.495911703914558,22797.620623656636,561.7267780566449,80.65750547098665,1384.7490073213423,2.6130172167640147e-19,8.93016842178797e-19,9.379989631949096e-22,1.2540170536465873e-14,33963.567745741886,0.29896693673834135,33963.86671267858,5.979338734767082,0.29896693673835334, 47,Sub-Saharan Africa,Malawi,Lilongwe,STA Chitekwele,20607,MW20607,0.1435885,0.003537823,0.2045180,0.02936643,0.02463863,0.000723548,23696.91840,0.2966072,0.03349341,0.5957214,0.1766953,0.1129218,0.01995274, 5474.019385,0.05,8.80e-06,1,0.2258832,0.000176050,3.98e-05, 35348.61572,38,2020-04-10
341,214.34839787666058,3.358736493091938e-20,1.1478716037572999e-19,7.733534964513147e-20,6.564565280807969e-12,5154.726105727759,104.94488139557212,5259.670987123341,593.9315152737438,176.1643637371026,898.2977763433584,1.4208744299094115e-19,4.855937421681137e-19,7.138335989380421e-20,2.982529610098274e-12,22782.124711952725,16.49591170391463,22797.620623656636,561.7267780566449,80.65750547098665,1384.7490073213423,2.1736874105574877e-19,7.428728197072554e-19,7.802923728209433e-22,1.114681826329117e-14,33963.567745741886,0.2989669367383427,33963.86671267858,5.979338734767082,0.29896693673835334, 47,Sub-Saharan Africa,Malawi,Lilongwe,STA Chitekwele,20607,MW20607,0.1435885,0.003537823,0.2045180,0.02936643,0.02463863,0.000723548,23696.91840,0.2966072,0.03349341,0.5957214,0.1766953,0.1129218,0.01995274, 5474.019385,0.05,8.80e-06,1,0.2258832,0.000176050,3.98e-05, 35348.61572,38,2020-04-10
342,214.34839787666058,2.7940279854718605e-20,9.54878535932884e-20,6.433288778602442e-20,5.835169142739655e-12,5154.726105727759,104.94488139557255,5259.670987123341,593.9315152737438,176.1643637371026,898.2977763433584,1.1819810600462205e-19,4.0395026746504047e-19,5.938160932726512e-20,2.6511374331245164e-12,22782.124711952725,16.4959117039147,22797.620623656636,561.7267780566449,80.65750547098665,1384.7490073213423,1.808222666304305e-19,6.179726968014995e-19,6.491011195760435e-22,9.908282907902094e-15,33963.567745741886,0.2989669367383439,33963.86671267858,5.979338734767082,0.29896693673835334, 47,Sub-Saharan Africa,Malawi,Lilongwe,STA Chitekwele,20607,MW20607,0.1435885,0.003537823,0.2045180,0.02936643,0.02463863,0.000723548,23696.91840,0.2966072,0.03349341,0.5957214,0.1766953,0.1129218,0.01995274, 5474.019385,0.05,8.80e-06,1,0.2258832,0.000176050,3.98e-05, 35348.61572,38,2020-04-10
343,214.34839787666058,2.3242646154696026e-20,7.943336305138348e-20,5.351654070557858e-20,5.186817019298956e-12,5154.726105727759,104.94488139557295,5259.670987123341,593.9315152737438,176.1643637371026,898.2977763433584,9.832531270212722e-20,3.360336108509973e-19,4.9397723531599545e-20,2.3565666088257982e-12,22782.124711952725,16.49591170391476,22797.620623656636,561.7267780566449,80.65750547098665,1384.7490073213423,1.5042039600739535e-19,5.140721855140916e-19,5.399671604059189e-22,8.807362590789583e-15,33963.567745741886,0.29896693673834507,33963.86671267858,5.979338734767082,0.29896693673835334, 47,Sub-Saharan Africa,Malawi,Lilongwe,STA Chitekwele,20607,MW20607,0.1435885,0.003537823,0.2045180,0.02936643,0.02463863,0.000723548,23696.91840,0.2966072,0.03349341,0.5957214,0.1766953,0.1129218,0.01995274, 5474.019385,0.05,8.80e-06,1,0.2258832,0.000176050,3.98e-05, 35348.61572,38,2020-04-10
344,214.34839787666058,1.9334831400404374e-20,6.607813379561409e-20,4.4518755263627623e-20,4.610504020091603e-12,5154.726105727759,104.94488139557329,5259.670987123341,593.9315152737438,176.1643637371026,898.2977763433584,8.179375664129491e-20,2.7953586547101146e-19,4.109243728495247e-20,2.0947258758477284e-12,22782.124711952725,16.49591170391481,22797.620623656636,561.7267780566449,80.65750547098665,1384.7490073213423,1.2513002937397749e-19,4.2764059526087496e-19,4.491819858780303e-22,7.828766752348839e-15,33963.567745741886,0.298966936738346,33963.86671267858,5.979338734767082,0.29896693673835334, 47,Sub-Saharan Africa,Malawi,Lilongwe,STA Chitekwele,20607,MW20607,0.1435885,0.003537823,0.2045180,0.02936643,0.02463863,0.000723548,23696.91840,0.2966072,0.03349341,0.5957214,0.1766953,0.1129218,0.01995274, 5474.019385,0.05,8.80e-06,1,0.2258832,0.000176050,3.98e-05, 35348.61572,38,2020-04-10
345,214.34839787666058,1.6084042358734306e-20,5.49683356985328e-20,3.7033775276064644e-20,4.098225798080307e-12,5154.726105727759,104.94488139557357,5259.670987123341,593.9315152737438,176.1643637371026,898.2977763433584,6.804167148478638e-20,2.3253715569625155e-19,3.418352627149368e-20,1.8619785574218018e-12,22782.124711952725,16.495911703914857,22797.620623656636,561.7267780566449,80.65750547098665,1384.7490073213423,1.0409176326264727e-19,3.5574085481694255e-19,3.73660600700256e-22,6.958903784008006e-15,33963.567745741886,0.2989669367383469,33963.86671267858,5.979338734767082,0.29896693673835334, 47,Sub-Saharan Africa,Malawi,Lilongwe,STA Chitekwele,20607,MW20607,0.1435885,0.003537823,0.2045180,0.02936643,0.02463863,0.000723548,23696.91840,0.2966072,0.03349341,0.5957214,0.1766953,0.1129218,0.01995274, 5474.019385,0.05,8.80e-06,1,0.2258832,0.000176050,3.98e-05, 35348.61572,38,2020-04-10
346,214.34839787666058,1.337981248657717e-20,4.5726441651434137e-020,3.080725155773808e-20,3.642867378104043e-12,5154.726105727759,104.94488139557386,5259.670987123341,593.9315152737438,176.1643637371026,898.2977763433584,5.660174136225537e-20,1.9344039695532755e-19,2.843621675836854e-20,1.6550920519684826e-12,22782.124711952725,16.495911703914903,22797.620623656636,561.7267780566449,80.65750547098665,1384.7490073213423,8.659068677037173e-20,2.9592970636224737e-19,3.108366919442199e-22,6.185692255896935e-15,33963.567745741886,0.2989669367383476,33963.86671267858,5.979338734767082,0.29896693673835334, 47,Sub-Saharan Africa,Malawi,Lilongwe,STA Chitekwele,20607,MW20607,0.1435885,0.003537823,0.2045180,0.02936643,0.02463863,0.000723548,23696.91840,0.2966072,0.03349341,0.5957214,0.1766953,0.1129218,0.01995274, 5474.019385,0.05,8.80e-06,1,0.2258832,0.000176050,3.98e-05, 35348.61572,38,2020-04-10
347,214.34839787666058,1.1130248116908872e-20,3.803839864376224e-20,2.5627598833383938e-20,3.238104337777382e-12,5154.726105727759,104.9448813955741,5259.670987123341,593.9315152737438,176.1643637371026,898.2977763433584,4.708522079685913e-20,1.609170244756542e-19,2.36552076985246e-20,1.4711929358362871e-12,22782.124711952725,16.495911703914942,22797.620623656636,561.7267780566449,80.65750547098665,1384.7490073213423,7.203208784562339e-20,2.461746800252381e-19,2.5857542267959295e-22,5.498393119209399e-15,33963.567745741886,0.29896693673834834,33963.86671267858,5.979338734767082,0.29896693673835334, 47,Sub-Saharan Africa,Malawi,Lilongwe,STA Chitekwele,20607,MW20607,0.1435885,0.003537823,0.2045180,0.02936643,0.02463863,0.000723548,23696.91840,0.2966072,0.03349341,0.5957214,0.1766953,0.1129218,0.01995274, 5474.019385,0.05,8.80e-06,1,0.2258832,0.000176050,3.98e-05, 35348.61572,38,2020-04-10
348,214.34839787666058,9.258905778237713e-21,3.164295578475646e-20,2.131880581517219e-20,2.8783149683123333e-12,5154.726105727759,104.9448813955743,5259.670987123341,593.9315152737438,176.1643637371026,898.2977763433584,3.916872456813507e-20,1.3386184671842233e-19,1.9678034161656388e-20,1.3077270546961483e-12,22782.124711952725,16.495911703914977,22797.620623656636,561.7267780566449,80.65750547098665,1384.7490073213423,5.992124410726999e-20,2.0478502759901475e-19,2.151008876542609e-22,4.887460552780354e-15,33963.567745741886,0.29896693673834895,33963.86671267858,5.979338734767082,0.29896693673835334, 47,Sub-Saharan Africa,Malawi,Lilongwe,STA Chitekwele,20607,MW20607,0.1435885,0.003537823,0.2045180,0.02936643,0.02463863,0.000723548,23696.91840,0.2966072,0.03349341,0.5957214,0.1766953,0.1129218,0.01995274, 5474.019385,0.05,8.80e-06,1,0.2258832,0.000176050,3.98e-05, 35348.61572,38,2020-04-10
349,214.34839787666058,7.702194534180065e-21,2.6322786617961424e-20,1.77344541254899e-20,2.5585021952189333e-12,5154.726105727759,104.94488139557448,5259.670987123341,593.9315152737438,176.1643637371026,898.2977763433584,3.2583238611484504e-20,1.1135548936132058e-19,1.636954657523172e-20,1.1624240491336169e-12,22782.124711952725,16.495911703915006,22797.620623656636,561.7267780566449,80.65750547098665,1384.7490073213423,4.9846611458041664e-20,1.7035426845656945e-19,1.789357658861029e-22,4.34440938222137e-15,33963.567745741886,0.2989669367383495,33963.86671267858,5.979338734767082,0.29896693673835334, 47,Sub-Saharan Africa,Malawi,Lilongwe,STA Chitekwele,20607,MW20607,0.1435885,0.003537823,0.2045180,0.02936643,0.02463863,0.000723548,23696.91840,0.2966072,0.03349341,0.5957214,0.1766953,0.1129218,0.01995274, 5474.019385,0.05,8.80e-06,1,0.2258832,0.000176050,3.98e-05, 35348.61572,38,2020-04-10
350,214.34839787666058,6.4072150708870604e-21,2.1897104051944665e-20,1.47527428213822e-20,2.2742241744955337e-12,5154.726105727759,104.94488139557467,5259.670987123341,593.9315152737438,176.1643637371026,898.2977763433584,2.7104978528693426e-20,9.263315362073305e-20,1.3617318173966743e-20,1.033265821879937e-12,22782.124711952725,16.49591170391503,22797.620623656636,561.7267780566449,80.65750547098665,1384.7490073213423,4.1465839217121e-20,1.4171239529224189e-19,1.4885111949544366e-22,3.861697230280889e-15,33963.567745741886,0.29896693673835,33963.86671267858,5.979338734767082,0.29896693673835334, 47,Sub-Saharan Africa,Malawi,Lilongwe,STA Chitekwele,20607,MW20607,0.1435885,0.003537823,0.2045180,0.02936643,0.02463863,0.000723548,23696.91840,0.2966072,0.03349341,0.5957214,0.1766953,0.1129218,0.01995274, 5474.019385,0.05,8.80e-06,1,0.2258832,0.000176050,3.98e-05, 35348.61572,38,2020-04-10
351,214.34839787666058,5.3299621013666464e-21,1.8215516951816023e-20,1.2272349448449591e-20,2.0215326003562225e-12,5154.726105727759,104.94488139557482,5259.670987123341,593.9315152737438,176.1643637371026,898.2977763433584,2.2547785068355324e-20,7.705862727575713e-20,1.1327824597631574e-20,9.184585086932422e-13,22782.124711952725,16.495911703915052,22797.620623656636,561.7267780566449,80.65750547098665,1384.7490073213423,3.4494136545727005e-20,1.1788611557078941e-19,1.2382463288692477e-22,3.43261976161286e-15,33963.567745741886,0.2989669367383504,33963.86671267858,5.979338734767082,0.29896693673835334, 47,Sub-Saharan Africa,Malawi,Lilongwe,STA Chitekwele,20607,MW20607,0.1435885,0.003537823,0.2045180,0.02936643,0.02463863,0.000723548,23696.91840,0.2966072,0.03349341,0.5957214,0.1766953,0.1129218,0.01995274, 5474.019385,0.05,8.80e-06,1,0.2258832,0.000176050,3.98e-05, 35348.61572,38,2020-04-10
352,214.34839787666058,4.4338290017828606e-21,1.5152919629586267e-20,1.0208986978148917e-20,1.7969178676524177e-12,5154.726105727759,104.94488139557497,5259.670987123341,593.9315152737438,176.1643637371026,898.2977763433584,1.8756798163544233e-20,6.410266525081837e-20,9.423265815505977e-21,8.164075635782901e-13,22782.124711952725,16.49591170391507,22797.620623656636,561.7267780566449,80.65750547098665,1384.7490073213423,2.869459483991166e-20,9.806577763059043e-20,1.0300587320139586e-22,3.0512175670113633e-15,33963.567745741886,0.29896693673835073,33963.86671267858,5.979338734767082,0.29896693673835334, 47,Sub-Saharan Africa,Malawi,Lilongwe,STA Chitekwele,20607,MW20607,0.1435885,0.003537823,0.2045180,0.02936643,0.02463863,0.000723548,23696.91840,0.2966072,0.03349341,0.5957214,0.1766953,0.1129218,0.01995274, 5474.019385,0.05,8.80e-06,1,0.2258832,0.000176050,3.98e-05, 35348.61572,38,2020-04-10
353,214.34839787666058,3.688363865097695e-21,1.2605240570810896e-20,8.492539629305137e-21,1.597260327358544e-12,5154.726105727759,104.94488139557508,5259.670987123341,593.9315152737438,176.1643637371026,898.2977763433584,1.5603194561334274e-20,5.332500509759754e-20,7.838922382769876e-21,7.256956123150312e-13,22782.124711952725,16.49591170391509,22797.620623656636,561.7267780566449,80.65750547098665,1384.7490073213423,2.3870137231386192e-020,8.15778575418751e-20,8.568739154860261e-23,2.7121933938410775e-15,33963.567745741886,0.29896693673835106,33963.86671267858,5.979338734767082,0.29896693673835334, 47,Sub-Saharan Africa,Malawi,Lilongwe,STA Chitekwele,20607,MW20607,0.1435885,0.003537823,0.2045180,0.02936643,0.02463863,0.000723548,23696.91840,0.2966072,0.03349341,0.5957214,0.1766953,0.1129218,0.01995274, 5474.019385,0.05,8.80e-06,1,0.2258832,0.000176050,3.98e-05, 35348.61572,38,2020-04-10
354,214.34839787666058,3.0682347009477662e-21,1.0485905933063422e-20,7.064680245750855e-21,1.4197869581146943e-12,5154.726105727759,104.94488139557518,5259.670987123341,593.9315152737438,176.1643637371026,898.2977763433584,1.297981022115703e-20,4.435940623616453e-20,6.520956191306669e-21,6.450627667061565e-13,22782.124711952725,16.495911703915105,22797.620623656636,561.7267780566449,80.65750547098665,1384.7490073213423,1.985682162869816e-20,6.78620717833886e-20,7.128068300744638e-23,2.4108385730863037e-15,33963.567745741886,0.2989669367383514,33963.86671267858,5.979338734767082,0.29896693673835334, 47,Sub-Saharan Africa,Malawi,Lilongwe,STA Chitekwele,20607,MW20607,0.1435885,0.003537823,0.2045180,0.02936643,0.02463863,0.000723548,23696.91840,0.2966072,0.03349341,0.5957214,0.1766953,0.1129218,0.01995274, 5474.019385,0.05,8.80e-06,1,0.2258832,0.000176050,3.98e-05, 35348.61572,38,2020-04-10
355,214.34839787666058,2.552368617741506e-21,8.722897640769571e-21,5.876888265814695e-21,1.262032852042204e-12,5154.726105727759,104.94488139557527,5259.670987123341,593.9315152737438,176.1643637371026,898.2977763433584,1.0797498724721026e-20,3.6901204566953385e-20,5.424580981817703e-21,5.73389126130414e-13,22782.124711952725,16.49591170391512,22797.620623656636,561.7267780566449,80.65750547098665,1384.7490073213423,1.651826972635166e-20,5.645233799293369e-20,5.929618848679336e-23,2.1429676211721083e-15,33963.567745741886,0.2989669367383516,33963.86671267858,5.979338734767082,0.29896693673835334, 47,Sub-Saharan Africa,Malawi,Lilongwe,STA Chitekwele,20607,MW20607,0.1435885,0.003537823,0.2045180,0.02936643,0.02463863,0.000723548,23696.91840,0.2966072,0.03349341,0.5957214,0.1766953,0.1129218,0.01995274, 5474.019385,0.05,8.80e-06,1,0.2258832,0.000176050,3.98e-05, 35348.61572,38,2020-04-10
356,214.34839787666058,2.123235735131629e-21,7.256306106183284e-21,4.888800931934288e-21,1.1218069799129362e-12,5154.726105727759,104.94488139557534,5259.670987123341,593.9315152737438,176.1643637371026,898.2977763433584,8.982101950961768e-21,3.069695954117624e-20,4.512540449056381e-21,5.096792233677305e-13,22782.124711952725,16.495911703915134,22797.620623656636,561.7267780566449,80.65750547098665,1384.7490073213423,1.3741032671492193e-20,4.696093681038924e-20,4.932665888668526e-23,1.9048601082495957e-15,33963.567745741886,0.29896693673835184,33963.86671267858,5.979338734767082,0.29896693673835334, 47,Sub-Saharan Africa,Malawi,Lilongwe,STA Chitekwele,20607,MW20607,0.1435885,0.003537823,0.2045180,0.02936643,0.02463863,0.000723548,23696.91840,0.2966072,0.03349341,0.5957214,0.1766953,0.1129218,0.01995274, 5474.019385,0.05,8.80e-06,1,0.2258832,0.000176050,3.98e-05, 35348.61572,38,2020-04-10
357,214.34839787666058,1.7662534931664564e-21,6.036294414401704e-21,4.066841712542649e-21,9.971617601885617e-13,5154.726105727759,104.94488139557542,5259.670987123341,593.9315152737438,176.1643637371026,898.2977763433584,7.471930075147807e-21,2.5535841882057785e-20,3.753842224358311e-21,4.5304819866594634e-13,22782.124711952725,16.495911703915148,22797.620623656636,561.7267780566449,80.65750547098665,1384.7490073213423,1.1430735906765167e-20,3.9065336609582326e-20,4.103331625451822e-23,1.6932089855604379e-15,33963.567745741886,0.29896693673835206,33963.86671267858,5.979338734767082,0.29896693673835334, 47,Sub-Saharan Africa,Malawi,Lilongwe,STA Chitekwele,20607,MW20607,0.1435885,0.003537823,0.2045180,0.02936643,0.02463863,0.000723548,23696.91840,0.2966072,0.03349341,0.5957214,0.1766953,0.1129218,0.01995274, 5474.019385,0.05,8.80e-06,1,0.2258832,0.000176050,3.98e-05, 35348.61572,38,2020-04-10
358,214.34839787666058,1.4692911156780458e-21,5.0214047924630595e-21,3.383079328364054e-21,8.863660092776162e-13,5154.726105727759,104.94488139557548,5259.670987123341,593.9315152737438,176.1643637371026,898.2977763433584,6.215665258844409e-21,2.1242469299120626e-20,3.122704714651719e-21,4.0270951002232475e-13,22782.124711952725,16.49591170391516,22797.620623656636,561.7267780566449,80.65750547098665,1384.7490073213423,9.508872185497402e-21,3.2497233404228816e-20,3.4134341675801096e-23,1.5050746542052246e-15,33963.567745741886,0.2989669367383523,33963.86671267858,5.979338734767082,0.29896693673835334, 47,Sub-Saharan Africa,Malawi,Lilongwe,STA Chitekwele,20607,MW20607,0.1435885,0.003537823,0.2045180,0.02936643,0.02463863,0.000723548,23696.91840,0.2966072,0.03349341,0.5957214,0.1766953,0.1129218,0.01995274, 5474.019385,0.05,8.80e-06,1,0.2258832,0.000176050,3.98e-05, 35348.61572,38,2020-04-10
359,214.34839787666058,1.2222573888518145e-21,4.1771498138827386e-21,2.8142786114576954e-21,7.878808973194923e-13,5154.726105727759,104.94488139557554,5259.670987123341,593.9315152737438,176.1643637371026,898.2977763433584,5.1706177950684886e-21,1.7670946742663885e-20,2.597681010245267e-21,3.5796400898930863e-13,22782.124711952725,16.49591170391517,22797.620623656636,561.7267780566449,80.65750547098665,1384.7490073213423,7.910133781189895e-21,2.703343348799686e-20,2.839529870419816e-23,1.3378441373818842e-15,33963.567745741886,0.29896693673835245,33963.86671267858,5.979338734767082,0.29896693673835334, 47,Sub-Saharan Africa,Malawi,Lilongwe,STA Chitekwele,20607,MW20607,0.1435885,0.003537823,0.2045180,0.02936643,0.02463863,0.000723548,23696.91840,0.2966072,0.03349341,0.5957214,0.1766953,0.1129218,0.01995274, 5474.019385,0.05,8.80e-06,1,0.2258832,0.000176050,3.98e-05, 35348.61572,38,2020-04-10
360,214.34839787666058,1.0167577470934783e-21,3.4748404657073105e-21,2.3411109440462585e-21,7.003385755479349e-13,5154.726105727759,104.94488139557559,5259.670987123341,593.9315152737438,176.1643637371026,898.2977763433584,4.301275449908926e-21,1.469990867760664e-20,2.160930090697058e-21,3.181902302796151e-13,22782.124711952725,16.495911703915176,22797.620623656636,561.7267780566449,80.65750547098665,1384.7490073213423,6.58019323591755e-21,2.2488268987533887e-20,2.3621166907417136e-23,1.1891947890419724e-15,33963.567745741886,0.2989669367383526,33963.86671267858,5.979338734767082,0.29896693673835334, 47,Sub-Saharan Africa,Malawi,Lilongwe,STA Chitekwele,20607,MW20607,0.1435885,0.003537823,0.2045180,0.02936643,0.02463863,0.000723548,23696.91840,0.2966072,0.03349341,0.5957214,0.1766953,0.1129218,0.01995274, 5474.019385,0.05,8.80e-06,1,0.2258832,0.000176050,3.98e-05, 35348.61572,38,2020-04-10
361,214.34839787666058,8.458090134719592e-22,2.890611254099424e-21,1.9474974468742895e-21,6.225231783918816e-13,5154.726105727759,104.94488139557565,5259.670987123341,593.9315152737438,176.1643637371026,898.2977763433584,3.5780967051289656e-21,1.2228394905944444e-20,1.7976105634333792e-21,2.8283576030407853e-13,22782.124711952725,16.495911703915183,22797.620623656636,561.7267780566449,80.65750547098665,1384.7490073213423,5.473857234236483e-21,1.870728859791149e-20,1.9649714819113867e-23,1.0570620349184104e-15,33963.567745741886,0.2989669367383528,33963.86671267858,5.979338734767082,0.29896693673835334, 47,Sub-Saharan Africa,Malawi,Lilongwe,STA Chitekwele,20607,MW20607,0.1435885,0.003537823,0.2045180,0.02936643,0.02463863,0.000723548,23696.91840,0.2966072,0.03349341,0.5957214,0.1766953,0.1129218,0.01995274, 5474.019385,0.05,8.80e-06,1,0.2258832,0.000176050,3.98e-05, 35348.61572,38,2020-04-10
362,214.34839787666058,7.036021012033204e-22,2.4046092201224863e-21,1.6200625978269252e-21,5.533539364539538e-13,5154.726105727759,104.94488139557569,5259.670987123341,593.9315152737438,176.1643637371026,898.2977763433584,2.9765068943778712e-21,1.0172419792262576e-20,1.4953763335961053e-21,2.514095647608275e-13,22782.124711952725,16.495911703915194,22797.620623656636,561.7267780566449,80.65750547098665,1384.7490073213423,4.55353086854731e-21,1.5562009102496602e-20,1.634598710157572e-23,9.396106978834134e-16,33963.567745741886,0.2989669367383529,33963.86671267858,5.979338734767082,0.29896693673835334, 47,Sub-Saharan Africa,Malawi,Lilongwe,STA Chitekwele,20607,MW20607,0.1435885,0.003537823,0.2045180,0.02936643,0.02463863,0.000723548,23696.91840,0.2966072,0.03349341,0.5957214,0.1766953,0.1129218,0.01995274, 5474.019385,0.05,8.80e-06,1,0.2258832,0.000176050,3.98e-05, 35348.61572,38,2020-04-10
363,214.34839787666058,5.853046124267754e-22,2.0003193073011956e-21,1.3476797140912931e-21,4.918701658246387e-13,5154.726105727759,104.94488139557573,5259.670987123341,593.9315152737438,176.1643637371026,898.2977763433584,2.47606312025911e-21,8.4621183095948e-21,1.2439570673445981e-21,2.2347516871454015e-13,22782.124711952725,16.4959117039152,22797.620623656636,561.7267780566449,80.65750547098665,1384.7490073213423,3.787940109416266e-21,1.2945549326256008e-20,1.359771858614926e-23,8.352095093777087e-16,33963.567745741886,0.29896693673835306,33963.86671267858,5.979338734767082,0.29896693673835334, 47,Sub-Saharan Africa,Malawi,Lilongwe,STA Chitekwele,20607,MW20607,0.1435885,0.003537823,0.2045180,0.02936643,0.02463863,0.000723548,23696.91840,0.2966072,0.03349341,0.5957214,0.1766953,0.1129218,0.01995274, 5474.019385,0.05,8.80e-06,1,0.2258832,0.000176050,3.98e-05, 35348.61572,38,2020-04-10
364,214.34839787666058,4.868966262918629e-22,1.6640031559657706e-21,1.1210928527764185e-21,4.3721792525042796e-13,5154.726105727759,104.94488139557576,5259.670987123341,593.9315152737438,176.1643637371026,898.2977763433584,2.059759574921547e-21,7.039371924111572e-21,1.034809192223222e-21,1.9864459444466041e-13,22782.124711952725,16.49591170391521,22797.620623656636,561.7267780566449,80.65750547098665,1384.7490073213423,3.1510690685362596e-21,1.076899815787341e-20,1.1311519354792348e-23,7.424084529031333e-16,33963.567745741886,0.2989669367383532,33963.86671267858,5.979338734767082,0.29896693673835334, 47,Sub-Saharan Africa,Malawi,Lilongwe,STA Chitekwele,20607,MW20607,0.1435885,0.003537823,0.2045180,0.02936643,0.02463863,0.000723548,23696.91840,0.2966072,0.03349341,0.5957214,0.1766953,0.1129218,0.01995274, 5474.019385,0.05,8.80e-06,1,0.2258832,0.000176050,3.98e-05, 35348.61572,38,2020-04-10
365,214.34839787666058,4.050340961969823e-22,1.384232253794914e-21,9.326022816992042e-22,3.8863815583880813e-13,5154.726105727759,104.94488139557579,5259.670987123341,593.9315152737438,176.1643637371026,898.2977763433584,1.7134496579562065e-21,5.8558336427434785e-21,8.608255751420177e-22,1.7657297286602503e-13,22782.124711952725,16.495911703915212,22797.620623656636,561.7267780566449,80.65750547098665,1384.7490073213423,2.6212759409765113e-21,8.95839322078485e-21,9.40970122703836e-24,6.599186249049056e-16,33963.567745741886,0.2989669367383533,33963.86671267858,5.979338734767082,0.29896693673835334, 47,Sub-Saharan Africa,Malawi,Lilongwe,STA Chitekwele,20607,MW20607,0.1435885,0.003537823,0.2045180,0.02936643,0.02463863,0.000723548,23696.91840,0.2966072,0.03349341,0.5957214,0.1766953,0.1129218,0.01995274, 5474.019385,0.05,8.80e-06,1,0.2258832,0.000176050,3.98e-05, 35348.61572,38,2020-04-10
