"","time","S","E","I","H","C","R","D","inci","hosp","crits","lvl2","lvl3","lvl4","ID","POP","start"
"1",1,220710.4854,0,1,0,0,0,0,0,0,0,"Malawi","Mzuzu City","Mzuzu City","5",220711.4854,86
"2",2,220709.863079201,0.512473062902389,0.777053887889771,0.00794063591423123,6.33923441213664e-05,0.324789021034382,7.98719883646395e-07,0.622320798804779,0.00846951923507758,6.47653659197003e-05,"Malawi","Mzuzu City","Mzuzu City","5",220711.4854,86
"3",3,220709.323210815,0.796435660154704,0.744257530088395,0.0139113537702723,0.000223434782073825,0.607355439270556,5.76737330542764e-06,1.16218918543931,0.0158169158392567,0.000233349057941517,"Malawi","Mzuzu City","Mzuzu City","5",220711.4854,86
"4",4,220708.772560489,1.00028248534289,0.79659236364147,0.0193265015011041,0.000457110946736075,0.896163117068875,1.79325062180475e-05,1.7128395110073,0.0233110689094242,0.000487937426006544,"Malawi","Mzuzu City","Mzuzu City","5",220711.4854,86
"5",5,220708.166950833,1.18550121642179,0.893123432331963,0.024812682084222,0.000756996850785274,1.21421503263866,3.98062041644393e-05,2.31844916653159,0.0315532203018429,0.000825424828034556,"Malawi","Mzuzu City","Mzuzu City","5",220711.4854,86
"6",6,220707.480924804,1.37889337269094,1.01889238024352,0.0306858308818038,0.0011227299257787,1.57480710785038,7.37745370728903e-05,3.00447519612951,0.0408898398368846,0.00124955041646266,"Malawi","Mzuzu City","Mzuzu City","5",220711.4854,86
"7",7,220706.695390122,1.59361977347303,1.16962026956247,0.0371443461315122,0.00155763100755901,1.98794557419476,0.000122283420343901,3.79000987778968,0.0515807795217256,0.00176783962405232,"Malawi","Mzuzu City","Mzuzu City","5",220711.4854,86
"8",8,220705.792472455,1.83771327130659,1.34558929979793,0.0443481665281454,0.00206741522063748,2.46302144700126,0.000187945228529821,4.69292754508309,0.0638693206526361,0.00239049832016695,"Malawi","Mzuzu City","Mzuzu City","5",220711.4854,86
"9",9,220704.753239711,2.1175603134063,1.5492199228215,0.0524521783176353,0.00265976047221087,3.00999449708479,0.000273616415647117,5.73216028851808,0.0780131467896343,0.00313011473627449,"Malawi","Mzuzu City","Mzuzu City","5",220711.4854,86
"10",10,220703.556552106,2.43936375554407,1.78414293506466,0.0616214338417136,0.00334424113313884,3.63999306169637,0.00038246700253409,6.92884789428249,0.0942999961821725,0.00400171259763442,"Malawi","Mzuzu City","Mzuzu City","5",220711.4854,86
"11",11,220702.178331196,2.80980251069035,2.05487978133113,0.0720392861170057,0.00413242972705034,4.36569674546836,0.000518050819460647,8.30706880415336,0.113057612809969,0.00502297356141307,"Malawi","Mzuzu City","Mzuzu City","5",220711.4854,86
"12",12,220700.59095153,3.23638345845547,2.36677351780217,0.0839130151725304,0.00503809138649747,5.20165600525664,0.000684381667106627,9.89444846974041,0.134662029812389,0.00621456259568739,"Malawi","Mzuzu City","Mzuzu City","5",220711.4854,86
"13",13,220698.762639449,3.72767636474004,2.72603338468789,0.0974787146963355,0.00607744322658302,6.16460862637766,0.000886017561775636,11.7227605512903,0.159545756837544,0.00760053217294909,"Malawi","Mzuzu City","Mzuzu City","5",220711.4854,86
"14",14,220696.656816386,4.29352107371297,3.13983285684685,0.113006317705018,0.007269471089872,7.27382573870439,0.0011281556322646,13.8285836136914,0.188206724442588,0.00920880214538662,"Malawi","Mzuzu City","Mzuzu City","5",220711.4854,86
"15",15,220694.231370012,4.94523522697552,3.61644065691783,0.13080502129652,0.00863629914087745,8.55149604627258,0.00141673796171306,16.254029988565,0.221218212798306,0.0110717112844674,"Malawi","Mzuzu City","Mzuzu City","5",220711.4854,86
"16",16,220691.437788307,5.69585172497616,4.16538565338137,0.15122965443009,0.0102036395815307,10.0231824438558,0.00175857676679719,19.0476116929918,0.25924064915474,0.0132266821829405,"Malawi","Mzuzu City","Mzuzu City","5",220711.4854,86
"17",17,220688.220212913,6.56037338850272,4.79764198341193,0.17468758938713,0.0120012921781197,11.7183213433988,0.00216149039669735,22.2651870872754,0.303034507641488,0.0157169545678002,"Malawi","Mzuzu City","Mzuzu City","5",220711.4854,86
"18",18,220684.514312515,7.55607785218727,5.52584743611675,0.201646962973799,0.0140637413793003,13.6708170284115,0.0026344641365095,25.9710874852052,0.353475663953098,0.018592458843855,"Malawi","Mzuzu City","Mzuzu City","5",220711.4854,86
"19",19,220680.245998496,8.70286056209627,6.36455683546515,0.232646005787665,0.0164308437967674,15.9197194237554,0.00318783294994893,30.2394015038512,0.411572903993095,0.0219108177142125,"Malawi","Mzuzu City","Mzuzu City","5",220711.4854,86
"20",20,220675.329957773,10.0236277303496,7.3305301662978,0.26830369507231,0.0191486159693445,18.5099985295,0.00383348947090379,35.1554422266599,0.478487929473883,0.0257384914876616,"Malawi","Mzuzu City","Mzuzu City","5",220711.4854,86
"21",21,220669.66794202,11.5447572035901,8.44306559533568,0.309332181038631,0.0222701547989667,21.493447720112,0.00458512562356027,40.8174579804989,0.555558692473336,0.030152113866402,"Malawi","Mzuzu City","Mzuzu City","5",220711.4854,86
"22",22,220663.146817141,13.2966178064957,9.72438492201115,0.356550912548206,0.0258566929810675,24.9297140165347,0.00545850823860694,47.3385828588094,0.644326008968427,0.035240021168388,"Malawi","Mzuzu City","Mzuzu City","5",220711.4854,86
"23",23,220655.636313542,15.3141698739135,11.2000761645555,0.410902933699852,0.0299788181421471,28.8874868709583,0.00647179647272136,54.8490864577421,0.746564266955873,0.0411040171178632,"Malawi","Mzuzu City","Mzuzu City","5",220711.4854,86
"24",24,220646.986432555,17.6376643243379,12.8995964121656,0.473473708723315,0.0347178769436903,33.445869216002,0.00764590696200462,63.4989674451345,0.864316843422863,0.0478614046582363,"Malawi","Mzuzu City","Mzuzu City","5",220711.4854,86
"25",25,220637.024470372,20.3134346991676,14.8568581295798,0.545512665691003,0.0401675944189872,38.6959516059453,0.00900493370353101,73.4609296285063,0.999936766022752,0.0556473270770182,"Malawi","Mzuzu City","Mzuzu City","5",220711.4854,86
"26",26,220625.551597305,23.3948037472248,17.1109057598923,0.628457942551076,0.0464359398967507,44.7426226747183,0.0105766311660442,84.9338026954494,1.15613347833548,0.0646174644102253,"Malawi","Mzuzu City","Mzuzu City","5",220711.4854,86
"27",27,220612.338912956,26.9431452921543,19.7066781715015,0.72396503028066,0.0536472721708024,51.7066583081804,0.0123929703369957,98.1464870446247,1.33602680647977,0.0749511344724623,"Malawi","Mzuzu City","Mzuzu City","5",220711.4854,86
"28",28,220597.122919428,31.0290904189264,22.6958939576211,0.833939586076873,0.0619448110672242,59.7271210200564,0.0144907785234586,113.362480572271,1.54320893689464,0.0868548642597223,"Malawi","Mzuzu City","Mzuzu City","5",220711.4854,86
"29",29,220579.600331884,35.7338906209223,26.1380833309764,0.960574959722753,0.0714934853505056,68.9641132432052,0.01691247550848,130.885068115686,1.78181553315555,0.100566503328873,"Malawi","Mzuzu City","Mzuzu City","5",220711.4854,86
"30",30,220559.422095585,41.1510194962418,30.1017443600746,1.10639566728707,0.0824832031157007,79.6019547672074,0.0197069209741272,151.063304414901,2.05660781214921,0.116359950933712,"Malawi","Mzuzu City","Mzuzu City","5",220711.4854,86
"31",31,220536.186517641,47.3880065830977,34.6656706133194,1.27430731609017,0.0951326139230937,91.8528348427027,0.0229303896644432,174.298882358797,2.37306688034567,0.134550594491998,"Malawi","Mzuzu City","Mzuzu City","5",220711.4854,86
"32",32,220509.43141922,54.5684784448652,39.9205162680305,1.46765339798708,0.109693444761608,105.960991531192,0.0266476930887344,201.053980779926,2.73750168146443,0.155501573788157,"Malawi","Mzuzu City","Mzuzu City","5",220711.4854,86
"33",33,220478.625103277,62.8345481972966,45.9705492461846,1.6902809749125,0.12645547567964,122.207529359144,0.0309334704601881,231.860296723677,3.15717343571557,0.179630975763671,"Malawi","Mzuzu City","Mzuzu City","5",220711.4854,86
"34",34,220443.155977276,72.3495893800288,52.9356264348702,1.94661642654764,0.145752250758839,140.91596455819,0.0358736740794237,267.329422724475,3.64043887566437,0.207420098906689,"Malawi","Mzuzu City","Mzuzu City","5",220711.4854,86
"35",35,220402.320739832,83.3012783441927,60.9535429953197,2.24175116576787,0.167967659172852,162.458552726306,0.0415672770369155,308.164660167796,4.1969136759906,0.239422969898955,"Malawi","Mzuzu City","Mzuzu City","5",220711.4854,86
"36",36,220355.310838812,95.905103462245,70.182685250893,2.58154022627188,0.193543485165605,187.2635605267,0.0481282373497596,355.174561188626,4.83766026754772,0.276277270000068,"Malawi","Mzuzu City","Mzuzu City","5",220711.4854,86
"37",37,220301.19693201,110.408508342779,80.8049349699015,2.97271633344155,0.222988028647127,215.823632563279,0.0556877523567296,409.288467990404,5.57540395206683,0.318716831011412,"Malawi","Mzuzu City","Mzuzu City","5",220711.4854,86
"38",38,220238.911142392,127.095398771792,93.0291737108208,3.42301925247343,0.256886111885147,248.705382891715,0.0643968695421012,471.574257608228,6.42478061667658,0.367586130046851,"Malawi","Mzuzu City","Mzuzu City","5",220711.4854,86
"39",39,220167.227048061,146.291212819923,107.095205443457,3.94134202819343,0.295910411117338,286.560251785948,0.0744294508227579,543.258351939462,7.40261712145706,0.423856716837343,"Malawi","Mzuzu City","Mzuzu City","5",220711.4854,86
"40",40,220084.736523737,168.369011576472,123.278016104652,4.53790218426763,0.340834499463634,330.137126288155,0.0859856101657488,625.748876263175,8.52825726564553,0.488646166003893,"Malawi","Mzuzu City","Mzuzu City","5",220711.4854,86
"41",41,219989.823800545,193.755829432349,141.892934561889,5.22443161731684,0.392547804801959,380.296560395414,0.0992956437769617,720.661599455548,9.82392900124296,0.56323979103743,"Malawi","Mzuzu City","Mzuzu City","5",220711.4854,86
"42",42,219880.635853352,222.940122163503,163.301225522464,6.01439564084718,0.452072669420246,438.027106106673,0.114624545699337,829.849546648607,11.3151661777248,0.649115466390338,"Malawi","Mzuzu City","Mzuzu City","5",220711.4854,86
"43",43,219755.048727889,256.480261866009,187.916286293723,6.92324371847375,0.520583867760757,504.46401916112,0.132277204373795,955.43667211146,13.0312916084201,0.747972078254207,"Malawi","Mzuzu City","Mzuzu City","5",220711.4854,86
"44",44,219610.630576795,295.013145508943,216.210974826278,7.96868259004491,0.599430623886425,580.909985396312,0.152604259457799,1099.85482320492,15.0059522114661,0.861761610060953,"Malawi","Mzuzu City","Mzuzu City","5",220711.4854,86
"45",45,219444.597921063,339.264956097456,248.725471328241,9.17100537469517,0.69016256746383,668.859874476791,0.17600909199663,1265.88747893664,17.2777581999996,0.992727114765523,"Malawi","Mzuzu City","Mzuzu City","5",220711.4854,86
"46",46,219253.76981204,390.061766471734,286.075846527668,10.5534362441005,0.794557656370299,770.02702568887,0.202955371749501,1456.71558796049,19.8909617235321,1.14344361151749,"Malawi","Mzuzu City","Mzuzu City","5",220711.4854,86
"47",47,219034.514481851,448.341483713812,328.964005901162,12.1425339200627,0.914655308349391,886.374263228825,0.233976076918898,1675.97091814913,22.8962575408409,1.31686672248332,"Malawi","Mzuzu City","Mzuzu City","5",220711.4854,86
"48",48,218782.69061485,515.166994600941,378.188046537425,13.9686421190078,1.0527934668564,1020.14862471824,0.269683707219341,1927.79478514969,26.351679518833,1.5163872952424,"Malawi","Mzuzu City","Mzuzu City","5",220711.4854,86
"49",49,218493.584415345,591.739142723601,434.653656960086,16.0663743220325,1.21164974769571,1173.9193791885,0.310781713278057,2216.9009846552,30.3235818559541,1.74589219688362,"Malawi","Mzuzu City","Mzuzu City","5",220711.4854,86
"50",50,218161.839357931,679.410790592587,499.386218500281,18.4751638015584,1.39428862026268,1350.6215027601,0.358077794043607,2548.64604206883,34.8877610644329,2.00983435386414,"Malawi","Mzuzu City","Mzuzu City","5",220711.4854,86
"51",51,217781.381039928,779.700599023938,573.543516790692,21.2398600475327,1.60421410910683,1553.60367113759,0.412498963620814,2929.10436007248,40.1306942707204,2.3133113538829,"Malawi","Mzuzu City","Mzuzu City","5",220711.4854,86
"52",52,217345.338693634,894.305919700158,658.428522872071,24.411363847579,1.84542766557987,1786.68036388693,0.475108394072696,3365.14670636639,46.1508833202586,2.66215227077578,"Malawi","Mzuzu City","Mzuzu City","5",220711.4854,86
"53",53,216845.962759344,1025.11446364489,755.502019278725,28.0473109435145,2.12249267222084,2054.18922953604,0.547124581269658,3864.52264065666,53.060334233048,3.06301511553105,"Malawi","Mzuzu City","Mzuzu City","5",220711.4854,86
"54",54,216274.53863646,1174.21324113683,866.395230338799,32.2128082736142,2.44060755366709,2361.05493261082,0.629943626059997,4435.94676353979,60.986203259445,3.52349824915502,"Malawi","Mzuzu City","Mzuzu City","5",220711.4854,86
"55",55,215621.305374929,1343.89355852243,992.919526011094,36.9811621203209,2.80568267632836,2712.85493235563,0.725163385662793,5089.18002507148,70.0724920348548,4.05225879926539,"Malawi","Mzuzu City","Mzuzu City","5",220711.4854,86
"56",56,214875.380221748,1536.64975784624,1137.07335967093,42.4346018580015,3.22442284012463,3115.88842560817,0.83461042912553,5835.1051782526,80.4818233630552,4.65914148901393,"Malawi","Mzuzu City","Mzuzu City","5",220711.4854,86
"57",57,214024.691112084,1755.16789324069,1301.04712072651,48.6649817336893,3.70441857461628,3577.24950258392,0.9603710571572,6685.79428791658,92.3973239854556,5.35532325717654,"Malawi","Mzuzu City","Mzuzu City","5",220711.4854,86
"58",58,213055.928261255,2002.30455878055,1487.21967246238,55.7744009301894,4.25423980573636,4104.89944170201,1.10482506442298,7654.55713874529,106.024483489609,6.15346496321346,"Malawi","Mzuzu City","Mzuzu City","5",220711.4854,86
"59",59,211954.521142762,2281.05175571826,1698.14538999669,63.8757042466445,4.88353197600067,4707.73719221225,1.27068308804416,8755.96425723789,121.59296421318,7.06787171059437,"Malawi","Mzuzu City","Mzuzu City","5",220711.4854,86
"60",60,210704.655778758,2594.47716224822,1936.53343674912,73.0927249816728,5.60311289391151,5395.66215689252,1.46102747720876,10005.8296212427,139.358208733931,8.11465995220477,"Malawi","Mzuzu City","Mzuzu City","5",220711.4854,86
"61",61,209289.341122805,2945.64243381258,2205.21062758191,83.560242690845,6.42506526461284,6179.62655127472,1.6793565706391,11421.1442771953,159.602774805453,9.31192613520508,"Malawi","Mzuzu City","Mzuzu City","5",220711.4854,86
"62",62,207690.540099948,3337.49699121418,2507.06070227484,95.4235583628877,7.3628187264932,7071.67159715588,1.92963231825889,13019.9453000525,182.637248960977,10.6799106006101,"Malawi","Mzuzu City","Mzuzu City","5",220711.4854,86
"63",63,205889.388833755,3772.7273051739,2844.94914804964,108.837401443137,8.43121814590442,8084.93516293602,2.21633049670088,14821.0965662453,208.800416158115,12.2411521998684,"Malawi","Mzuzu City","Mzuzu City","5",220711.4854,86
"64",64,203866.513338441,4253.57531204747,3221.61468887407,123.964178658275,9.64656527749361,9233.6268236991,2.54449300232247,16843.9720615587,238.458582888355,14.0206198483493,"Malawi","Mzuzu City","Mzuzu City","5",220711.4854,86
"65",65,201602.464951642,4781.61685938045,3639.52886849858,140.971306067477,11.0266250372605,10532.9570082993,2.91978107517191,19108.0204483582,272.003707603891,16.0458102918856,"Malawi","Mzuzu City","Mzuzu City","5",220711.4854,86
"66",66,199078.296328124,5357.48998281815,4100.72826049299,160.02732721947,12.5905849875448,11999.0043883946,3.34852796354581,21632.1890718763,309.849927319364,18.3467981236065,"Malawi","Mzuzu City","Mzuzu City","5",220711.4854,86
"67",67,196276.273209727,5980.60386641405,4606.59921447506,181.296860593832,14.3589476186423,13648.5155121769,3.83778899427838,24434.2121902728,352.428328287511,20.9562141377804,"Malawi","Mzuzu City","Mzuzu City","5",220711.4854,86
"68",68,193180.728775235,6648.81180382745,5157.64427761401,204.933997686495,16.3533473467447,15498.617812486,4.39538580437095,27529.7566247651,400.179470579549,23.9091383631613,"Malawi","Mzuzu City","Mzuzu City","5",220711.4854,86
"69",69,189779.056407792,7358.08530379199,5753.20822295263,231.074120978587,18.5962647169346,17566.4351366221,5.02994314542007,30931.4289922076,453.543388848762,27.2428775338248,"Malawi","Mzuzu City","Mzuzu City","5",220711.4854,86
"70",70,186062.802172066,8102.20894244556,6391.19345990741,259.824063293419,21.1106236965014,19868.5952258726,5.75091271909613,34647.6832279346,512.946797725004,30.9966033563373,"Malawi","Mzuzu City","Mzuzu City","5",220711.4854,86
"71",71,182028.777747969,8872.54244932475,7067.78404146288,291.251049129135,23.9192675233392,22420.6422647261,6.56857986488955,38681.7076520311,578.787846731212,35.2108398545763,"Malawi","Mzuzu City","Mzuzu City","5",220711.4854,86
"72",72,177680.179458443,9657.87992719595,7777.18762393545,325.370149635001,27.0442755488599,25236.3299163071,7.49404893446381,43030.3059415568,651.417791188014,39.9267550707484,"Malawi","Mzuzu City","Mzuzu City","5",220711.4854,86
"73",73,173027.560630417,10444.4654863828,8511.44758098257,362.131260691932,30.5061375917044,28326.8351032634,8.53920067017521,47682.9247695827,731.120629634469,45.1852621515842,"Malawi","Mzuzu City","Mzuzu City","5",220711.4854,86
"74",74,168089.556373199,11216.2072189981,9260.35051172263,401.406446134268,34.3227943821359,31699.9254377631,9.71661780083764,52620.9290268011,818.091566706308,51.0259318897727,"Malawi","Mzuzu City","Mzuzu City","5",220711.4854,86
"75",75,162893.268368809,11955.1179268845,10011.4684309071,442.978342806409,38.5085459456371,35359.1043117112,11.0394729360699,57817.2170311909,912.414930175452,57.485708394809,"Malawi","Mzuzu City","Mzuzu City","5",220711.4854,86
"76",76,157474.181231905,12642.0065367328,10750.3733657934,486.531096630739,43.0728649352246,39302.7989303558,12.521373647373,63236.3041680954,1014.0432417929,64.5974561153512,"Malawi","Mzuzu City","Mzuzu City","5",220711.4854,86
"77",77,151875.547885982,13257.3828962193,11461.0381746985,531.645351076681,48.0191940038693,43523.6757316776,14.1761663422188,68834.9375140182,1122.77963174524,72.3884200657198,"Malawi","Mzuzu City","Mzuzu City","5",220711.4854,86
"78",78,146147.239415077,13782.5256512593,12126.4250769817,577.798260408218,53.3437764768593,48008.1355220679,16.0176977292373,74563.2459849232,1238.26495449286,80.8786464502514,"Malawi","Mzuzu City","Mzuzu City","5",220711.4854,86
"79",79,140344.039698477,14200.6681848988,12729.2606407323,624.369851478745,59.0345732117003,52736.0529228017,18.059528400252,80366.4457015235,1359.97128479969,90.0794071627153,"Malawi","Mzuzu City","Mzuzu City","5",220711.4854,86
"80",80,134523.535135992,14498.1263733178,13252.9334895056,670.656584019465,65.0704151420693,57680.8487884304,20.3146135931621,86186.9502640085,1487.20407617689,99.9918035527407,"Malawi","Mzuzu City","Mzuzu City","5",220711.4854,86
"81",81,128743.840636505,14665.200358063,13682.4343513348,715.89128410266,71.4204837580543,62809.9033172742,22.7949689623294,91966.6447634952,1619.11316001423,110.605672356013,"Malawi","Mzuzu City","Mzuzu City","5",220711.4854,86
"82",82,123061.165787839,14696.9432866708,14005.2226574226,759.269996135038,78.044131264511,68085.3282306861,25.5113099821632,97649.3196121612,1754.71306696945,121.898785977315,"Malawi","Mzuzu City","Mzuzu City","5",220711.4854,86
"83",83,117527.622356487,14593.4423598969,14212.038080907,799.982699381805,84.8911539318201,73465.0360505089,28.4726988864411,103182.863043513,1892.91101950814,133.836518920115,"Malawi","Mzuzu City","Mzuzu City","5",220711.4854,86
"84",84,112189.366696753,14359.7345649036,14297.4685055035,837.24687471877,91.9025400075666,78904.0800089085,31.6862092048926,108521.118703247,2032.54189703212,146.372019027256,"Malawi","Mzuzu City","Mzuzu City","5",220711.4854,86
"85",85,107085.198531964,14005.4000292102,14260.199409078,870.341668752067,99.0116573395368,84356.1774770471,35.1566266096577,113625.286868037,2172.40789883318,159.446880850657,"Malawi","Mzuzu City","Mzuzu City","5",220711.4854,86
"86",86,102245.766857108,13543.7272387726,14103.0742350247,898.63808176452,106.145874063463,89775.2469140047,38.8861992622456,118464.718542892,2311.31846222245,172.992337178505,"Malawi","Mzuzu City","Mzuzu City","5",220711.4854,86
"87",87,97693.2772769491,12990.7809199768,13832.7506049021,921.625782907639,113.228478699124,95116.9478822085,42.8744543568499,123017.208123051,2448.1301821703,186.930863764185,"Malawi","Mzuzu City","Mzuzu City","5",220711.4854,86
"88",88,93441.752903888,12364.2697387401,13459.2135127757,938.931494432874,120.180850254781,100340.01881146,47.1180884488701,127268.732496112,2581.78137737392,201.178160902383,"Malawi","Mzuzu City","Mzuzu City","5",220711.4854,86
"89",89,89497.6554388753,11682.5092528207,12995.0339606315,950.330585193076,126.924694354548,105407.420529182,51.6109389426918,131212.829961125,2711.32154404772,215.645340543154,"Malawi","Mzuzu City","Mzuzu City","5",220711.4854,86
"90",90,85860.814117432,10963.4423739113,12454.5842309435,955.749467846267,133.384263278299,110287.166910331,56.3440362575428,134849.671282568,2835.9326145887,230.24123600639,"Malawi","Mzuzu City","Mzuzu City","5",220711.4854,86
"91",91,82525.4992960714,10223.8703806336,11853.1955787626,955.26066518158,139.488411071452,114952.86533367,61.3057346095457,138184.986103929,2954.94264212155,244.874681909609,"Malawi","Mzuzu City","Mzuzu City","5",220711.4854,86
"92",92,79481.5612265901,9478.86937708657,11206.3904076353,949.070595036923,145.172405166797,119383.939474767,66.4819137174264,141228.92417341,3067.83121089202,259.456672527533,"Malawi","Mzuzu City","Mzuzu City","5",220711.4854,86
"93",93,76715.5206961829,8741.43733821224,10529.2021890741,937.502471084549,150.379393848543,123565.587072808,71.8562387899789,143994.964703817,3174.22797023544,273.902276181852,"Malawi","Mzuzu City","Mzuzu City","5",220711.4854,86
"94",94,74211.5704265757,8022.32717961215,9835.63694622013,920.97547508516,155.061506975597,127488.50339818,77.4104673513894,146498.914973424,3273.90510265766,288.132263405805,"Malawi","Mzuzu City","Mzuzu City","5",220711.4854,86
"95",95,71952.4636157953,7330.03986048547,9138.27485394615,899.981705844791,159.180577970996,131148.419990743,83.1247952145772,148758.021784205,3366.76502537684,302.074423671455,"Malawi","Mzuzu City","Mzuzu City","5",220711.4854,86
"96",96,69920.2206982432,6670.94080998859,8448.03229834355,875.063839526677,162.708453429464,134545.541093718,88.9782067509695,150790.264701757,3452.82549596289,315.664477120779,"Malawi","Mzuzu City","Mzuzu City","5",220711.4854,86
"97",97,68096.7256546012,6049.46832533592,7774.0328453018,846.792800864122,165.626983253307,137683.889944361,94.9488462827037,152613.759745399,3532.20241653925,328.846703135131,"Malawi","Mzuzu City","Mzuzu City","5",220711.4854,86
"98",98,66464.1724533176,5468.37969660043,7123.61023645864,815.747862583079,167.927673091951,140570.633101055,101.014376893304,154246.312946683,3605.0921319,341.574209580363,"Malawi","Mzuzu City","Mzuzu City","5",220711.4854,86
"99",99,65005.3891561462,4929.01402036638,6502.39312402339,782.499608870498,169.611096305177,143215.426075838,107.152318450004,155705.096243854,3671.75433608502,353.808925839875,"Malawi","Mzuzu City","Mzuzu City","5",220711.4854,86
"100",100,63704.0627727567,4431.56728509886,5914.4352118086,747.595885037036,170.686105968589,145629.797774739,113.340364590909,157006.422627243,3732.49603697776,365.521359729876,"Malawi","Mzuzu City","Mzuzu City","5",220711.4854,86
"101",101,62544.88643298,3975.33506209173,5362.40506723013,711.550684533093,171.168895443233,147826.582587779,119.556669943246,158165.59896702,3787.65680371813,376.690151805198,"Malawi","Mzuzu City","Mzuzu City","5",220711.4854,86
"102",102,61513.6336721496,3558.93931584052,4847.77247860164,674.836439319803,171.082001608054,149819.441397033,125.780095447657,159196.851727851,3837.59636114684,387.301500311068,"Malawi","Mzuzu City","Mzuzu City","5",220711.4854,86
"103",103,60597.1898196844,3180.51722203505,4371.0088923158,637.878809131137,170.453269867567,151622.446967937,131.990419028748,160113.295580316,3882.68388452813,397.34848833934,"Malawi","Mzuzu City","Mzuzu City","5",220711.4854,86
"104",104,59783.5466482364,2837.8834439111,3931.78276712237,601.053810857033,169.314804190567,153249.73541347,138.168512212202,160926.938751764,3923.28903411863,406.830337476959,"Malawi","Mzuzu City","Mzuzu City","5",220711.4854,86
"105",105,59061.7684572212,2528.6649727626,3529.13813475064,564.687102015378,167.701944148612,154715.228309542,144.29647955981,161648.716942779,3959.77484235331,415.751624537155,"Malawi","Mzuzu City","Mzuzu City","5",220711.4854,86
"106",106,58421.9418011322,2250.39381970086,3161.64616579785,529.05507629282,165.652367176893,156032.43841872,150.357751178981,162288.543598868,3992.49277695183,424.121542846751,"Malawi","Mzuzu City","Mzuzu City","5",220711.4854,86
"107",107,57855.1156513742,2000.59515098188,2827.54281464505,494.386778283549,163.20520888151,157214.302638614,156.337157219661,162855.369748626,4021.77851773468,431.953150615712,"Malawi","Mzuzu City","Mzuzu City","5",220711.4854,86
"108",108,57353.2340462569,1776.84306419273,2524.84388420209,460.867001852556,160.400296634885,158273.076141489,162.220965372233,163357.251353743,4047.94932280532,439.262668992519,"Malawi","Mzuzu City","Mzuzu City","5",220711.4854,86
"109",109,56909.0670687814,1576.80172825143,2251.44013949456,428.639893172069,157.277476626879,159220.262199888,167.996893785464,163801.418331219,4071.30231752873,446.068831321571,"Malawi","Mzuzu City","Mzuzu City","5",220711.4854,86
"110",110,56516.140381979,1398.25652667972,2005.16816982956,397.812982579514,153.876039327029,160066.577198712,173.654100893663,164194.345018021,4092.11369182663,452.392291118042,"Malawi","Mzuzu City","Mzuzu City","5",220711.4854,86
"111",111,56168.6686379886,1239.12936340123,1783.87145812415,368.461250553393,150.234241606137,160821.937292299,179.183156027716,164541.816762012,4110.63845117194,458.255093669009,"Malawi","Mzuzu City","Mzuzu City","5",220711.4854,86
"112",112,55861.4912599499,1097.48812981224,1585.44468339783,340.631199937955,146.388917644378,161495.465214645,184.575994612479,164848.99414005,4127.11068250156,463.680209924629,"Malawi","Mzuzu City","Mzuzu City","5",220711.4854,86
"113",113,55590.0107327436,971.552515710183,1407.86166926663,314.344889474817,142.375170944433,162095.514561192,189.825860668566,165120.474667257,4141.74426553271,468.691129670239,"Malawi","Mzuzu City","Mzuzu City","5",220711.4854,86
"114",114,55350.1370909845,859.690619785586,1249.20032532291,289.603613147741,138.226145341358,162629.700365931,194.927239487024,165360.348309016,4154.73373703972,473.311516802107,"Malawi","Mzuzu City","Mzuzu City","5",220711.4854,86
"115",115,55138.2361535328,760.41388554287,1107.6573027083,266.391342171705,133.972863007058,163104.938069906,199.875783131154,165572.249246467,4166.25536417155,477.564919267463,"Malawi","Mzuzu City","Mzuzu City","5",220711.4854,86
"116",116,54951.0808073736,672.373087553151,981.55175916219,244.677947811832,129.644118308189,163527.48944842,204.668231371235,165759.404592626,4176.46839059406,481.474527006971,"Malawi","Mzuzu City","Mzuzu City","5",220711.4854,86
"117",117,54785.8084814241,594.348097070861,869.33130774625,224.421970499789,125.266425822641,163903.006787906,209.302329530676,165924.676918576,4185.51622783979,485.062978746459,"Malawi","Mzuzu City","Mzuzu City","5",220711.4854,86
"118",118,54639.8819628618,525.238686243878,769.57163224268,205.573112705355,120.864010161185,164236.579250554,213.776745230942,166070.603437138,4193.52769634103,488.352208700767,"Malawi","Mzuzu City","Mzuzu City","5",220711.4854,86
"119",119,54511.0529070013,464.057783551118,680.969456651078,188.074493003959,116.458828948754,164532.780945264,218.090985579635,166199.432492999,4200.61830466615,491.363327199024,"Malawi","Mzuzu City","Mzuzu City","5",220711.4854,86
"120",120,54397.3307826712,409.919868908565,602.340713333485,171.864474684269,112.070628103761,164795.713616888,222.245315410544,166313.154617329,4206.89138181377,494.116535416326,"Malawi","Mzuzu City","Mzuzu City","5",220711.4854,86
"121",121,54296.9540860124,362.03243364878,532.61340017794,156.878284035979,107.717018128769,165029.049499753,226.240678242789,166413.531313988,4212.43920893907,496.631065790965,"Malawi","Mzuzu City","Mzuzu City","5",220711.4854,86
"122",122,54208.3643495206,319.688825763595,470.818408746487,143.049397262169,103.413565433126,165236.072232197,230.078621077256,166502.121050479,4217.34409632513,498.925144070044,"Malawi","Mzuzu City","Mzuzu City","5",220711.4854,86
"123",123,54130.1835783945,282.258364367011,416.084349377113,130.310644182184,99.1739002776731,165419.713342212,233.761221189319,166580.301821606,4221.67934090642,501.015971408814,"Malawi","Mzuzu City","Mzuzu City","5",220711.4854,86
"124",124,54061.1933256906,249.179807106915,367.628301441843,118.595162166119,95.0098322220667,165582.587953809,237.291017563706,166649.29207431,4225.51016045717,502.919721952622,"Malawi","Mzuzu City","Mzuzu City","5",220711.4854,86
"125",125,54000.3168667213,219.95404823866,324.748935073586,107.837123810607,90.9314694161583,165727.026009052,240.670947687659,166710.168533279,4228.89450813087,504.651553473975,"Malawi","Mzuzu City","Mzuzu City","5",220711.4854,86
"126",126,53946.6027683489,194.137575083525,286.819185736906,97.9723400415232,86.9473428901698,165855.101900682,243.904287217178,166763.882631651,4231.8838435794,506.225627947287,"Malawi","Mzuzu City","Mzuzu City","5",220711.4854,86
"127",127,53899.2105247653,171.33685547018,253.279102358954,88.9387158150198,83.0645293305561,165968.661076984,246.994595275599,166811.274875235,4234.52382337027,507.655140291478,"Malawi","Mzuzu City","Mzuzu City","5",220711.4854,86
"128",128,53857.3978942759,151.202844391567,223.629668685583,80.6765871947678,79.2887722565441,166069.343969127,249.945664068488,166853.087505724,4236.85492031136,508.95235293311,"Malawi","Mzuzu City","Mzuzu City","5",220711.4854,86
"129",129,53820.5093895368,133.426173129834,197.426604509113,73.1289723670722,75.6246018621261,166158.608186481,252.761472113678,166889.976010463,4238.9129965642,510.128635249495,"Malawi","Mzuzu City","Mzuzu City","5",220711.4854,86
"130",130,53787.9659116423,117.73266983748,174.27464002918,66.2417419837568,72.075452529162,166237.748842938,255.446141040438,166922.519488358,4240.72982717002,511.194506818382,"Malawi","Mzuzu City","Mzuzu City","5",220711.4854,86
"131",131,53759.2564668178,103.879742942229,153.822731502479,59.963689618831,68.6437673701448,166307.915101746,258.00390000293,166951.228933182,4242.33352465968,512.159680786438,"Malawi","Mzuzu City","Mzuzu City","5",220711.4854,86
"132",132,53733.9300197618,91.6527445605156,135.759286715806,54.2465851348569,65.3311033039469,166370.126609751,260.439050771747,166976.555380238,4243.74896044481,513.033108936387,"Malawi","Mzuzu City","Mzuzu City","5",220711.4854,86
"133",133,53711.5884199698,80.8617156633266,119.807985614628,49.0451700871576,62.1382297818676,166425.287941951,262.7559369319,166998.89698003,4244.99813403975,513.823027463538,"Malawi","Mzuzu City","Mzuzu City","5",220711.4854,86
"134",134,53691.8802672942,71.338718176044,105.723871423956,44.3171101461358,59.0652202542306,166474.201295597,264.958917108425,167018.605132706,4246.10049655878,514.53700241644,"Malawi","Mzuzu City","Mzuzu City","5",220711.4854,86
"135",135,53674.4954340011,62.9353256936806,93.2899050562251,40.0229264446489,56.1115369910599,166517.577930572,267.052341241712,167035.989965999,4247.07324167861,515.181973734196,"Malawi","Mzuzu City","Mzuzu City","5",220711.4854,86
"136",136,53659.1602692911,55.5203114604782,82.3140033938485,36.1259000575427,53.2761098686571,166556.048276114,269.040529814845,167051.325130709,4247.93156189732,515.764298324255,"Malawi","Mzuzu City","Mzuzu City","5",220711.4854,86
"137",137,53645.6332962777,48.9777548431715,72.6261423385152,32.5919650994107,50.5574087861243,166590.171076827,270.927755828432,167064.852103722,4248.68887996166,516.289791493164,"Malawi","Mzuzu City","Mzuzu City","5",220711.4854,86
"138",138,53633.7014344933,43.2052889683726,64.0758651714842,29.3895889771151,47.953509961962,166620.441483121,272.71822930711,167076.783965507,4249.35705301208,516.763766609414,"Malawi","Mzuzu City","Mzuzu City","5",220711.4854,86
"139",139,53623.176702896,38.1124500492622,56.5302004286535,26.4896421180234,45.4621564885796,166647.298163921,274.41608409817,167087.308697104,4249.94655148913,517.191072964415,"Malawi","Mzuzu City","Mzuzu City","5",220711.4854,86
"140",140,53613.8932407232,33.619370312282,49.8715672056609,23.865268266695,43.0808132048908,166671.129773529,276.025366758613,167096.592159277,4250.46662152616,517.576131541641,"Malawi","Mzuzu City","Mzuzu City","5",220711.4854,86
"141",141,53605.7047122672,29.6555691131958,43.9960019323279,21.4917512130041,40.8067161161037,166692.280621946,277.55002741161,167104.780687733,4250.92542689102,517.922968718406,"Malawi","Mzuzu City","Mzuzu City","5",220711.4854,86
"142",142,53598.4820349353,26.1587685345095,38.8117205239515,19.346379361818,38.6369172278731,166711.055667231,278.993912185794,167112.003365065,4251.33017354204,518.235248102958,"Malawi","Mzuzu City","Mzuzu City","5",220711.4854,86
"143",143,53592.1113211139,23.0740313802802,34.2375889344596,17.4083171241385,36.5683243265921,166727.725059818,280.360757302536,167118.374078886,4251.68722286884,518.516300150624,"Malawi","Mzuzu City","Mzuzu City","5",220711.4854,86
"144",144,53586.4921042888,20.3528627368583,30.2019537966484,15.6584760002151,34.5977366441824,166742.528082056,281.654184477139,167123.993295711,4252.00218946214,518.769149923132,"Malawi","Mzuzu City","Mzuzu City","5",220711.4854,86
"145",145,53581.5357660931,17.9524431370013,26.6415680410308,14.0793908100524,32.7218764255609,166755.676657931,282.877697561825,167128.949633907,4252.28002800348,518.996542885276,"Malawi","Mzuzu City","Mzuzu City","5",220711.4854,86
"146",146,53577.164121673,15.8350145396009,23.5005427487379,12.6551027270327,30.937416760563,166767.358521286,284.034680265513,167133.321278327,4252.52511156905,519.200968817075,"Malawi","Mzuzu City","Mzuzu City","5",220711.4854,86
"147",147,53573.3082135056,13.96723167989,20.7295753950421,11.3710447403346,29.2410060892393,166777.73993377,285.128394819559,167137.177186495,4252.74129847569,519.384684025433,"Malawi","Mzuzu City","Mzuzu City","5",220711.4854,86
"148",148,53569.9072090731,12.3196837753079,18.2851257517353,10.213935764154,27.6292895187188,166786.968174637,286.161981480071,167140.578190927,4252.93199348036,519.549731805477,"Malawi","Mzuzu City","Mzuzu City","5",220711.4854,86
"149",149,53566.9074471969,10.866424754887,16.1287566899191,9.17167929539724,26.0989273379503,166795.173705973,287.138458752359,167143.577952803,4253.10020078263,519.697961341128,"Malawi","Mzuzu City","Mzuzu City","5",220711.4854,86
"150",150,53564.2616005586,9.58454671712576,14.2265673674379,8.23326779835258,24.646610977783,166802.472082344,288.060724237024,167146.223799442,4253.24857061892,519.831045119637,"Malawi","Mzuzu City","Mzuzu City","5",220711.4854,86
"151",151,53561.9279162393,8.45385585570741,12.548614536308,7.38869465776141,23.269076587033,166808.965686106,288.931556018071,167148.557483761,4253.37944156582,519.95049489385,"Malawi","Mzuzu City","Mzuzu City","5",220711.4854,86
"152",152,53559.8695699656,7.45652552789712,11.0684909936515,6.62887021309118,21.9631165584712,166814.745212238,289.753614503275,167150.615830035,4253.49487653193,520.057676371843,"Malawi","Mzuzu City","Mzuzu City","5",220711.4854,86
"153",153,53558.0540798621,6.57683097886307,9.76289201971593,5.94554477608937,20.7255891352133,166819.891018578,290.529444649624,167152.431320138,4253.59669546302,520.153822648905,"Malawi","Mzuzu City","Mzuzu City","5",220711.4854,86
"154",154,53556.4527928817,5.80090620512545,8.61124560567405,5.33123688297288,19.5534263350934,166824.474313583,291.261478506789,167154.032607119,4253.6865040106,520.240046504213,"Malawi","Mzuzu City","Mzuzu City","5",220711.4854,86
"155",155,53555.0404400396,5.11650892289868,7.59541619176351,4.77916626483977,18.4436403821341,166828.558190179,291.952038020247,167155.444959961,4253.76571837237,520.317351650947,"Malawi","Mzuzu City","Mzuzu City","5",220711.4854,86
"156",156,53553.7947294525,4.51284855626173,6.6993899681139,4.28319288382801,17.3933287792125,166832.198572317,292.603338043385,167156.690670548,4253.83558803595,520.386642986845,"Malawi","Mzuzu City","Mzuzu City","5",220711.4854,86
"157",157,53552.6960004279,3.98040262440349,5.90904453277128,3.83775980330126,16.3996782146729,166835.445024885,293.21748951223,167157.789399572,4253.89721511727,520.448735958265,"Malawi","Mzuzu City","Mzuzu City","5",220711.4854,86
"158",158,53551.7269122257,3.510769740488,5.21192311699611,3.43784102154604,15.4599674136782,166838.341483739,293.79650274294,167158.758487775,4253.95157176858,520.504365080022,"Malawi","Mzuzu City","Mzuzu City","5",220711.4854,86
"159",159,53550.8721678416,3.09654399370656,4.59702915096551,3.07889363458888,14.5715690710004,166840.926905492,294.342290816136,167159.613232159,4253.99951563323,520.554191685931,"Malawi","Mzuzu City","Mzuzu City","5",220711.4854,86
"160",160,53550.1182772938,2.73118689242644,4.05467048407936,2.75681344863695,13.7319509968775,166843.235827868,294.85667301605,167160.367122706,4254.04180309358,520.598810986658,"Malawi","Mzuzu City","Mzuzu City","5",220711.4854,86
"161",161,53549.453340532,2.40893509196608,3.57629118222809,2.46789490245407,12.9386765507539,166845.298883442,295.341378298973,167161.032059468,4254.07910142493,520.638758465828,"Malawi","Mzuzu City","Mzuzu City","5",220711.4854,86
"162",162,53548.8668617697,2.12470411053499,3.15434496274064,2.20879394924862,12.1894044902811,166847.143241952,295.79804876587,167161.61853823,4254.11199919216,520.674515698532,"Malawi","Mzuzu City","Mzuzu City","5",220711.4854,86
"163",163,53548.3495843461,1.87400708058668,2.78217815200586,1.97649425292986,11.4818882996159,166848.793004749,296.228243120039,167162.135815654,4254.14101549888,520.70651562345,"Malawi","Mzuzu City","Mzuzu City","5",220711.4854,86
"164",164,53547.8933424344,1.65288957683605,2.45391672501532,1.76827651259311,10.81397507501,166850.269559584,296.633440092382,167162.592057566,4254.1666082949,520.735147316578,"Malawi","Mzuzu City","Mzuzu City","5",220711.4854,86
"165",165,53547.4909348089,1.45786073988434,2.16438351334564,1.58169016651471,10.1836040499389,166851.591884902,297.015041818894,167162.994465191,4254.1891814487,520.760760322342,"Malawi","Mzuzu City","Mzuzu City","5",220711.4854,86
"166",166,53547.1360093116,1.28584293413553,1.90900968583899,1.41452791484614,9.58880480344651,166852.776828191,297.374377159011,167163.349390689,4254.20909122175,520.78366856629,"Malawi","Mzuzu City","Mzuzu City","5",220711.4854,86
"167",167,53546.8229631483,1.13412193048269,1.68376470792149,1.26480238374258,9.02769521840395,166853.839347667,297.712704943752,167163.662436852,4254.22665185626,520.804153896991,"Malawi","Mzuzu City","Mzuzu City","5",220711.4854,86
"168",168,53546.5468552474,1.00030203212129,1.48509583572734,1.13072487398235,8.49847923554525,166854.792725629,298.031217146052,167163.938544753,4254.24214048757,520.822469289959,"Malawi","Mzuzu City","Mzuzu City","5",220711.4854,86
"169",169,53546.3033267719,0.882272038571447,1.30986655515974,1.01068621978128,7.99944443887732,166855.648762009,298.331041966349,167164.182073228,4254.2558016,520.838841737279,"Malawi","Mzuzu City","Mzuzu City","5",220711.4854,86
"170",170,53546.0885336849,0.778168575433634,1.15531214243436,0.903239227026941,7.52895952036722,166856.417940022,298.613246827765,167164.396866315,4254.26785080722,520.853474861093,"Malawi","Mzuzu City","Mzuzu City","5",220711.4854,86
"171",171,53545.8990853042,0.686348298894041,1.01899353896622,0.807082844616316,7.08547163981355,166857.109577089,298.878841284922,167164.586314696,4254.27847829735,520.866551273805,"Malawi","Mzuzu City","Mzuzu City","5",220711.4854,86
"172",172,53545.7319906008,0.605362328355526,0.898758308414555,0.721047813187286,6.66750373257596,166857.73195739,299.128779826918,167164.753409399,4254.28785184394,520.878234704202,"Malawi","Mzuzu City","Mzuzu City","5",220711.4854,86
"173",173,53545.5846125496,0.533932004784703,0.792709949229091,0.644083828661635,6.27365181066113,166858.292445313,299.363964544108,167164.900787451,4254.29611936563,520.88867188282,"Malawi","Mzuzu City","Mzuzu City","5",220711.4854,86
"174",174,53545.454624611,0.470930036634653,0.699174377928614,0.575247537836424,5.90258216613065,166858.797593486,299.585247783945,167165.030775389,4254.30341136655,520.897994310807,"Malawi","Mzuzu City","Mzuzu City","5",220711.4854,86
"175",175,53545.3399746703,0.415361969504357,0.616675060987771,0.513691936332353,5.55302862137583,166859.253233092,299.793434649856,167165.14542533,4254.30984295853,520.906319805846,"Malawi","Mzuzu City","Mzuzu City","5",220711.4854,86
"176",176,53545.2388530327,0.366350561365226,0.543910117800332,0.458656843300224,5.22378981886801,166859.664554242,299.989285384274,167165.246546967,4254.31551565595,520.913753888389,"Malawi","Mzuzu City","Mzuzu City","5",220711.4854,86
"177",177,53545.1496635018,0.323122331391771,0.479730959500567,0.409460185437372,4.91372651393821,166860.036178828,300.173517679924,167165.335736498,4254.32051899781,520.920391047619,"Malawi","Mzuzu City","Mzuzu City","5",220711.4854,86
"178",178,53545.070998087,0.284994886684116,0.423124516620248,0.365490063555049,4.62175888540816,166860.37222465,300.346808910494,167165.414401913,4254.32493196619,520.926315886655,"Malawi","Mzuzu City","Mzuzu City","5",220711.4854,86
"179",179,53545.0016150086,0.251366302133146,0.373197381097856,0.326197739014529,4.34686393873904,166860.676361402,300.509798228785,167165.483784992,4254.32882421991,520.931604132481,"Malawi","Mzuzu City","Mzuzu City","5",220711.4854,86
"180",180,53544.9404193236,0.221705954029258,0.329161648492585,0.291091356817912,4.0880730004093,166860.951860168,300.66308854884,167165.544980677,4254.33225718122,520.936323537661,"Malawi","Mzuzu City","Mzuzu City","5",220711.4854,86
"181",181,53544.8864447505,0.195545523865444,0.290322032639849,0.259729872458576,3.84446910540072,166861.201640144,300.807248570955,167165.59895525,4254.33528505518,520.940534748882,"Malawi","Mzuzu City","Mzuzu City","5",220711.4854,86
"182",182,53544.8388388187,0.172471808159686,0.256065176884209,0.23171798812638,3.61518461918772,166861.428307004,300.942814585091,167165.646561181,4254.33795566264,520.944292029042,"Malawi","Mzuzu City","Mzuzu City","5",220711.4854,86
"183",183,53544.7968502026,0.152120693789133,0.225850427886542,0.206701737519713,3.39939898524864,166861.634185807,301.070292146328,167165.688549798,4254.34031115072,520.947643884928,"Malawi","Mzuzu City","Mzuzu City","5",220711.4854,86
"184",184,53544.7598161236,0.13417094813368,0.199200877785271,0.184364046575492,3.19633638658952,166861.821353815,301.190157801788,167165.725583877,4254.34238869946,520.950633697368,"Malawi","Mzuzu City","Mzuzu City","5",220711.4854,86
"185",185,53544.7271519592,0.118339187706875,0.17569588395529,0.164420961768689,3.00526355290233,166861.991667778,301.302860676467,167165.758248041,4254.34422110462,520.953300254471,"Malawi","Mzuzu City","Mzuzu City","5",220711.4854,86
"186",186,53544.6983420686,0.104375528870387,0.154964371620908,0.146618266861966,2.82548765285568,166862.146788134,301.408823977011,167165.787057932,4254.34583729238,520.955678228954,"Malawi","Mzuzu City","Mzuzu City","5",220711.4854,86
"187",187,53544.6729316565,0.0920595452527408,0.136679079178096,0.130728410557333,2.65635426314522,166862.288200621,301.508446424538,167165.812468344,4254.34726277567,520.957798610257,"Malawi","Mzuzu City","Mzuzu City","5",220711.4854,86
"188",188,53544.6505196059,0.0811967893220228,0.120551406649577,0.116547752803013,2.49724541589938,166862.417235414,301.602103615315,167165.834880394,4254.34852005626,520.959689090986,"Malawi","Mzuzu City","Mzuzu City","5",220711.4854,86
"189",189,53544.6307521101,0.07161580926584,0.106326730808633,0.103894090729121,2.34757772584988,166862.535084221,301.690149311915,167165.85464789,4254.34962898195,520.961374413622,"Malawi","Mzuzu City","Mzuzu City","5",220711.4854,86
"190",190,53544.6133171171,0.0631653661124268,0.09378049780826,0.0926044317869026,2.20680059626614,166862.642815323,301.772916667703,167165.872082883,4254.35060705821,520.962876681377,"Malawi","Mzuzu City","Mzuzu City","5",220711.4854,86
"191",191,53544.5979394101,0.0557120318226353,0.0827147013335969,0.0825329954459418,2.07439450219986,166862.741386971,301.850719387524,167165.88746059,4254.35146972415,520.964215636696,"Malawi","Mzuzu City","Mzuzu City","5",220711.4854,86
"192",192,53544.5843762142,0.0491381634552582,0.0729546180441341,0.0735494156429787,1.94986934191413,166862.831659414,301.92385283232,167165.901023786,4254.35223059899,520.965408911557,"Malawi","Mzuzu City","Mzuzu City","5",220711.4854,86
"193",193,53544.572413374,0.0433399800553464,0.0643461277095653,0.065537124441401,1.83276286950535,166862.914405463,301.992595061331,167165.912986626,4254.35290169645,520.966472251658,"Malawi","Mzuzu City","Mzuzu City","5",220711.4854,86
"194",194,53544.5618621167,0.0382259529751993,0.0567534247686479,0.0583919587991969,1.72263924593295,166862.990319514,302.05720778718,167165.923537884,4254.35349360634,520.96741970927,"Malawi","Mzuzu City","Mzuzu City","5",220711.4854,86
"195",195,53544.5525558915,0.0337153639775525,0.0500566545913744,0.0520208067510595,1.61908756399062,166863.060026376,302.117937342999,167165.932844109,4254.35401567187,520.968263830726,"Malawi","Mzuzu City","Mzuzu City","5",220711.4854,86
"196",196,53544.5443477781,0.0297370235337672,0.0441500737832761,0.0463404557529732,1.52172050001046,166863.124088609,302.175015559168,167165.941052222,4254.35447613503,520.969015815257,"Malawi","Mzuzu City","Mzuzu City","5",220711.4854,86
"197",197,53544.5371082058,0.0262281177346533,0.0389404572125925,0.0412765581050718,1.43017302966899,166863.183013038,302.228660593168,167165.948291794,4254.3548822645,520.969685657345,"Malawi","Mzuzu City","Mzuzu City","5",220711.4854,86
"198",198,53544.5307228905,0.0231332504049412,0.0343455708671219,0.03676269708887,1.34410120167445,166863.237256672,302.27907771773,167165.95467711,4254.35524047144,520.97028227526,"Malawi","Mzuzu City","Mzuzu City","5",220711.4854,86
"199",199,53544.5250910281,0.020403574554502,0.0302928652769616,0.0327395503098372,1.26318097231251,166863.287231944,302.326460065626,167165.960308972,4254.35555641081,520.970813625921,"Malawi","Mzuzu City","Mzuzu City","5",220711.4854,86
"200",200,53544.5201237135,0.0179959959652033,0.0267183681029776,0.0291541392637932,1.18710709886603,166863.333311351,302.370989333172,167165.965276287,4254.35583507002,520.97128680765,"Malawi","Mzuzu City","Mzuzu City","5",220711.4854,86
"201",201,53544.5157425333,0.0158725037027979,0.0235656581121045,0.0259591580694518,1.11559208953353,166863.375831613,302.412836444522,167165.969657467,4254.35608084796,520.971708152048,"Malawi","Mzuzu City","Mzuzu City","5",220711.4854,86
"202",202,53544.5118783529,0.0139995945759823,0.0207849808437724,0.0231123869650256,1.04836523275898,166863.415097289,302.452162162965,167165.973521647,4254.35629762298,520.972083304141,"Malawi","Mzuzu City","Mzuzu City","5",220711.4854,86
"203",203,53544.508470145,0.0123476894415601,0.0183324214869325,0.0205761122436251,0.985171584982892,166863.451384321,302.489117725772,167165.976929855,4254.35648881858,520.972417301466,"Malawi","Mzuzu City","Mzuzu City","5",220711.4854,86
"204",204,53544.505464084,0.0108906967871196,0.0161692499143832,0.0183166719271921,0.925771118596537,166863.484942803,302.523845375837,167165.979935916,4254.35665745434,520.972714635923,"Malawi","Mzuzu City","Mzuzu City","5",220711.4854,86
"205",205,53544.5028127275,0.0096056251347968,0.0142613235011498,0.0163040409913867,0.869937900396089,166863.51599951,302.556478872408,167165.982587273,4254.35680619169,520.972979310195,"Malawi","Mzuzu City","Mzuzu City","5",220711.4854,86
"206",206,53544.5004742239,0.00847218901000649,0.0125785264613782,0.0145114240485464,0.817459261764577,166863.544760369,302.587144005994,167165.984925776,4254.35693737843,520.973214893063,"Malawi","Mzuzu City","Mzuzu City","5",220711.4854,86
"207",207,53544.4984116576,0.00747249341371167,0.0110942969371962,0.0129149127068419,0.768135041208717,166863.571412532,302.615959066026,167165.986988343,4254.35705308549,520.973424565871,"Malawi","Mzuzu City","Mzuzu City","5",220711.4854,86
"208",208,53544.4965924664,0.00659075891080758,0.0097851999762021,0.0114931778237249,0.721776866013689,166863.596126248,302.643035282985,167165.988807534,4254.35715513955,520.973611164209,"Malawi","Mzuzu City","Mzuzu City","5",220711.4854,86
"209",209,53544.4949879267,0.00581306414331141,0.00863056558727842,0.0102271920151764,0.678207473471759,166863.619056533,302.668477245083,167165.990412074,4254.35724515197,520.973777215431,"Malawi","Mzuzu City","Mzuzu City","5",220711.4854,86
"210",210,53544.4935727184,0.00512713389058387,0.0076121761979701,0.00909999191557758,0.637260089836724,166863.640344611,302.69238327822,167165.991827282,4254.35732454317,520.973924970755,"Malawi","Mzuzu City","Mzuzu City","5",220711.4854,86
"211",211,53544.4923245023,0.00452214183650909,0.00671395544602552,0.00809644736344454,0.598777802120218,166863.660119321,302.71484582955,167165.993075498,4254.35739456634,520.974056436437,"Malawi","Mzuzu City","Mzuzu City","5",220711.4854,86
"212",212,53544.4912235729,0.00398853839450493,0.00592172172769507,0.00720306603664275,0.562612989561699,166863.678498298,302.735951813515,167165.994176427,4254.35745632693,520.974173400073,"Malawi","Mzuzu City","Mzuzu City","5",220711.4854,86
"213",213,53544.490252551,0.00351789885628109,0.0052229703350183,0.00640781864543281,0.52862678618602,166863.695589037,302.755782938174,167165.995147449,4254.3575107999,520.97427745412,"Malawi","Mzuzu City","Mzuzu City","5",220711.4854,86
"214",214,53544.489396108,0.00310279350896925,0.00460667069936775,0.0056999813916288,0.496688570948625,166863.711489861,302.774416014115,167165.996003892,4254.35755884515,520.974370017083,"Malawi","Mzuzu City","Mzuzu City","5",220711.4854,86
"215",215,53544.4886407234,0.00273667013010841,0.00406309263108659,0.00506999532116708,0.466675486504236,166863.726290787,302.791923245392,167165.996759277,4254.35760122117,520.974452352401,"Malawi","Mzuzu City","Mzuzu City","5",220711.4854,86
"216",216,53544.4879744726,0.00241374860395803,0.00358365564425217,0.00450934064667483,0.438471985156564,166863.740074294,302.808372503455,167165.997425528,4254.3576385969,520.974525585299,"Malawi","Mzuzu City","Mzuzu City","5",220711.4854,86
"217",217,53544.4873868382,0.00212893093885006,0.00316079160920002,0.00401042458415673,0.411969400553079,166863.752916029,302.823827585051,167165.998013162,4254.35767156237,520.974590717816,"Malawi","Mzuzu City","Mzuzu City","5",220711.4854,86
"218",218,53544.4868685475,0.00187772325892888,0.00278782734121776,0.00356648361019206,0.38706555394547,166863.764885415,302.838348448886,167165.998531453,4254.35770063776,520.974648641892,"Malawi","Mzuzu City","Mzuzu City","5",220711.4854,86
"219",219,53544.486411415,0.00165615810871036,0.00245887277524933,0.00317148710661673,0.363664345636928,166863.77604626,302.851991460779,167165.998988585,4254.35772628225,520.974700152248,"Malawi","Mzuzu City","Mzuzu City","5",220711.4854,86
"220",220,53544.4860082212,0.00146073606910245,0.00216873288982695,0.00282006213237878,0.34167541323075,166863.786457236,302.864809598311,167165.999391779,4254.35774890086,520.974745956433,"Malawi","Mzuzu City","Mzuzu City","5",220711.4854,86
"221",221,53544.4856526028,0.00128837328735684,0.00191282832371708,0.00250742490446376,0.321013803587429,166863.79617232,302.876852646981,167165.999747397,4254.35776885055,520.974786683968,"Malawi","Mzuzu City","Mzuzu City","5",220711.4854,86
"222",222,53544.4853389465,0.00113634887260247,0.001687119808992,0.00222931359359517,0.301599642235017,166863.805241231,302.888167397722,167166.000061054,4254.35778644623,520.974822895303,"Malawi","Mzuzu City","Mzuzu City","5",220711.4854,86
"223",223,53544.4850623008,0.00100226275230846,0.0014880444769296,0.00198193202637502,0.283357833448393,166863.813709801,302.89879782574,167166.0003377,4254.35780196567,520.974855089323,"Malawi","Mzuzu City","Mzuzu City","5",220711.4854,86
"224",224,53544.4848182985,0.00088399855040748,0.00131245931553492,0.00176189938772958,0.266217778149742,166863.821620307,302.90878525851,167166.000581702,4254.35781565386,520.97488371003,"Malawi","Mzuzu City","Mzuzu City","5",220711.4854,86
"225",225,53544.4846030877,0.000779689232164828,0.00115759266226872,0.00156620494275279,0.250113107282651,166863.829011784,302.918168534377,167166.000796913,4254.35782772688,520.974909152572,"Malawi","Mzuzu City","Mzuzu City","5",220711.4854,86
"226",226,53544.4844132713,0.000687687973610906,0.00102100006565899,0.00139216779436434,0.234981430737584,166863.83592029,302.926984151725,167166.000986729,4254.35783837532,520.97493176858,"Malawi","Mzuzu City","Mzuzu City","5",220711.4854,86
"227",227,53544.4842458527,0.000606542714981004,0.000900524859640097,0.00123740096079835,0.220764100895898,166863.842379168,302.935266409302,167166.001154148,4254.35784776727,520.974951870942,"Malawi","Mzuzu City","Mzuzu City","5",220711.4854,86
"228",228,53544.484098189,0.000534972422776068,0.000794265318119257,0.00109977930706817,0.20740598999943,166863.848419266,302.943047538203,167166.001301811,4254.357856051,520.97496973805,"Malawi","Mzuzu City","Mzuzu City","5",220711.4854,86
"229",229,53544.4839679493,0.000471847075336865,0.000700544332491515,0.000977410980421258,0.194855280559345,166863.854069142,302.950357825991,167166.001432051,4254.35786335727,520.974985617588,"Malawi","Mzuzu City","Mzuzu City","5",220711.4854,86
"230",230,53544.4838530773,0.000416170359658473,0.000617881974635776,0.000868611867939629,0.183063267195855,166863.859355257,302.957225733949,167166.001546923,4254.35786980142,520.974999729911,"Malawi","Mzuzu City","Mzuzu City","5",220711.4854,86
"231",231,53544.4837517594,0.000367063216160404,0.000544973045617388,0.000771882795763801,0.171984170746654,166863.864302144,302.963678006962,167166.001648241,4254.35787548522,520.975012271064,"Malawi","Mzuzu City","Mzuzu City","5",220711.4854,86
"232",232,53544.4836623967,0.000323750459458566,0.000480667314602524,0.000685890034348146,0.161574969028503,166863.868932553,302.969739773469,167166.001737604,4254.35788049834,520.975023415354,"Malawi","Mzuzu City","Mzuzu City","5",220711.4854,86
"233",233,53544.4835835787,0.000285548502451048,0.000423949592112437,0.000609446412012793,0.151795226144702,166863.873267604,302.975434646215,167166.001816422,4254.35788491992,520.975033317849,"Malawi","Mzuzu City","Mzuzu City","5",220711.4854,86
"234",234,53544.483514061,0.000251854364547435,0.000373924326345233,0.000541495376199736,0.142606938482559,166863.877326913,302.980784813052,167166.001885939,4254.35788881976,520.975042116479,"Malawi","Mzuzu City","Mzuzu City","5",220711.4854,86
"235",235,53544.4834527491,0.000222137391853602,0.00032980396884803,0.000481099059213012,0.133974438677115,166863.881128678,302.985811093733,167166.001947251,4254.35789225928,520.975049933612,"Malawi","Mzuzu City","Mzuzu City","5",220711.4854,86
"236",236,53544.4833986735,0.000195927731987786,0.000290890972454429,0.000427419874979933,0.125864143108833,166863.884689856,302.990533088199,167166.002001327,4254.35789529284,520.975056878474,"Malawi","Mzuzu City","Mzuzu City","5",220711.4854,86
"237",237,53544.4833509782,0.000172810529362635,0.000256569217303228,0.000379711773487583,0.11824447280469,166863.888026234,302.994969223265,167166.002049022,4254.35789796848,520.975063048307,"Malawi","Mzuzu City","Mzuzu City","5",220711.4854,86
"238",238,53544.4833089103,0.000152420885634771,0.000226296987012546,0.000337312776721662,0.111085783156001,166863.891152482,302.999136794081,167166.00209109,4254.35790032843,520.975068529345,"Malawi","Mzuzu City","Mzuzu City","5",220711.4854,86
"239",239,53544.4832718017,0.00013443490396255,0.000199593474177043,0.000299630540505075,0.104360129556666,166863.894082308,303.003052101566,167166.002128199,4254.35790241017,520.975073398714,"Malawi","Mzuzu City","Mzuzu City","5",220711.4854,86
"240",240,53544.4832390722,0.000118571420109257,0.000176041205126202,0.00026614578910062,0.0980414396182737,166863.896828378,303.006730351964,167166.002160928,4254.35790424625,520.975077723991,"Malawi","Mzuzu City","Mzuzu City","5",220711.4854,86
"241",241,53544.4832102057,0.00010458026190521,0.000155268734911662,0.000236392981726448,0.0921051274400402,166863.899402542,303.010185882713,167166.002189795,4254.35790586562,520.975081565728,"Malawi","Mzuzu City","Mzuzu City","5",220711.4854,86
"242",242,53544.4831847454,9.22400004420776e-05,0.000136947335994173,0.000209956819189741,0.0865280633837745,166863.901815867,303.013432180292,167166.002215255,4254.35790729391,520.97508497792,"Malawi","Mzuzu City","Mzuzu City","5",220711.4854,86
"243",243,53544.4831622892,8.13558584833304e-05,0.000120787819747684,0.000186468773869062,0.0812885268931915,166863.904078663,303.016481907931,167166.002237711,4254.35790855367,520.975088008457,"Malawi","Mzuzu City","Mzuzu City","5",220711.4854,86
"244",244,53544.4831424831,7.1756106234522e-05,0.000106535207980076,0.000165601238978427,0.0763661116512207,166863.906200551,303.019346961228,167166.002257517,4254.35790966477,520.97509069989,"Malawi","Mzuzu City","Mzuzu City","5",220711.4854,86
"245",245,53544.483125014,6.3289122793687e-05,9.39644055983701e-05,0.000147062665122546,0.0717416394652751,166863.908190512,303.02203851862,167166.002274986,4254.35791064476,520.975093090071,"Malawi","Mzuzu City","Mzuzu City","5",220711.4854,86
"246",246,53544.4831096062,5.58211845755326e-05,8.28768746960917e-05,0.00013059381802221,0.0673970898879964,166863.910056929,303.024567082606,167166.002290394,4254.35791150912,520.97509521264,"Malawi","Mzuzu City","Mzuzu City","5",220711.4854,86
"247",247,53544.4830960165,4.92344397730197e-05,7.3097629394976e-05,0.000115964351532904,0.0633155327301808,166863.911807635,303.026942519265,167166.002303984,4254.35791227148,520.975097097475,"Malawi","Mzuzu City","Mzuzu City","5",220711.4854,86
"248",248,53544.4830840303,4.34249125318965e-05,6.44723113749311e-05,0.000102969441899038,0.0594810600194546,166863.913449945,303.029174098096,167166.00231597,4254.35791294389,520.975098771131,"Malawi","Mzuzu City","Mzuzu City","5",220711.4854,86
"249",249,53544.4830734584,3.83008912092468e-05,5.68647587807172e-05,9.14269867099737e-05,0.0558787245339021,166863.914990696,303.031270527987,167166.002326542,4254.35791353696,520.975100257209,"Malawi","Mzuzu City","Mzuzu City","5",220711.4854,86
"250",250,53544.483064134,3.37814932842692e-05,5.0154872778102e-05,8.11751085508641e-05,0.0524944821097318,166863.916436281,303.033239990966,167166.002335866,4254.35791406004,520.975101576676,"Malawi","Mzuzu City","Mzuzu City","5",220711.4854,86
"251",251,53544.4830559098,2.97953709230878e-05,4.42367360662994e-05,7.20699122431601e-05,0.0493151372058298,166863.917792677,303.035090174035,167166.00234409,4254.35791452141,520.975102748167,"Malawi","Mzuzu City","Mzuzu City","5",220711.4854,86
"252",252,53544.4830486561,2.62795980433327e-05,3.90169258740494e-05,6.39834964608381e-05,0.0463282917466897,166863.919065473,303.036828299083,167166.002351344,4254.35791492833,520.975103788234,"Malawi","Mzuzu City","Mzuzu City","5",220711.4854,86
"253",253,53544.4830422583,2.31786792728215e-05,3.44130349683997e-05,5.68021821335613e-05,0.0435222970293028,166863.9202599,303.038461150999,167166.002357742,4254.35791528724,520.975104711586,"Malawi","Mzuzu City","Mzuzu City","5",220711.4854,86
"254",254,53544.4830366154,2.04436597622763e-05,3.03523912907387e-05,5.04249359490013e-05,0.0408862085195934,166863.921380851,303.039995104081,167166.002363385,4254.35791560379,520.975105531288,"Malawi","Mzuzu City","Mzuzu City","5",220711.4854,86
"255",255,53544.4830316384,1.80313629249448e-05,2.67708953933647e-05,4.47619687651068e-05,0.038409743366024,166863.922432907,303.041436146866,167166.002368362,4254.357915883,520.975106258947,"Malawi","Mzuzu City","Mzuzu City","5",220711.4854,86
"256",256,53544.4830272486,1.59037129183947e-05,2.36120024246456e-05,3.97334885351665e-05,0.036083240467572,166863.923420356,303.042789905446,167166.002372752,4254.35791612926,520.975106904875,"Malawi","Mzuzu City","Mzuzu City","5",220711.4854,86
"257",257,53544.4830233769,1.40271194591264e-05,2.08258504811605e-05,3.52685905688533e-05,0.0338976229436489,166863.924347213,303.044061665389,167166.002376623,4254.35791634646,520.97510747823,"Malawi","Mzuzu City","Mzuzu City","5",220711.4854,86
"258",258,53544.4830199619,1.23719566366675e-05,1.8368460023726e-05,3.13042710815654e-05,0.0318443628623065,166863.925217238,303.045256392332,167166.002380038,4254.35791653803,520.975107987147,"Malawi","Mzuzu City","Mzuzu City","5",220711.4854,86
"259",259,53544.48301695,1.09121007539159e-05,1.62010314173178e-05,2.77845497838513e-05,0.0299154480916487,166863.926033953,303.046378751328,167166.00238305,4254.357916707,520.975108438852,"Malawi","Mzuzu City","Mzuzu City","5",220711.4854,86
"260",260,53544.4830142934,9.62450385551847e-06,1.42893533461957e-05,2.46596890471735e-05,0.0281033511473482,166863.926800657,303.047433125029,167166.002385707,4254.35791685603,520.975108839762,"Malawi","Mzuzu City","Mzuzu City","5",220711.4854,86
"261",261,53544.4830119503,8.48883752444022e-06,1.26032514193813e-05,2.18855000902067e-05,0.0264009999166617,166863.927520441,303.04842363077,167166.00238805,4254.35791698748,520.975109195577,"Malawi","Mzuzu City","Mzuzu City","5",220711.4854,86
"262",262,53544.4830098837,7.48717879010481e-06,1.11161017195831e-05,1.94227260281858e-05,0.0248017501464766,166863.928196203,303.049354136616,167166.002390117,4254.35791710341,520.975109511358,"Malawi","Mzuzu City","Mzuzu City","5",220711.4854,86
"263",263,53544.4830080609,6.60371332854254e-06,9.80443110443313e-06,1.72364927478601e-05,0.023299359589603,166863.928830658,303.050228276448,167166.002391939,4254.35791720567,520.975109791598,"Malawi","Mzuzu City","Mzuzu City","5",220711.4854,86
"264",264,53544.4830064532,5.8244919708057e-06,8.64753752093006e-06,1.52958211903056e-05,0.0218879637097701,166863.929426351,303.051049464131,167166.002393547,4254.35791729585,520.975110040291,"Malawi","Mzuzu City","Mzuzu City","5",220711.4854,86
"265",265,53544.4830050352,5.13721847553187e-06,7.62715136133428e-06,1.35731938124924e-05,0.0205620528517561,166863.929985667,303.051820906825,167166.002394965,4254.3579173754,520.97511026098,"Malawi","Mzuzu City","Mzuzu City","5",220711.4854,86
"266",266,53544.4830037846,4.53104193428714e-06,6.7271670797622e-06,1.20441685962224e-05,0.0193164507886561,166863.930510845,303.052545617496,167166.002396216,4254.35791744556,520.975110456811,"Malawi","Mzuzu City","Mzuzu City","5",220711.4854,86
"267",267,53544.4830026815,3.99639013190292e-06,5.9333820402535e-06,1.06870363838777e-05,0.0181462945634982,166863.93100398,303.053226426669,167166.002397319,4254.35791750744,520.975110630579,"Malawi","Mzuzu City","Mzuzu City","5",220711.4854,86
"268",268,53544.4830017086,3.52482743161202e-06,5.23325896183492e-06,9.48251641852031e-06,0.017047015547395,166863.931467042,303.05386599347,167166.002398292,4254.35791756202,520.975110784764,"Malawi","Mzuzu City","Mzuzu City","5",220711.4854,86
"269",269,53544.4830008504,3.10890866061333e-06,4.61574722943165e-06,8.41348514012334e-06,0.016014321641077,166863.931901874,303.054466815996,167166.00239915,4254.35791761016,520.975110921569,"Malawi","Mzuzu City","Mzuzu City","5",220711.4854,86
"270",270,53544.4830000936,2.74206473023641e-06,4.07110377131458e-06,7.46473554708856e-06,0.0150441805509807,166863.932310207,303.055031241068,167166.002399907,4254.35791765262,520.975111042949,"Malawi","Mzuzu City","Mzuzu City","5",220711.4854,86
"271",271,53544.482999426,2.41850879543995e-06,3.59072461612987e-06,6.62276352412254e-06,0.0141328040752144,166863.932693664,303.055561473384,167166.002400574,4254.35791769007,520.97511115064,"Malawi","Mzuzu City","Mzuzu City","5",220711.4854,86
"272",272,53544.4829988372,2.13313263345793e-06,3.1670272870136e-06,5.87557736389984e-06,0.0132766333386126,166863.933053769,303.056059584124,167166.002401163,4254.3579177231,520.975111246183,"Malawi","Mzuzu City","Mzuzu City","5",220711.4854,86
"273",273,53544.4829983179,1.88142766839255e-06,2.7933286347014e-06,5.21252884655139e-06,0.0124723249196839,166863.933391951,303.056527519031,167166.002401682,4254.35791775223,520.975111330946,"Malawi","Mzuzu City","Mzuzu City","5",220711.4854,86
"274",274,53544.4829978599,1.65942436876859e-06,2.46372364353422e-06,4.62416338770065e-06,0.0117167378157142,166863.933709549,303.05696710601,167166.00240214,4254.35791777793,520.975111406142,"Malawi","Mzuzu City","Mzuzu City","5",220711.4854,86
"275",275,53544.4829974559,1.46361812225779e-06,2.17300923202624e-06,4.10208630335251e-06,0.0110069211955311,166863.934007822,303.057380062257,167166.002402544,4254.35791780059,520.975111472849,"Malawi","Mzuzu City","Mzuzu City","5",220711.4854,86
"276",276,53544.4829970996,1.29091412272755e-06,1.91660180335551e-06,3.63884427264361e-06,0.010340102892415,166863.93428795,303.057768000964,167166.002402901,4254.35791782058,520.975111532024,"Malawi","Mzuzu City","Mzuzu City","5",220711.4854,86
"277",277,53544.4829967853,1.13858963707578e-06,1.69044837632873e-06,3.2278203245093e-06,0.00971367859252499,166863.934551041,303.058132437618,167166.002403215,4254.35791783821,520.975111584515,"Malawi","Mzuzu City","Mzuzu City","5",220711.4854,86
"278",278,53544.4829965081,1.00424048365913e-06,1.49097825388062e-06,2.86313997083396e-06,0.00912520167690655,166863.934798136,303.058474795914,167166.002403492,4254.35791785376,520.975111631077,"Malawi","Mzuzu City","Mzuzu City","5",220711.4854,86
"279",279,53544.4829962636,8.85741890089233e-07,1.31504842210068e-06,2.53958804353105e-06,0.00857237367762567,166863.935030209,303.058796413316,167166.002403737,4254.35791786748,520.975111672378,"Malawi","Mzuzu City","Mzuzu City","5",220711.4854,86
"280",280,53544.482996048,7.81226464268359e-07,1.15987684152768e-06,2.25253516693156e-06,0.00805303531096513,166863.935248177,303.059098546275,167166.002403952,4254.35791787957,520.975111709011,"Malawi","Mzuzu City","Mzuzu City","5",220711.4854,86
