"","time","S","E","I","H","C","R","D","hosp","crits","TA","ID","POP"
"1",0,203814,0,1,0,0,0,0,0,0,"Mzuzu City","5",203815
"2",1,203813.453546387,0.449777102247523,0.765490433922384,0.00790347333357738,0.000061765147140541,0.323220059807501,0.000000778431574593677,0.00843121061516766,0.0000631042540520049,"Mzuzu City","5",203815
"3",2,203812.991760425,0.688597882200821,0.70858289530794,0.0136670791531239,0.000216250111397752,0.59716986978298,0.00000559822131720611,0.0155561051027618,0.000225880523501332,"Mzuzu City","5",203815
"4",3,203812.537983946,0.845817270333599,0.730120922353904,0.0186447143596824,0.000438099987552945,0.866977744654819,0.0000173022012323011,0.0225574370252375,0.00046786432138769,"Mzuzu City","5",203815
"5",4,203812.057239725,0.975853566927698,0.789464849741263,0.0234321924969483,0.000716769389858899,1.15325477900665,0.0000381176496291912,0.0299748721166511,0.000782341766074305,"Mzuzu City","5",203815
"6",5,203811.531497098,1.10208510599516,0.870339031039518,0.0283118360841068,0.00104835905029448,1.46664854556581,0.0000700247022657337,0.0380866106840004,0.00116881994350297,"Mzuzu City","5",203815
"7",6,203810.949358817,1.23508807612982,0.966656754125489,0.0334375514836405,0.00143221842673751,1.81391165529037,0.000114927198658184,0.0470685081543557,0.00162992341592514,"Mzuzu City","5",203815
"8",7,203810.301731989,1.38021964141867,1.07664248462242,0.0389121464403783,0.00186953473158764,2.2004494622198,0.000174741342131421,0.057060868244943,0.00217013576911466,"Mzuzu City","5",203815
"9",8,203809.579975935,1.54078242601607,1.2003969842323,0.0448199704996073,0.00236275297540886,2.63141048051168,0.000251450384996512,0.0681970199654044,0.00279531372888913,"Mzuzu City","5",203815
"10",9,203808.775075602,1.71934993037676,1.33889749329701,0.0512409773257399,0.00291534911972979,3.11217350252189,0.000347145564320992,0.0806160717470851,0.00351253073419463,"Mzuzu City","5",203815
"11",10,203807.877234037,1.91833060501614,1.49359416202761,0.0582571142522865,0.00353175654190429,3.64858826336131,0.00046406182079551,0.0944691998908748,0.00433006484780534,"Mzuzu City","5",203815
"12",11,203806.87562875,2.1402211184293,1.66625272167028,0.0659556105649793,0.00421736284023512,4.24711982397426,0.000604612456210549,0.109923408730171,0.00525745518141655,"Mzuzu City","5",203815
"13",12,203805.758231671,2.38772591806455,1.85890579765697,0.074430960956184,0.00497854439999999,4.91495568317135,0.00077142434435098,0.127164309719126,0.00630559703366413,"Mzuzu City","5",203815
"14",13,203804.511642982,2.66382911857283,2.07384641991704,0.0837864843052952,0.00582272329312603,5.66010489720349,0.000967374826128616,0.146398686852134,0.00748686225912461,"Mzuzu City","5",203815
"15",14,203803.120921029,2.97184603049268,2.31364341867882,0.0941357502652115,0.00675844274035375,6.49149969789059,0.00119563122788519,0.167857122864573,0.00881524271234716,"Mzuzu City","5",203815
"16",15,203801.569402764,3.31546874143087,2.58116648432611,0.105604004445053,0.00779545662535534,7.41910285694888,0.00145969250312791,0.191796772094164,0.0103065113967023,"Mzuzu City","5",203815
"17",16,203799.838500086,3.69881367579528,2.87961871442857,0.118329736183213,0.00894483800505162,8.45402951431191,0.00176343580971855,0.218504505800492,0.0119784110997062,"Mzuzu City","5",203815
"18",17,203797.907476968,4.1264716155154,3.21257423999859,0.132466360941609,0.0102191033606773,9.60868054544971,0.00211116662539531,0.248300354648797,0.0138508648559562,"Mzuzu City","5",203815
"19",18,203795.753206393,4.60356208225114,3.58401941427489,0.14818403836469,0.0116323516567417,10.8968880478731,0.00250767254367718,0.281541263643783,0.0159462075491868,"Mzuzu City","5",203815
"20",19,203793.349884537,5.13579660628332,3.99840189638812,0.165671791262107,0.013200431377819,12.3340864515141,0.00295828582928261,0.318625507982478,0.0182894605608216,"Mzuzu City","5",203815
"21",20,203790.668727095,5.72954560295885,4.4606831192316,0.185139739540831,0.014941121554329,13.9374943730455,0.00346894909721901,0.359997385784258,0.0209086257810518,"Mzuzu City","5",203815
"22",21,203787.677629933,6.39191355618491,4.97639642731621,0.206821590242586,0.016874335857767,15.7263178689138,0.00404628815249526,0.406152462870666,0.0238350150075162,"Mzuzu City","5",203815
"23",22,203784.340780417,7.13082510152049,5.55171365705014,0.230977480524125,0.0190223583688226,17.7219832908486,0.00469769496691917,0.457643581203437,0.0271036284553218,"Mzuzu City","5",203815
"24",23,203780.618231945,7.95511822541212,6.19351898273808,0.257897072460822,0.0214101045741621,19.9483922517144,0.00543141811503278,0.515087437442275,0.0307535713274047,"Mzuzu City","5",203815
"25",24,203776.46542789,8.8746493181345,6.90949070774476,0.287903014587303,0.024065414505872,22.4322069917911,0.00625666355284193,0.579171945843137,0.0348285203198774,"Mzuzu City","5",203815
"26",25,203771.832670021,9.90041117262183,7.70819180542089,0.321354805561814,0.0270193811583705,25.2031691075902,0.0071837067689359,0.650664461912125,0.0393772449683438,"Mzuzu City","5",203815
"27",26,203766.664527449,11.0446622276042,8.59917243726009,0.358653071386765,0.0303067182203552,28.2944540790498,0.00822401750611546,0.730420929250093,0.0444541899338289,"Mzuzu City","5",203815
"28",27,203760.899177487,12.3210711600007,9.59308367714196,0.40024433422556,0.0339661710930394,31.7430667723393,0.00939039862976618,0.819396083515886,0.0501201249111181,"Mzuzu City","5",203815
"29",28,203754.467669682,13.7448805024723,10.7018021473091,0.446626348646347,0.0380409756063198,35.5902832027459,0.0106971408035812,0.918654850123385,0.056442869427822,"Mzuzu City","5",203815
"30",29,203747.293107697,15.3330854703738,11.9385714020578,0.498354009999543,0.0425793708461629,39.8821418551929,0.0121601947754377,1.02938501994914,0.0634981020487545,"Mzuzu City","5",203815
"31",30,203739.28973842,17.1046320662725,13.3181600663224,0.556045924224827,0.0476351717111489,44.6699909881955,0.0137973633431857,1.1529113691053,0.0713702631640901,"Mzuzu City","5",203815
"32",31,203730.361934177,19.0806432623693,14.8570333815288,0.620391781513636,0.0532684066548761,50.011100475869,0.0156285153319956,1.29071144438206,0.0801535608290476,"Mzuzu City","5",203815
"33",32,203720.403061457,21.2846667599342,16.5735470904486,0.692160527373661,0.0595460297055087,55.9693423115296,0.017675824052893,1.4444331194653,0.0899530929947941,"Mzuzu City","5",203815
"34",33,203709.294224302,23.7429453096554,18.4881671623626,0.772209406869264,0.066542715348363,62.6159470705683,0.0199640330523051,1.61591410993002,0.100886099550101,"Mzuzu City","5",203815
"35",34,203696.902859766,26.4847274769308,20.6237061309233,0.861494136005369,0.0743417426969677,70.0303499947081,0.0225207524066227,1.80720380152636,0.113083356196929,"Mzuzu City","5",203815
"36",35,203683.081176152,29.5426112052662,23.0055870636271,0.96108020242032,0.0830359809803475,78.3011326070984,0.0253767889075841,2.02058754264532,0.126690727943358,"Mzuzu City","5",203815
"37",36,203667.664422557,32.9529114065821,25.6621480716429,1.07215530266915,0.0927289908009406,87.5270671567996,0.0285665141907235,2.25861358742448,0.141870903639195,"Mzuzu City","5",203815
"38",37,203650.468956445,36.7560836453343,28.6249679700361,1.19604333054681,0.103536247252008,97.8182840871547,0.0321282749458369,2.52412321440899,0.158805324763205,"Mzuzu City","5",203815
"39",38,203631.29009247,40.9971994897513,31.9292235389434,1.33421998549684,0.115586500893166,109.297573164488,0.0361048500909057,2.82028429383548,0.177696332857954,"Mzuzu City","5",203815
"40",39,203609.899727997,45.7264436800484,35.614109341968,1.48832982570761,0.129023299065049,122.101821895892,0.0405439601930459,3.15062839216035,0.1987695671824,"Mzuzu City","5",203815
"41",40,203586.043693325,50.9996877203432,39.7232850947979,1.6602054457864,0.144006674433124,136.38362290429,0.045498835136697,3.51909223766535,0.222276629794208,"Mzuzu City","5",203815
"42",41,203559.438783551,56.8791469918726,44.3053591867318,1.85188908253663,0.160715030434459,152.313077307165,0.0510288501591282,3.9300642444181,0.248498065144748,"Mzuzu City","5",203815
"43",42,203529.769515409,63.4340509386422,49.4144608735206,2.06565592091492,0.179347234693668,170.079769393534,0.0572002294305764,4.38843544737516,0.277746663837822,"Mzuzu City","5",203815
"44",43,203496.684582931,70.7413939612943,55.1108424305325,2.3040397298198,0.200124900032761,189.894929231889,0.0640868157645043,4.89965528753201,0.31037106774346,"Mzuzu City","5",203815
"45",44,203459.792749768,78.8868361148817,61.4615413027923,2.56986282581847,0.223295014211007,211.993944011918,0.0717709623697134,5.46979639717072,0.346759933785809,"Mzuzu City","5",203815
"46",45,203418.658444568,87.9656101879888,68.5411407284634,2.86626785525219,0.249132804041835,236.639059354309,0.0803445018904687,6.10562427546893,0.387346465063751,"Mzuzu City","5",203815
"47",46,203372.796854192,98.0835392704669,76.4326009970054,3.19675331940715,0.277944930266405,264.122397459405,0.0899098310729533,6.81467513672709,0.432613471635868,"Mzuzu City","5",203815
"48",47,203321.668559957,109.358177222284,85.2281291685405,3.56521269004046,0.310072972789623,294.769266889476,0.10058110019131,7.60534128435502,0.483098901881881,"Mzuzu City","5",203815
"49",48,203264.673483941,121.920048244453,95.0301938450033,3.97597833766373,0.345897407316142,328.941912653673,0.112485571109819,8.4869678332432,0.539402155362549,"Mzuzu City","5",203815
"50",49,203201.144355564,135.913966798304,105.952619968891,4.43386895498381,0.385841925937439,367.043581690507,0.125765097579282,9.4699575622519,0.602190949905601,"Mzuzu City","5",203815
"51",50,203130.339457677,151.500524448612,118.121761809253,4.94424252520293,0.430378240997783,409.523057518466,0.140577780373196,10.5658878685195,0.672208972740974,"Mzuzu City","5",203815
"52",51,203051.434806383,168.857652906724,131.677779277079,5.51305337519871,0.480031314826884,456.879576967703,0.15709977529144,11.7876375673715,0.750284220475007,"Mzuzu City","5",203815
"53",52,202963.51497165,188.18241457138,146.776147118224,6.14691907326405,0.535385557853871,509.668634584468,0.175527444470983,13.1495365742803,0.837338898024291,"Mzuzu City","5",203815
"54",53,202865.563877378,209.69280095726,163.589115716607,6.85318784419763,0.597091087673787,568.507847471592,0.196079544336585,14.6675171410377,0.934399441532454,"Mzuzu City","5",203815
"55",54,202756.4545179,233.62970030234,182.307334735527,7.64001408077103,0.665870795656328,634.083562474459,0.218999711247935,16.3592842245317,1.0426078609453,"Mzuzu City","5",203815
"56",55,202634.937431055,260.25900548275,203.14170853976,8.51644276838687,0.742528386906062,707.158324463919,0.244559303660571,18.244508037769,1.16323466923486,"Mzuzu City","5",203815
"57",56,202499.628474141,289.873845291431,226.325277093515,9.49249962542589,0.82795700265916,788.578886367076,0.273060478628176,20.345030558812,1.29769279718867,"Mzuzu City","5",203815
"58",57,202348.99555789,322.796960131198,252.115198462901,10.5792894178062,0.923148702509228,879.285005787208,0.304839608793753,22.6850923030598,1.44755295375858,"Mzuzu City","5",203815
"59",58,202181.344430295,359.383036317649,280.794946126377,11.789100866814,1.02920488975329,980.319010437229,0.340271067286374,25.2915788689198,1.61456056242395,"Mzuzu City","5",203815
"60",59,201994.803523763,400.021142018357,312.676537104286,13.1355193175199,1.14734761716801,1092.83615879528,0.379771384519004,28.1942879573928,1.80065421775272,"Mzuzu City","5",203815
"61",60,201787.307517715,445.13734091204,348.102767976625,14.6335502879544,1.27893207037402,1218.11608712901,0.423803908745185,31.4262243678251,2.00798618614817,"Mzuzu City","5",203815
"62",61,201556.58067792,495.196900583489,387.449627232697,16.2997436969026,1.42545978361776,1357.57470698933,0.472883793892021,35.0239065057958,2.23894420201457,"Mzuzu City","5",203815
"63",62,201300.118727104,550.706674772137,431.128624555996,18.1523312479719,1.58859332919669,1512.77746533581,0.527583654584882,39.0277079697969,2.4961758853112,"Mzuzu City","5",203815
"64",63,201015.170205981,612.217167876533,479.589086967487,20.2113682169372,1.77017214210506,1685.45345903844,0.58853977784118,43.4822210434748,2.7826152519441,"Mzuzu City","5",203815
"65",64,200698.718639668,680.324108452634,533.320221472648,22.4988699799658,1.97222843249784,1877.50947348812,0.656458506133713,48.4366181285708,3.1015096067767,"Mzuzu City","5",203815
"66",65,200347.462739768,755.669708877068,592.85315560397,25.0389657739741,2.19700582590741,2091.04630024359,0.732123907468335,53.9450717376146,3.45645137839609,"Mzuzu City","5",203815
"67",66,199957.79825279,838.943086681999,658.762490992939,27.858040890152,2.44697798624336,2328.37474496703,0.816405691363333,60.067166313457,3.851410359678,"Mzuzu City","5",203815
"68",67,199525.800389602,930.879896707851,731.66729305742,30.9848775421445,2.72486839226736,2592.03240678578,0.910267912601049,66.8683297031594,4.29076845700214,"Mzuzu City","5",203815
"69",68,199047.208331101,1032.26069432034,812.231511682399,34.4507816823415,3.03367027989612,2884.80023280008,1.01477813367501,74.4202585658081,4.7793553943725,"Mzuzu City","5",203815
"70",69,198517.410584733,1143.90744208146,901.163597735727,38.2897068354972,3.37666938036286,3209.72088086201,1.1311183719729,82.801389855293,5.32249028361087,"Mzuzu City","5",203815
"71",70,197931.435780806,1266.6786624014,999.214642350268,42.5383384749347,3.75746416316916,3570.11451617951,1.26059562414644,92.0973058955946,5.92601997199117,"Mzuzu City","5",203815
"72",71,197283.94752903,1401.46239468486,1107.17491589816,47.23615325754,4.17998656537564,3969.59436717636,1.40465338745649,102.401132725025,6.59635959127187,"Mzuzu City","5",203815
"73",72,196569.245379763,1549.16504719593,1225.86956188509,52.4254295522849,4.64852286751557,4412.08117429712,1.5648844387643,113.813909053277,7.3405354168335,"Mzuzu City","5",203815
"74",73,195781.273655031,1710.69792248923,1356.15128837004,58.151203270097,5.16773266813045,4901.81515414645,1.74304402471863,126.444890534355,8.16622653280294,"Mzuzu City","5",203815
"75",74,194913.639813107,1886.96079943707,1498.88937230072,64.4611602022827,5.74266529451876,5443.36512583939,1.94106381841274,140.41178013404,9.08180525192051,"Mzuzu City","5",203815
"76",75,193959.64529217,2078.81919286886,1654.95756744518,71.4054182013873,6.37877329032123,6041.63268974597,2.16106627787666,155.840829674543,10.096375303506,"Mzuzu City","5",203815
"77",76,192912.330478643,2287.07717044774,1825.21827033208,79.0361998723281,7.08192075636307,6701.85058085273,2.40537909598831,172.866790162685,11.2198050319462,"Mzuzu City","5",203815
"78",77,191764.535876721,2512.44626918448,2010.50013345593,87.4073918395231,7.85838598800578,7429.57539213275,2.67655067838081,191.632715785356,12.4627566601151,"Mzuzu City","5",203815
"79",78,190508.982741066,2755.50772517864,2211.57282414544,96.5739273526379,8.71485605080879,8230.67056117676,2.97736502974706,212.289515313047,13.8367064733924,"Mzuzu City","5",203815
"80",79,189138.375719007,3016.66766404681,2429.11784919852,106.590972378953,9.65841181169596,9111.27852723741,3.31085631928595,234.995222553935,15.353954907226,"Mzuzu City","5",203815
"81",80,187645.527621287,3296.10898368716,2663.69245373515,117.51292578166,10.6965002298918,10077.7811925528,3.68032272595985,259.913963987095,17.0276226555499,"Mzuzu City","5",203815
"82",81,186023.508683123,3593.73850283352,2915.68834784701,129.392187780032,11.8368921191913,11136.7460472684,4.08933902903106,287.214555124194,18.871630092086,"Mzuzu City","5",203815
"83",82,184265.816256846,3909.13020547169,3185.28871700799,142.277704833584,13.087625213123,12294.8577235534,4.54176707361631,317.068719813139,20.9006583390122,"Mzuzu City","5",203815
"84",83,182366.588178472,4241.46119213469,3472.41517108201,156.213090248086,14.4569201419631,13558.8236830206,5.04176490064071,349.648639512357,23.1300809498966,"Mzuzu City","5",203815
"85",84,180320.813937569,4589.45841171616,3776.67620669112,171.234691801798,15.953080488258,14935.2698807861,5.59379094714404,385.124245514602,25.5758711908506,"Mzuzu City","5",203815
"86",85,178124.568114524,4951.34577568018,4097.3148080081,187.369354058698,17.5843687600352,16430.6149740558,6.20260491262829,423.659956494888,28.2544795040857,"Mzuzu City","5",203815
"87",86,175775.267155706,5324.79363775335,4433.156862714,204.63184947,19.3588499719511,18050.9183808326,6.87326355155366,465.410740958965,31.1826698510488,"Mzuzu City","5",203815
"88",87,173271.918169271,5706.88921896974,4782.56095848701,223.022242753976,21.2842100788375,19801.7140901037,7.61111033516331,510.517814463488,34.3773203615892,"Mzuzu City","5",203815
"89",88,170615.360811104,6094.12395493879,5143.37640228486,242.5231404825,23.3675449240682,21687.8263883011,8.42175796439685,559.103872612507,37.8551821999407,"Mzuzu City","5",203815
"90",89,167808.489892158,6482.39732136319,5512.91992564842,263.096877182226,25.6151228763908,23713.1697982912,9.31106248016575,611.267919642493,41.632597664422,"Mzuzu City","5",203815
"91",90,164856.433862376,6867.05703621343,5887.96136727393,284.682974436891,28.0321254527294,25880.5475452296,10.2850890168304,667.080065681688,45.7251818972185,"Mzuzu City","5",203815
"92",91,161766.688835461,7242.97016988958,6264.73020017863,307.195793246994,30.6223610713096,28191.4425733166,11.350066835788,726.576138335976,50.1474592834599,"Mzuzu City","5",203815
"93",92,158549.184915942,7604.62030561887,6638.95378636136,330.522637518598,33.3879720161945,30645.8180480417,12.5123345013476,789.752546813704,54.9124761038504,"Mzuzu City","5",203815
"94",93,155216.268621215,7946.24935685692,7005.91687531898,354.522583150276,36.3291299879032,33241.9351603561,13.7782731147629,856.561604393878,60.0313812302765,"Mzuzu City","5",203815
"95",94,151782.597098977,8262.0230977427,7360.5540710028,379.026144463346,39.4437445691693,35976.2016136263,15.1542296189039,926.90765339785,65.5130026554395,"Mzuzu City","5",203815
"96",95,148264.94053063,8546.22228525333,7697.56844337604,403.835932651473,42.7271921699153,38843.0591857564,16.6464301628748,1000.64421044473,71.3634274022046,"Mzuzu City","5",203815
"97",96,144681.890407148,8793.45082963281,8011.57673989496,428.728482664143,46.172076166773,41834.9205810513,18.2608834413788,1077.57239679093,77.5855953814195,"Mzuzu City","5",203815
"98",97,141053.489227394,8998.84401386721,8297.27518229342,453.457225026662,49.7680381827896,44942.16303598,20.0032772552879,1157.4408437659,84.1789327286147,"Mzuzu City","5",203815
"99",98,137400.763261683,9158.28423907231,8549.62460701636,477.756953769063,53.5016244510048,48153.1904509663,21.8788630415319,1239.94738190105,91.139019528638,"Mzuzu City","5",203815
"100",99,133745.254695688,9268.55355911457,8764.02806924078,501.349117447484,57.3562546264657,51454.5659539593,23.8923499235569,1324.74254688897,98.4573763666111,"Mzuzu City","5",203815
"101",100,130108.48999048,9327.4871280829,8936.50872028209,523.948305587243,61.3122575129741,54831.2058105143,26.0477875401898,1411.43467912935,106.121298489526,"Mzuzu City","5",203815
"102",101,126511.456652186,9334.07647458884,9063.85376218213,545.269654683413,65.3470136855687,58266.6479859261,28.3484567482243,1499.59695007041,114.113810408449,"Mzuzu City","5",203815
"103",102,122974.124699308,9288.49008705063,9143.757997852,565.036338465652,69.4351943620973,61743.3589165009,30.7967664610267,1588.77536601574,122.413727305375,"Mzuzu City","5",203815
"104",103,119515.010869465,9192.05574832717,9174.91203244081,582.987329421157,73.5491045327666,65243.0907547872,33.394161025763,1678.49806670634,130.995838827271,"Mzuzu City","5",203815
"105",104,116150.805427921,9047.20838133584,9157.02665737816,598.885205971401,77.6591045183707,68747.2741808576,36.1410420172828,1768.28553285561,139.831196109222,"Mzuzu City","5",203815
"106",105,112896.106417734,8857.34738047452,9090.85195614075,612.522656529631,81.7341235164526,72237.4007590803,39.0367065245761,1857.66049712474,148.88751915708,"Mzuzu City","5",203815
"107",106,109763.239537766,8626.66980387764,8978.13800679112,623.728144199441,85.7422303286866,75695.4029719559,42.0793050811821,1946.15777654935,158.129695204093,"Mzuzu City","5",203815
"108",107,106762.152165875,8360.01591296288,8821.51504138406,632.370876457288,89.651231014792,79104.0289505803,45.2658217257894,2033.33395351025,167.520342063808,"Mzuzu City","5",203815
"109",108,103900.421012464,8062.64875273188,8624.39338130198,638.363459023702,93.4293008982186,82447.152017866,48.5920757142901,2118.7753396626,177.020443080941,"Mzuzu City","5",203815
"110",109,101183.334607156,7740.03717912312,8390.83644168246,641.662968679955,97.0456103436496,85710.0304471284,52.0527458857887,2202.10463263483,186.590014824821,"Mzuzu City","5",203815
"111",110,98614.0097127876,7397.71077478024,8125.35441052847,642.27144544232,100.470899649266,88879.5413387192,55.6414180926378,2282.98689834442,196.188763573778,"Mzuzu City","5",203815
"112",111,96193.5863553196,7041.07142475474,7832.75876513235,640.233875853535,103.678028016906,91944.320898909,59.3506520136196,2361.13310650074,205.77674922154,"Mzuzu City","5",203815
"113",112,93921.4566898639,6675.23413053789,7518.02304660915,635.634739349549,106.642449653823,94894.8368764668,63.1720675186507,2436.30190106604,215.315009948981,"Mzuzu City","5",203815
"114",113,91795.4804600497,6304.95091570418,7186.09484642089,628.594633599969,109.342592757972,97723.440106447,67.0964450201845,2508.30083872973,224.766113840198,"Mzuzu City","5",203815
"115",114,89812.2412897592,5934.50759905036,6841.78660174272,619.264855625651,111.760175814489,100424.325637347,71.1138406603725,2576.98527233086,234.09467333118,"Mzuzu City","5",203815
"116",115,87967.2766002199,5567.68462082033,6489.65535420324,607.822167720603,113.880408030622,102993.467140146,75.2137088594371,2642.25655604328,243.267756460155,"Mzuzu City","5",203815
"117",116,86255.3062898276,5207.72810000345,6133.92080715743,594.462937165269,115.69210782167,105428.504725682,79.3850323428057,2704.05904661022,252.255229034374,"Mzuzu City","5",203815
"118",117,84670.4370046736,4857.35170534434,5778.40051468351,579.397468019921,117.187724496384,107728.609129343,83.616453439097,2762.37650540469,261.030002182559,"Mzuzu City","5",203815
"119",118,83206.3515926607,4518.75265042959,5426.47180414664,562.844330811443,118.363276548679,109894.319937482,87.8964079204545,2817.22783754203,269.568200887166,"Mzuzu City","5",203815
"120",119,81856.4593425781,4193.64292104783,5081.05271548916,545.025561021454,119.218225734,111927.38798956,92.2132445691466,2868.66295741596,277.849243746734,"Mzuzu City","5",203815
"121",120,80614.0450539524,3883.29264789515,4744.59719512968,526.161683664275,119.755277489531,113830.592786866,96.5553550022882,2916.75801192027,285.855866728733,"Mzuzu City","5",203815
"122",121,79472.3809791479,3588.57358592188,4419.11294925229,506.467784775062,119.980133041751,115607.573283637,100.91128422434,2961.61096928577,293.574065456482,"Mzuzu City","5",203815
"123",122,78424.8209295843,3310.00837993443,4106.18601016218,486.150125659623,119.901204260012,117262.663515848,105.269834551672,3003.33734377332,300.992988840283,"Mzuzu City","5",203815
"124",123,77464.873007452,3047.8230141689,3807.00921464607,465.403495031074,119.52930409543,118800.741806901,109.620157705796,3042.06628386428,308.104787940893,"Mzuzu City","5",203815
"125",124,76586.2602234654,2801.99385317713,3522.42443614684,444.40903090048,118.877305678342,120227.083311489,113.95183914224,3077.93675639652,314.904420134794,"Mzuzu City","5",203815
"126",125,75782.9597554502,2572.2902703785,3252.96166695678,423.332868270338,117.959824232454,121547.240651819,118.254962892669,3111.09446697266,321.389442573838,"Mzuzu City","5",203815
"127",126,75049.2334794736,2358.31949421697,2998.87774265081,402.325200160871,116.792880195687,122766.931032548,122.520170753604,3141.68895520133,327.559777126251,"Mzuzu City","5",203815
"128",127,74379.6478438049,2159.56010131133,2760.19982196204,381.519819903063,115.393582466001,123891.940123696,126.738706856799,3169.87112920304,333.417470295215,"Mzuzu City","5",203815
"129",128,73769.0845522309,1975.39566159366,2536.76345566856,361.034101474221,113.779820077672,124928.039956495,130.902452460125,3195.79116796966,338.966444744611,"Mzuzu City","5",203815
"130",129,73212.7437257592,1805.14401912818,2328.2482458437,340.969357343327,111.969971024755,125880.920731074,135.003949826834,3219.59678765509,344.212249201096,"Mzuzu City","5",203815
"131",130,72706.1408181718,1648.07664164652,2134.20914474593,321.411471771245,109.982664563716,126756.142846888,139.036412212971,3241.4320307094,349.161837937703,"Mzuzu City","5",203815
"132",131,72245.1017062915,1503.4407703964,1954.10671796733,302.431646071346,107.836535042766,127559.088893125,142.993731105457,3261.43605655856,353.823337054582,"Mzuzu City","5",203815
"133",132,71825.7521139209,1370.47591356345,1787.33062908907,284.087415036154,105.550018150814,128294.933438256,146.870471983815,3279.742393099,358.205833437012,"Mzuzu City","5",203815
"134",133,71444.5062907371,1248.42481225278,1633.22357225448,266.423695170685,103.141171927107,128968.618593873,150.661863784364,3296.47833647178,362.319177640682,"Mzuzu City","5",203815
"135",134,71098.053280473,1136.54407851321,1491.09894959645,249.473909885444,100.627526366044,129584.838472858,154.363782307445,3311.76457979791,366.17380495257,"Mzuzu City","5",203815
"136",135,70783.3416837381,1034.11313842902,1360.25447155921,233.261177533738,98.0259560973691,130148.030843922,157.972728720236,3325.715027179,369.780571090333,"Mzuzu City","5",203815
"137",136,70497.5652754593,940.438081209532,1239.98706707667,217.799411061384,95.3525798617642,130662.37178152,161.485803810987,3338.43668227668,373.150607388414,"Mzuzu City","5",203815
"138",137,70238.1474841561,854.856006008611,1129.6024890691,203.094437411062,92.6226813126383,131131.776223049,164.900678993267,3350.02968824051,376.295191719514,"Mzuzu City","5",203815
"139",138,70002.7254279905,776.739263101586,1028.42107179626,189.145099180058,89.8506494710048,131559.90292356,168.215564900052,3360.58747957343,379.225634923047,"Mzuzu City","5",203815
"140",139,69789.1357102113,705.495086712943,935.786246225659,175.944216428912,87.0499397655539,131950.159622762,171.429177893318,3370.19693631229,381.953184232909,"Mzuzu City","5",203815
"141",140,69595.3998507076,640.566548284783,851.068551968895,163.47952262146,84.2330503475771,132305.711770301,174.540705768776,3378.93862850356,384.488940595536,"Mzuzu City","5",203815
"142",141,69419.7101231377,581.433768713838,773.666892644994,151.734535443961,81.4115126342863,132629.493394007,177.549773418059,3386.88711393714,386.843790143157,"Mzuzu City","5",203815
"143",142,69260.4166183674,527.611888785511,703.012616222983,140.689327216874,78.5958941384171,132924.217248373,180.456406895674,3394.11121527255,389.028345209104,"Mzuzu City","5",203815
"144",143,69116.014713045,478.65053187431,638.569908054828,130.321225478606,75.795812477144,133192.386810061,183.260999008412,3400.674342732,391.052899141479,"Mzuzu City","5",203815
"145",144,68985.1330564416,434.132916537802,579.835577699101,120.605454720531,73.0199576806797,133436.308761974,185.964274945826,3406.634827945,392.927389487135,"Mzuzu City","5",203815
"146",145,68866.5227828119,393.673744234803,526.339634357155,111.515674154787,70.2761228580737,133658.1047827,188.567258882709,3412.04623770057,394.661371204961,"Mzuzu City","5",203815
"147",146,68759.0473106974,356.917890116402,477.644215705311,103.024462374516,67.5712385543648,133859.72363997,191.07124258132,3416.95769423139,396.263997010606,"Mzuzu City","5",203815
"148",147,68661.6727364394,323.538546678172,433.342755168635,95.1037394161972,64.9114131384943,134042.953054825,193.477754333818,3421.41418822962,397.744004337224,"Mzuzu City","5",203815
"149",148,68573.459228359,293.235557085445,393.058737376004,87.7251180297283,62.3019746326563,134209.430853907,195.788530609905,3425.45687204336,399.109708391308,"Mzuzu City","5",203815
"150",149,68493.5525902645,265.733597004997,356.44427854186,80.8602222909147,59.7475171066297,134360.656307192,198.005487599076,3429.12335687602,400.368999592222,"Mzuzu City","5",203815
"151",150,68421.1769021347,240.780478990727,323.17865739311,74.4809357697627,57.2519466760372,134498.000383191,200.130695844205,3432.44798070254,401.529345933553,"Mzuzu City","5",203815
"152",151,68355.6275850878,218.145515312803,292.96671239798,68.5596149313349,54.8185285330475,134622.715687663,202.166356074003,3435.46206729994,402.597798439294,"Mzuzu City","5",203815
"153",152,68296.2651092436,197.617899784921,265.537304080942,63.069260217735,52.4499335536687,134735.945716182,204.114776936769,3438.19416677089,403.580999467332,"Mzuzu City","5",203815
"154",153,68242.5089376196,179.005114912473,240.641691976431,57.9836604316555,50.1482863294329,134838.73395528,205.978353450491,3440.67029158686,404.485193669645,"Mzuzu City","5",203815
"155",154,68193.8323550457,162.131582237248,218.051967320875,53.277493158773,47.9152095232898,134932.031844164,207.759548550383,3442.91412249057,405.316240605111,"Mzuzu City","5",203815
"156",155,68149.7577442309,146.83731056679,197.559620644821,48.9264020106817,45.7518666151518,135016.706179774,209.46087615749,3444.94719963474,406.0796283586,"Mzuzu City","5",203815
"157",156,68109.8519438896,132.976511159981,178.974125964939,44.9070606063716,43.6590054171994,135093.546468356,211.084884605521,3446.7891120503,406.780488546074,"Mzuzu City","5",203815
"158",157,68073.7222117783,120.416505955788,162.121479270321,41.1972085281738,41.6369982234379,135163.27145378,212.634142464159,3448.45766541849,407.423612076519,"Mzuzu City","5",203815
"159",158,68041.0124773289,109.036609571267,146.842886203985,37.775672657657,39.6858805486758,135226.535248221,214.111225468543,3449.96903934009,408.01346540619,"Mzuzu City","5",203815
"160",159,68011.4000776653,98.7270521815136,132.993670568605,34.6223721274496,37.8053864736705,135283.932735741,215.518705241983,3451.33792563644,408.55420648386,"Mzuzu City","5",203815
"161",160,67984.5926006304,89.3880933837,120.442009533502,31.7183158214535,35.9949831295462,135336.004858685,216.859138816318,3452.57766347602,409.04970120751,"Mzuzu City","5",203815
"162",161,67960.3250622006,80.9291211532045,109.067877883094,29.0455874761514,34.2539028622029,135383.243388997,218.135059427521,3453.70036104612,409.50353975475,"Mzuzu City","5",203815
"163",162,67938.3573970746,73.2678309710329,98.7620957748743,26.5873225962196,32.5811726129043,135426.095212351,219.348968619324,3454.71700457581,409.919052379568,"Mzuzu City","5",203815
"164",163,67918.4720967663,66.3295078068277,89.4253502501863,24.3276804076653,30.9756417428206,135464.966393826,220.503329199743,3455.63756165344,410.299325120248,"Mzuzu City","5",203815
"165",164,67900.4721633833,60.046346948019,80.9673852365841,22.2518107296998,29.4360067959542,135500.225727501,221.600559405025,3456.47107122932,410.647214522746,"Mzuzu City","5",203815
"166",165,67884.1791597346,54.356824185315,73.3061948054947,20.3458168799437,27.9608352246361,135532.208141491,222.643027678819,3457.22572982666,410.965362384993,"Mzuzu City","5",203815
"167",166,67869.431482207,49.2051344920631,66.3672969342184,18.5967162254142,26.5485866151605,135561.217735116,223.633048410313,3457.90896828819,411.256209650999,"Mzuzu City","5",203815
"168",167,67856.0827942075,44.540669899727,60.0830766693675,16.9923992776254,25.1976320486892,135587.530549516,224.57287838125,3458.52752167056,411.522009659701,"Mzuzu City","5",203815
"169",168,67844.0005144908,40.3175230520204,54.3921353039942,15.5215852745553,23.906272768206,135611.397255403,225.464713707341,3459.08749693469,411.764841550329,"Mzuzu City","5",203815
"170",169,67833.0646574166,36.4941017851859,49.2387854076911,14.1737823433972,22.6727544827943,135633.045230644,226.310687919985,3459.5944251372,411.986621266753,"Mzuzu City","5",203815
"171",170,67823.1665629951,33.032696733392,44.5725057561627,12.9392432739605,21.4952829051977,135652.680838351,227.112869985307,3460.05331864447,412.189113687259,"Mzuzu City","5",203815
"172",171,67814.2078478979,29.8991321027061,40.3474759983347,11.8089236111801,20.3720364323452,135670.491320814,227.873263143512,3460.46871857405,412.373943308459,"Mzuzu City","5",203815
"173",172,67806.0994380982,27.0624440875226,36.5221429238167,10.7744402634561,19.3011776643616,135686.646552824,228.593804138303,3460.84473864995,412.542604438704,"Mzuzu City","5",203815
"174",173,67798.7606922204,24.4945748100259,33.0588385599287,9.8280312475444,18.2808636550533,135701.300636682,229.276362825007,3461.18510503398,412.696470774433,"Mzuzu City","5",203815
"175",174,67792.1186058461,22.1701044788024,29.923420582753,8.96251669827577,17.3092549583031,135714.593355295,229.922742140341,3461.49319255511,412.836804394569,"Mzuzu City","5",203815
"176",175,67786.10708785,20.0660110505644,27.0849395198407,8.17126150334254,16.384523572541,135726.651498127,230.534678376253,3461.77205772291,412.964764176058,"Mzuzu City","5",203815
"177",176,67780.666310433,18.1614388911451,24.515353508077,7.44813915625907,15.5048598768614,135737.59005641,231.113841724751,3462.0244684251,413.081413667244,"Mzuzu City","5",203815
"178",177,67775.7421166483,16.43749726256,22.189257197664,6.78749744934695,14.6684786347587,135747.51331575,231.66183705729,3462.25293104201,413.187728432349,"Mzuzu City","5",203815
"179",178,67771.2854812443,14.8770829917002,20.0836276114269,6.18412598298679,13.8736241441816,135756.515853118,232.18020490702,3462.45971515651,413.284602891251,"Mzuzu City","5",203815
"180",179,67767.2520283069,13.4647054022908,18.1776122352817,5.63322500343933,13.1185746236868,135764.683431805,232.670422623495,3462.64687568522,413.372856692048,"Mzuzu City","5",203815
"181",180,67763.6015912576,12.1863347854061,16.4523265943409,5.13037612402928,12.4016458919486,135772.093819673,233.133905673865,3462.81627309069,413.453240628955,"Mzuzu City","5",203815
"182",181,67760.2978110014,11.0292728324705,14.8906597599326,4.67151490594674,11.7211944075095,135778.817538026,233.572009066293,3462.96959186146,413.526442130705,"Mzuzu City","5",203815
"183",182,67757.3077774836,9.98201990646636,13.4771175232008,4.25290462795857,11.0756197503451,135784.918531831,233.986028877336,3463.10835700849,413.593090369611,"Mzuzu City","5",203815
"184",183,67754.601707798,9.03416205574658,12.1976748346409,3.87111218894597,10.4633665552843,135790.454772733,234.377203833698,3463.23394889273,413.653760916024,"Mzuzu City","5",203815
"185",184,67752.1526361579,8.17627423157242,11.0396211673368,3.52298470368999,9.88292605649493,135795.478840648,234.746717034752,3463.34761751819,413.708980245996,"Mzuzu City","5",203815
"186",185,67749.9361596108,7.39982324299874,9.99145110032547,3.20562875210597,9.33283712667581,135800.038402561,235.095697606145,3463.45049426151,413.759229625119,"Mzuzu City","5",203815
"187",186,67747.9301970847,6.69708249647841,9.04275363189586,2.91639047836711,8.81168699409351,135804.176666875,235.425222439406,3463.54360299439,413.804948818141,"Mzuzu City","5",203815
"188",187,67746.1147582949,6.06105981691947,8.18409621267453,2.65283653772407,8.31811168641533,135807.932819451,235.736318000194,3463.62787075645,413.846539643459,"Mzuzu City","5",203815
"189",188,67744.4717501927,5.48542522960223,7.40693920469435,2.41273692312175,7.85079612084623,135811.342390238,236.029962091281,3463.70413669873,413.88436909605,"Mzuzu City","5",203815
"190",189,67742.9847981087,4.96444672305589,6.70355418851095,2.19404886838104,7.40847396817395,135814.437592518,236.307085625197,3463.77316035199,413.918772260937,"Mzuzu City","5",203815
"191",190,67741.6390822221,4.49293748751474,6.06694316174899,1.99490210570565,6.98992730521454,135817.247633341,236.568574376739,3463.83562919003,413.950054980402,"Mzuzu City","5",203815
"192",191,67740.4211887494,4.06620266096055,5.49077016845044,1.81358482448534,6.59398607583496,135819.79899677,236.815270750831,3463.89216551431,413.978496356202,"Mzuzu City","5",203815
"193",192,67739.3189782799,3.67999157014035,4.96930136369166,1.64853090863578,6.21952739283086,135822.115694986,237.047975499038,3463.94333254751,414.004351004293,"Mzuzu City","5",203815
"194",193,67738.3214643692,3.33045733928683,4.49734602851064,1.49830813715215,5.86547470740128,135824.219500005,237.267449413221,3463.98964005407,414.027851137839,"Mzuzu City","5",203815
"195",194,67737.4187050539,3.01411911331903,4.07020549331406,1.361607318087,5.53079687216837,135826.130151174,237.474414974702,3464.03154936404,414.049208467237,"Mzuzu City","5",203815
"196",195,67736.6016975604,2.72782392405237,3.68362499640285,1.23723145021251,5.21450703730552,135827.865556943,237.669558088315,3464.06947824983,414.068616079256,"Mzuzu City","5",203815
"197",196,67735.8622963278,2.46871877530085,3.33375437882118,1.12408715851818,4.91566157736353,135829.441952216,237.853529565574,3464.10380472448,414.086249915313,"Mzuzu City","5",203815
"198",197,67735.1931309423,2.23422251193128,3.01710889860153,1.02117603669509,4.63335891510704,135830.874056021,238.026946674512,3464.13487084454,414.102270261428,"Mzuzu City","5",203815
"199",198,67734.5875301537,2.02199823220114,2.73053447193219,0.927586407625283,4.36673827403944,135832.175217778,238.190394682348,3464.16298623162,414.116823154557,"Mzuzu City","5",203815
"200",199,67734.0394563405,1.82993079920851,2.47117636365652,0.842486111080232,4.1149784079738,135833.357543671,238.344428306496,3464.18843111038,414.130041608264,"Mzuzu City","5",203815
"201",200,67733.5434451055,1.65610634264821,2.23645008164622,0.765115795708019,3.87729631024446,135834.432013238,238.48957312584,3464.21145910899,414.14204674971,"Mzuzu City","5",203815
"202",201,67733.0945511894,1.4987922876527,2.02401692061958,0.694782713020279,3.65294590685813,135835.408584036,238.626326946123,3464.23229976712,414.152948861622,"Mzuzu City","5",203815
"203",202,67732.6882990972,1.3564204092675,1.83176033985199,0.630855044035913,3.44121674123576,135836.29628725,238.755161118022,3464.25116082563,414.162848334474,"Mzuzu City","5",203815
"204",203,67732.3206381889,1.22757191375418,1.65776397188378,0.572756698722067,3.24143266018217,135837.103314759,238.876521807277,3464.26823030945,414.171836537415,"Mzuzu City","5",203815
"205",204,67731.9879026845,1.11096236491731,1.50029381945551,0.519962501791586,3.05295050687274,135837.837096904,238.990831218052,3464.2836783828,414.179996615754,"Mzuzu City","5",203815
"206",205,67731.6867751644,1.00542908291574,1.35778084645468,0.471993815756592,2.87515882982373,135838.504373495,239.098488765351,3464.29765904227,414.187404216797,"Mzuzu City","5",203815
"207",206,67731.4142526999,0.909920242566303,1.22880402578273,0.428414479414284,2.70747658896098,135839.111259744,239.199872218726,3464.31031168826,414.194128163394,"Mzuzu City","5",203815
"208",207,67731.1676180102,0.823483711653193,1.11207777860376,0.388827178966865,2.54935192848156,135839.663302631,239.295338760885,3464.32176246307,414.200231047878,"Mzuzu City","5",203815
"209",208,67730.9444124454,0.745257663225641,1.00643913667085,0.352870080625353,2.40026095081826,135840.165533701,239.385226021591,3464.33212550457,414.205769784621,"Mzuzu City","5",203815
"210",209,67730.742410357,0.674462383453366,0.910834848385854,0.320213652336576,2.25970648431774,135840.622519177,239.469853097613,3464.34150413542,414.210796132282,"Mzuzu City","5",203815
"211",210,67730.5595975047,0.610392144206938,0.824311738719335,0.290557863032535,2.12721692194523,135841.038402335,239.549521492122,3464.34999186513,414.215357148527,"Mzuzu City","5",203815
"212",211,67730.3941510878,0.552408015406942,0.74600746387465,0.263629591480952,2.00234508260009,135841.416942738,239.624516021139,3464.35767331674,414.219495610673,"Mzuzu City","5",203815
"213",212,67730.2444214042,0.499931925720769,0.67514135572226,0.239180268083365,1.88466710507539,135841.761552261,239.695105679571,3464.36462507802,414.223250399456,"Mzuzu City","5",203815
"214",213,67730.1089154127,0.452440753401959,0.611006801468357,0.216983698222975,1.77378137193284,135842.075327491,239.761544471095,3464.37091646438,414.226656850524,"Mzuzu City","5",203815
"215",214,67729.9862819717,0.409460924127855,0.552964494660656,0.196834081573102,1.66930747341993,135842.361078859,239.82407219574,3464.37661020396,414.229747073206,"Mzuzu City","5",203815
"216",215,67729.8752983644,0.370563923717201,0.500435830045588,0.178544218958192,1.5708852116189,135842.621357254,239.882915196899,3464.38176306311,414.232550239708,"Mzuzu City","5",203815
"217",216,67729.7748580612,0.335362033332757,0.452897093252316,0.161943855504534,1.47817363198918,135842.858478246,239.938287078946,3464.38642641436,414.235092851158,"Mzuzu City","5",203815
"218",217,67729.6839591716,0.303504116314049,0.409874166532387,0.146878089954493,1.39085004548327,135843.074544986,239.990389423513,3464.39064677248,414.237398991903,"Mzuzu City","5",203815
"219",218,67729.6016952492,0.274672471660382,0.370938103870827,0.13320610810237,1.30860919157981,135843.271466482,240.039412393739,3464.3944662213,414.239490531999,"Mzuzu City","5",203815
"220",219,67729.5272460931,0.248579695698832,0.335700695255519,0.120799911969838,1.23116237284993,135843.450975876,240.08553535536,3464.3979228407,414.241387330229,"Mzuzu City","5",203815
"221",220,67729.4598693326,0.224965605512711,0.303810613921441,0.10954313288971,1.15823660893341,135843.614647228,240.128927478167,3464.40105109726,414.243107422736,"Mzuzu City","5",203815
"222",221,67729.3988931339,0.203594717130061,0.274949931795331,0.0993300016805875,1.08957385076347,135843.763910077,240.169748287896,3464.40388218284,414.244667186654,"Mzuzu City","5",203815
"223",222,67729.3437093917,0.184253954707756,0.248830803986128,0.0900643871341696,1.02493021519045,135843.900063047,240.208148199957,3464.40644433059,414.246081492868,"Mzuzu City","5",203815
"224",223,67729.293767848,0.16675046674653,0.225192808948256,0.0816589436855111,0.964075275234124,135844.024285647,240.24426901023,3464.40876308804,414.247363840584,"Mzuzu City","5",203815
"225",224,67729.2485706008,0.150909721396444,0.203800330525233,0.0740343200889737,0.906791367057397,135844.137649289,240.278244370655,3464.41086157197,414.248526482432,"Mzuzu City","5",203815
"226",225,67729.2076669559,0.136573785940755,0.184440038902576,0.0671184180835571,0.852872911266141,135844.241127638,240.310200251907,3464.41276070746,414.249580541686,"Mzuzu City","5",203815
"227",226,67729.170649065,0.123599732683658,0.166918891825514,0.060845748630785,0.802125792411612,135844.335605406,240.340255362918,3464.41447943036,414.250536113465,"Mzuzu City","5",203815
"228",227,67729.1371478591,0.111858192818737,0.151062231431034,0.0551568316748182,0.754366755706722,135844.421886573,240.368521556417,3464.41603487607,414.251402359072,"Mzuzu City","5",203815
"229",228,67729.1068291526,0.101232046697164,0.136711885481335,0.0499976234101692,0.709422803215161,135844.500702256,240.39510423231,3464.41744256044,414.252187596113,"Mzuzu City","5",203815
"230",229,67729.0793905915,0.0916153411753271,0.123724735814135,0.0453190593523036,0.667130683683176,135844.572716912,240.420102675853,3464.41871652146,414.252899370073,"Mzuzu City","5",203815
"231",230,67729.0545586088,0.0829121841914153,0.111971316404858,0.0410765955917072,0.627336367800523,135844.638534523,240.443610404402,3464.41986946057,414.253544526072,"Mzuzu City","5",203815
"232",231,67729.0320855868,0.075035791252325,0.101334429438801,0.0372297846261319,0.58989453945396,135844.698704366,240.465715501789,3464.42091287443,414.254129275342,"Mzuzu City","5",203815
"233",232,67729.011747428,0.0679076352369555,0.0917079945041482,0.0337419067012326,0.554668128265299,135844.753725984,240.486500923528,3464.42185716771,414.25465925279,"Mzuzu City","5",203815
"234",233,67728.9933413108,0.0614566190110458,0.0829960275534446,0.0305796247630186,0.521527857182928,135844.80405377,240.506044791026,3464.42271175724,414.255139570718,"Mzuzu City","5",203815
"235",234,67728.9766836989,0.0556184147571538,0.0751116617870173,0.0277126823851712,0.490351825997685,135844.850101055,240.524420661111,3464.42348516449,414.255574865998,"Mzuzu City","5",203815
"236",235,67728.961608511,0.0503348260519329,0.0679762775748081,0.0251136222264121,0.461025107441978,135844.892243869,240.541697786301,3464.4241851005,414.255969343894,"Mzuzu City","5",203815
"237",236,67728.9479654236,0.0455531630869762,0.061518730004915,0.0227575214190731,0.4334393538132,135844.930824441,240.557941367343,3464.42481854468,414.256326819125,"Mzuzu City","5",203815
"238",237,67728.9356183931,0.0412257399962692,0.0556746332129584,0.0206217627708169,0.407492437467362,135844.96615425,240.573212782873,3464.42539181347,414.256650751433,"Mzuzu City","5",203815
"239",238,67728.9244442959,0.0373094104606129,0.0503857051879396,0.0186858235058207,0.383088106238401,135844.99851685,240.587569808792,3464.42591062342,414.256944278389,"Mzuzu City","5",203815
"240",239,67728.9143317065,0.0337651222037745,0.0455992065761376,0.0169310822672931,0.360135656358025,135845.0281704,240.601066825763,3464.42638014796,414.257210245259,"Mzuzu City","5",203815
"241",240,67728.9051797861,0.0305575291024687,0.0412674129900032,0.0153406441840439,0.338549622553156,135845.05534999,240.613755015103,3464.42680506898,414.257451232085,"Mzuzu City","5",203815
"242",241,67728.8968972736,0.0276546481025014,0.0373471268523934,0.013899182117935,0.318249484615316,135845.080269741,240.625682543647,3464.42718962369,414.257669578279,"Mzuzu City","5",203815
"243",242,67728.8894015841,0.0250275362521338,0.0337992578879255,0.0125927929714188,0.299159391421315,135845.1031247,240.636894737078,3464.42753764648,414.257867404801,"Mzuzu City","5",203815
"244",243,67728.8826179839,0.0226499984326931,0.0305884357864846,0.0114088659213639,0.28120789730969,135845.124092574,240.647434244986,3464.42785260719,414.258046634499,"Mzuzu City","5",203815
"245",244,67728.876478804,0.0204983181283069,0.0276826314125539,0.0103359570599119,0.264327700480938,135845.143335385,240.657341204201,3464.42813764766,414.258209011468,"Mzuzu City","5",203815
"246",245,67728.8709228211,0.0185510395325951,0.0250528648714467,0.00936368976880164,0.248455423929327,135845.161000786,240.666653375052,3464.42839561048,414.258356116393,"Mzuzu City","5",203815
"247",246,67728.8658946404,0.0167887461523987,0.0226729183337842,0.00848265485770036,0.233531390951586,135845.177223368,240.675406280803,3464.4286290676,414.258489381923,"Mzuzu City","5",203815
"248",247,67728.861344122,0.0151938646050132,0.020519059901063,0.00768431825487599,0.219499408831947,135845.192125885,240.683633341664,3464.428840347,414.258610106887,"Mzuzu City","5",203815
"249",248,67728.8572258889,0.0137504928516787,0.0185698100050673,0.00696094111232769,0.206306571617269,135845.205820299,240.691365996583,3464.42903155552,414.258719468586,"Mzuzu City","5",203815
"250",249,67728.8534988715,0.0124442352975763,0.0168057310518322,0.00630550519691147,0.193903070118967,135845.218408766,240.698633820346,3464.4292046,414.258818534237,"Mzuzu City","5",203815
"251",250,67728.8501259058,0.0112620661226212,0.0152092330245732,0.0057116475601575,0.182242017991173,135845.229984499,240.705464630519,3464.42936120595,414.258908271019,"Mzuzu City","5",203815
"252",251,67728.8470733625,0.0101922002291573,0.0137643971081993,0.00517359983726654,0.171279283903128,135845.240632566,240.711884590423,3464.42950293479,414.258989555389,"Mzuzu City","5",203815
"253",252,67728.8443108026,0.00922396885642918,0.01245681637841,0.00468613134429304,0.160973328799165,135845.250430643,240.717918308801,3464.42963119977,414.259063181799,"Mzuzu City","5",203815
"254",253,67728.8418106786,0.00834771639587261,0.0112734527546665,0.00424449989601993,0.151285058020778,135845.259449664,240.723588930165,3464.42974727991,414.259129870236,"Mzuzu City","5",203815
"255",254,67728.8395480597,0.00755470566471487,0.0102025052468705,0.00384440647388541,0.142177680130463,135845.267754422,240.728918220903,3464.42985233276,414.259190273167,"Mzuzu City","5",203815
"256",255,67728.8375003835,0.0068370290123807,0.00923329452785243,0.00348195393300396,0.133616573466807,135845.275404115,240.733926650517,3464.42994740588,414.259244981857,"Mzuzu City","5",203815
"257",256,67728.8356472311,0.00618752949599158,0.00835615644979452,0.00315360959508363,0.125569160233971,135845.282452845,240.738633468147,3464.4300334473,414.259294532088,"Mzuzu City","5",203815
"258",257,67728.8339701234,0.00559973068254817,0.00756234417073278,0.00285617133915942,0.118004787748073,135845.288950068,240.743056774614,3464.43011131502,414.259339409348,"Mzuzu City","5",203815
"259",258,67728.8324523379,0.00506777184677302,0.00684394239764396,0.00258673698845714,0.110894617157577,135845.294941004,240.747213589829,3464.43018178544,414.259380053506,"Mzuzu City","5",203815
"260",259,67728.8310787418,0.00458634893691359,0.00619378875030484,0.00234267626727946,0.104211517520524,135845.30046701,240.751119916853,3464.43024556118,414.259416863091,"Mzuzu City","5",203815
"261",260,67728.8298356329,0.00415065957654777,0.0056053977061705,0.00212160414111316,0.0979299610544858,135845.305565939,240.754790805158,3464.43030327843,414.259450199367,"Mzuzu City","5",203815
"262",261,67728.8287106145,0.00375635908678308,0.00507290129015454,0.00192135968302675,0.0920259357947245,135845.310272426,240.75824040327,3464.43035551278,414.259480389553,"Mzuzu City","5",203815
"263",262,67728.8276924695,0.00339951596340588,0.00459099050634006,0.00173998490676171,0.0864768562485244,135845.31461817,240.761482012582,3464.43040278501,414.259507730048,"Mzuzu City","5",203815
"264",263,67728.8267710454,0.00307657178727168,0.00415485990828587,0.00157570520789647,0.0812614775603469,135845.318632201,240.764528138986,3464.43044556652,414.259532489419,"Mzuzu City","5",203815
"265",264,67728.8259371537,0.00278430646487957,0.00376016026666715,0.00142691247476115,0.0763598175505597,135845.32234111,240.767390539686,3464.43048428392,414.259554910967,"Mzuzu City","5",203815
"266",265,67728.8251824785,0.00251980516851448,0.00340295552646824,0.00129214933833219,0.071753081780237,135845.325769261,240.770080268152,3464.43051932331,414.259575215128,"Mzuzu City","5",203815
"267",266,67728.8244994944,0.00228043033083229,0.00307968389006953,0.00117009538124133,0.0674235951480028,135845.328938986,240.772607715104,3464.43055103411,414.259593601568,"Mzuzu City","5",203815
"268",267,67728.8238813919,0.00206379550738109,0.00278712211003805,0.00105955434607859,0.0633547360481671,135845.331870752,240.774982647918,3464.43057973246,414.259610251136,"Mzuzu City","5",203815
"269",268,67728.8233220075,0.00186774044612583,0.00252235288360568,0.00095944216264719,0.0595308726648391,135845.334583335,240.777214248715,3464.43060570455,414.259625327679,"Mzuzu City","5",203815
"270",269,67728.8228157631,0.00169031004189416,0.00228273609164856,0.000868776603766877,0.0559373052501778,135845.33709396,240.779311148833,3464.43062920936,414.259638979616,"Mzuzu City","5",203815
"271",270,67728.8223576107,0.00152973506434469,0.00206588224251632,0.000786667760245287,0.052560211129063,135845.339418431,240.78128146163,3464.43065048128,414.259651341384,"Mzuzu City","5",203815
"272",271,67728.8219429814,0.0013844143106033,0.00186962889280272,0.000712309379264846,0.0493865928263529,135845.34157126,240.783132813411,3464.43066973242,414.259662534754,"Mzuzu City","5",203815
"273",272,67728.8215677409,0.00125289861955281,0.00169201911859443,0.000644971021461129,0.0464042292265414,135845.343565768,240.784872372506,3464.43068715475,414.259672670025,"Mzuzu City","5",203815
"274",273,67728.8212281472,0.00113387656939307,0.00153128181604162,0.000583990956169169,0.0436016296013245,135845.345414197,240.786506876624,3464.43070292201,414.259681847096,"Mzuzu City","5",203815
"275",274,67728.8209208144,0.00102616142228098,0.00138581424678366,0.000528769756898717,0.0409679906122581,135845.347127791,240.788042658409,3464.4307171914,414.259690156443,"Mzuzu City","5",203815
"276",275,67728.8206426781,0.0009286791923299,0.00125416608551092,0.000478764438598505,0.0384931554575526,135845.348716887,240.789485669709,3464.43073010521,414.259697680005,"Mzuzu City","5",203815
"277",276,67728.8203909639,0.00084045745269607,0.00113502409573548,0.00043348288680565,0.0361675735425303,135845.350190992,240.790841505507,3464.43074179224,414.259704492031,"Mzuzu City","5",203815
"278",277,67728.8201631615,0.000760616443830981,0.00102720010218449,0.000392479448162207,0.0339822669277323,135845.351558852,240.792115423817,3464.43075236905,414.259710659746,"Mzuzu City","5",203815
"279",278,67728.8199569997,0.000688360097624559,0.000929619077977044,0.000355350516246315,0.0319287960386891,135845.352828508,240.793312366003,3464.4307619411,414.259716244022,"Mzuzu City","5",203815
"280",279,67728.8197704227,0.000622967881055422,0.000841307981618075,0.000321730455511882,0.0299992267878333,135845.354007368,240.794436976252,3464.43077060383,414.259721299992,"Mzuzu City","5",203815
"281",280,67728.8196015699,0.000563787748794797,0.000761386162279729,0.000291288080947597,0.0281861007332582,135845.355102248,240.79549361923,3464.43077844362,414.259725877587,"Mzuzu City","5",203815
"282",281,67728.8194487577,0.000510229556717203,0.000689056684866398,0.000263723416060402,0.0264824067504278,135845.356119429,240.796486396834,3464.43078553866,414.259730022025,"Mzuzu City","5",203815
"283",282,67728.8193104622,0.000461759222343885,0.000623598316692825,0.000238764757905675,0.024881554359523,135845.357064697,240.797419163957,3464.43079195969,414.259733774256,"Mzuzu City","5",203815
"284",283,67728.8191853043,0.000417893442758089,0.00056435828404357,0.000216166019537551,0.0233773486322757,135845.357943386,240.798295543308,3464.43079777074,414.25973717136,"Mzuzu City","5",203815
"285",284,67728.8190720361,0.000378194786542483,0.000510745879549472,0.00019570431713533,0.0219639665790335,135845.358760413,240.799118939349,3464.43080302976,414.259740246918,"Mzuzu City","5",203815
"286",285,67728.818969528,0.000342267369036107,0.000462226517225427,0.000177177786161132,0.0206359349247631,135845.359520314,240.799892551407,3464.43080778918,414.25974303134,"Mzuzu City","5",203815
"287",286,67728.818876758,0.00030975296334951,0.000418316335391387,0.000160403606138935,0.0193881092288638,135845.360227274,240.800619385985,3464.43081209648,414.25974555216,"Mzuzu City","5",203815
"288",287,67728.8187928007,0.000280327303090216,0.000378577437537847,0.000145216186386825,0.0182156540200465,135845.360885156,240.801302268471,3464.4308159946,414.259747834315,"Mzuzu City","5",203815
"289",288,67728.818716819,0.000253696948065795,0.000342613590788226,0.000131465578894535,0.0171140247066148,135845.361497526,240.80194385379,3464.43081952241,414.259749900385,"Mzuzu City","5",203815
"290",289,67728.8186480553,0.000229596406545986,0.000310066210863615,0.00011901600792243,0.0160789501909406,135845.362067679,240.802546636641,3464.43082271509,414.259751770809,"Mzuzu City","5",203815
"291",290,67728.8185858238,0.000207785268165248,0.000280610612628295,0.00010774444763788,0.0151064150981642,135845.362598659,240.803112961954,3464.43082560449,414.259753464107,"Mzuzu City","5",203815
"292",291,67728.8185295051,0.000188046467753972,0.000253953686885929,0.0000975397534365122,0.0141926513727654,135845.363093274,240.803645029847,3464.43082821935,414.259754997008,"Mzuzu City","5",203815
"293",292,67728.8184785375,0.000170183152755633,0.000229829579116356,0.0000883010611290045,0.0133341133264602,135845.363554125,240.804144910277,3464.43083058577,414.25975638469,"Mzuzu City","5",203815
"294",293,67728.8184324119,0.000154016885069841,0.000207997296891841,0.0000799368850717481,0.0125274653783686,135845.363983621,240.804614550241,3464.43083272737,414.25975764092,"Mzuzu City","5",203815
"295",294,67728.818390668,0.000139386357092881,0.00018823900404593,0.0000723644754714483,0.0117695746935025,135845.364383989,240.805055778113,3464.43083466552,414.259758778147,"Mzuzu City","5",203815
"296",295,67728.8183528885,0.000126145218363288,0.000170357062663464,0.0000655087122431517,0.0110574922024458,135845.364757293,240.805470314775,3464.43083641962,414.259759807672,"Mzuzu City","5",203815
"297",296,67728.8183186965,0.000114161496765968,0.000154173242528283,0.0000593018135213431,0.0103884522195702,135845.365105441,240.805859773866,3464.43083800715,414.259760739691,"Mzuzu City","5",203815
"298",297,67728.8182877533,0.00010331640776284,0.00013952712507615,0.0000536827349771334,0.00975986418106591,135845.365430189,240.806225666634,3464.43083944383,414.259761583385,"Mzuzu City","5",203815
"299",298,67728.8182597498,0.0000935016299573151,0.000126272427679194,0.0000485957837683006,0.00916928368800577,135845.365733178,240.806569418893,3464.43084074403,414.259762347129,"Mzuzu City","5",203815
"300",299,67728.8182344065,0.0000846192210646555,0.000114276880100748,0.000043990575422382,0.00861441450955296,135845.366015922,240.806892369861,3464.43084192071,414.2597630385,"Mzuzu City","5",203815
"301",300,67728.8182114708,0.0000765806277507589,0.000103420890272163,0.0000398215311796351,0.00809309977007516,135845.366279829,240.807195777327,3464.43084298561,414.259763664349,"Mzuzu City","5",203815
"302",301,67728.818190714,0.0000693057001367806,0.0000935962188474756,0.0000360473777063975,0.00760331263809695,135845.366526201,240.807480823108,3464.43084394935,414.259764230883,"Mzuzu City","5",203815
"303",302,67728.818171929,0.0000627218669818291,0.0000847048602346559,0.0000326307260852325,0.00714314817381634,135845.366756247,240.807748617826,3464.43084482153,414.259764743721,"Mzuzu City","5",203815
"304",303,67728.8181549285,0.000056763471952246,0.0000766581444283763,0.0000295377331708052,0.00671081650203304,135845.366971091,240.808000204904,3464.43084561086,414.25976520795,"Mzuzu City","5",203815
"305",304,67728.818139543,0.0000513711072188245,0.0000693758433089614,0.0000267377629298159,0.00630463584255966,135845.367171772,240.808236564648,3464.43084632521,414.259765628175,"Mzuzu City","5",203815
"306",305,67728.8181256191,0.0000464910010021233,0.0000627853400857816,0.000024203073309455,0.00592302582832437,135845.367359257,240.808458618159,3464.43084697169,414.259766008564,"Mzuzu City","5",203815
"307",306,67728.8181130179,0.0000420744910515135,0.000056820914968975,0.0000219085466964344,0.00556450145634569,135845.367534446,240.808667230873,3464.43084755676,414.259766352892,"Mzuzu City","5",203815
"308",307,67728.8181016138,0.0000380775368239001,0.0000514230928869302,0.0000198314417871987,0.00522766734912876,135845.367698171,240.808863215918,3464.43084808625,414.259766664576,"Mzuzu City","5",203815
"309",308,67728.818091293,0.0000344602811617477,0.0000465380488287118,0.0000179511689345649,0.00491121235693718,135845.367851208,240.809047337274,3464.43084856544,414.259766946709,"Mzuzu City","5",203815
"310",309,67728.8180819527,0.0000311866546367233,0.0000421170692812629,0.0000162490868982117,0.00461390448493607,135845.367994277,240.809220312733,3464.43084899911,414.259767202092,"Mzuzu City","5",203815
"311",310,67728.8180734997,0.0000282240132648864,0.000038116069754112,0.0000147083185483989,0.00433458612408419,135845.368128049,240.809382816695,3464.43084939158,414.259767433259,"Mzuzu City","5",203815
"312",311,67728.8180658497,0.000025542813709104,0.000034495154242233,0.0000133135840904087,0.0040721695686693,135845.368253146,240.809535482786,3464.43084974677,414.259767642507,"Mzuzu City","5",203815
"313",312,67728.8180589264,0.0000231163206448538,0.0000312182147488757,0.0000120510500672199,0.00382563280310213,135845.368370149,240.809678906317,3464.43085006821,414.259767831911,"Mzuzu City","5",203815
"314",313,67728.8180526609,0.0000209203375989261,0.0000282525746815861,0.0000109081925171911,0.00359401554189095,135845.368479596,240.809813646601,3464.43085035912,414.259768003354,"Mzuzu City","5",203815
"315",314,67728.8180469905,0.0000189329660164243,0.0000255686625430909,0.00000987367312518314,0.00337641550765741,135845.368581989,240.809940229128,3464.4308506224,414.259768158538,"Mzuzu City","5",203815
"316",315,67728.8180418588,0.0000171343892343625,0.0000231397138913514,0.00000893722712369671,0.0031719849329462,135845.368677797,240.810059147607,3464.43085086066,414.259768299004,"Mzuzu City","5",203815
"317",316,67728.8180372146,0.0000155066723351283,0.0000209415078819156,0.00000808956167410311,0.00297992727243616,135845.368767454,240.810170865886,3464.43085107629,414.259768426148,"Mzuzu City","5",203815
"318",317,67728.8180330116,0.0000140335832365112,0.0000189521258356933,0.00000732226390570672,0.00279949411294697,135845.368851366,240.810275819757,3464.43085127143,414.259768541232,"Mzuzu City","5",203815
"319",318,67728.8180292078,0.000012700433533755,0.0000171517290199145,0.00000662771771391309,0.00262998226938963,135845.368929911,240.81037441865,3464.43085144804,414.2597686454,"Mzuzu City","5",203815
"320",319,67728.8180257654,0.0000114939295828458,0.0000155223641273636,0.00000599902830515827,0.00247073105551946,135845.369003441,240.810467047228,3464.43085160787,414.259768739687,"Mzuzu City","5",203815
"321",320,67728.8180226501,0.000010402039408052,0.000014047784968946,0.00000542995391645306,0.0023211197190053,135845.369072283,240.810554066884,3464.43085175252,414.25976882503,"Mzuzu City","5",203815
"322",321,67728.8180198306,0.00000941387576264274,0.0000127132863650387,0.00000491484407648895,0.0021805650309569,135845.369136745,240.810635817144,3464.43085188342,414.259768902278,"Mzuzu City","5",203815
"323",322,67728.8180172791,0.00000851958528553655,0.000011505560586604,0.00000444858358341053,0.00204851902064622,135845.369197111,240.810712616995,3464.43085200189,414.259768972197,"Mzuzu City","5",203815
"324",323,67728.8180149699,0.00000771024920714277,0.0000104125660573009,0.00000402654180583024,0.00192446684670295,135845.369253648,240.810784766121,3464.43085210911,414.259769035483,"Mzuzu City","5",203815
"325",324,67728.81801288,0.0000069777977506238,0.00000942340277172109,0.00000364452688292772,0.00180792479658658,135845.369306603,240.810852546073,3464.43085220614,414.259769092765,"Mzuzu City","5",203815
"326",325,67728.8180109887,0.00000631492763492256,0.00000852820634128194,0.00000329874413496201,0.0016984384066349,135845.369356209,240.810916221364,3464.43085229395,414.259769144612,"Mzuzu City","5",203815
"327",326,67728.8180092771,0.00000571502766700316,0.00000771805176480559,0.00000298575841466269,0.0015955806954402,135845.369402683,240.810976040501,3464.43085237342,414.25976919154,"Mzuzu City","5",203815
"328",327,67728.8180077281,0.00000517211639741553,0.00000698485959521285,0.00000270246014221398,0.00149895050373823,135845.369446225,240.811032236953,3464.43085244534,414.259769234016,"Mzuzu City","5",203815
"329",328,67728.8180063262,0.00000468078078441485,0.00000632131765636581,0.00000244603443490151,0.00140817093441188,135845.369487024,240.811085030056,3464.43085251043,414.259769272461,"Mzuzu City","5",203815
"330",329,67728.8180050575,0.00000423612004787399,0.00000572081099744192,0.00000221393313197232,0.00132288788596485,135845.369525258,240.811134625876,3464.43085256934,414.259769307258,"Mzuzu City","5",203815
"331",330,67728.8180039093,0.00000383370056529807,0.00000517735100395004,0.00000200384964446475,0.00124276867628698,135845.369561089,240.811181218003,3464.43085262265,414.259769338753,"Mzuzu City","5",203815
"332",331,67728.8180028702,0.00000346950899357567,0.0000046855156024689,0.00000181369533980765,0.00116750070435479,135845.369594672,240.811224988337,3464.43085267089,414.25976936726,"Mzuzu City","5",203815
"333",332,67728.8180019298,0.00000313991156173314,0.0000042403994451831,0.00000164157941398,0.00109679027451525,135845.36962615,240.811266107769,3464.43085271456,414.259769393062,"Mzuzu City","5",203815
"334",333,67728.8180010787,0.00000284162279619343,0.00000383756535172402,0.000001485791541714,0.00103036153305237,135845.369655658,240.811304736805,3464.43085275407,414.259769416415,"Mzuzu City","5",203815
"335",334,67728.8180003084,0.00000257167034765611,0.00000347299901382247,0.0000013447840608183,0.000967955345587587,135845.36968332,240.811341026216,3464.43085278983,414.259769437552,"Mzuzu City","5",203815
"336",335,67728.8179996114,0.00000232736339930589,0.00000314306644176245,0.00000121715562410653,0.000909328232614036,135845.369709255,240.81137511766,3464.4308528222,414.259769456684,"Mzuzu City","5",203815
"337",336,67728.8179989805,0.00000210626574322745,0.0000028444776118986,0.00000110163724528885,0.000854251418339345,135845.369733571,240.811407144236,3464.43085285149,414.259769473999,"Mzuzu City","5",203815
"338",337,67728.8179984096,0.00000190617225624574,0.00000257425458860386,0.000000997080080770874,0.000802509960209631,135845.369756372,240.811437230993,3464.43085287799,414.259769489671,"Mzuzu City","5",203815
"339",338,67728.8179978929,0.00000172508741125576,0.00000232970245180033,0.000000902444273994423,0.000753901925426983,135845.369777752,240.811465495406,3464.43085290198,414.259769503856,"Mzuzu City","5",203815
"340",339,67728.8179974253,0.00000156120541635833,0.00000210838249216748,0.000000816788654211045,0.000708237605823309,135845.369797803,240.811492047836,3464.43085292369,414.259769516694,"Mzuzu City","5",203815
"341",340,67728.8179970022,0.00000141289208088712,0.00000190808774975398,0.000000739261330720694,0.000665338775795719,135845.369816607,240.81151699196,3464.43085294334,414.259769528313,"Mzuzu City","5",203815
"342",341,67728.8179966192,0.00000127866911019325,0.00000172682181148817,0.000000669091541302669,0.000625038024962321,135845.369834243,240.811540425163,3464.43085296112,414.25976953883,"Mzuzu City","5",203815
"343",342,67728.8179962726,0.00000115719932403391,0.00000156277884121078,0.000000605581975115474,0.000587178105311417,135845.369850785,240.811562438914,3464.43085297721,414.259769548349,"Mzuzu City","5",203815
"344",343,67728.817995959,0.0000010472704742802,0.00000141432171960134,0.00000054810036707888,0.000551611199382541,135845.369866301,240.811583119196,3464.43085299178,414.259769556963,"Mzuzu City","5",203815
"345",344,67728.8179956751,0.000000947784159490367,0.00000127996707226478,0.000000496073736805862,0.000518198378047296,135845.369880856,240.811602546819,3464.43085300495,414.25976956476,"Mzuzu City","5",203815
"346",345,67728.8179954182,0.000000857747552182998,0.00000115837410041999,0.000000448984088039812,0.000486809170052804,135845.36989451,240.811620797672,3464.43085301688,414.259769571817,"Mzuzu City","5",203815
"347",346,67728.8179951857,0.000000776263707149696,0.00000104833149431845,0.000000406363371368678,0.000457321068094391,135845.369907319,240.811637943011,3464.43085302768,414.259769578204,"Mzuzu City","5",203815
"348",347,67728.8179949753,0.000000702520928755335,0.000000948743073001854,0.000000367787957343754,0.000429618985342608,135845.369919337,240.811654049773,3464.43085303745,414.259769583985,"Mzuzu City","5",203815
"349",348,67728.8179947849,0.000000635783811640926,0.000000858615683503698,0.000000332873977210523,0.00040359476894849,135845.369930612,240.811669180861,3464.43085304629,414.259769589217,"Mzuzu City","5",203815
"350",349,67728.8179946126,0.000000575386442644917,0.000000777050020412835,0.000000301273785444542,0.000379146796730314,135845.369941191,240.811683395379,3464.43085305429,414.259769593952,"Mzuzu City","5",203815
"351",350,67728.8179944566,0.00000052072643506136,0.0000007032325701838,0.000000272672854798726,0.000356179608248462,135845.369951118,240.811696748847,3464.43085306153,414.259769598238,"Mzuzu City","5",203815
"352",351,67728.8179943155,0.000000471258917655204,0.000000636427493417669,0.000000246786648084,0.000334603534518169,135845.369960433,240.811709293414,3464.43085306808,414.259769602117,"Mzuzu City","5",203815
"353",352,67728.8179941877,0.000000426490752589639,0.000000575968815627205,0.000000223357608727768,0.000314334335255599,135845.369969174,240.811721078072,3464.43085307401,414.259769605628,"Mzuzu City","5",203815
"354",353,67728.8179940722,0.000000385975487755545,0.000000521253610381911,0.000000202152532633218,0.000295292864212894,135845.369977377,240.81173214885,3464.43085307938,414.259769608805,"Mzuzu City","5",203815
"355",354,67728.8179939675,0.000000349309028932114,0.000000471736154886045,0.000000182960313990589,0.000277404764577208,135845.369985074,240.811742548991,3464.43085308424,414.259769611681,"Mzuzu City","5",203815
"356",355,67728.8179938728,0.000000316125731302528,0.000000426922651800376,0.000000165589909147966,0.000260600183827361,135845.369992299,240.811752319116,3464.43085308863,414.259769614284,"Mzuzu City","5",203815
"357",356,67728.8179937872,0.000000286094738898472,0.000000386366285615103,0.00000014986842951254,0.000244813501184368,135845.369999079,240.811761497387,3464.43085309261,414.259769616639,"Mzuzu City","5",203815
"358",357,67728.8179937096,0.000000258916616559602,0.000000349662674033885,0.000000135639386588359,0.00022998306907903,135845.370005443,240.811770119653,3464.43085309621,414.259769618771,"Mzuzu City","5",203815
"359",358,67728.8179936394,0.000000234320342953856,0.000000316445807114881,0.000000122761124749819,0.000216050971616099,135845.370011416,240.811778219594,3464.43085309947,414.259769620701,"Mzuzu City","5",203815
"360",359,67728.8179935759,0.000000212060634823077,0.000000286384433790933,0.000000111105426295467,0.000202962799479304,135845.370017023,240.811785828849,3464.43085310242,414.259769622447,"Mzuzu City","5",203815
"361",360,67728.8179935184,0.0000001919155230406,0.000000259178788391646,0.000000100556247566255,0.000190667438522672,135845.370022285,240.811792977141,3464.43085310509,414.259769624028,"Mzuzu City","5",203815
"362",361,67728.8179934664,0.000000173684134423542,0.000000234557594974268,0.0000000910085622058405,0.000179116870246681,135845.370027225,240.811799692393,3464.4308531075,414.259769625458,"Mzuzu City","5",203815
"363",362,67728.8179934193,0.000000157184675369807,0.000000212275344234441,0.0000000823673095068955,0.00016826598393547,135845.370031862,240.811806000837,3464.43085310969,414.259769626753,"Mzuzu City","5",203815
"364",363,67728.8179933767,0.000000142252616033305,0.000000192109841281454,0.0000000745464471658681,0.000158072400453818,135845.370036215,240.811811927114,3464.43085311167,414.259769627925,"Mzuzu City","5",203815
"365",364,67728.8179933382,0.000000128739055308946,0.000000173859997596666,0.000000067468098197716,0.00014849630703866,135845.370040301,240.811817494376,3464.43085311346,414.259769628985,"Mzuzu City","5",203815
"366",365,67728.8179933033,0.00000011650923992924,0.000000157343831094104,0.0000000610617781415972,0.000139500302077038,135845.370044137,240.811822724371,3464.43085311508,414.259769629945,"Mzuzu City","5",203815
