"","time","S","E","I","H","C","R","D","inci","hosp","crits","lvl2","lvl3","lvl4","ID","POP","start","age","tot_pop"
"1",1,48419.20065,0,1,0,0,0,0,0,0,0,"Malawi","Ntchisi","TA Chilooko",48,48420.20065,1,"Pediatrics",86265.614545
"2",2,48418.4928773315,0.583157887592124,0.790021982044016,0.0000581138012956064,0.000000188903629440324,0.334534492100067,0.00000000408694595753503,0.707772668528078,0.0000619736128035636,0.000000192990575397859,"Malawi","Ntchisi","TA Chilooko",48,48420.20065,1,"Pediatrics",86265.614545
"3",3,48417.8610616583,0.921405651860436,0.784900907363144,0.000103288451226698,0.000000670787432955069,0.633177793607753,0.000000029644257445268,1.33958834171425,0.000117297085034704,0.000000700431690400337,"Malawi","Ntchisi","TA Chilooko",48,48420.20065,1,"Pediatrics",86265.614545
"4",4,48417.1907292453,1.18563511695767,0.874101935981522,0.000146390989744146,0.00000138735536428268,0.950035830578162,0.0000000927939192979896,2.00992075465638,0.00017599397541576,0.00000148014928358066,"Malawi","Ntchisi","TA Chilooko",48,48420.20065,1,"Pediatrics",86265.614545
"5",5,48416.4243503396,1.44638849475431,1.01741386428637,0.000192372991816636,0.00000232872125693587,1.31230239187159,0.000000207732284593617,2.77629966035762,0.000243102062647226,0.00000253645354152949,"Malawi","Ntchisi","TA Chilooko",48,48420.20065,1,"Pediatrics",86265.614545
"6",6,48415.5240674892,1.7359443528767,1.20251544850998,0.000244004346629115,0.00000350779647176872,1.7378748084126,0.000000388827514508995,3.6765825107699,0.000321936826354669,0.00000389662398627771,"Malawi","Ntchisi","TA Chilooko",48,48420.20065,1,"Pediatrics",86265.614545
"7",7,48414.4567247073,2.07261577788192,1.42857046379969,0.0003033506627648,0.00000495088525869845,2.24243009779231,0.000000651700091699493,4.74392529272204,0.000415402369772759,0.00000560258535039794,"Malawi","Ntchisi","TA Chilooko",48,48420.20065,1,"Pediatrics",86265.614545
"8",8,48413.18748088,2.47037832397874,1.69996652087884,0.000372377508188977,0.00000669471562902963,2.84244418899899,0.00000101394671508022,6.01316912002711,0.000526550755071174,0.00000770866234410985,"Malawi","Ntchisi","TA Chilooko",48,48420.20065,1,"Pediatrics",86265.614545
"9",9,48411.6766538354,2.94282652068933,2.0240216126027,0.000453220512661563,0.00000878612655557258,3.55668452888119,0.00000149577358656451,7.52399616458603,0.000658858515504305,0.0000102819001421371,"Malawi","Ntchisi","TA Chilooko",48,48420.20065,1,"Pediatrics",86265.614545
"10",10,48409.877698352,3.50495894907139,2.41026380674725,0.000548331578069663,0.0000112829672541155,4.40716715698003,0.0000021206514992957,9.32295164799549,0.000816403953137888,0.0000134036187534112,"Malawi","Ntchisi","TA Chilooko",48,48420.20065,1,"Pediatrics",86265.614545
"11",11,48407.7354712409,4.17416960107885,2.87035272385901,0.000660584835424917,0.000014255678315216,5.41997867760823,0.00000291605018322818,11.46517875911,0.0010040194053938,0.0000171717284984441,"Malawi","Ntchisi","TA Chilooko",48,48420.20065,1,"Pediatrics",86265.614545
"12",12,48405.1844286873,4.97098263644735,3.41829252604714,0.000793375960530192,0.0000177893923461624,6.62613107060941,0.00000391428927211518,14.016221312746,0.00122744959289574,0.0000217036816182776,"Malawi","Ntchisi","TA Chilooko",48,48420.20065,1,"Pediatrics",86265.614545
"13",13,48402.146585914,5.91975526365073,4.07080095796336,0.000950729790722391,0.0000219865254629053,8.0625299945698,0.00000515353450876661,17.0540640860346,0.00149353099015583,0.0000271400599716719,"Malawi","Ntchisi","TA Chilooko",48,48420.20065,1,"Pediatrics",86265.614545
"14",14,48398.5291291492,7.04944558863171,4.8477951132956,0.00113742418608747,0.0000269699140308403,9.77310907580078,0.00000667897383752282,20.671520850802,0.00181040194345473,0.0000336488878683631,"Malawi","Ntchisi","TA Chilooko",48,48420.20065,1,"Pediatrics",86265.614545
"15",15,48394.2216150514,8.39449202142647,5.77298092638967,0.00135913447031307,0.0000328865450930975,11.8101614355939,0.00000854419765882217,24.9790349486231,0.00218774932535146,0.0000414307427519197,"Malawi","Ntchisi","TA Chilooko",48,48420.20065,1,"Pediatrics",86265.614545
"16",16,48389.0925897358,9.99585607696271,6.87457684564445,0.00162260793751846,0.0000399121120244532,14.2359540086999,0.0000108128697917269,30.1080602642264,0.00263710757384206,0.0000507249818161801,"Malawi","Ntchisi","TA Chilooko",48,48420.20065,1,"Pediatrics",86265.614545
"17",17,48383.9342230595,11.1080066775502,8.04997152074566,0.00193260978879688,0.0000482511204276965,17.1064543207176,0.0000135605893565589,35.2664269405121,0.00316884398448199,0.0000618117097842553,"Malawi","Ntchisi","TA Chilooko",48,48420.20065,1,"Pediatrics",86265.614545
"18",18,48377.9575578857,12.5450875822965,9.26293812398559,0.00228557246492949,0.0000580959001004358,20.4327058639972,0.0000168756484109951,41.2430921142928,0.00378500343515811,0.0000749715485114307,"Malawi","Ntchisi","TA Chilooko",48,48420.20065,1,"Pediatrics",86265.614545
"19",19,48371.1062273819,14.2515966692573,10.5937966698177,0.00268199639374933,0.000069614216688028,24.2462568110356,0.0000208574362295489,48.0944226181574,0.00449142945210087,0.0000904716529175768,"Malawi","Ntchisi","TA Chilooko",48,48420.20065,1,"Pediatrics",86265.614545
"20",20,48363.2818690561,16.2240128041018,12.0894551454988,0.00312637912281866,0.0000829803726717828,28.6020780189253,0.0000256159050933847,55.9187809439266,0.00529830467812201,0.000108596277765167,"Malawi","Ntchisi","TA Chilooko",48,48420.20065,1,"Pediatrics",86265.614545
"21",21,48354.3586275029,18.4825527286719,13.7851993867537,0.00362535908572568,0.0000983924580462428,33.5705153575654,0.0000312725843858549,64.8420224971193,0.00621865993436763,0.000129665042432098,"Malawi","Ntchisi","TA Chilooko",48,48420.20065,1,"Pediatrics",86265.614545
"22",22,48344.1876380137,21.0600366527747,15.7138136936377,0.00418704042582148,0.000116081442740888,39.2348205556937,0.0000379623738735663,75.0130119863486,0.00726791675811057,0.000154043816614455,"Malawi","Ntchisi","TA Chilooko",48,48420.20065,1,"Pediatrics",86265.614545
"23",23,48332.5972531522,23.9977421858232,17.9095942468599,0.0048208069654481,0.00013631735084617,45.6910574550081,0.0000458358011889226,86.6033968478088,0.00846387000614995,0.000182153152035093,"Malawi","Ntchisi","TA Chilooko",48,48420.20065,1,"Pediatrics",86265.614545
"24",24,48319.3913231397,27.3441723815231,20.4103021982486,0.00553734726305135,0.000159414646466952,53.0491004569857,0.0000550616300930382,99.8093268602971,0.00982687279425114,0.00021447627655999,"Malawi","Ntchisi","TA Chilooko",48,48420.20065,1,"Pediatrics",86265.614545
"25",25,48304.3464670352,31.1550311498896,23.2583445115767,0.00634877579032965,0.000185737788550181,61.4342069599349,0.0000658298104097853,114.854182964791,0.011380127769529,0.000251567598959967,"Malawi","Ntchisi","TA Chilooko",48,48420.20065,1,"Pediatrics",86265.614545
"26",26,48287.2086485523,35.493773104771,26.5016722382596,0.00726880923283755,0.000215707386369726,70.9889932332408,0.00007835480790153,131.992001447699,0.0131500531182627,0.000294062194271256,"Malawi","Ntchisi","TA Chilooko",48,48420.20065,1,"Pediatrics",86265.614545
"27",27,48267.689275045,40.4324135683378,30.1946108691592,0.00831297498777184,0.00024980704081107,81.8756948562074,0.000092879274160524,151.511374955007,0.0151667012872037,0.000342686314971594,"Malawi","Ntchisi","TA Chilooko",48,48420.20065,1,"Pediatrics",86265.614545
"28",28,48245.4606488285,46.0525500639939,34.3987370657042,0.00949885771962419,0.000288591329873364,94.2788169145244,0.00010967827932273,173.740001171551,0.0174642499035461,0.000398269609196094,"Malawi","Ntchisi","TA Chilooko",48,48420.20065,1,"Pediatrics",86265.614545
"29",29,48220.1509157008,52.4465165934637,39.1838117428017,0.0108463746200803,0.000332694790504276,108.40809782953,0.000129064018084962,199.049734299224,0.0200815507918651,0.000461758808589238,"Malawi","Ntchisi","TA Chilooko",48,48420.20065,1,"Pediatrics",86265.614545
"30",30,48191.3385498162,59.718631116542,44.6287860208415,0.0123780764981415,0.000382841888500444,124.501770737045,0.000151390992019558,227.862100183807,0.0230627341085416,0.000534232880520001,"Malawi","Ntchisi","TA Chilooko",48,48420.20065,1,"Pediatrics",86265.614545
"31",31,48158.5457703954,67.9866640229093,50.8229875418889,0.0141195083032085,0.000439859111999301,142.830491610142,0.000177062271978537,260.654879604628,0.0264579359827653,0.000616921383977837,"Malawi","Ntchisi","TA Chilooko",48,48420.20065,1,"Pediatrics",86265.614545
"32",32,48121.2317936604,77.3833231121928,57.8673072191166,0.0160995802073302,0.000504687631260113,163.701415204408,0.000206536035347374,297.968856339591,0.0303240535394799,0.000711223666607487,"Malawi","Ntchisi","TA Chilooko",48,48420.20065,1,"Pediatrics",86265.614545
"33",33,48078.7851219831,88.0578976164677,65.8755502466625,0.0183509935424864,0.000578398041301697,187.46291042896,0.000240333199981806,340.415528016874,0.0347256183681565,0.000818731241283503,"Malawi","Ntchisi","TA Chilooko",48,48420.20065,1,"Pediatrics",86265.614545
"34",34,48030.5150234463,100.177993071287,74.9759333153126,0.0209107127611445,0.000662207061976735,214.509848201179,0.000279046101798594,388.685626553703,0.0397357760366511,0.000941253163775329,"Malawi","Ntchisi","TA Chilooko",48,48420.20065,1,"Pediatrics",86265.614545
"35",35,47975.6423290534,113.931373503687,85.3126257626047,0.0238204808243549,0.000757496000806993,245.289420355352,0.000323348156772921,443.558320946626,0.0454373639759531,0.00108084415757991,"Malawi","Ntchisi","TA Chilooko",48,48420.20065,1,"Pediatrics",86265.614545
"36",36,47913.2894252486,129.52785968688,97.0473915587421,0.0271273846297144,0.000865831438832289,280.307606284898,0.000374004797117549,505.911224751386,0.0519241093487111,0.00123983623594984,"Malawi","Ntchisi","TA Chilooko",48,48420.20065,1,"Pediatrics",86265.614545
"37",37,47842.4695835539,147.201145016484,110.361362638491,0.0308844611096645,0.000988988230779983,320.136253456027,0.000431885745129225,576.731066446088,0.0593019406278487,0.00142087397590921,"Malawi","Ntchisi","TA Chilooko",48,48420.20065,1,"Pediatrics",86265.614545
"38",38,47762.0755869895,167.210634613658,125.456783841841,0.0351513556063939,0.00112897492513969,365.420866245636,0.000497978813646527,657.12506301048,0.0676904303821182,0.00162695373878622,"Malawi","Ntchisi","TA Chilooko",48,48420.20065,1,"Pediatrics",86265.614545
"39",39,47670.8678308249,189.84315256006,142.558728002953,0.0399950231777936,0.00128806173305167,416.889082121799,0.000573405377092109,748.3328191751,0.0772243653806692,0.00186146711014378,"Malawi","Ntchisi","TA Chilooko",48,48420.20065,1,"Pediatrics",86265.614545
"40",40,47567.4622136144,215.414205386075,161.916854229008,0.0454904520835291,0.0014688112170242,475.359758069544,0.000659437665439868,851.738436385593,0.0880554297328106,0.00212824888246407,"Malawi","Ntchisi","TA Chilooko",48,48420.20065,1,"Pediatrics",86265.614545
"41",41,47450.3179089751,244.268963366265,183.80688912123,0.0517214207132082,0.00167411157366751,541.752735487068,0.000757518075761654,968.882741024925,0.100354013701791,0.00243162964942916,"Malawi","Ntchisi","TA Chilooko",48,48420.20065,1,"Pediatrics",86265.614545
"42",42,47317.7256204171,276.782583726579,208.531778432841,0.0587812551481084,0.00190721241275707,617.099109675271,0.00086928062887955,1101.47502958288,0.114311115980841,0.00277649304163662,"Malawi","Ntchisi","TA Chilooko",48,48420.20065,1,"Pediatrics",86265.614545
"43",43,47167.7968244319,313.359485267459,236.422553680079,0.0667735567150976,0.00217176296321962,702.551844726211,0.000996574698008087,1251.40382556812,0.130140309939652,0.00316833766122771,"Malawi","Ntchisi","TA Chilooko",48,48420.20065,1,"Pediatrics",86265.614545
"44",44,46998.4545090104,354.431507737946,267.83836815837,0.0758128963849703,0.00247185303554286,799.396838852026,0.00114149181005052,1420.74614098957,0.148079793296838,0.00361334484559339,"Malawi","Ntchisi","TA Chilooko",48,48420.20065,1,"Pediatrics",86265.614545
"45",45,46807.4271191182,400.454574552413,303.165769061852,0.0860253573426761,0.00281205236205267,909.063043464956,0.00130639289575773,1611.77353088182,0.168394262498884,0.00411844525781039,"Malawi","Ntchisi","TA Chilooko",48,48420.20065,1,"Pediatrics",86265.614545
"46",46,46592.245562993,451.902734466414,342.816839243934,0.097548990936039,0.00319745499721024,1033.13327290947,0.00149394120640337,1826.95508700696,0.191376915008311,0.00469139620361361,"Malawi","Ntchisi","TA Chilooko",48,48420.20065,1,"Pediatrics",86265.614545
"47",47,46451.7589230078,424.532113004848,372.430842786762,0.11017696666489,0.00363314770895604,1171.36325395879,0.00170712743182662,1967.4417269922,0.216982469480543,0.00534027514078266,"Malawi","Ntchisi","TA Chilooko",48,48420.20065,1,"Pediatrics",86265.614545
"48",48,46303.5324331236,412.167245584329,386.708586565364,0.122715689067766,0.00411921810322298,1317.66360068095,0.0019491386079621,2115.66821687642,0.244082823291467,0.00606835671118507,"Malawi","Ntchisi","TA Chilooko",48,48420.20065,1,"Pediatrics",86265.614545
"49",49,46151.8132641008,406.575360459123,393.772556041975,0.134460963786758,0.00464958480152388,1467.8981358956,0.00222295393720761,2267.38738589922,0.271911738561387,0.00687253873873148,"Malawi","Ntchisi","TA Chilooko",48,48420.20065,1,"Pediatrics",86265.614545
"50",50,45998.6106380701,403.964679909136,397.367688507211,0.145166929476746,0.00521585576133565,1620.10472964347,0.00253108481428788,2420.59001192987,0.300105740989216,0.00774694057562352,"Malawi","Ntchisi","TA Chilooko",48,48420.20065,1,"Pediatrics",86265.614545
"51",51,45844.9035717912,402.588481601975,399.221243390125,0.154789830307159,0.00580936068455226,1773.32387852291,0.00287550285259774,2574.29707820886,0.328487101050158,0.00868486353714999,"Malawi","Ntchisi","TA Chilooko",48,48420.20065,1,"Pediatrics",86265.614545
"52",52,45691.1965912512,401.641953103412,400.130521976886,0.163370941040911,0.0064219883276442,1927.05853308645,0.00325765267824334,2728.0040587488,0.356963761158662,0.00967964100588753,"Malawi","Ntchisi","TA Chilooko",48,48420.20065,1,"Pediatrics",86265.614545
"53",53,45537.7749851617,400.754895742085,400.463768650723,0.170983597712913,0.00704648420656956,2081.0252918656,0.00367849799926069,2881.42566483833,0.385483241829518,0.0107249822058302,"Malawi","Ntchisi","TA Chilooko",48,48420.20065,1,"Pediatrics",86265.614545
"54",54,45384.8223380154,399.757696729772,400.391597280884,0.177709575790774,0.00767651109288973,2235.03949330929,0.00413857781447954,3034.37831198465,0.414011353938159,0.0118150889073693,"Malawi","Ntchisi","TA Chilooko",48,48420.20065,1,"Pediatrics",86265.614545
"55",55,45232.4744327938,398.573652437794,399.993632394343,0.183628967998979,0.00830660911636945,2388.96235873414,0.00463806281434446,3186.72621720621,0.442522406613257,0.0129446719307139,"Malawi","Ntchisi","TA Chilooko",48,48420.20065,1,"Pediatrics",86265.614545
"56",56,45080.8439974239,397.169239297623,399.30782626603,0.188816179569205,0.00893211806927866,2542.67666190683,0.00517680795156234,3338.35665257607,0.470994699986025,0.014108926020841,"Malawi","Ntchisi","TA Chilooko",48,48420.20065,1,"Pediatrics",86265.614545
"57",57,44930.0319047854,395.531342080213,398.353061577394,0.193338689924312,0.00954909009618991,2696.07569937745,0.00575439950897068,3489.16874521459,0.499408482027523,0.0153034896051606,"Malawi","Ntchisi","TA Chilooko",48,48420.20065,1,"Pediatrics",86265.614545
"58",58,44780.1323866987,393.656390644765,397.13993846822,0.197256953550456,0.010154205730427,2849.05815283257,0.00637019643816457,3639.06826330127,0.527744996922286,0.0165244021685915,"Malawi","Ntchisi","TA Chilooko",48,48420.20065,1,"Pediatrics",86265.614545
"59",59,44631.2351526222,391.545700224829,395.675378210985,0.200624884375899,0.0107446934233625,3001.52602599673,0.00702336750888561,3787.96549737785,0.555986103020861,0.0177680609322481,"Malawi","Ntchisi","TA Chilooko",48,48420.20065,1,"Pediatrics",86265.614545
"60",60,44483.4264783776,389.202994840683,393.965026831434,0.203490577404798,0.0113182490047195,3153.38362819755,0.00771292636003794,3935.77417162244,0.584114084699947,0.0190311753647574,"Malawi","Ntchisi","TA Chilooko",48,48420.20065,1,"Pediatrics",86265.614545
"61",61,44336.7893562494,386.633554286246,392.014100027855,0.205896738804707,0.0118729912953946,3304.53743195336,0.00843775306737359,4082.41129375063,0.612111626060072,0.0203107443627682,"Malawi","Ntchisi","TA Chilooko",48,48420.20065,1,"Pediatrics",86265.614545
"62",62,44191.4037607383,383.843472546528,389.828036471857,0.20788146729998,0.0124073925002224,3454.89589476044,0.00919662303748048,4227.79688926166,0.639961778054038,0.0216040155377029,"Malawi","Ntchisi","TA Chilooko",48,48420.20065,1,"Pediatrics",86265.614545
"63",63,44047.3464970844,380.839514051031,387.412603739138,0.209478720525454,0.0129202383802323,3604.36964794129,0.00998822527089359,4371.85415291563,0.667647993547972,0.0229084636511259,"Malawi","Ntchisi","TA Chilooko",48,48420.20065,1,"Pediatrics",86265.614545
"64",64,43904.691208441,377.628959165171,384.773962235389,0.210718930062691,0.0134105780780225,3752.87157946772,0.010811182557356,4514.50944155898,0.695154142770261,0.0242217606353785,"Malawi","Ntchisi","TA Chilooko",48,48420.20065,1,"Pediatrics",86265.614545
"65",65,43763.5081812992,374.219516098934,381.918717362759,0.21162932318676,0.0138776969729195,3900.31706415428,0.0116640646680035,4655.6924687008,0.722464556005221,0.025541761640923,"Malawi","Ntchisi","TA Chilooko",48,48420.20065,1,"Pediatrics",86265.614545
"66",66,43623.8642216452,370.61927620756,378.853897602563,0.212234310700787,0.0143210856929983,4046.62415374661,0.0125454017154636,4795.33642835484,0.749564058870025,0.0268664874084619,"Malawi","Ntchisi","TA Chilooko",48,48420.20065,1,"Pediatrics",86265.614545
"67",67,43485.8227041944,366.836638594364,375.586918444026,0.212556001839107,0.0147403998207363,4191.71363866628,0.013453699279401,4933.37794580561,0.776437983841852,0.0281940991001373,"Malawi","Ntchisi","TA Chilooko",48,48420.20065,1,"Pediatrics",86265.614545
"68",68,43349.4434640523,362.880274318015,372.125556478438,0.212614429149298,0.0151354423819472,4335.50921783343,0.0143874462482109,5069.75718594766,0.803072201752461,0.0295228886301581,"Malawi","Ntchisi","TA Chilooko",48,48420.20065,1,"Pediatrics",86265.614545
"69",69,43214.7827022453,358.759095342865,368.477913600515,0.212427780060719,0.0155061458585341,4477.93765976267,0.0153451227218084,5204.41794775469,0.829453151667568,0.0308512685803424,"Malawi","Ntchisi","TA Chilooko",48,48420.20065,1,"Pediatrics",86265.614545
"70",70,43081.8929623613,354.48220505099,364.652384628529,0.212012659982401,0.0158525518314076,4618.92890753921,0.0163252081883274,5337.30768763873,0.855567860377101,0.032177760019735,"Malawi","Ntchisi","TA Chilooko",48,48420.20065,1,"Pediatrics",86265.614545
"71",71,42950.8231028938,350.058855133231,360.657619275318,0.211384303776305,0.0161747948805135,4758.41618741094,0.0173261880579779,5468.37754710621,0.881403962546131,0.0335009829384913,"Malawi","Ntchisi","TA Chilooko",48,48420.20065,1,"Pediatrics",86265.614545
"72",72,42821.6182835999,345.498417579574,356.502477372508,0.210556737047437,0.0164730904668515,4896.33609506195,0.0183465585169299,5597.58236640006,0.906949716723064,0.0348196489837814,"Malawi","Ntchisi","TA Chilooko",48,48420.20065,1,"Pediatrics",86265.614545
"73",73,42694.319968602,340.810340890828,352.195996364765,0.209542933993393,0.0167477229165118,5032.62866865417,0.0193848313286385,5724.88068139801,0.9321940188964,0.0361325542451504,"Malawi","Ntchisi","TA Chilooko",48,48420.20065,1,"Pediatrics",86265.614545
"74",74,42568.9659418322,336.004108050207,347.747357197196,0.208354956267886,0.0169990348879281,5167.23744939121,0.020439537985525,5850.23470816776,0.957126413736949,0.0374385728734531,"Malawi","Ntchisi","TA Chilooko",48,48420.20065,1,"Pediatrics",86265.614545
"75",75,42445.5903286221,331.089212803545,343.165835298612,0.207004066781972,0.0172274188817464,5300.10953255708,0.0215092329827251,5973.61032137789,0.981737104071402,0.0387366518644715,"Malawi","Ntchisi","TA Chilooko",48,48420.20065,1,"Pediatrics",86265.614545
"76",76,42324.2236379749,326.075119123618,338.460770386779,0.205500829037101,0.0174333096426147,5431.19559587928,0.0225924967131948,6094.97701202508,1.00601695615329,0.0400258063558095,"Malawi","Ntchisi","TA Chilooko",48,48420.20065,1,"Pediatrics",86265.614545
"77",77,42204.8928145048,320.971225011476,333.641535520688,0.203855191027601,0.0176171776978235,5560.44991465645,0.0236879378747829,6214.30783549521,1.02995750247973,0.0413051155726064,"Malawi","Ntchisi","TA Chilooko",48,48420.20065,1,"Pediatrics",86265.614545
"78",78,42087.621285971,315.786838543709,328.717494820239,0.202076558666686,0.0177795236936645,5687.83038038703,0.0247941956357415,6331.57936402898,1.05355094525481,0.042573719329406,"Malawi","Ntchisi","TA Chilooko",48,48420.20065,1,"Pediatrics",86265.614545
"79",79,41972.4290180968,310.5311438391,323.697974191415,0.200173855716835,0.0179208735517371,5813.29850920188,0.025909941560522,6446.77163190323,1.07679015796202,0.0438308151122591,"Malawi","Ntchisi","TA Chilooko",48,48420.20065,1,"Pediatrics",86265.614545
"80",80,41859.332687841,305.213179578081,318.592230436037,0.198155588164629,0.0180417736539764,5936.81932090297,0.0270338800863333,6559.867962159,1.09966866297082,0.0450756537403098,"Malawi","Ntchisi","TA Chilooko",48,48420.20065,1,"Pediatrics",86265.614545
"81",81,41748.3457408375,299.841812251742,313.409425081664,0.196029882197652,0.0181427875477897,6058.36133440952,0.0281647498773208,6670.85490916255,1.12218063069986,0.0463075374251106,"Malawi","Ntchisi","TA Chilooko",48,48420.20065,1,"Pediatrics",86265.614545
"82",82,41639.478363585,294.42570824265,308.158588823213,0.193804509570954,0.0182244931706424,6177.89665902025,0.0293013261770719,6779.72228641503,1.14432089652524,0.0475258193477143,"Malawi","Ntchisi","TA Chilooko",48,48420.20065,1,"Pediatrics",86265.614545
"83",83,41532.7376315957,288.973312531932,302.848600786873,0.191486923482572,0.0182874798021464,6295.40088826117,0.0304424210799772,6886.46301840434,1.16608494112505,0.0487299008821237,"Malawi","Ntchisi","TA Chilooko",48,48420.20065,1,"Pediatrics",86265.614545
"84",84,41428.1276917415,283.492838659521,297.488160775689,0.189084296008473,0.0183323449674123,6410.85295529891,0.0315868834174245,6991.07295825852,1.18746886370521,0.0499192283848369,"Malawi","Ntchisi","TA Chilooko",48,48420.20065,1,"Pediatrics",86265.614545
"85",85,41325.6498788109,277.992252148503,292.085770678119,0.186603537221184,0.0183596924783076,6524.2350515338,0.0327335990068557,7093.55077118913,1.20846936692445,0.0510932914851633,"Malawi","Ntchisi","TA Chilooko",48,48420.20065,1,"Pediatrics",86265.614545
"86",86,41225.3026844918,272.479235185752,286.649712158587,0.184051296663414,0.0183701309008562,6635.53271524336,0.0338814929316395,7193.8979655082,1.22908377331333,0.0522516238324956,"Malawi","Ntchisi","TA Chilooko",48,48420.20065,1,"Pediatrics",86265.614545
"87",87,41127.0820534468,266.961198748168,281.188034003846,0.181433996211431,0.0183642713378635,6744.73453600628,0.035029527378196,7292.11859655322,1.24930997053262,0.0533937987160596,"Malawi","Ntchisi","TA Chilooko",48,48420.20065,1,"Pediatrics",86265.614545
"88",88,41030.981440116,261.445268403038,275.708530693902,0.178757835298428,0.0183427260891941,6851.83213352314,0.0361767025184538,7388.21920988398,1.26914640745139,0.0545194286076479,"Malawi","Ntchisi","TA Chilooko",48,48420.20065,1,"Pediatrics",86265.614545
"89",89,40936.9919109953,255.938264846836,270.218734268268,0.176028796750632,0.0183061072931675,6956.82008292873,0.037322056885006,7482.20873900477,1.2885920803141,0.0556281641781735,"Malawi","Ntchisi","TA Chilooko",48,48420.20065,1,"Pediatrics",86265.614545
"90",90,40845.1023328448,250.446710371284,264.725907544629,0.173252660750711,0.0182550257056128,7059.69572688674,0.0384646661537921,7574.09831715526,1.30764649793881,0.0567196918594049,"Malawi","Ntchisi","TA Chilooko",48,48420.20065,1,"Pediatrics",86265.614545
"91",91,40755.2993136406,244.976801383571,259.237007512393,0.170434994068305,0.0181900893957783,7160.45929873384,0.0396036461270215,7663.90133635939,1.3263097045243,0.0577937355227998,"Malawi","Ntchisi","TA Chilooko",48,48420.20065,1,"Pediatrics",86265.614545
"92",92,40667.5674470506,239.534416672407,253.758693732534,0.16758116415931,0.018111902652947,7259.11366132694,0.0407381507031463,7751.6332029494,1.34458223128118,0.0588500533560932,"Malawi","Ntchisi","TA Chilooko",48,48420.20065,1,"Pediatrics",86265.614545
"93",93,40581.8895097557,234.125129349065,248.297328904503,0.164696349984579,0.0180210651083686,7355.6640972054,0.0418673702707529,7837.31114024433,1.36246505756701,0.0598884353791215,"Malawi","Ntchisi","TA Chilooko",48,48420.20065,1,"Pediatrics",86265.614545
"94",94,40498.2465084097,228.754191959136,242.858969655245,0.161785536850068,0.017918170880433,7450.11828573558,0.0429905326096694,7920.9541415903,1.37995960665212,0.0609087034901025,"Malawi","Ntchisi","TA Chilooko",48,48420.20065,1,"Pediatrics",86265.614545
"95",95,40416.6177727413,223.426531206937,237.449357142805,0.158853514685002,0.0178038075583805,7542.48622468344,0.0441069032670045,8002.58287725869,1.3970677311927,0.0619107108253851,"Malawi","Ntchisi","TA Chilooko",48,48420.20065,1,"Pediatrics",86265.614545
"96",96,40336.9811380979,218.146767633328,232.073923019409,0.15590488780755,0.0176785556807952,7632.78002202224,0.0452157836623589,8082.21951190213,1.41379167467063,0.0628943393431541,"Malawi","Ntchisi","TA Chilooko",48,48420.20065,1,"Pediatrics",86265.614545
"97",97,40259.3130585017,212.919216678163,226.737791289467,0.152944075909098,0.0175429880618731,7721.01377995608,0.0463165106382788,8159.88759149832,1.43013404991214,0.0638594987001519,"Malawi","Ntchisi","TA Chilooko",48,48420.20065,1,"Pediatrics",86265.614545
"98",98,40183.5886766136,207.747881135593,221.445773651024,0.149975309494158,0.0173976689467491,7807.2035371644,0.0474084569980119,8235.61197338646,1.44609782838938,0.064806125944761,"Malawi","Ntchisi","TA Chilooko",48,48420.20065,1,"Pediatrics",86265.614545
"99",99,40109.7819926208,202.636473942029,216.202383888764,0.147002640314153,0.0172431538172222,7891.36706272501,0.0484910292696778,8309.4186573792,1.46168630205215,0.0657341830869,"Malawi","Ntchisi","TA Chilooko",48,48420.20065,1,"Pediatrics",86265.614545
"100",100,40037.8658538975,197.588395390997,211.011808991787,0.144029924136943,0.0170799879025025,7973.52391813709,0.0495636706312965,8381.33479610255,1.47690309481293,0.0666436585337991,"Malawi","Ntchisi","TA Chilooko",48,48420.20065,1,"Pediatrics",86265.614545
"101",101,39967.8121454041,192.606757446799,205.877935067979,0.141060833224236,0.0169087061376052,8053.69521668375,0.0506258581000575,8451.38850459598,1.49175211797749,0.0675345642376628,"Malawi","Ntchisi","TA Chilooko",48,48420.20065,1,"Pediatrics",86265.614545
"102",102,39899.5919276887,187.694402645873,200.804363751926,0.138098864675978,0.0167298330528848,8131.9034501152,0.0516771006205294,8519.60872231135,1.50623753814426,0.0684069336734142,"Malawi","Ntchisi","TA Chilooko",48,48420.20065,1,"Pediatrics",86265.614545
"103",103,39833.1754850817,182.853900324686,195.794406443771,0.135147335106311,0.0165438820034065,8208.17244999307,0.0527169397434472,8586.02516491838,1.52036377004339,0.0692608217468537,"Malawi","Ntchisi","TA Chilooko",48,48420.20065,1,"Pediatrics",86265.614545
"104",104,39768.5324243522,178.087556239007,190.851092255128,0.132209382975211,0.0163513547653473,8282.52727146713,0.0537449488363914,8650.66822564784,1.53413545500999,0.0700963036017387,"Malawi","Ntchisi","TA Chilooko",48,48420.20065,1,"Pediatrics",86265.614545
"105",105,39705.6317675806,173.397423199493,185.977175933469,0.129287971395156,0.0161527411888337,8354.9940818416,0.0547607322586384,8713.5688824194,1.5475574403446,0.0709134734474721,"Malawi","Ntchisi","TA Chilooko",48,48420.20065,1,"Pediatrics",86265.614545
"106",106,39644.4420380782,168.785310446418,181.175146343411,0.126385890664402,0.0159485188678026,8425.60005679792,0.0557639246035629,8774.75861192188,1.56063476009171,0.0717124434713655,"Malawi","Ntchisi","TA Chilooko",48,48420.20065,1,"Pediatrics",86265.614545
"107",107,39584.9313425574,164.252793158141,176.447235560084,0.123505761026388,0.0157391528440951,8494.37327962063,0.0567541899233162,8834.26930744264,1.57337261637461,0.0724933427674113,"Malawi","Ntchisi","TA Chilooko",48,48420.20065,1,"Pediatrics",86265.614545
"108",108,39527.06744895,159.801222814535,171.795427629974,0.120650035784741,0.0155250953467077,8561.34264425347,0.0577312209360406,8892.13320105005,1.58577636143971,0.0732563162827483,"Malawi","Ntchisi","TA Chilooko",48,48420.20065,1,"Pediatrics",86265.614545
"109",109,39470.8178603482,155.431737411278,167.221467931797,0.11782100464679,0.0153067855665729,8626.53776178038,0.0586947382178507,8948.38278965189,1.59785148033526,0.0740015237844236,"Malawi","Ntchisi","TA Chilooko",48,48420.20065,1,"Pediatrics",86265.614545
"110",110,39416.1498851476,151.145271365409,162.726873175469,0.11502079726892,0.0150846494663872,8689.98887037539,0.0596444893818026,9003.05076485239,1.60960357423272,0.0747291388481899,"Malawi","Ntchisi","TA Chilooko",48,48420.20065,1,"Pediatrics",86265.614545
"111",111,39363.030703053,146.942565845732,158.312941125731,0.112251387086864,0.0148590996239306,8751.72674924066,0.0605802482460623,9056.16994694708,1.62103834448672,0.0754393478699929,"Malawi","Ntchisi","TA Chilooko",48,48420.20065,1,"Pediatrics",86265.614545
"112",112,39311.4274271744,142.824179119288,153.980760373978,0.109514595368516,0.0146305351085911,8811.7826363879,0.0615018139933382,9107.77322282563,1.6321615774071,0.0761323491019294,"Malawi","Ntchisi","TA Chilooko",48,48420.20065,1,"Pediatrics",86265.614545
"113",113,39261.3071624839,138.790496451664,149.73122054986,0.106812095417288,0.0143993413908057,8870.18815006746,0.062409010323654,9157.89348751612,1.64297912970648,0.0768083517144597,"Malawi","Ntchisi","TA Chilooko",48,48420.20065,1,"Pediatrics",86265.614545
"114",114,39212.6370595425,134.841739854179,145.56502219393,0.10414541688644,0.0141658902835466,8926.97521541768,0.0633016846178728,9206.56359045757,1.65349691491483,0.0774675749014194,"Malawi","Ntchisi","TA Chilooko",48,48420.20065,1,"Pediatrics",86265.614545
"115",115,39165.3843674725,130.977978437083,141.482686908608,0.101515950516094,0.0139305399112403,8982.17599098441,0.0641797070514573,9253.81628252758,1.66372088977005,0.0781102469626976,"Malawi","Ntchisi","TA Chilooko",48,48420.20065,1,"Pediatrics",86265.614545
"116",116,39119.5164813809,127.199137927411,137.484567348367,0.0989249528241751,0.0136936347129066,9035.82280178609,0.0650429697369306,9299.68416861914,1.67365704182092,0.0787366044498373,"Malawi","Ntchisi","TA Chilooko",48,48420.20065,1,"Pediatrics",86265.614545
"117",117,39075.0009842134,123.505009462234,133.570856739639,0.0963735507015325,0.0134555054744694,9087.94807914269,0.0658913859045984,9344.19966578665,1.68331137828289,0.0793468913790678,"Malawi","Ntchisi","TA Chilooko",48,48420.20065,1,"Pediatrics",86265.614545
"118",118,39031.8056883143,119.895259181569,129.741598323445,0.0938627463674795,0.0132164693838213,9138.58430007594,0.0667248890385276,9387.39496168575,1.69268991481446,0.0799413584223489,"Malawi","Ntchisi","TA Chilooko",48,48420.20065,1,"Pediatrics",86265.614545
"119",119,38989.8986734527,116.369437157088,125.996694893689,0.091393422351195,0.0129768301142873,9187.76393081211,0.067543432020828,9429.30197654737,1.7017986650535,0.0805202621351153,"Malawi","Ntchisi","TA Chilooko",48,48420.20065,1,"Pediatrics",86265.614545
"120",120,38949.2483212561,112.92698563916,122.335918315758,0.0889663464351208,0.0127368779343855,9235.51937457836,0.0683469862913007,9469.95232874394,1.71064363094885,0.0810838642256863,"Malawi","Ntchisi","TA Chilooko",48,48420.20065,1,"Pediatrics",86265.614545
"121",121,38909.823346636,109.567247705351,118.758918148739,0.0865821767101568,0.0124968898402654,9281.88292290238,0.0691355410112631,9509.37730336403,1.71923079374073,0.0816324308515285,"Malawi","Ntchisi","TA Chilooko",48,48420.20065,1,"Pediatrics",86265.614545
"122",122,38871.5928257182,106.289475104197,115.265230098489,0.0842414664755977,0.0122571297075682,9326.88671138075,0.0699091022571001,9547.60782428187,1.72756610576897,0.0821662319646684,"Malawi","Ntchisi","TA Chilooko",48,48420.20065,1,"Pediatrics",86265.614545
"123",123,38834.5262168745,103.092836813301,111.854286283098,0.0819446705817068,0.0120178486452701,9370.56267981793,0.0706676919801898,9584.67443312553,1.73565548309091,0.0826855406254599,"Malawi","Ntchisi","TA Chilooko",48,48420.20065,1,"Pediatrics",86265.614545
"124",124,38798.5934137824,99.9764214926948,108.525416431652,0.0796921438598252,0.0117792842934762,9412.94251551685,0.0714113482623963,9620.60723621761,1.74350479497728,0.0831906325558726,"Malawi","Ntchisi","TA Chilooko",48,48420.20065,1,"Pediatrics",86265.614545
"125",125,38763.7647127085,96.9392538452575,105.277867875559,0.0774841579647253,0.0115416626629738,9454.05764962744,0.0721401226007306,9655.43593729149,1.75111986323881,0.0836817852637045,"Malawi","Ntchisi","TA Chilooko",48,48420.20065,1,"Pediatrics",86265.614545
"126",126,38730.0108724965,93.9802937486879,102.110803499334,0.0753208967476563,0.0113051970888211,9493.93920008101,0.0728540806565762,9689.18977750352,1.7585064516556,0.0841592777453973,"Malawi","Ntchisi","TA Chilooko",48,48420.20065,1,"Pediatrics",86265.614545
"127",127,38697.3031148192,91.0984457259389,99.0233121080023,0.0732024644807396,0.0110700889493489,9532.61795149247,0.073553300939412,9721.89753518078,1.76567026225596,0.0846233898887609,"Malawi","Ntchisi","TA Chilooko",48,48420.20065,1,"Pediatrics",86265.614545
"128",128,38665.6131374711,88.29256458007,96.0144157687341,0.07112889055762,0.0108365279395633,9570.12432888756,0.0742378740551022,9753.58751252891,1.77261693045093,0.0850744019946656,"Malawi","Ntchisi","TA Chilooko",48,48420.20065,1,"Pediatrics",86265.614545
"129",129,38634.9131516851,85.56145873333,93.0830722431665,0.0691001300177267,0.0106046917181237,9606.48835461406,0.0749079026336595,9784.28749831493,1.77935201705339,0.0855125943517832,"Malawi","Ntchisi","TA Chilooko",48,48420.20065,1,"Pediatrics",86265.614545
"130",130,38605.1758652283,82.903898712681,90.2281863720993,0.0671160730549196,0.0103747469266835,9641.7396453672,0.0755634998070066,9814.02478477177,1.78588100772872,0.0859382467336901,"Malawi","Ntchisi","TA Chilooko",48,48420.20065,1,"Pediatrics",86265.614545
"131",131,38576.3744928664,80.3186214291905,87.4486158112161,0.0651765486588169,0.0101468494035379,9675.9073917065,0.076204788623598,9842.8261571336,1.79220930920153,0.0863516380271359,"Malawi","Ntchisi","TA Chilooko",48,48420.20065,1,"Pediatrics",86265.614545
"132",132,38548.4827723386,77.8043355752343,84.7431735213381,0.0632813273348975,0.00992114424644701,9709.02033419167,0.0768319016286059,9870.71787766145,1.79834224483595,0.0867530458750529,"Malawi","Ntchisi","TA Chilooko",48,48420.20065,1,"Pediatrics",86265.614545
"133",133,38521.4749672566,75.3597256702885,82.1106346474741,0.0614301258152179,0.0096977662041458,9741.1067495535,0.0774449801088431,9897.72568274339,1.804285052075,0.0871427463129889,"Malawi","Ntchisi","TA Chilooko",48,48420.20065,1,"Pediatrics",86265.614545
"134",134,38495.3258716822,72.9834554289695,79.5497425464482,0.0596226108821104,0.0094768399908455,9772.19443671806,0.0780441734576788,9923.87477831781,1.8100428798526,0.0875210134485243,"Malawi","Ntchisi","TA Chilooko",48,48420.20065,1,"Pediatrics",86265.614545
"135",135,38470.0108124219,70.6741729994429,77.059212200728,0.0578584033447934,0.00925848060321753,9802.31070585543,0.0786296385578375,9949.18983757811,1.81562078656589,0.087888119161055,"Malawi","Ntchisi","TA Chilooko",48,48420.20065,1,"Pediatrics",86265.614545
"136",136,38445.5056409368,68.4305148848988,74.6377349759188,0.0561370824266344,0.00904279380466595,9831.48237778706,0.0792015390723133,9973.69500906318,1.82102373996622,0.0882443328769793,"Malawi","Ntchisi","TA Chilooko",48,48420.20065,1,"Pediatrics",86265.614545
"137",137,38421.7867839195,66.251107723368,72.2839822560826,0.0544581857017713,0.0088298756204213,9859.7357279943,0.0797600454339008,9997.41386608051,1.82625660678821,0.0885899210543221,"Malawi","Ntchisi","TA Chilooko",48,48420.20065,1,"Pediatrics",86265.614545
"138",138,38398.8311572363,64.1345734073794,69.9966117844503,0.052821218745264,0.00861981410771306,9887.09656120576,0.0803053332833624,10020.3694927637,1.83132416656677,0.0889251473910754,"Malawi","Ntchisi","TA Chilooko",48,48420.20065,1,"Pediatrics",86265.614545
"139",139,38376.6162269388,62.0795312287729,67.7742686097263,0.0512256537203645,0.00841268860288606,9913.59014729674,0.0808375836992929,10042.5844230613,1.83623109976394,0.0892502723021789,"Malawi","Ntchisi","TA Chilooko",48,48420.20065,1,"Pediatrics",86265.614545
"140",140,38355.1199811268,60.0846010846285,65.6155895932488,0.0496709342971251,0.00820857048391819,9939.24124170822,0.0813569823788169,10064.0806688733,1.84098199155183,0.0895655528627351,"Malawi","Ntchisi","TA Chilooko",48,48420.20065,1,"Pediatrics",86265.614545
"141",141,38334.3209414007,58.1484055961526,63.5192063296114,0.0481564776085775,0.00800752325268492,9964.07406895338,0.0818637193047847,10084.8797085993,1.84558132875797,0.0898712425574696,"Malawi","Ntchisi","TA Chilooko",48,48420.20065,1,"Pediatrics",86265.614545
"142",142,38314.1981431596,56.2695724536161,61.4837483224068,0.046681677917355,0.00780960309210901,9988.11233679527,0.0823579881366251,10105.0025068404,1.85003350249204,0.0901675912287341,"Malawi","Ntchisi","TA Chilooko",48,48420.20065,1,"Pediatrics",86265.614545
"143",143,38294.7311645186,54.4467366767357,59.5078459990754,0.0452459079772931,0.00761485872510122,10011.3792020529,0.0828399859666619,10124.4694854814,1.85434280181256,0.0904548446917631,"Malawi","Ntchisi","TA Chilooko",48,48420.20065,1,"Pediatrics",86265.614545
"144",144,38275.900081631,52.6785426073805,57.5901328431648,0.0438485232639885,0.00742333228376204,10033.8973111503,0.0833099126149513,10143.300568369,1.85851342123826,0.0907332448987134,"Malawi","Ntchisi","TA Chilooko",48,48420.20065,1,"Pediatrics",86265.614545
"145",145,38257.6854966962,50.9636463691438,55.7292478098243,0.0424888631586455,0.00723505916945074,10055.6887672321,0.0837679704054854,10161.5151533038,1.86254945465737,0.0910030295749361,"Malawi","Ntchisi","TA Chilooko",48,48420.20065,1,"Pediatrics",86265.614545
"146",146,38240.0684840742,49.3007161899644,53.9238371046193,0.04116625456141,0.00705006895991938,10076.7751819442,0.0842143635579693,10179.1321659259,1.86645490491918,0.0912644325178887,"Malawi","Ntchisi","TA Chilooko",48,48420.20065,1,"Pediatrics",86265.614545
"147",147,38223.0306283789,47.6884351531541,52.1725563868046,0.0398800126677716,0.00686838513532755,10097.1776323854,0.0846492980243176,10196.1700216212,1.87023367586067,0.0915176831596451,"Malawi","Ntchisi","TA Chilooko",48,48420.20065,1,"Pediatrics",86265.614545
"148",148,38206.554001362,46.125501894523,50.4740726804081,0.0386294435337934,0.00669002558632654,10116.9166816129,0.0850729810422358,10212.646648638,1.87388957610504,0.0917630066285623,"Malawi","Ntchisi","TA Chilooko",48,48420.20065,1,"Pediatrics",86265.614545
"149",149,38190.6211553372,44.6106317490499,48.8270660679959,0.0374138459188895,0.0065150028921351,10136.0123823762,0.0854856207995997,10228.5794946629,1.87742631975358,0.0920006236917348,"Malawi","Ntchisi","TA Chilooko",48,48420.20065,1,"Pediatrics",86265.614545
"150",150,38175.2151153146,43.1425580411503,47.2302308994575,0.0362325130702392,0.00634332460347674,10154.484282481,0.0858874261119913,10243.9855346854,1.8808475273796,0.0922307507154681,"Malawi","Ntchisi","TA Chilooko",48,48420.20065,1,"Pediatrics",86265.614545
"151",151,38160.319381853,41.7200335081775,45.6822775117788,0.0350847343374769,0.00617499341374128,10172.3514187932,0.0862786061152867,10258.8812681471,1.88415672491804,0.092453599529028,"Malawi","Ntchisi","TA Chilooko",48,48420.20065,1,"Pediatrics",86265.614545
"152",152,38145.917867644,40.3418285963437,44.181931406975,0.0339697969165097,0.00601000796207856,10189.6323831778,0.0866593699860554,10273.282782356,1.88735735587919,0.092669377948134,"Malawi","Ntchisi","TA Chilooko",48,48420.20065,1,"Pediatrics",86265.614545
"153",153,38131.9949735305,39.0067359386853,42.7279373922866,0.0328869868603756,0.00584836226555469,10206.3452378628,0.0870299266750431,10287.2056764696,1.89045276567233,0.0928782889405978,"Malawi","Ntchisi","TA Chilooko",48,48420.20065,1,"Pediatrics",86265.614545
"154",154,38118.5355560599,37.7135700557202,41.3190596405284,0.0318355906634587,0.00569004622413695,10222.5075481224,0.0873904846256761,10300.6650939402,1.89344620765972,0.093080530849813,"Malawi","Ntchisi","TA Chilooko",48,48420.20065,1,"Pediatrics",86265.614545
"155",155,38105.5248762577,36.4611655221202,39.954081247134,0.0308148967009261,0.00553504628618487,10238.1364357786,0.0877412515320931,10313.6757737424,1.89634085306649,0.093276297818278,"Malawi","Ntchisi","TA Chilooko",48,48420.20065,1,"Pediatrics",86265.614545
"156",156,38092.948607595,35.2483782849897,38.6318052259715,0.0298241960317174,0.00538334548801798,10253.2485689184,0.0880824341642068,10326.252042405,1.89913978907621,0.0934657796522248,"Malawi","Ntchisi","TA Chilooko",48,48420.20065,1,"Pediatrics",86265.614545
"157",157,38080.7928789541,34.0740895816098,37.3510569609456,0.0288627839847151,0.0052349232794321,10267.8601125581,0.0884142380059895,10338.407771046,1.90184600969315,0.0936491612854216,"Malawi","Ntchisi","TA Chilooko",48,48420.20065,1,"Pediatrics",86265.614545
"158",158,38069.044174712,32.937200334229,36.1106810919215,0.0279299602689182,0.0050897564697765,10281.9868372778,0.088736867309962,10350.156475288,1.90446243586369,0.0938266237797385,"Malawi","Ntchisi","TA Chilooko",48,48420.20065,1,"Pediatrics",86265.614545
"159",159,38057.6893971812,31.83663521944,34.9095455415087,0.0270250304676593,0.00494781887767193,10295.6440486838,0.0890505247195264,10361.5112528188,1.90699190241163,0.0939983435971983,"Malawi","Ntchisi","TA Chilooko",48,48420.20065,1,"Pediatrics",86265.614545
"160",160,38046.7158344643,30.7713422415877,33.7465401745003,0.0261473067644784,0.00480908173023133,10308.84662132,0.0893554111475122,10372.4848155357,1.90943716431935,0.0941644928777435,"Malawi","Ntchisi","TA Chilooko",48,48420.20065,1,"Pediatrics",86265.614545
"161",161,38036.1111207215,29.7402907078645,32.6205751904649,0.025296107914425,0.00467351403449446,10321.6090420324,0.0896517258077814,10383.0895292785,1.91180090475994,0.0943252398422759,"Malawi","Ntchisi","TA Chilooko",48,48420.20065,1,"Pediatrics",86265.614545
"162",162,38025.8632917496,28.7424748544842,31.5305856706095,0.0244707611728441,0.00454108236929578,10333.9453462161,0.0899396657365112,10393.3373582504,1.91408572328898,0.094480748105807,"Malawi","Ntchisi","TA Chilooko",48,48420.20065,1,"Pediatrics",86265.614545
"163",163,38015.9607561807,27.7769127992758,30.4755304044051,0.0236706025857494,0.00441175120713051,10345.8691488361,0.0902194257431059,10403.2398938193,1.91629414159048,0.0946311769502364,"Malawi","Ntchisi","TA Chilooko",48,48420.20065,1,"Pediatrics",86265.614545
"164",164,38006.3922513476,26.8426443211631,29.4543897251554,0.0228949768715311,0.00428548331412017,10357.3936929474,0.0904911984654884,10412.8083986524,1.9184286124637,0.0947766817796086,"Malawi","Ntchisi","TA Chilooko",48,48420.20065,1,"Pediatrics",86265.614545
"165",165,37997.1468489065,25.9387315406017,28.4661664266484,0.0221432379990982,0.00416223980264423,10368.5318424743,0.0907551742216986,10422.0538010935,1.92049151848595,0.0949174140243428,"Malawi","Ntchisi","TA Chilooko",48,48420.20065,1,"Pediatrics",86265.614545
"166",166,37988.2139880499,25.0642619430832,27.5098883122619,0.0214147508599986,0.00404198010308488,10379.2960434232,0.091011540595346,10430.9866619501,1.92248516482862,0.0950535206984309,"Malawi","Ntchisi","TA Chilooko",48,48420.20065,1,"Pediatrics",86265.614545
"167",167,37979.5833900581,24.2183426050656,26.5846031552466,0.0207088893562758,0.003924662468668,10389.6984201468,0.0912604829178695,10439.6172599419,1.92441179708703,0.0951851453865375,"Malawi","Ntchisi","TA Chilooko",48,48420.20065,1,"Pediatrics",86265.614545
"168",168,37971.245116018,23.4001045224993,25.689383198247,0.0200250386999305,0.00381024382590391,10399.750708795,0.0915021836868272,10447.955533982,1.92627358895455,0.0953124275127311,"Malawi","Ntchisi","TA Chilooko",48,48420.20065,1,"Pediatrics",86265.614545
"169",169,37963.1895273495,22.6087004594869,24.8233226025558,0.0193625947340906,0.00369868004611541,10409.464301491,0.0917368227374242,10456.0111226505,1.92807265040488,0.0954355027835395,"Malawi","Ntchisi","TA Chilooko",48,48420.20065,1,"Pediatrics",86265.614545
"170",170,37955.407278409,21.8433045617219,23.9855374496487,0.0187209641335057,0.00358992606647335,10418.8502541123,0.0919645771835152,10463.793371591,1.92981102913328,0.0955545032499885,"Malawi","Ntchisi","TA Chilooko",48,48420.20065,1,"Pediatrics",86265.614545
"171",171,37947.8893346725,21.1031139946025,23.175167511207,0.018099565564202,0.00348393593176526,10427.9192646991,0.092185621117899,10471.3113153275,1.93149070655749,0.0956695570496643,"Malawi","Ntchisi","TA Chilooko",48,48420.20065,1,"Pediatrics",86265.614545
"172",172,37940.6269373402,20.3873467228778,22.3913738906481,0.0174978288784335,0.00338066301098702,10436.6817134286,0.0924001258061814,10478.5737126598,1.9331136052218,0.0957807888171684,"Malawi","Ntchisi","TA Chilooko",48,48420.20065,1,"Pediatrics",86265.614545
"173",173,37933.6115990009,19.6952412691884,21.6333392003972,0.0169151953356735,0.00328006009379828,10445.1476670145,0.0926082596200155,10485.5890509991,1.93468158961195,0.0958883197138138,"Malawi","Ntchisi","TA Chilooko",48,48420.20065,1,"Pediatrics",86265.614545
"174",174,37926.8351024368,19.0260570783068,20.90026754594,0.0163511179003574,0.00318207947260005,10453.3268795536,0.0928101879479807,10492.3655475632,1.93619646631197,0.0959922674205808,"Malawi","Ntchisi","TA Chilooko",48,48420.20065,1,"Pediatrics",86265.614545
"175",175,37920.289497572,18.3790745097543,20.1913846315408,0.0158050615645484,0.00308667304527982,10461.228795479,0.0930060731040559,10498.911152428,1.93765998455126,0.0960927461493356,"Malawi","Ntchisi","TA Chilooko",48,48420.20065,1,"Pediatrics",86265.614545
"176",176,37913.9670780635,17.7535930370976,19.5059363139323,0.0152765026124108,0.00299379242987396,10468.862576216,0.0931960744965924,10505.2335719366,1.93907384114174,0.0961898669264663,"Malawi","Ntchisi","TA Chilooko",48,48420.20065,1,"Pediatrics",86265.614545
"177",177,37907.8603826823,17.1489316770038,18.8431888688691,0.0147649290177434,0.00290338903936202,10476.2370981053,0.0933803485144126,10511.3402673178,1.94043968009324,0.0962837375537746,"Malawi","Ntchisi","TA Chilooko",48,48420.20065,1,"Pediatrics",86265.614545
"178",178,37901.9621927167,16.5644290727492,18.2024289000595,0.0142698406379591,0.00281541415801046,10483.3609550073,0.0935590484648863,10517.2384572833,1.94175909309589,0.0963744626228967,"Malawi","Ntchisi","TA Chilooko",48,48420.20065,1,"Pediatrics",86265.614545
"179",179,37896.2655081957,15.9994416138186,17.5829617034764,0.0137907483355901,0.00272981902736664,10490.2424855949,0.0937323247846191,10522.9351418043,1.94303362457531,0.0964621438119857,"Malawi","Ntchisi","TA Chilooko",48,48420.20065,1,"Pediatrics",86265.614545
"180",180,37890.7635837075,15.4533465010709,16.9841145627772,0.0133271760543692,0.00264655491073942,10496.8897311732,0.0939003244805451,10528.4370662925,1.94426476388006,0.0965468793912845,"Malawi","Ntchisi","TA Chilooko",48,48420.20065,1,"Pediatrics",86265.614545
"181",181,37885.4498757531,14.9255376646137,16.4052323923983,0.0128786584813648,0.00256557318123306,10503.3104967666,0.0940631917245023,10533.750774247,1.94545395659607,0.0966287649057353,"Malawi","Ntchisi","TA Chilooko",48,48420.20065,1,"Pediatrics",86265.614545
"182",182,37880.3180515325,14.4154265712888,15.8456787159348,0.0124447416900904,0.00248682537431168,10509.5123405456,0.0942210676706012,10538.8825984675,1.94660260258835,0.0967078930449128,"Malawi","Ntchisi","TA Chilooko",48,48420.20065,1,"Pediatrics",86265.614545
"183",183,37875.3619855306,13.9224422012754,15.3048353965687,0.0120249831628479,0.00241026324437447,10515.5025775348,0.0943740904318705,10543.8386644694,1.94771205668775,0.0967843536762449,"Malawi","Ntchisi","TA Chilooko",48,48420.20065,1,"Pediatrics",86265.614545
"184",184,37870.5757517752,13.4460304409349,14.7821022023727,0.0116189516123742,0.00233583882273909,10521.288288396,0.0945223951125313,10548.6248982249,1.94878363031778,0.0968582339352703,"Malawi","Ntchisi","TA Chilooko",48,48420.20065,1,"Pediatrics",86265.614545
"185",185,37865.9536177709,12.985653610659,14.2768964933224,0.0112262268292488,0.00226350446801748,10526.87632628,0.0946661138287053,10553.2470322291,1.9498185927637,0.0969296182967227,"Malawi","Ntchisi","TA Chilooko",48,48420.20065,1,"Pediatrics",86265.614545
"186",186,37861.4900385721,12.5407901746764,13.7886527198865,0.0108463995507447,0.00219321291290623,10532.2733235452,0.094805375730403,10557.710611428,1.95081817241693,0.0969985886433092,"Malawi","Ntchisi","TA Chilooko",48,48420.20065,1,"Pediatrics",86265.614545
"187",187,37857.1796510493,12.1109343516981,13.3168220317401,0.0104790713094011,0.00212491730735425,10537.4856982716,0.0949403070262535,10562.0209989507,1.95178355798156,0.0970652243336076,"Malawi","Ntchisi","TA Chilooko",48,48420.20065,1,"Pediatrics",86265.614545
"188",188,37853.0172683422,11.6955956500108,12.8608719731889,0.0101238542623116,0.00205857125826794,10542.5196605781,0.0950710310108366,10566.1833816578,1.9527158996444,0.0971296022691044,"Malawi","Ntchisi","TA Chilooko",48,48420.20065,1,"Pediatrics",86265.614545
"189",189,37848.9978743995,11.2942985262128,12.4202860473697,0.00978037102890162,0.00199412886567295,10547.381218859,0.0951976680943925,10570.2027756006,1.95361631023021,0.0971917969600654,"Malawi","Ntchisi","TA Chilooko",48,48420.20065,1,"Pediatrics",86265.614545
"190",190,37845.1166186655,10.9065820406286,11.9945632901433,0.00944825452157598,0.00193154475565307,10552.0761858686,0.095320335834693,10574.0840313345,1.9544858663285,0.097251880590346,"Malawi","Ntchisi","TA Chilooko",48,48420.20065,1,"Pediatrics",86265.614545
"191",191,37841.3688109516,10.5319994280136,11.5832179443634,0.00912714775956442,0.00187077411032761,10556.6101846052,0.0954391489708668,10577.8318390484,1.95532560938345,0.0973099230811944,"Malawi","Ntchisi","TA Chilooko",48,48420.20065,1,"Pediatrics",86265.614545
"192",192,37837.7499164194,10.1701177274938,11.1857790772864,0.00881670368526043,0.00181177269484975,10560.98865408,0.0955542194590102,10581.4507335806,1.95613654676246,0.0973659921538599,"Malawi","Ntchisi","TA Chilooko",48,48420.20065,1,"Pediatrics",86265.614545
"193",193,37834.2555506837,9.82051745553635,10.8017901598622,0.00851658498168433,0.00175449688159769,10565.2168549625,0.0956656565093999,10584.9450993163,1.95691965280164,0.0974201533909975,"Malawi","Ntchisi","TA Chilooko",48,48420.20065,1,"Pediatrics",86265.614545
"194",194,37830.8814750803,9.48279222120456,10.4308087195335,0.00822646387878163,0.00169890367182594,10569.2998750449,0.0957735666251335,10588.3191749198,1.95767586981797,0.0974724702969594,"Malawi","Ntchisi","TA Chilooko",48,48420.20065,1,"Pediatrics",86265.614545
"195",195,37827.6235920626,9.15654835275542,10.0724059913354,0.00794602195805184,0.00164495071483676,10573.242634567,0.0958780536420435,10591.5770579374,1.95840610909566,0.0975230043568803,"Malawi","Ntchisi","TA Chilooko",48,48420.20065,1,"Pediatrics",86265.614545
"196",196,37824.4779407078,8.84140457536471,9.72616652416918,0.0076749499611966,0.00159259632476123,10577.0498914277,0.0959792187697387,10594.7227092923,1.9591112518512,0.0975718150944999,"Malawi","Ntchisi","TA Chilooko",48,48420.20065,1,"Pediatrics",86265.614545
"197",197,37821.4406923629,8.53699166543228,9.39168782479898,0.00741294759372886,0.00154179949517199,10580.7262462392,0.0960771606336242,10597.7599576372,1.95979215016965,0.0976189601287962,"Malawi","Ntchisi","TA Chilooko",48,48420.20065,1,"Pediatrics",86265.614545
"198",198,37818.5081464257,8.24295209271094,9.06858002769406,0.00715972332547495,0.00149251991164184,10584.2761472354,0.0961719753177677,10600.6925035743,1.96044962791367,0.0976644952294095,"Malawi","Ntchisi","TA Chilooko",48,48420.20065,1,"Pediatrics",86265.614545
"199",199,37815.6767262317,7.95893970171139,8.75646553452056,0.00691499419503683,0.00144471796230961,10587.7038950635,0.0962637564084901,10603.5239237683,1.96108448161103,0.0977084743707996,"Malawi","Ntchisi","TA Chilooko",48,48420.20065,1,"Pediatrics",86265.614545
"200",200,37812.9429750625,7.68461939556369,8.4549786641262,0.00667848561389174,0.00139835474661559,10591.0136474424,0.0963525950385591,10606.2576749375,1.96169748131739,0.0977509497851746,"Malawi","Ntchisi","TA Chilooko",48,48420.20065,1,"Pediatrics",86265.614545
"201",201,37810.3035522825,7.41966680349482,8.16376533402999,0.00644993116808337,0.00135339208234254,10594.2094236769,0.0964385799318734,10608.8970977176,1.9622893714524,0.0977919720142159,"Malawi","Ntchisi","TA Chilooko",48,48420.20065,1,"Pediatrics",86265.614545
"202",202,37807.7552295818,7.1637679708702,7.88248273079399,0.00622907242286118,0.00130979251102447,10597.2951090542,0.0965217974485358,10611.4454204182,1.96286087161407,0.0978315899595602,"Malawi","Ntchisi","TA Chilooko",48,48420.20065,1,"Pediatrics",86265.614545
"203",203,37805.2948873278,6.91661906484571,7.61079897709942,0.00601565872969022,0.00126751930183597,10600.2744591206,0.0966023316302178,10613.9057626722,1.96341267737077,0.0978698509320537,"Malawi","Ntchisi","TA Chilooko",48,48420.20065,1,"Pediatrics",86265.614545
"204",204,37802.9195111366,6.67792607858733,7.3483928333998,0.00580944703836743,0.0012265364540457,10603.1511037037,0.0966802642443474,10616.2811388634,1.96394546100623,0.0979068006983931,"Malawi","Ntchisi","TA Chilooko",48,48420.20065,1,"Pediatrics",86265.614545
"205",205,37800.6261881543,6.44740451007077,7.09495336920686,0.00561020168936972,0.00118680869840981,10605.9285512812,0.0967556748335602,10618.5744618457,1.96445987232877,0.0979424835319699,"Malawi","Ntchisi","TA Chilooko",48,48420.20065,1,"Pediatrics",86265.614545
"206",206,37798.4121039412,6.22477910616447,6.85017966926473,0.00541769423754153,0.00114830149687991,10608.6101926469,0.0968286407587536,10620.7885460588,1.96495653935021,0.0979769422556335,"Malawi","Ntchisi","TA Chilooko",48,48420.20065,1,"Pediatrics",86265.614545
"207",207,37796.2745393118,6.00978358929577,6.61378054525112,0.00523170326852938,0.00111098104139717,10611.1993046321,0.0968992372439371,10622.9261106882,1.96543606897522,0.0980102182853342,"Malawi","Ntchisi","TA Chilooko",48,48420.20065,1,"Pediatrics",86265.614545
"208",208,37794.2108671045,5.80216036506047,6.38547425093642,0.00505201420743319,0.00107481425183331,10613.6990539137,0.0969675374231193,10624.9897828955,1.96589904770649,0.0980423516749526,"Malawi","Ntchisi","TA Chilooko",48,48420.20065,1,"Pediatrics",86265.614545
"209",209,37792.2185491647,5.60166027165359,6.16498818895218,0.00487841913921245,0.00103976877271404,10616.1125005745,0.0970336123855405,10626.9821008353,1.9663460423043,0.0980733811582545,"Malawi","Ntchisi","TA Chilooko",48,48420.20065,1,"Pediatrics",86265.614545
"210",210,37790.2951334224,5.40804232452516,5.95205863567083,0.00471071663032448,0.00100581296903983,10618.4426015566,0.0970975312207474,10628.9055165776,1.96677760042607,0.0981033441897873,"Malawi","Ntchisi","TA Chilooko",48,48420.20065,1,"Pediatrics",86265.614545
"211",211,37788.4382510352,5.22107345680818,5.74643047998943,0.00454871155112388,0.000972915921527375,10620.6922140395,0.0971593610635157,10630.7623989648,1.96719425125199,0.0981322769850431,"Malawi","Ntchisi","TA Chilooko",48,48420.20065,1,"Pediatrics",86265.614545
"212",212,37786.6456136376,5.04052827567427,5.54785696163132,0.0043922149028568,0.000941047420864868,10622.8640986957,0.0972191671383947,10632.5550363624,1.96759650608805,0.0981602145592596,"Malawi","Ntchisi","TA Chilooko",48,48420.20065,1,"Pediatrics",86265.614545
"213",213,37784.9150106785,4.86618882818921,5.35609941302123,0.0042410436481484,0.000910177961248245,10624.9609228459,0.0972770128038669,10634.2856393215,1.96798485895045,0.0981871907651152,"Malawi","Ntchisi","TA Chilooko",48,48420.20065,1,"Pediatrics",86265.614545
"214",214,37783.244306837,4.69784437075079,5.1709270097666,0.00409502054416396,0.000880278733350849,10626.9852635236,0.097332959596097,10635.956343163,1.96835978713312,0.0982132383294479,"Malawi","Ntchisi","TA Chilooko",48,48420.20065,1,"Pediatrics",86265.614545
"215",215,37781.6314395169,4.53529114178379,4.99211653015783,0.00395397397850567,0.000851321616764612,10628.9396104483,0.0973870672722346,10637.5692104831,1.96872175175849,0.0982383888889992,"Malawi","Ntchisi","TA Chilooko",48,48420.20065,1,"Pediatrics",86265.614545
"216",216,37780.0744164209,4.37833214112078,4.81945212061752,0.00381773780845266,0.000823279171903454,10630.8263689066,0.0974393938532253,10639.1262335792,1.96907119831103,0.0982626730251288,"Malawi","Ntchisi","TA Chilooko",48,48420.20065,1,"Pediatrics",86265.614545
"217",217,37778.5713132046,4.22677691740335,4.65272506570194,0.00368615120380029,0.000796124631403251,10632.6478625409,0.0974899956660957,10640.6293367955,1.96940855715378,0.0982861202974989,"Malawi","Ntchisi","TA Chilooko",48,48420.20065,1,"Pediatrics",86265.614545
"218",218,37777.1202712062,4.08044136177961,4.49173356399921,0.0035590584930844,0.000769831891093665,10634.4063360503,0.0975389273856844,10642.0803787938,1.96973424402865,0.098308759276778,"Malawi","Ntchisi","TA Chilooko",48,48420.20065,1,"Pediatrics",86265.614545
"219",219,37775.7194952475,3.93914750641309,4.33628251105648,0.00343630901300271,0.000744375500607853,10636.1039578084,0.0975862420757993,10643.4811547525,1.97004866054115,0.0983306175764072,"Malawi","Ntchisi","TA Chilooko",48,48420.20065,1,"Pediatrics",86265.614545
"220",220,37774.3672515055,3.80272332817502,4.18618328875707,0.00331775696111035,0.000719730653667775,10637.7428223987,0.0976319912297796,10644.8333984945,1.97035219463006,0.0983517218834473,"Malawi","Ntchisi","TA Chilooko",48,48420.20065,1,"Pediatrics",86265.614545
"221",221,37773.0618654523,3.67100255835943,4.04125356016097,0.00320326125193107,0.000695873178073047,10639.32495307,0.0976762248104398,10646.1387845477,1.97064522102219,0.0983720979885128,"Malawi","Ntchisi","TA Chilooko",48,48420.20065,1,"Pediatrics",86265.614545
"222",222,37771.8017198622,3.5438244983339,3.9013170697129,0.0030926853764888,0.000672779525429127,10640.8523041136,0.0977189912893803,10647.3989301378,1.97092810167268,0.0983917708148094,"Malawi","Ntchisi","TA Chilooko",48,48420.20065,1,"Pediatrics",86265.614545
"223",223,37770.5852528836,3.42103384046617,3.76620344923812,0.00298589726517274,0.000650426760656155,10642.326763165,0.0977603376856482,10648.6153971164,1.97120118619126,0.0984107644463043,"Malawi","Ntchisi","TA Chilooko",48,48420.20065,1,"Pediatrics",86265.614545
"224",224,37769.4109561731,3.30248049401973,3.6357480297739,0.00288276915388916,0.000628792551315362,10643.7501534319,0.0978003096037363,10649.789693827,1.97146481225492,0.0984291021550516,"Malawi","Ntchisi","TA Chilooko",48,48420.20065,1,"Pediatrics",86265.614545
"225",225,37768.2773730902,3.18801941615542,3.50979165885577,0.00278317745351016,0.000607855156782869,10645.1242358509,0.097838951270911,10650.9232769098,1.97171930600739,0.0984468064276938,"Malawi","Ntchisi","TA Chilooko",48,48420.20065,1,"Pediatrics",86265.614545
"226",226,37767.183096952,3.07751044811259,3.38818052296358,0.00268700262261848,0.00058759341729774,10646.4507111753,0.0978763055738589,10652.017553048,1.97196498244575,0.0984638989911565,"Malawi","Ntchisi","TA Chilooko",48,48420.20065,1,"Pediatrics",86265.614545
"227",227,37766.1267693436,2.97081815636499,3.270765975113,0.00259412904350602,0.000567986742911448,10647.7312219951,0.0979124140946459,10653.0738806565,1.97220214579465,0.0984804008375573,"Malawi","Ntchisi","TA Chilooko",48,48420.20065,1,"Pediatrics",86265.614545
"228",228,37765.1070784848,2.86781167849524,3.15740436761552,0.00250444490137079,0.000549015102365344,10648.967354692,0.0979473171459835,10654.0935715152,1.97243108986835,0.0984963322483488,"Malawi","Ntchisi","TA Chilooko",48,48420.20065,1,"Pediatrics",86265.614545
"229",229,37764.1227576507,2.76836457367756,3.04795688987447,0.00241784206667278,0.000530659011920341,10650.1606413309,0.0979810538057975,10655.0778923493,1.97265209842103,0.0985117128177178,"Malawi","Ntchisi","TA Chilooko",48,48420.20065,1,"Pediatrics",86265.614545
"230",230,37763.1725836439,2.67235467773514,2.94228941101213,0.00233421598061596,0.000512899524160454,10651.31256149,0.0980136619510986,10656.0280663562,1.9728654454858,0.098526561475259,"Malawi","Ntchisi","TA Chilooko",48,48420.20065,1,"Pediatrics",86265.614545
"231",231,37762.2553753168,2.5796639626812,2.84027232719305,0.00225346554371418,0.000495718216790121,10652.4245440313,0.0980451782911522,10656.9452746833,1.97307139570256,0.0985408965079422,"Malawi","Ntchisi","TA Chilooko",48,48420.20065,1,"Pediatrics",86265.614545
"232",232,37761.3699921439,2.49017840058753,2.74178041357423,0.00217549300738754,0.00047909718144423,10653.4979688134,0.0980756383999488,10657.8306578561,1.97327020463525,0.0985547355813929,"Malawi","Ntchisi","TA Chilooko",48,48420.20065,1,"Pediatrics",86265.614545
"233",233,37760.5153328405,2.40378783163735,2.64669268079276,0.00210020386853565,0.000463019012528475,10654.5341683475,0.0981050767479757,10658.6853171596,1.97346211907862,0.0985680957605041,"Malawi","Ntchisi","TA Chilooko",48,48420.20065,1,"Pediatrics",86265.614545
"234",234,37759.6903340272,2.32038583627334,2.55489223585767,0.00202750676703765,0.000447466796106194,10655.5344294004,0.0981335267332926,10659.5103159729,1.97364737735501,0.0985809935293987,"Malawi","Ntchisi","TA Chilooko",48,48420.20065,1,"Pediatrics",86265.614545
"235",235,37758.8939689396,2.23986961134965,2.46626614731173,0.00195731338612805,0.000432424098846368,10656.4999945436,0.0981610207119143,10660.3066810604,1.97382620960134,0.0985934448107606,"Malawi","Ntchisi","TA Chilooko",48,48420.20065,1,"Pediatrics",86265.614545
"236",236,37758.1252461804,2.16213985017573,2.38070531455644,0.00188953835559331,0.000417874957046242,10657.4320636516,0.0981875900275055,10661.0754038197,1.97399883804663,0.0986054649845517,"Malawi","Ntchisi","TA Chilooko",48,48420.20065,1,"Pediatrics",86265.614545
"237",237,37757.383208513,2.08710062633236,2.29810434124396,0.00182409915773196,0.000403803865741002,10658.3317953514,0.0982132650403913,10661.8174414871,1.97416547728038,0.0986170689061323,"Malawi","Ntchisi","TA Chilooko",48,48420.20065,1,"Pediatrics",86265.614545
"238",238,37756.666931696,2.01465928115336,2.21836141262867,0.00176091603602132,0.000390195767911804,10659.2003084233,0.0982380751558908,10662.5337183041,1.97432633451207,0.0986282709238025,"Malawi","Ntchisi","TA Chilooko",48,48420.20065,1,"Pediatrics",86265.614545
"239",239,37755.9755233562,1.94472631477763,2.1413781767637,0.00169991190643473,0.000377036043802479,10660.0386831555,0.0982620488519791,10663.2251266438,1.97448160982207,0.0986390848957815,"Malawi","Ntchisi","TA Chilooko",48,48420.20065,1,"Pediatrics",86265.614545
"240",240,37755.3081218997,1.87721528067363,2.0670596294335,0.00164101227135209,0.000364310500354161,10660.8479626538,0.0982852137062858,10663.8925281004,1.97463149640415,0.0986495242066399,"Malawi","Ntchisi","TA Chilooko",48,48420.20065,1,"Pediatrics",86265.614545
"241",241,37754.663895459,1.81204268353436,1.99531400272225,0.00158414513600558,0.000352005360766232,10661.6291541078,0.0983075964224361,10664.536754541,1.97477618080005,0.0986596017832023,"Malawi","Ntchisi","TA Chilooko",48,48420.20065,1,"Pediatrics",86265.614545
"242",242,37754.0420408765,1.74912788044287,1.92605265711952,0.00152924092740251,0.000340107254191118,10662.3832300149,0.0983292228557447,10665.1586091235,1.97491584312612,0.0986693301099357,"Malawi","Ntchisi","TA Chilooko",48,48420.20065,1,"Pediatrics",86265.614545
"243",243,37753.441782721,1.68839298521422,1.85918997706208,0.00147623241566747,0.000328603205569655,10663.1111293632,0.0983501180382692,10665.7588672791,1.97505065729245,0.0986787212438387,"Malawi","Ntchisi","TA Chilooko",48,48420.20065,1,"Pediatrics",86265.614545
"244",244,37752.862372338,1.62976277582311,1.79464326981174,0.00142505463774646,0.000317480625613003,10663.813758775,0.098370306203233,10666.3382776621,1.97518079121467,0.098687786828846,"Malawi","Ntchisi","TA Chilooko",48,48420.20065,1,"Pediatrics",86265.614545
"245",245,37752.3030869323,1.57316460482626,1.73233266757316,0.00137564482341562,0.000306727300936351,10664.4919936125,0.0983898108088273,10666.8975630678,1.97530640701869,0.0986965381097635,"Malawi","Ntchisi","TA Chilooko",48,48420.20065,1,"Pediatrics",86265.614545
"246",246,37751.7632286807,1.51852831268971,1.67218103275877,0.00132794232353748,0.000296331384349008,10665.1466790456,0.0984086545613999,10667.4374213193,1.97542766123852,0.0987049859457488,"Malawi","Ntchisi","TA Chilooko",48,48420.20065,1,"Pediatrics",86265.614545
"247",247,37751.2421238757,1.46578614393375,1.61411386630929,0.00128188854050815,0.000286281385304849,10665.7786310848,0.0984268594380441,10667.9585261244,1.97554470500749,0.0987131408233489,"Malawi","Ntchisi","TA Chilooko",48,48420.20065,1,"Pediatrics",86265.614545
"248",248,37750.739122097,1.4148726660114,1.5580592189793,0.00123742686083956,0.000276566160516505,10666.3886375783,0.0984444467085942,10668.461527903,1.97565768424306,0.0987210128691106,"Malawi","Ntchisi","TA Chilooko",48,48420.20065,1,"Pediatrics",86265.614545
"249",249,37750.2535954126,1.36572469083813,1.50394760549931,0.00119450258982147,0.000267174904736135,10666.9774591767,0.0984614369570403,10668.9470545875,1.97576673982535,0.0987286118617763,"Malawi","Ntchisi","TA Chilooko",48,48420.20065,1,"Pediatrics",86265.614545
"250",250,37749.7849376051,1.31828119889191,1.45171192152878,0.0011530628882085,0.000258097141705135,10667.5458302644,0.0984778501023721,10669.415712395,1.97587200776975,0.0987359472440771,"Malawi","Ntchisi","TA Chilooko",48,48420.20065,1,"Pediatrics",86265.614545
"251",251,37749.3325634261,1.27248326580527,1.40128736331643,0.00111305671087832,0.000249322715274634,10668.09445986,0.0984937054188624,10669.868086574,1.97597361939362,0.098743028134137,"Malawi","Ntchisi","TA Chilooko",48,48420.20065,1,"Pediatrics",86265.614545
"252",252,37748.8959078747,1.22827399137247,1.35261134998617,0.00107443474740781,0.000240841780698223,10668.6240324859,0.098509021555801,10670.3047421254,1.97607170147739,0.0987498633364991,"Malawi","Ntchisi","TA Chilooko",48,48420.20065,1,"Pediatrics",86265.614545
"253",253,37748.4744255009,1.18559843089623,1.30562344836839,0.00103714936451488,0.000232644796097938,10669.1352090092,0.0985238165566896,10670.7262244992,1.97616637642027,0.0987564613527874,"Malawi","Ntchisi","TA Chilooko",48,48420.20065,1,"Pediatrics",86265.614545
"254",254,37748.0675897328,1.14440352880309,1.26026530029872,0.00100115455031465,0.000224722514104141,10669.6286274533,0.0985381078779089,10671.1330602673,1.97625776239058,0.098762830392013,"Malawi","Ntchisi","TA Chilooko",48,48420.20065,1,"Pediatrics",86265.614545
"255",255,37747.6748922265,1.10463805445606,1.21648055230856,0.000966405860339267,0.000217065973669603,10670.1049037825,0.098551912406869,10671.5257577735,1.97634597347111,0.0987689783805385,"Malawi","Ntchisi","TA Chilooko",48,48420.20065,1,"Pediatrics",86265.614545
"256",256,37747.2958422386,1.06625254009565,1.17421478763371,0.000932860365271859,0.000209666492057778,10670.5646326604,0.0985652464796527,10671.9048077615,1.97643111979948,0.0987749129717104,"Malawi","Ntchisi","TA Chilooko",48,48420.20065,1,"Pediatrics",86265.614545
"257",257,37746.9299660192,1.029199220842,1.133415460469,0.000900476600345951,0.000202515657004928,10671.0083881814,0.0985781258981647,10672.2706839809,1.97651330770374,0.0987806415551696,"Malawi","Ntchisi","TA Chilooko",48,48420.20065,1,"Pediatrics",86265.614545
"258",258,37746.5768062266,0.993431976693408,1.09403183239892,0.00086921451636264,0.000195605319055533,10671.4367245786,0.0985905659467954,10672.6238437735,1.97659263983338,0.0987861712658508,"Malawi","Ntchisi","TA Chilooko",48,48420.20065,1,"Pediatrics",86265.614545
"259",259,37746.2359213615,0.958906276458096,1.05601491093585,0.000839035432278816,0.000188927584070133,10671.8501769067,0.0986025814086111,10672.9647286385,1.97666921528591,0.0987915089926812,"Malawi","Ntchisi","TA Chilooko",48,48420.20065,1,"Pediatrics",86265.614545
"260",260,37745.9068852206,0.925579123557502,1.01931739009993,0.000809901989320697,0.00018247480590453,10672.2492617024,0.0986141865810825,10673.2937647795,1.97674312972906,0.0987966613869869,"Malawi","Ntchisi","TA Chilooko",48,48420.20065,1,"Pediatrics",86265.614545
"261",261,37745.5892863686,0.893409003641467,0.98389359297603,0.000781778106577958,0.000176239579259086,10672.6344776219,0.0986253952913589,10673.6113636315,1.97681447551894,0.0988016348706179,"Malawi","Ntchisi","TA Chilooko",48,48420.20065,1,"Pediatrics",86265.614545
"262",262,37745.2827276289,0.862355833957196,0.949699416185193,0.000754628938034711,0.000170214732696628,10673.0063060565,0.0986362209111029,10673.9179223712,1.97688334181403,0.0988064356437994,"Malawi","Ntchisi","TA Chilooko",48,48420.20065,1,"Pediatrics",86265.614545
"263",263,37744.9868255912,0.832380914415729,0.916692276209535,0.000728420830994632,0.00016439332182734,10673.3652117277,0.0986466763708923,10674.2138244088,1.97694981468539,0.0988110696927196,"Malawi","Ntchisi","TA Chilooko",48,48420.20065,1,"Pediatrics",86265.614545
"264",264,37744.7012101363,0.803446880301236,0.884831057511555,0.000703121285858506,0.000158768622658825,10673.7116432619,0.0986567741742024,10674.4994398637,1.97701397722309,0.0988155427968612,"Malawi","Ntchisi","TA Chilooko",48,48420.20065,1,"Pediatrics",86265.614545
"265",265,37744.4255239768,0.775517656570002,0.85407606239036,0.000678698917213456,0.000153334125109407,10674.0460337449,0.098666526410977,10674.7751260233,1.97707590963894,0.0988198605360863,"Malawi","Ntchisi","TA Chilooko",48,48420.20065,1,"Pediatrics",86265.614545
"266",266,37744.1594222138,0.748558413687587,0.824388962519032,0.000655123416194139,0.000148083526682609,10674.3688012583,0.098675944770799,10675.0412277862,1.97713568936583,0.0988240282974816,"Malawi","Ntchisi","TA Chilooko",48,48420.20065,1,"Pediatrics",86265.614545
"267",267,37743.9025719092,0.722535524954164,0.79573275210894,0.000632365514077155,0.000143010726300631,10674.680349397,0.0986850405556719,10675.2980780909,1.97719339115353,0.0988280512819724,"Malawi","Ntchisi","TA Chilooko",48,48420.20065,1,"Pediatrics",86265.614545
"268",268,37743.6546516716,0.697416525269588,0.768071702648427,0.000610396947070931,0.000138109818294533,10674.9810677691,0.0986938246924189,10675.5459983285,1.97724908716134,0.0988319345107133,"Malawi","Ntchisi","TA Chilooko",48,48420.20065,1,"Pediatrics",86265.614545
"269",269,37743.4153512576,0.673170071291136,0.741371319164836,0.000589190422264254,0.000133375086548789,10675.2713324787,0.0987023077447124,10675.7852987424,1.97730284704749,0.0988356828312611,"Malawi","Ntchisi","TA Chilooko",48,48420.20065,1,"Pediatrics",86265.614545
"270",270,37743.1843711863,0.649765902938298,0.715598297960389,0.00056871958469765,0.000128800998797739,10675.5515065923,0.0987104999247427,10676.0162788137,1.97735473805551,0.0988393009235403,"Malawi","Ntchisi","TA Chilooko",48,48420.20065,1,"Pediatrics",86265.614545
"271",271,37742.9614223666,0.627174806200558,0.6907204857739,0.000548958985522694,0.00012438220107145,10675.8219405892,0.0987184111045332,10676.2392276334,1.97740482509762,0.0988427933056046,"Malawi","Ntchisi","TA Chilooko",48,48420.20065,1,"Pediatrics",86265.614545
"272",272,37742.7462257382,0.605368577205246,0.666706840321778,0.000529884051215323,0.000120113512288416,10676.0829727959,0.0987260508269152,10676.4544242618,1.97745317083529,0.0988461643392036,"Malawi","Ntchisi","TA Chilooko",48,48420.20065,1,"Pediatrics",86265.614545
"273",273,37742.5385119243,0.58431998750366,0.643527392173124,0.000511471053810098,0.000115989918992479,10676.3349298067,0.0987334283161675,10676.6621380757,1.97749983575701,0.0988494182351599,"Malawi","Ntchisi","TA Chilooko",48,48420.20065,1,"Pediatrics",86265.614545
"274",274,37742.3380208965,0.56400275053561,0.621153207915142,0.000493697082123299,0.000112006570231335,10676.5781268889,0.0987405524883325,10676.8626291035,1.9775448782534,0.0988525590585637,"Malawi","Ntchisi","TA Chilooko",48,48420.20065,1,"Pediatrics",86265.614545
"275",275,37742.1445016513,0.544391489233312,0.599556354566435,0.000476540013933604,0.000108158772573918,10676.8128683742,0.0987474319612161,10677.0561483488,1.97758835468974,0.0988555907337899,"Malawi","Ntchisi","TA Chilooko",48,48420.20065,1,"Pediatrics",86265.614545
"276",276,37741.9577118972,0.525461704726809,0.57870986519712,0.000459978489089991,0.000104441985263985,10677.0394480374,0.0987540750640809,10677.2429381028,1.97763031947599,0.0988585170493448,"Malawi","Ntchisi","TA Chilooko",48,48420.20065,1,"Pediatrics",86265.614545
"277",277,37741.7774177539,0.507189746114285,0.558587705715869,0.000443991883517354,0.000100851815507148,10677.2581494608,0.0987604898470403,10677.4232322462,1.97767082513447,0.0988613416625473,"Malawi","Ntchisi","TA Chilooko",48,48420.20065,1,"Pediatrics",86265.614545
"278",278,37741.6033934599,0.489552781261908,0.539164742785282,0.000428560284091177,0.0000973840138886412,10677.4692463877,0.0987666840901618,10677.5972565401,1.9777099223651,0.0988640681040504,"Malawi","Ntchisi","TA Chilooko",48,48420.20065,1,"Pediatrics",86265.614545
"279",279,37741.4354210922,0.47252876859892,0.520416712828152,0.00041366446435341,0.0000940344699190749,10677.6730030622,0.0987726653122894,10677.7652289078,1.97774766010852,0.0988666997822083,"Malawi","Ntchisi","TA Chilooko",48,48420.20065,1,"Pediatrics",86265.614545
"280",280,37741.2732902942,0.456096429874749,0.502320192088443,0.000399285861042519,0.0000907992077054259,10677.869674558,0.0987784407795892,10677.9273597058,1.97778408560694,0.0988692399872946,"Malawi","Ntchisi","TA Chilooko",48,48420.20065,1,"Pediatrics",86265.614545
"281",281,37741.1167980137,0.440235223845976,0.484852567711889,0.000385406551411475,0.0000876743817445442,10678.0595070963,0.0987840175138308,10678.0838519863,1.97781924446292,0.0988716918955753,"Malawi","Ntchisi","TA Chilooko",48,48420.20065,1,"Pediatrics",86265.614545
"282",282,37740.9657482498,0.424925320862035,0.467992009812238,0.000372009231308188,0.0000846562728364386,10678.2427383518,0.0987894023004076,10678.2349017503,1.97785318069619,0.0988740585732439,"Malawi","Ntchisi","TA Chilooko",48,48420.20065,1,"Pediatrics",86265.614545
"283",283,37740.8199518082,0.410147578319515,0.451717444490258,0.000359077193993697,0.0000817412841146302,10678.4195977489,0.0987946016961061,10678.3806981919,1.97788593679841,0.0988763429802206,"Malawi","Ntchisi","TA Chilooko",48,48420.20065,1,"Pediatrics",86265.614545
"284",284,37740.6792260658,0.39588351695594,0.436008527773632,0.000346594309674114,0.000078925937190878,10678.5903067473,0.0987996220366312,10678.5214239343,1.97791755378612,0.0988785479738219,"Malawi","Ntchisi","TA Chilooko",48,48420.20065,1,"Pediatrics",86265.614545
"285",285,37740.5433947424,0.382115297954782,0.420845620446958,0.000334545005723078,0.0000762068684115986,10678.755079118,0.098804469443893,10678.6572552577,1.97794807125182,0.0988806763123045,"Malawi","Ntchisi","TA Chilooko",48,48420.20065,1,"Pediatrics",86265.614545
"286",286,37740.412287681,0.368825700834419,0.406209763741994,0.000322914247572156,0.000073580825223328,10678.9141212096,0.0988091498330639,10678.7883623191,1.97797752741332,0.0988827306582871,"Malawi","Ntchisi","TA Chilooko",48,48420.20065,1,"Pediatrics",86265.614545
"287",287,37740.2857406354,0.355998102094629,0.392082655859289,0.000311687520247324,0.000071044662644598,10679.0676322056,0.0988136689194113,10678.9149093647,1.97800595916137,0.0988847135820558,"Malawi","Ntchisi","TA Chilooko",48,48420.20065,1,"Pediatrics",86265.614545
"288",288,37740.1635950652,0.343616454595062,0.378446629293248,0.000300850810530322,0.0000685953398416291,10679.2158043726,0.0988180322249137,10679.0370549349,1.97803340210564,0.0988866275647552,"Malawi","Ntchisi","TA Chilooko",48,48420.20065,1,"Pediatrics",86265.614545
"289",289,37740.0456979378,0.331665267640977,0.365284628933599,0.00029039058972434,0.0000662299168052732,10679.3588233001,0.098822245084665,10679.1549520623,1.97805989061913,0.0988884750014702,"Malawi","Ntchisi","TA Chilooko",48,48420.20065,1,"Pediatrics",86265.614545
"290",290,37739.9319015377,0.320129587752314,0.352580190917105,0.000280293797004108,0.000063945551126671,10679.4968681317,0.0988263126530752,10679.2687484624,1.97808545788104,0.0988902582042018,"Malawi","Ntchisi","TA Chilooko",48,48420.20065,1,"Pediatrics",86265.614545
"291",291,37739.8220632814,0.308994980093031,0.340317422204216,0.000270547823331102,0.0000617394948691256,10679.6301117892,0.0988302399098722,10679.3785867187,1.97811013591816,0.0988919794047412,"Malawi","Ntchisi","TA Chilooko",48,48420.20065,1,"Pediatrics",86265.614545
"292",292,37739.71604554,0.298247510538302,0.32848098085618,0.000261140495915159,0.0000596090915337277,10679.7587211874,0.0988340316659105,10679.4846044601,1.9781339556448,0.0988936407574441,"Malawi","Ntchisi","TA Chilooko",48,48420.20065,1,"Pediatrics",86265.614545
"293",293,37739.6137154668,0.287873728357897,0.317056056988944,0.000252060063204402,0.0000575517731163095,10679.8828574435,0.0988376925687943,10679.5869345333,1.97815694690142,0.0988952443419105,"Malawi","Ntchisi","TA Chilooko",48,48420.20065,1,"Pediatrics",86265.614545
"294",294,37739.5149448316,0.27786064949491,0.306028354380911,0.000243295180385913,0.0000555650572533379,10680.0026760772,0.0988412271083184,10679.6857051685,1.97817913849182,0.0988967921655716,"Malawi","Ntchisi","TA Chilooko",48,48420.20065,1,"Pediatrics",86265.614545
"295",295,37739.4196098604,0.268195740419604,0.295384072712436,0.00023483489538019,0.0000536465444544035,10680.1183272055,0.0988446396217336,10679.7810401397,1.97820055821914,0.098898286166188,"Malawi","Ntchisi","TA Chilooko",48,48420.20065,1,"Pediatrics",86265.614545
"296",296,37739.3275910807,0.258866902538805,0.28510989041563,0.000226668635312907,0.0000517939154189969,10680.2299557296,0.0988479342988427,10679.8730589194,1.97822123292055,0.0988997282142616,"Malawi","Ntchisi","TA Chilooko",48,48420.20065,1,"Pediatrics",86265.614545
"297",297,37739.238773172,0.249862457141916,0.275192948113764,0.000218786193448081,0.0000500049284353121,10680.3377015165,0.0988511151869297,10679.961876828,1.97824118850075,0.0989011201153649,"Malawi","Ntchisi","TA Chilooko",48,48420.20065,1,"Pediatrics",86265.614545
"298",298,37739.1530448223,0.241171130865306,0.265620832630243,0.000211177716567194,0.0000482774168588513,10680.4416995729,0.0988541861955307,10680.0476051777,1.97826044996436,0.0989024636123895,"Malawi","Ntchisi","TA Chilooko",48,48420.20065,1,"Pediatrics",86265.614545
"299",299,37739.0702985881,0.232782041657401,0.256381561547777,0.000203833692779371,0.000046609286668655,10680.5420802147,0.0988571511010485,10680.1303514119,1.97827904144712,0.0989037603877171,"Malawi","Ntchisi","TA Chilooko",48,48420.20065,1,"Pediatrics",86265.614545
"300",300,37738.9904307607,0.224684685227411,0.247463568299035,0.000196744939748151,0.0000449985140990207,10680.6389692289,0.0988600135512172,10680.2102192394,1.97829698624607,0.0989050120653161,"Malawi","Ntchisi","TA Chilooko",48,48420.20065,1,"Pediatrics",86265.614545
"301",301,37738.9133412361,0.216868921961171,0.238855687770691,0.000189902593320869,0.0000434431433446171,10680.7324880314,0.098862777069421,10680.287308764,1.97831430684863,0.0989062202127655,"Malawi","Ntchisi","TA Chilooko",48,48420.20065,1,"Pediatrics",86265.614545
"302",302,37738.8389333902,0.209324964288147,0.230547142403356,0.000183298096547128,0.0000419412843369448,10680.8227538187,0.0988654450588719,10680.3617166099,1.97833102496072,0.0989073863432088,"Malawi","Ntchisi","TA Chilooko",48,48420.20065,1,"Pediatrics",86265.614545
"303",303,37738.7671139577,0.202043364484189,0.222527528770483,0.000176923189073259,0.0000404911105901387,10680.9098797141,0.0988680208066508,10680.4335360424,1.97834716153389,0.0989085119172409,"Malawi","Ntchisi","TA Chilooko",48,48420.20065,1,"Pediatrics",86265.614545
"304",304,37738.6977929154,0.195015002895139,0.214786804619908,0.00017076989690011,0.0000390908571141487,10680.9939749089,0.0988705074876156,10680.5028570847,1.9783627367915,0.0989095983447297,"Malawi","Ntchisi","TA Chilooko",48,48420.20065,1,"Pediatrics",86265.614545
"305",305,37738.6308833698,0.188231076566879,0.207315276362216,0.000164830522491904,0.0000377388183933812,10681.0751447998,0.0988729081681812,10680.5697666302,1.97837777025399,0.0989106469865745,"Malawi","Ntchisi","TA Chilooko",48,48420.20065,1,"Pediatrics",86265.614545
"306",306,37738.5663014484,0.181683088267906,0.200103586990671,0.000159097635224315,0.0000364333464289246,10681.1534911196,0.0988752258099753,10680.6343485516,1.97839228076331,0.0989116591564041,"Malawi","Ntchisi","TA Chilooko",48,48420.20065,1,"Pediatrics",86265.614545
"307",307,37738.5039661945,0.175362835891001,0.193142704417941,0.000153564062160293,0.000035172848842528,10681.2291120651,0.0988774632733734,10680.6966838056,1.97840628650648,0.0989126361222158,"Malawi","Ntchisi","TA Chilooko",48,48420.20065,1,"Pediatrics",86265.614545
"308",308,37738.443799466,0.169262402220972,0.186423910215374,0.000148222879142555,0.0000339557870405416,10681.3021024197,0.0988796233209176,10680.7568505341,1.97841980503831,0.0989135791079581,"Malawi","Ntchisi","TA Chilooko",48,48420.20065,1,"Pediatrics",86265.614545
"309",309,37738.3857258378,0.163374145055943,0.179938788741019,0.000143067402191998,0.0000327806744360724,10681.3725536718,0.0988817086206223,10680.8149241623,1.97843285330336,0.0989144892950583,"Malawi","Ntchisi","TA Chilooko",48,48420.20065,1,"Pediatrics",86265.614545
"310",310,37738.3296725072,0.157690687670037,0.173679216643092,0.000138091179201691,0.0000316460747276498,10681.4405541296,0.0988837217491704,10680.8709774929,1.97844544765716,0.098915367823898,"Malawi","Ntchisi","TA Chilooko",48,48420.20065,1,"Pediatrics",86265.614545
"311",311,37738.275569203,0.152204909605748,0.167637352726013,0.000133287981916386,0.0000305506002327366,10681.506189031,0.0988856651950038,10680.9250807971,1.97845760388665,0.0989162157952365,"Malawi","Ntchisi","TA Chilooko",48,48420.20065,1,"Pediatrics",86265.614545
"312",312,37738.2233480972,0.146909937784679,0.161805628166581,0.00012865179818787,0.0000294929102744631,10681.5695406508,0.0988875413613115,10680.9773019028,1.97846933722991,0.0989170342715859,"Malawi","Ntchisi","TA Chilooko",48,48420.20065,1,"Pediatrics",86265.614545
"313",313,37738.1729437205,0.141799137925678,0.156176737068266,0.000124176824496769,0.000028471709620002,10681.6306884034,0.0988893525689182,10681.0277062795,1.97848066239526,0.0989178242785382,"Malawi","Ntchisi","TA Chilooko",48,48420.20065,1,"Pediatrics",86265.614545
"314",314,37738.1242928801,0.136866106259841,0.15074362734202,0.000119857458731747,0.0000274857469690409,10681.6897089422,0.0988911010590774,10681.07635712,1.97849159357966,0.0989185868060464,"Malawi","Ntchisi","TA Chilooko",48,48420.20065,1,"Pediatrics",86265.614545
"315",315,37738.0773345804,0.132104661532156,0.145499491902381,0.000115688293217333,0.0000265338134908516,10681.7466762552,0.0988927889961708,10681.1233154197,1.97850214448645,0.0989193228096616,"Malawi","Ntchisi","TA Chilooko",48,48420.20065,1,"Pediatrics",86265.614545
"316",316,37738.0320099471,0.127508837279928,0.140437760168055,0.000111664107981897,0.0000256147414084897,10681.8016617582,0.0988944184703185,10681.1686400529,1.97851232834252,0.0989200332117269,"Malawi","Ntchisi","TA Chilooko",48,48420.20065,1,"Pediatrics",86265.614545
"317",317,37737.9882621533,0.123072874378459,0.135552089856484,0.000107779864257595,0.0000247274026287006,10681.8547343837,0.0988959914999016,10681.2123878467,1.97852215791486,0.0989207189025302,"Malawi","Ntchisi","TA Chilooko",48,48420.20065,1,"Pediatrics",86265.614545
"318",318,37737.9460363482,0.11879121384477,0.130836359062314,0.000104030698204363,0.0000238707074161434,10681.9059606676,0.0988975100340008,10681.2546136519,1.97853164552654,0.0989213807414169,"Malawi","Ntchisi","TA Chilooko",48,48420.20065,1,"Pediatrics",86265.614545
"319",319,37737.9052795883,0.114658489890496,0.126284658609977,0.000100411914850305,0.000023043603110581,10681.9554048318,0.0988989759547536,10681.2953704118,1.97854080307214,0.0989220195578642,"Malawi","Ntchisi","TA Chilooko",48,48420.20065,1,"Pediatrics",86265.614545
"320",320,37737.8659407716,0.110669523215353,0.12189128467096,0.0000969189822410909,0.0000222450728857214,10682.0031288654,0.0989003910796325,10681.3347092284,1.97854964203261,0.0989226361525182,"Malawi","Ntchisi","TA Chilooko",48,48420.20065,1,"Pediatrics",86265.614545
"321",321,37737.8279705733,0.106819314532892,0.117650731636647,0.0000935475257912001,0.0000214741345484322,10682.0491926018,0.0989017571636465,10681.3726794268,1.97855817348969,0.0989232312981949,"Malawi","Ntchisi","TA Chilooko",48,48420.20065,1,"Pediatrics",86265.614545
"322",322,37737.7913213838,0.103103038320526,0.11355768523793,0.0000902933228301235,0.0000207298393770828,10682.0936537937,0.0989030759014698,10681.4093286163,1.97856640813977,0.0989238057408468,"Malawi","Ntchisi","TA Chilooko",48,48420.20065,1,"Pediatrics",86265.614545
"323",323,37737.7559472494,0.0995160367860985,0.109607015903087,0.0000871522973368359,0.0000200112709978039,10682.1365681855,0.0989043489294979,10681.4447027507,1.97857435630725,0.0989243602004956,"Malawi","Ntchisi","TA Chilooko",48,48420.20065,1,"Pediatrics",86265.614545
"324",324,37737.7218038146,0.0960538140435191,0.105793772345708,0.0000841205148560959,0.0000193175442974898,10682.1779895832,0.0989055778278354,10681.4788461854,1.97858202795752,0.0989248953721329,"Malawi","Ntchisi","TA Chilooko",48,48420.20065,1,"Pediatrics",86265.614545
"325",325,37737.6888482668,0.0927120304902527,0.102113175374751,0.0000811941775903385,0.0000186478043723974,10682.2179699213,0.0989067641222169,10681.5118017332,1.97858943270938,0.0989254119265893,"Malawi","Ntchisi","TA Chilooko",48,48420.20065,1,"Pediatrics",86265.614545
"326",326,37737.6570392822,0.0894864973796934,0.0985606119190465,0.0000783696196611413,0.0000180012255112325,10682.2565593284,0.0989079092858629,10681.5436107179,1.97859657984714,0.0989259105113741,"Malawi","Ntchisi","TA Chilooko",48,48420.20065,1,"Pediatrics",86265.614545
"327",327,37737.6263369743,0.0863731715816922,0.0951316292588701,0.0000756433025344432,0.0000173770102116419,10682.2938061899,0.0989090147412735,10681.5743130258,1.97860347833224,0.0989263917514851,"Malawi","Ntchisi","TA Chilooko",48,48420.20065,1,"Pediatrics",86265.614545
"328",328,37737.5967028439,0.0833681505247413,0.0918219294574259,0.000073011810603897,0.0000167743882290635,10682.3297572082,0.0989100818619616,10681.6039471562,1.97861013681442,0.0989268562501906,"Malawi","Ntchisi","TA Chilooko",48,48420.20065,1,"Pediatrics",86265.614545
"329",329,37737.5680997309,0.0804676673135369,0.0886273639853425,0.0000704718469269241,0.0000161926156569139,10682.3644574614,0.0989111119741276,10681.6325502692,1.97861656364262,0.0989273045897845,"Malawi","Ntchisi","TA Chilooko",48,48420.20065,1,"Pediatrics",86265.614545
"330",330,37737.5404917678,0.0776680860158605,0.0855439285315166,0.000068020229108224,0.0000156309740371256,10682.3979504602,0.0989121063582775,10681.6601582323,1.9786227668754,0.0989277373323146,"Malawi","Ntchisi","TA Chilooko",48,48420.20065,1,"Pediatrics",86265.614545
"331",331,37737.5138443345,0.0749658971129273,0.082567757993867,0.0000656538853256707,0.0000150887695000709,10682.4302782016,0.0989130662507866,10681.6868056656,1.97862875429106,0.0989281550202867,"Malawi","Ntchisi","TA Chilooko",48,48420.20065,1,"Pediatrics",86265.614545
"332",332,37737.4881240151,0.0723577131075488,0.0796951216437845,0.0000633698504936989,0.000014565331932941,10682.4614812222,0.0989139928454099,10681.7125259849,1.97863453339735,0.0989285581773428,"Malawi","Ntchisi","TA Chilooko",48,48420.20065,1,"Pediatrics",86265.614545
"333",333,37737.4632985563,0.0698402642846482,0.0769224184582725,0.0000611652625594502,0.0000140600141756744,10682.4915986485,0.0989148872947418,10681.7373514438,1.97864011144091,0.0989289473089174,"Malawi","Ntchisi","TA Chilooko",48,48420.20065,1,"Pediatrics",86265.614545
"334",334,37737.4393368263,0.0674103946188636,0.0742461726139843,0.00005903735892711,0.0000135721912435553,10682.5206682463,0.098915750711626,10681.7613131738,1.97864549541632,0.0989293229028695,"Malawi","Ntchisi","TA Chilooko",48,48420.20065,1,"Pediatrics",86265.614545
"335",335,37737.4162087765,0.0650650578241508,0.0716630291375576,0.0000569834730060211,0.0000131012595756299,10682.5487264677,0.0989165841705182,10681.7844412236,1.97865069207488,0.0989296854300938,"Malawi","Ntchisi","TA Chilooko",48,48420.20065,1,"Pediatrics",86265.614545
"336",336,37737.3938854033,0.0628013135404686,0.0691697497068419,0.000055001030878311,0.0000126466363081131,10682.5758084972,0.0989173887088019,10681.8067645968,1.97865570793308,0.09893003534511,"Malawi","Ntchisi","TA Chilooko",48,48420.20065,1,"Pediatrics",86265.614545
"337",337,37737.3723387121,0.060616323652803,0.066763208597801,0.0000530875480819152,0.0000122077585719818,10682.6019482951,0.0989181653280602,10681.828311288,1.97866054928073,0.0989303730866322,"Malawi","Ntchisi","TA Chilooko",48,48420.20065,1,"Pediatrics",86265.614545
"338",338,37737.3515416822,0.0585073487379496,0.0644403887720474,0.0000512406265050186,0.0000117840828139781,10682.6271786407,0.0989189149953039,10681.8491083179,1.97866522218886,0.0989306990781178,"Malawi","Ntchisi","TA Chilooko",48,48420.20065,1,"Pediatrics",86265.614545
"339",339,37737.3314682326,0.0564717446346308,0.0621983781001453,0.0000494579513880738,0.0000113750841402662,10682.6515311731,0.0989196386441581,10681.8691817675,1.97866973251736,0.0989310137282983,"Malawi","Ntchisi","TA Chilooko",48,48420.20065,1,"Pediatrics",86265.614545
"340",340,37737.3120931897,0.0545069591326764,0.0600343657159804,0.0000477372884296857,0.0000109802556820106,10682.6750364308,0.0989203371760086,10681.8885568104,1.97867408592224,0.0989313174316906,"Malawi","Ntchisi","TA Chilooko",48,48420.20065,1,"Pediatrics",86265.614545
"341",341,37737.2933922556,0.0526105287771448,0.0579456384976622,0.0000460764809927798,0.0000105991079821666,10682.6977238901,0.0989210114611094,10681.9072577444,1.97867828786282,0.0989316105690915,"Malawi","Ntchisi","TA Chilooko",48,48420.20065,1,"Pediatrics",86265.614545
"342",342,37737.2753419777,0.0507800757834016,0.0559295776705757,0.0000444734474075916,0.0000102311684027945,10682.719622002,0.0989216623396517,10681.9253080224,1.9786823436085,0.0989318935080544,"Malawi","Ntchisi","TA Chilooko",48,48420.20065,1,"Pediatrics",86265.614545
"343",343,37737.2579197189,0.0490133050593129,0.0539836555283533,0.0000429261783681368,0.00000987598055222948,10682.7407582278,0.0989222906227976,10681.9427302811,1.97868625824537,0.0989321666033498,"Malawi","Ntchisi","TA Chilooko",48,48420.20065,1,"Pediatrics",86265.614545
"344",344,37737.2411036301,0.0473080013308403,0.052105432267683,0.0000414327344189329,0.00000953310373146232,10682.7611590735,0.0989228970936782,10681.95954637,1.97869003668261,0.0989324301974096,"Malawi","Ntchisi","TA Chilooko",48,48420.20065,1,"Pediatrics",86265.614545
"345",345,37737.2248726218,0.0456620263674554,0.0502925529330089,0.0000399912435288555,0.00000920211239910268,10682.7808501231,0.0989234825083569,10681.9757773783,1.97869368365865,0.0989326846207559,"Malawi","Ntchisi","TA Chilooko",48,48420.20065,1,"Pediatrics",86265.614545
"346",346,37737.2092063384,0.0440733163039132,0.0485427444673174,0.000038599898749119,0.00000888259565431855,10682.7998560708,0.0989240475967611,10681.9914436616,1.97869720374706,0.0989329301924154,"Malawi","Ntchisi","TA Chilooko",48,48420.20065,1,"Pediatrics",86265.614545
"347",347,37737.1940851325,0.0425398790550437,0.0468538128653327,0.0000372569559524743,0.00000857415673716324,10682.8182007515,0.0989245930635816,10682.0065648676,1.97870060136233,0.0989331672203187,"Malawi","Ntchisi","TA Chilooko",48,48420.20065,1,"Pediatrics",86265.614545
"348",348,37737.1794900399,0.0410597918203381,0.0452236404255726,0.0000359607316508167,0.00000827641254571992,10682.8359071712,0.0989251195891406,10682.0211599602,1.97870388076538,0.0989333960016863,"Malawi","Ntchisi","TA Chilooko",48,48420.20065,1,"Pediatrics",86265.614545
"349",349,37737.1654027564,0.0396311986752138,0.0436501830978374,0.0000347096008884928,0.00000798899316951151,10682.8529975355,0.0989256278302313,10682.0352472437,1.97870704606891,0.0989336168234008,"Malawi","Ntchisi","TA Chilooko",48,48420.20065,1,"Pediatrics",86265.614545
"350",350,37737.1518056145,0.0382523082459549,0.0421314679228252,0.0000335019952086879,0.00000771154143864103,10682.8694932775,0.098926118420928,10682.0488443856,1.97871010124254,0.0989338299623665,"Malawi","Ntchisi","TA Chilooko",48,48420.20065,1,"Pediatrics",86265.614545
"351",351,37737.1386815612,0.0369213914654243,0.0406655905606779,0.0000323364006903681,0.00000744371248814428,10682.8854150847,0.0989265919733682,10682.0619684389,1.97871305011782,0.0989340356858563,"Malawi","Ntchisi","TA Chilooko",48,48420.20065,1,"Pediatrics",86265.614545
"352",352,37737.126014137,0.0356367794067463,0.0392507129053748,0.0000312113560533338,0.00000718517333705322,10682.9007829252,0.0989270490785095,10682.0746358631,1.97871589639298,0.0989342342518465,"Malawi","Ntchisi","TA Chilooko",48,48420.20065,1,"Pediatrics",86265.614545
"353",353,37737.1137874548,0.0343968611922544,0.037885060781998,0.0000301254508290298,0.00000693560248168421,10682.915616072,0.0989274903068585,10682.0868625453,1.97871864363763,0.0989344259093401,"Malawi","Ntchisi","TA Chilooko",48,48420.20065,1,"Pediatrics",86265.614545
"354",354,37737.1019861803,0.0332000819750935,0.0365669217239928,0.000029077323594835,0.00000669468950268046,10682.9299331279,0.0989279162091763,10682.0986638198,1.97872129529718,0.0989346108986789,"Malawi","Ntchisi","TA Chilooko",48,48420.20065,1,"Pediatrics",86265.614545
"355",355,37737.0905955126,0.0320449409909562,0.0352946428276506,0.0000280656602696346,0.00000646213468535349,10682.9437520485,0.0989283273171594,10682.1100544874,1.97872385469717,0.0989347894518447,"Malawi","Ntchisi","TA Chilooko",48,48420.20065,1,"Pediatrics",86265.614545
"356",356,37737.0796011659,0.0309299896775175,0.0340666286811344,0.0000270891924685534,0.00000623764865288241,10682.9570901648,0.098928724144097,10682.1210488342,1.97872632504747,0.0989349617927497,"Malawi","Ntchisi","TA Chilooko",48,48420.20065,1,"Pediatrics",86265.614545
"357",357,37737.0689893512,0.0298538298592214,0.0328813393654613,0.0000261466959148007,0.00000602095201194416,10682.9699642048,0.0989291071855058,10682.1316606489,1.97872870944627,0.0989351281375176,"Malawi","Ntchisi","TA Chilooko",48,48420.20065,1,"Pediatrics",86265.614545
"358",358,37737.0587467593,0.0288151119951478,0.0317372885249445,0.0000252369889066505,0.00000581177501036158,10682.9823903146,0.0989294769197438,10682.1419032408,1.97873101088399,0.0989352886947541,"Malawi","Ntchisi","TA Chilooko",48,48420.20065,1,"Pediatrics",86265.614545
"359",359,37737.048860544,0.0278125334877734,0.030633041504685,0.0000243589308376444,0.00000560985720636931,10682.9943840785,0.0989298338086021,10682.1517894561,1.97873323224701,0.0989354436658084,"Malawi","Ntchisi","TA Chilooko",48,48420.20065,1,"Pediatrics",86265.614545
"360",360,37737.039318306,0.0268448370505097,0.029567213552786,0.0000235114207681766,0.00000541494714911031,10683.0059605388,0.0989301782978765,10682.1613316941,1.97873537632128,0.0989355932450255,"Malawi","Ntchisi","TA Chilooko",48,48420.20065,1,"Pediatrics",86265.614545
"361",361,37737.0301080776,0.0259108091319809,0.0285384680850438,0.000022693396046678,0.00000522680206998862,10683.0171342143,0.0989305108179204,10682.1705419225,1.97873744579585,0.0989357376199903,"Malawi","Ntchisi","TA Chilooko",48,48420.20065,1,"Pediatrics",86265.614545
"362",362,37737.0212183071,0.0250092783950686,0.0275455150099462,0.0000219038309786812,0.00000504518758451561,10683.0279191188,0.0989308317841773,10682.179431693,1.97873944326622,0.0989358769717618,"Malawi","Ntchisi","TA Chilooko",48,48420.20065,1,"Pediatrics",86265.614545
"363",363,37737.012637845,0.0241391142488237,0.0265871091118854,0.0000211417355421078,0.00000486987740429904,10683.0383287785,0.0989311415976965,10682.1880121551,1.97874137123756,0.0989360114751008,"Malawi","Ntchisi","TA Chilooko",48,48420.20065,1,"Pediatrics",86265.614545
"364",364,37737.0043559295,0.0232992254314092,0.0256620484905642,0.000020406154147175,0.00000470065305883554,10683.0483762492,0.0989314406456299,10682.1962940705,1.97874323212792,0.0989361412986887,"Malawi","Ntchisi","TA Chilooko",48,48420.20065,1,"Pediatrics",86265.614545
"365",365,37736.9963621734,0.0224885586423012,0.0247691730546442,0.000019696164439374,0.00000453730362677808,10683.0580741322,0.0989317293017121,10682.2042878266,1.97874502827122,0.0989362666053388,"Malawi","Ntchisi","TA Chilooko",48,48420.20065,1,"Pediatrics",86265.614545
