"","time","S","E","I","H","C","R","D","inci","hosp","crits","lvl2","lvl3","lvl4","ID","POP","age","tot_pop","start"
"1",1,15714.83752,0,1,0,0,0,0,0,0,0,"Malawi","Machinga","TA Kawinga",158,15715.83752,"Elderly",174476.92045,1
"2",2,15698.2549104806,14.2708918821303,2.73880319054192,0.06469230630339,0.00100556607239165,0.507205008119284,0.000011566219503324,16.5826095193868,0.0680156978562697,0.00102496550386412,"Malawi","Machinga","TA Kawinga",158,15715.83752,"Elderly",174476.92045,1
"3",3,15620.1534423079,77.8920065161268,14.5126541330796,0.364181995834544,0.00752484626004584,2.90757275582178,0.000137444952654259,94.6840776920754,0.389328354367031,0.00775537568580043,"Malawi","Machinga","TA Kawinga",158,15715.83752,"Elderly",174476.92045,1
"4",4,15250.2646783632,375.17563530907,73.101713978457,1.910804572429,0.0424421531426195,15.341348527384,0.000897096326884358,464.572841636809,2.05329956095574,0.043946807166572,"Malawi","Machinga","TA Kawinga",158,15715.83752,"Elderly",174476.92045,1
"5",5,13573.8386150895,1709.34842307527,347.247246265494,9.40582995339781,0.217861915976164,75.7746282066953,0.00491549369258512,2140.99890491053,10.1389669954591,0.226106423441654,"Malawi","Machinga","TA Kawinga",158,15715.83752,"Elderly",174476.92045,1
"6",6,8177.80916530475,5766.00361549383,1390.26552966877,41.8351670105327,1.0340901037923,338.865342374578,0.0246100437454221,7537.02835469525,45.3219834101291,1.07536727798362,"Malawi","Machinga","TA Kawinga",158,15715.83752,"Elderly",174476.92045,1
"7",7,1679.71455968284,9214.08946600518,3514.56782062492,141.19420959016,4.14178984581715,1162.01990065603,0.109773595053497,14035.1229603172,155.220715289884,4.32590751141347,"Malawi","Machinga","TA Kawinga",158,15715.83752,"Elderly",174476.92045,1
"8",8,91.4420135136868,7498.2505095704,5116.36267273849,315.298381474556,12.2939482505718,2681.79339634995,0.396598102348763,15623.3955064863,357.317652484303,12.9591420683455,"Malawi","Machinga","TA Kawinga",158,15715.83752,"Elderly",174476.92045,1
"9",9,2.66505748057891,5171.14118529427,5464.50943309562,509.156478258427,27.0201889367142,4540.23652768829,1.10864924609322,15712.1724625194,602.797142905667,28.8796699080382,"Malawi","Machinga","TA Kawinga",158,15715.83752,"Elderly",174476.92045,1
"10",10,0.0811586846753929,3522.00369300022,5074.17439580963,677.041536535883,47.7026231391436,6392.3493622928,2.48475053765982,15714.7563613153,845.227568310997,51.8701687894448,"Malawi","Machinga","TA Kawinga",158,15715.83752,"Elderly",174476.92045,1
"11",11,0.00427761026259066,2397.53051376137,4376.1735891643,800.567288853239,72.5943867371873,8064.25132701696,4.71613685668702,15714.8332423897,1061.5985636762,80.5045231252942,"Malawi","Machinga","TA Kawinga",158,15715.83752,"Elderly",174476.92045,1
"12",12,0.000358569016505149,1632.03172855454,3606.6198290591,877.463468500319,99.7056348881768,9492.09404778535,7.92245264351312,15714.837161431,1243.83857746972,112.993561605072,"Malawi","Machinga","TA Kawinga",158,15715.83752,"Elderly",174476.92045,1
"13",13,0.0000479971758219891,1110.94421064946,2882.35777051268,913.014062892478,127.244669382581,10670.1247257042,12.1520328614576,15714.8374720028,1391.68498303142,147.626655793893,"Malawi","Machinga","TA Kawinga",158,15715.83752,"Elderly",174476.92045,1
"14",14,0.00000979834665608901,756.233135606323,2252.91650315969,915.280757721794,153.788831954517,11620.2252159358,17.3930658235787,15714.8375102017,1508.52234216407,182.961336284359,"Malawi","Machinga","TA Kawinga",158,15715.83752,"Elderly",174476.92045,1
"15",15,0.00000286459660100645,514.776973732131,1731.57985629849,892.626158807761,178.313846525988,12374.9524888867,23.5881928843077,15714.8375171354,1599.08016624235,217.877122260721,"Malawi","Machinga","TA Kawinga",158,15715.83752,"Elderly",174476.92045,1
"16",16,0.00000111563800145584,350.415446992113,1313.48229765169,852.554719709376,200.156052023402,12968.5802239918,30.6487785160362,15714.8375188844,1668.22899205998,251.561688788793,"Malawi","Machinga","TA Kawinga",158,15715.83752,"Elderly",174476.92045,1
"17",17,0.000000548936761109969,238.532318112255,985.846492868313,801.280326789548,218.948655035103,13432.7625205743,38.4672060715783,15714.8375194511,1720.40813888395,283.467742530233,"Malawi","Machinga","TA Kawinga",158,15715.83752,"Elderly",174476.92045,1
"18",18,0.000000338936891682545,162.37171495318,733.529234512945,743.672451488054,234.553748476375,13794.7837117638,46.9266584667498,15714.8375196611,1759.40462627163,313.261445048789,"Malawi","Machinga","TA Kawinga",158,15715.83752,"Elderly",174476.92045,1
"19",19,0.000000237696111617143,110.528428402772,541.833421144799,683.381713339208,247.000198002705,14077.1852945639,55.9084643089246,15714.8375197623,1788.31728842934,340.772620511212,"Malawi","Machinga","TA Kawinga",158,15715.83752,"Elderly",174476.92045,1
"20",20,0.000000182849826283317,75.2380678129653,397.770440519781,623.033549998178,256.431552554994,14298.066598247,65.2973106842243,15714.8375198171,1809.60989632092,365.951409375188,"Malawi","Machinga","TA Kawinga",158,15715.83752,"Elderly",174476.92045,1
"21",21,0.00000015091703174318,51.2154689712799,290.465565941796,564.433269083204,263.064673946925,14471.6738300756,74.9847118302687,15714.8375198491,1825.20093230497,388.83271580502,"Malawi","Machinga","TA Kawinga",158,15715.83752,"Elderly",174476.92045,1
"22",22,0.000000131198829141266,34.8629954360016,211.132340413934,508.753615251324,267.158263415939,14609.0591789789,84.8711263726793,15714.8375198688,1836.56062071099,409.508285355664,"Malawi","Machinga","TA Kawinga",158,15715.83752,"Elderly",174476.92045,1
"23",23,0.000000118531626895507,23.7316646627049,152.847966660621,456.694189096359,268.989795277806,14718.7068413354,94.8670628486157,15714.8375198815,1844.80156770316,428.105492865684,"Malawi","Machinga","TA Kawinga",158,15715.83752,"Elderly",174476.92045,1
"24",24,0.000000110144537386058,16.1544330509195,110.258744937292,408.610719237611,268.839226694397,14807.0809385663,104.89345740337,15714.8375198899,1850.7572672892,444.77168571629,"Malawi","Machinga","TA Kawinga",158,15715.83752,"Elderly",174476.92045,1
"25",25,0.000000104473653353663,10.9965194298137,79.2839176250668,364.616244271711,266.977990248258,14879.0813015011,114.881546819583,15714.8375198955,1855.04690181407,459.662963444297,"Malawi","Machinga","TA Kawinga",158,15715.83752,"Elderly",174476.92045,1
"26",26,0.000000100582530937832,7.48546439842499,56.8485664620217,324.658284343398,263.661965561166,14938.4108297961,124.772409338299,15714.8375198994,1858.12722721791,472.936379203175,"Malawi","Machinga","TA Kawinga",158,15715.83752,"Elderly",174476.92045,1
"27",27,0.0000000978853294474426,5.09544658653726,40.6573080631961,288.576355020102,259.127376136364,14987.8647330903,134.516301005572,15714.8375199021,1860.33317345642,484.744723493237,"Malawi","Machinga","TA Kawinga",158,15715.83752,"Elderly",174476.92045,1
"28",28,0.000000096002891368888,3.46853260526009,29.0099816377612,256.14393277574,253.588778986379,15029.5544135545,144.071880344363,15714.837519904,1861.90907493714,495.233213371069,"Malawi","Machinga","TA Kawinga",158,15715.83752,"Elderly",174476.92045,1
"29",29,0.0000000946832300384444,2.36107245268123,20.6555566956082,227.098435471998,247.238507813454,15065.0785605481,153.405386923473,15714.8375199053,1863.03237828816,504.537557885423,"Malawi","Machinga","TA Kawinga",158,15715.83752,"Elderly",174476.92045,1
"30",30,0.0000000937555382264421,1.60721080379782,14.6786498845651,201.162145419451,240.247091150596,15095.6526040317,162.489818616151,15714.8375199062,1863.83144683426,512.782996276004,"Malawi","Machinga","TA Kawinga",158,15715.83752,"Elderly",174476.92045,1
"31",31,0.0000000931022169002694,1.09404797600321,10.4127253360476,178.056407813613,232.764293752363,15122.2059080542,171.304136974662,15714.8375199069,1864.39881420459,520.084006579442,"Malawi","Machinga","TA Kawinga",158,15715.83752,"Elderly",174476.92045,1
"32",32,0.000000092630275395291,0.744731774469493,7.37450551766163,157.510918155437,224.920527856504,15145.4543176426,179.832518960733,15714.8375199074,1864.80097831088,526.544461856479,"Malawi","Machinga","TA Kawinga",158,15715.83752,"Elderly",174476.92045,1
"33",33,0.0000000922983844525511,0.50694797492346,5.21489655864072,139.26948029627,216.828455661878,15165.9540741294,188.063665286619,15714.8375199077,1865.08559382802,532.258072585558,"Malawi","Machinga","TA Kawinga",158,15715.83752,"Elderly",174476.92045,1
"34",34,0.0000000920641439046428,0.345085646789176,3.68256940802679,123.093271048668,208.584660065074,15184.1417636871,195.990170052303,15714.8375199079,1865.28672591742,537.30900012399,"Malawi","Machinga","TA Kawinga",158,15715.83752,"Elderly",174476.92045,1
"35",35,0.000000091899085330213,0.234903838404758,2.59711723484808,108.762377662022,200.271301526834,15200.3638670628,203.607952583196,15714.8375199081,1865.42867011191,541.772560624658,"Malawi","Machinga","TA Kawinga",158,15715.83752,"Elderly",174476.92045,1
"36",36,0.0000000917829237287893,0.159901887206753,1.82938998102611,96.0761665638942,191.957708524463,15214.8986030476,210.915749904039,15714.8375199082,1865.52871788574,545.715964240727,"Malawi","Machinga","TA Kawinga",158,15715.83752,"Elderly",174476.92045,1
"37",37,0.0000000917012324902135,0.108847122784298,1.2871521526357,84.8528883110792,183.701869838806,15227.972095769,217.914666713982,15714.8375199083,1865.59915285202,549.199052608717,"Malawi","Machinga","TA Kawinga",158,15715.83752,"Elderly",174476.92045,1
"38",38,0.0000000916438157509031,0.0740935535770682,0.904677665302259,74.9288026721882,175.55181198066,15239.7703551682,224.607778868448,15714.8375199084,1865.6486856533,552.275011215223,"Malawi","Machinga","TA Kawinga",158,15715.83752,"Elderly",174476.92045,1
"39",39,0.0000000916029691945064,0.050436344685595,0.635223478724103,66.157026974245,167.546854661213,15250.4481925305,230.999785919034,15714.8375199084,1865.68348347735,554.99104209021,"Malawi","Machinga","TA Kawinga",158,15715.83752,"Elderly",174476.92045,1
"40",40,0.0000000915744084137194,0.0343326332899252,0.44560918760577,58.4062446897264,159.718744178831,15260.1358810485,237.096708170514,15714.8375199084,1865.70790606537,557.388989082921,"Malawi","Machinga","TA Kawinga",158,15715.83752,"Elderly",174476.92045,1
"41",41,0.0000000915543188249047,0.0233706310650886,0.312320218416133,51.5593688064643,152.0926687892,15268.9441677279,242.905623735454,15714.8375199084,1865.72503136313,559.505912207111,"Malawi","Machinga","TA Kawinga",158,15715.83752,"Elderly",174476.92045,1
"42",42,0.0000000915402570573667,0.0159086714724648,0.218718861926434,45.5122200546489,144.688162741286,15276.9680682368,248.434441342288,15714.8375199085,1865.73702947561,561.37461061954,"Malawi","Machinga","TA Kawinga",158,15715.83752,"Elderly",174476.92045,1
"43",43,0.0000000915304145046481,0.0108292227762045,0.15304964711003,40.172259391727,137.51990706851,15284.2897697058,253.691704872586,15714.8375199085,1865.74542866985,563.024095571469,"Malawi","Machinga","TA Kawinga",158,15715.83752,"Elderly",174476.92045,1
"44",44,0.0000000915235301596429,0.0073715675657325,0.107017839950511,35.4573968865745,130.598435903917,15290.9808717608,258.686425949655,15714.8375199085,1865.7513039979,564.480015933194,"Malawi","Machinga","TA Kawinga",158,15715.83752,"Elderly",174476.92045,1
"45",45,0.000000091518688918403,0.00501791666412937,0.0747782685163408,31.2948890733988,123.930757081353,15297.104136329,263.42794123959,15714.8375199085,1865.75541086267,565.765039453546,"Malawi","Machinga","TA Kawinga",158,15715.83752,"Elderly",174476.92045,1
"46",46,0.000000091515114262754,0.00341575694704683,0.0522162102378559,27.6203292849871,117.520895744706,15302.7148715191,267.925791392532,15714.8375199085,1865.75827960889,566.899193323454,"Malawi","Machinga","TA Kawinga",158,15715.83752,"Elderly",174476.92045,1
"47",47,0.0000000915126782934324,0.00232515022917416,0.0364384894609449,24.3767304628378,111.370369029796,15307.8620378348,272.189618941384,15714.8375199085,1865.76028219596,567.900167608553,"Malawi","Machinga","TA Kawinga",158,15715.83752,"Elderly",174476.92045,1
"48",48,0.0000000915109539232408,0.0015827560166302,0.0254128536082637,21.5136974833048,105.478599368532,15312.5891447142,276.229082732807,15714.8375199085,1865.76167928201,568.783585032811,"Malawi","Machinga","TA Kawinga",158,15715.83752,"Elderly",174476.92045,1
"49",49,0.000000091509755754558,0.00107740364216308,0.0177132273007092,18.9866836062703,99.8432734675877,15316.9349854875,280.05378671615,15714.8375199085,1865.76265336698,569.563240518483,"Malawi","Machinga","TA Kawinga",158,15715.83752,"Elderly",174476.92045,1
"50",50,0.0000000915089208068694,0.00073340103407119,0.012339679025953,16.7563251282047,94.4606532498892,15320.9342472575,283.673221192894,15714.8375199085,1865.76333214758,570.251313588293,"Malawi","Machinga","TA Kawinga",158,15715.83752,"Elderly",174476.92045,1
"51",51,0.0000000915083392911969,0.000499235399592567,0.00859177843065034,14.7878477291079,89.3258444310039,15324.6180218759,287.096714858639,15714.8375199085,1865.76380489358,570.858556504285,"Malawi","Machinga","TA Kawinga",158,15715.83752,"Elderly",174476.92045,1
"52",52,0.0000000915079344971262,0.000339835577620763,0.00597923443734184,13.0505379846029,84.4330279216719,15328.0142387976,290.33339613464,15714.8375199085,1865.76413397534,571.394460813709,"Malawi","Machinga","TA Kawinga",158,15715.83752,"Elderly",174476.92045,1
"53",53,0.0000000915076528551188,0.000231330329461765,0.00415910780662734,11.5172737549528,79.7756585830425,15331.148034629,293.392162503356,15714.8375199085,1865.76436294014,571.86740467233,"Malawi","Machinga","TA Kawinga",158,15715.83752,"Elderly",174476.92045,1
"54",54,0.0000000915074569843153,0.000157465397365862,0.00289168258463318,10.1641075017885,75.346635406668,15334.0420711469,296.281656705177,15714.8375199085,1865.76452217646,572.284783100404,"Malawi","Machinga","TA Kawinga",158,15715.83752,"Elderly",174476.92045,1
"55",55,0.0000000915073208435329,0.000107193844765397,0.00200968336006843,8.96989732985915,71.138446518396,15336.7168103301,299.010248852976,15714.8375199085,1865.76463285449,572.653122988222,"Malawi","Machinga","TA Kawinga",158,15715.83752,"Elderly",174476.92045,1
"56",56,0.0000000915072262504502,0.0000729740507865266,0.00139614368880768,7.9159790562274,67.1432930954234,15339.1907552685,301.586023370578,15714.8375199085,1865.7647097557,572.978185105719,"Malawi","Machinga","TA Kawinga",158,15715.83752,"Elderly",174476.92045,1
"57",57,0.0000000915071605391864,0.0000496719554293505,0.000969464358320796,6.98587738117307,63.3531934992879,15341.4806595251,304.016770366677,15714.8375199085,1865.76476317694,573.265053767378,"Malawi","Machinga","TA Kawinga",158,15715.83752,"Elderly",174476.92045,1
"58",58,0.0000000915071149195351,0.0000338116778564448,0.000672927536971501,6.16505019820951,59.760071087384,15343.6017113423,306.309980541425,15714.8375199085,1865.76480026434,573.518216100823,"Malawi","Machinga","TA Kawinga",158,15715.83752,"Elderly",174476.92045,1
"59",59,0.0000000915070832565565,0.0000230154430214788,0.000466918593721206,5.44066209377933,56.3558280027158,15345.5676968556,308.472843022397,15714.8375199085,1865.76482600318,573.741632206949,"Malawi","Machinga","TA Kawinga",158,15715.83752,"Elderly",174476.92045,1
"60",60,0.0000000915070609269973,0.0000156658374310135,0.000323858699921552,4.80138453351949,53.1324063255415,15347.3911437604,310.512245764483,15714.8375199085,1865.76484385962,573.938796982288,"Malawi","Machinga","TA Kawinga",158,15715.83752,"Elderly",174476.92045,1
"61",61,0.0000000915070449649989,0.0000106633843259602,0.00022455010315171,4.23721885566763,50.0818387364258,15349.0834491263,312.434777976572,15714.8375199085,1865.76485624329,574.112794852206,"Malawi","Machinga","TA Kawinga",158,15715.83752,"Elderly",174476.92045,1
"62",62,0.0000000915070341265387,0.00000725823262060281,0.000155641345279509,3.73934081186696,47.1962894872201,15350.6549923712,314.246734338622,15714.8375199085,1865.76486482831,574.266347814972,"Malawi","Machinga","TA Kawinga",158,15715.83752,"Elderly",174476.92045,1
"63",63,0.0000000915070265227252,0.00000494032074990798,0.000107844398303092,3.29996248248832,44.4680878048941,15352.1152363185,315.954120517895,15714.8375199085,1865.76487077789,574.401858097676,"Malawi","Machinga","TA Kawinga",158,15715.83752,"Elderly",174476.92045,1
"64",64,0.0000000915070212714324,0.00000336275420422409,0.0000747017953863966,2.91221072800497,41.8897542447226,15353.4728170357,317.562659835528,15714.8375199085,1865.76487489982,574.52144569093,"Malawi","Machinga","TA Kawinga",158,15715.83752,"Elderly",174476.92045,1
"65",65,0.0000000915070176345144,0.00000228890495784533,0.0000517292963708844,2.5700197980003,39.4540212156136,15354.7356240809,319.07780079577,15714.8375199085,1865.76487775458,574.626981502595,"Malawi","Machinga","TA Kawinga",158,15715.83752,"Elderly",174476.92045,1
"66",66,0.0000000915070151159038,0.0000015579561939911,0.0000358112109773305,2.26803653414417,37.1538484920829,15355.9108722305,320.504725282576,15714.8375199085,1865.76487973113,574.720116617483,"Malawi","Machinga","TA Kawinga",158,15715.83752,"Elderly",174476.92045,1
"67",67,0.0000000915070133400703,0.0000010604515870113,0.0000247838210339873,2.00153664266513,34.9824344728282,15357.0051656964,321.848357252372,15714.8375199085,1865.76488109935,574.802308135871,"Malawi","Machinga","TA Kawinga",158,15715.83752,"Elderly",174476.92045,1
"68",68,0.0000000915070120787232,0.000000721798007229244,0.0000171476723989642,1.76635090379976,32.9332237743316,15358.0245555791,323.113371781756,15714.8375199085,1865.76488204611,574.874841942345,"Malawi","Machinga","TA Kawinga",158,15715.83752,"Elderly",174476.92045,1
"69",69,0.0000000915070112230425,0.000000491292524090576,0.0000118612463245022,1.55879992918784,30.9999118188037,15358.9745914744,324.30420433353,15714.8375199085,1865.76488270107,574.938852835193,"Malawi","Machinga","TA Kawinga",158,15715.83752,"Elderly",174476.92045,1
"70",70,0.0000000915070106241109,0.000000334407605274338,0.00000820227476068044,1.37563663593793,29.1764468295457,15359.8603677583,325.425060148,15714.8375199085,1865.76488315409,574.995342273314,"Malawi","Machinga","TA Kawinga",158,15715.83752,"Elderly",174476.92045,1
"71",71,0.0000000915070102113341,0.000000227611208707457,0.00000567070229866156,1.21399544168473,27.4570296972663,15360.6865652044,326.479923666825,15714.8375199085,1865.76488346731,575.045194048683,"Malawi","Machinga","TA Kawinga",158,15715.83752,"Elderly",174476.92045,1
"72",72,0.0000000915070099260584,0.000000154901428408182,0.00000391912972359534,1.07134738651121,25.8361120812883,15361.4574884479,327.472567918806,15714.8375199085,1865.76488368389,575.089188129851,"Malawi","Machinga","TA Kawinga",158,15715.83752,"Elderly",174476.92045,1
"73",73,0.0000000915070097294579,0.000000105430437222573,0.00000270806211011005,0.94546083221067,24.3083929614224,15362.1770994981,328.406563803277,15714.8375199085,1865.76488383354,575.128012784392,"Malawi","Machinga","TA Kawinga",158,15715.83752,"Elderly",174476.92045,1
"74",74,0.0000000915070095911417,0.0000000717857701706595,0.00000187135038449138,0.834366332221349,22.868814154203,15362.8490482551,329.285289223836,15714.8375199085,1865.76488393686,575.162275414676,"Malawi","Machinga","TA Kawinga",158,15715.83752,"Elderly",174476.92045,1
"75",75,0.0000000915070094926099,0.0000000488734739474893,0.00000129269626514956,0.736325766325897,21.5125548224955,15363.4766999403,330.111938037792,15714.8375199085,1865.76488400828,575.192512077923,"Malawi","Machinga","TA Kawinga",158,15715.83752,"Elderly",174476.92045,1
"76",76,0.0000000915070094264602,0.0000000332724092826875,0.000000892786000955563,0.649805250261015,20.2350251823186,15364.06315976,330.889528789866,15714.8375199085,1865.76488405761,575.21919584163,"Malawi","Machinga","TA Kawinga",158,15715.83752,"Elderly",174476.92045,1
"77",77,0.0000000915070093795905,0.0000000226540854033997,0.000000616565750470677,0.573451148873345,19.0318596767508,15364.6112952507,331.620913192964,15714.8375199085,1865.76488409166,575.24274418183,"Malawi","Machinga","TA Kawinga",158,15715.83752,"Elderly",174476.92045,1
"78",78,0.0000000915070093476375,0.0000000154173720873039,0.000000425537271612517,0.506068880907975,17.8989097229905,15365.1237565137,332.308784349985,15714.8375199085,1865.7648841152,575.263525520189,"Malawi","Machinga","TA Kawinga",158,15715.83752,"Elderly",174476.92045,1
"79",79,0.0000000915070093255333,0.0000000104959734775233,0.000000293740434287974,0.446604231808876,16.8322361493755,15365.6029945238,332.955684699247,15714.8375199085,1865.76488413143,575.281864987475,"Malawi","Machinga","TA Kawinga",158,15715.83752,"Elderly",174476.92045,1
"80",80,0.0000000915070093102818,0.00000000714689340530959,0.000000202746236216952,0.394126858932378,15.8281014366956,15366.0512777295,333.56401367347,15714.8375199085,1865.76488414263,575.298049510892,"Malawi","Machinga","TA Kawinga",158,15715.83752,"Elderly",174476.92045,1
"81",81,0.0000000915070092998597,0.00000000486250863885384,0.000000139819047287335,0.347815736970543,14.8829618491228,15366.47070711,334.136035067739,15714.8375199085,1865.76488415037,575.312332302924,"Malawi","Machinga","TA Kawinga",158,15715.83752,"Elderly",174476.92045,1
"82",82,0.0000000915070092928253,0.0000000033118405856719,0.0000000964986992253254,0.306946313327638,13.9934595311031,15366.8632298509,334.67388411333,15714.8375199085,1865.7648841557,575.324936822792,"Malawi","Machinga","TA Kawinga",158,15715.83752,"Elderly",174476.92045,1
"83",83,0.0000000915070092878695,0.00000000225466654677737,0.0000000665543798643557,0.270879172266036,13.1564146324555,15367.2306517777,335.179574257297,15714.8375199085,1865.76488415938,575.336060272616,"Malawi","Machinga","TA Kawinga",158,15715.83752,"Elderly",174476.92045,1
"84",84,0.0000000915070092845067,0.00000000153329424300562,0.0000000458631654553406,0.239050031158687,12.3688175124114,15367.5746486675,335.655003650016,15714.8375199085,1865.76488416192,575.345876682672,"Malawi","Machinga","TA Kawinga",158,15715.83752,"Elderly",174476.92045,1
"85",85,0.0000000915070092821775,0.00000000104538415326487,0.0000000316598371087404,0.210960912172147,11.6278210648654,15367.8967765544,336.101961344328,15714.8375199085,1865.76488416367,575.354539634155,"Malawi","Machinga","TA Kawinga",158,15715.83752,"Elderly",174476.92045,1
"86",86,0.0000000915070092805658,0.000000000711003872748974,0.0000000218067742976968,0.18617235135067,10.9307331986539,15368.1984811245,336.522133211503,15714.8375199085,1865.76488416488,575.362184662003,"Malawi","Machinga","TA Kawinga",158,15715.83752,"Elderly",174476.92045,1
"87",87,0.0000000915070092794567,0.000000000483475152256236,0.000000015023507657066,0.164296523010391,10.2750094999224,15368.4811062898,336.917107580306,15714.8375199085,1865.76488416571,575.368931375387,"Malawi","Machinga","TA Kawinga",158,15715.83752,"Elderly",174476.92045,1
"88",88,0.0000000915070092787017,0.000000000330219251599871,0.000000010375424513788,0.144991172149882,9.65824609767285,15368.7459020216,337.288380606377,15714.8375199085,1865.76488416628,575.374885329034,"Malawi","Machinga","TA Kawinga",158,15715.83752,"Elderly",174476.92045,1
"89",89,0.0000000915070092781796,0.000000000223961632094882,0.00000000712991801070997,0.127954259776628,9.07817274854861,15368.994031513,337.637361379783,15714.8375199085,1865.76488416668,575.380139674664,"Malawi","Machinga","TA Kawinga",158,15715.83752,"Elderly",174476.92045,1
"90",90,0.0000000915070092778204,0.00000000015254981383688,0.00000000491783409025777,0.112919237365494,8.53264615261284,15369.2265777343,337.965376779175,15714.8375199085,1865.76488416695,575.384776618387,"Malawi","Machinga","TA Kawinga",158,15715.83752,"Elderly",174476.92045,1
"91",91,0.0000000915070092775756,0.00000000010439087795021,0.00000000339560742289437,0.0996508766734258,8.01964350819369,15369.4445494388,338.27367608129,15714.8375199085,1865.76488416714,575.388868706838,"Malawi","Machinga","TA Kawinga",158,15715.83752,"Elderly",174476.92045,1
"92",92,0.0000000915070092774027,0.0000000000703750712062386,0.00000000232566997552381,0.0879415894943537,7.53725631082543,15369.648886671,338.56343533483,15714.8375199085,1865.76488416727,575.392479962201,"Malawi","Machinga","TA Kawinga",158,15715.83752,"Elderly",174476.92045,1
"93",93,0.0000000915070092772874,0.0000000000482652444472172,0.00000000161055958708407,0.0776081798594281,7.08368439869075,15369.8404658204,338.835761507851,15714.8375199085,1865.76488416735,575.395666883855,"Malawi","Machinga","TA Kawinga",158,15715.83752,"Elderly",174476.92045,1
"94",94,0.0000000915070092772064,0.0000000000329843866688422,0.00000000110854045162679,0.0684889779053496,6.65723024480575,15370.0201042668,339.091696417868,15714.8375199085,1865.76488416742,575.398479332325,"Malawi","Machinga","TA Kawinga",158,15715.83752,"Elderly",174476.92045,1
"95",95,0.0000000915070092771487,0.0000000000220296632794875,0.000000000757144543100523,0.0604413104680269,6.25629349440869,15370.188564649,339.332220453842,15714.8375199085,1865.76488416746,575.400961309372,"Malawi","Machinga","TA Kawinga",158,15715.83752,"Elderly",174476.92045,1
"96",96,0.0000000915070092771101,0.0000000000153782776192046,0.000000000528425766804654,0.0533392689176147,5.87936574450891,15370.3465587954,339.558256099138,15714.8375199085,1865.76488416749,575.403151646415,"Malawi","Machinga","TA Kawinga",158,15715.83752,"Elderly",174476.92045,1
"97",97,0.0000000915070092770825,0.0000000000103648537762963,0.000000000360024575007488,0.0470717392863899,5.52502556136124,15370.4947513431,339.770671264392,15714.8375199085,1865.76488416751,575.405084612057,"Malawi","Machinga","TA Kawinga",158,15715.83752,"Elderly",174476.92045,1
"98",98,0.0000000915070092770634,0.00000000000687671745939153,0.000000000246678980061222,0.0415406638333713,5.19193373066351,15370.6337630747,339.97028243907,15714.8375199085,1865.76488416752,575.406790448238,"Malawi","Machinga","TA Kawinga",158,15715.83752,"Elderly",174476.92045,1
"99",99,0.0000000915070092770514,0.00000000000496523084243072,0.000000000173721381891599,0.0366595069082154,4.87882873449579,15370.7641739966,340.157857670283,15714.8375199085,1865.76488416753,575.408295843373,"Malawi","Machinga","TA Kawinga",158,15715.83752,"Elderly",174476.92045,1
"100",100,0.0000000915070092770417,0.00000000000319681170462931,0.000000000115827066542961,0.032351901070644,4.58452244844014,15370.8865261817,340.334119377167,15714.8375199085,1865.76488416754,575.409624349907,"Malawi","Machinga","TA Kawinga",158,15715.83752,"Elderly",174476.92045,1
"101",101,0.0000000915070092770359,0.00000000000216343744379651,0.0000000000809951442866701,0.0285504522858171,4.30789605186915,15371.0013263953,340.499747008932,15714.8375199085,1865.76488416754,575.410796752801,"Malawi","Machinga","TA Kawinga",158,15715.83752,"Elderly",174476.92045,1
"102",102,0.0000000915070092770318,0.00000000000162968224148915,0.0000000000569474626085146,0.025195685530763,4.04789614406967,15371.1090485245,340.655379554361,15714.8375199085,1865.76488416754,575.411831394716,"Malawi","Machinga","TA Kawinga",158,15715.83752,"Elderly",174476.92045,1
"103",103,0.0000000915070092770283,0.000000000000941110673420212,0.000000000036804531760275,0.0222351142817263,3.80353105866343,15371.2101358252,340.801617910311,15714.8375199085,1865.76488416755,575.412744462995,"Malawi","Machinga","TA Kawinga",158,15715.83752,"Elderly",174476.92045,1
"104",104,0.0000000915070092770267,0.00000000000070969612240287,0.0000000000271217887264397,0.0196224193418685,3.57386736865818,15371.305003004,340.93902711644,15714.8375199085,1865.76488416755,575.413550242917,"Malawi","Machinga","TA Kawinga",158,15715.83752,"Elderly",174476.92045,1
"105",105,0.0000000915070092770252,0.000000000000534987800865979,0.0000000000183098666893839,0.0173167241443231,3.35802657437011,15371.3940381468,341.06813846318,15714.8375199085,1865.76488416755,575.414261341204,"Malawi","Machinga","TA Kawinga",158,15715.83752,"Elderly",174476.92045,1
"106",106,0.000000091507009277024,0.000000000000245068204637078,0.0000000000115901687372264,0.0152819553221293,3.15518196685591,15371.4776045069,341.189451479372,15714.8375199085,1865.76488416755,575.414888883225,"Malawi","Machinga","TA Kawinga",158,15715.83752,"Elderly",174476.92045,1
"107",107,0.0000000915070092770236,0.00000000000020276663759657,0.00000000000880784733987622,0.0134862781509362,2.96455565849386,15371.5560421654,341.303435806493,15714.8375199085,1865.76488416755,575.415442687111,"Malawi","Machinga","TA Kawinga",158,15715.83752,"Elderly",174476.92045,1
"108",108,0.0000000915070092770231,0.000000000000179267117163023,0.00000000000582479122665027,0.0119015993102458,2.78541577523793,15371.6296695698,341.410532964105,15714.8375199085,1865.76488416755,575.415931417109,"Malawi","Machinga","TA Kawinga",158,15715.83752,"Elderly",174476.92045,1
"109",109,0.0000000915070092770227,0.0000000000000999831296615418,0.00000000000389844904809682,0.0105031253401024,2.61707379626918,15371.6987849697,341.511158017176,15714.8375199085,1865.76488416755,575.416362719757,"Malawi","Machinga","TA Kawinga",158,15715.83752,"Elderly",174476.92045,1
"110",110,0.0000000915070092770226,0.0000000000000867649254878006,0.00000000000297430582771735,0.00926897625730506,2.45888204592422,15371.7636677438,341.605701142487,15714.8375199085,1865.76488416755,575.41674334305,"Malawi","Machinga","TA Kawinga",158,15715.83752,"Elderly",174476.92045,1
"111",111,0.0000000915070092770224,0.0000000000000633973320518708,0.00000000000187550294280492,0.00817984344071964,2.31023132186348,15371.8245796376,341.69452910565,15714.8375199085,1865.76488416755,575.41707924195,"Malawi","Machinga","TA Kawinga",158,15715.83752,"Elderly",174476.92045,1
"112",112,0.0000000915070092770223,0.0000000000000317353972527809,0.00000000000130109811243861,0.00721868702997247,2.17054865361115,15371.8817659147,341.777986653146,15714.8375199085,1865.76488416755,575.417375671712,"Malawi","Machinga","TA Kawinga",158,15715.83752,"Elderly",174476.92045,1
"113",113,0.0000000915070092770223,0.0000000000000286169846080554,0.000000000000974072571407732,0.00637046941030324,2.03929518700228,15371.9354564294,341.856397822651,15714.8375199085,1865.76488416755,575.417637270078,"Malawi","Machinga","TA Kawinga",158,15715.83752,"Elderly",174476.92045,1
"114",114,0.0000000915070092770222,0.0000000000000192463830774349,0.000000000000594541011196747,0.00562191993469147,1.91596418746953,15371.9858666243,341.930067176771,15714.8375199085,1865.76488416755,575.417868129842,"Malawi","Machinga","TA Kawinga",158,15715.83752,"Elderly",174476.92045,1
"115",115,0.0000000915070092770222,0.00000000000000964548884042345,0.000000000000435922055123929,0.00496132729237688,1.80007915604937,15372.0331984607,341.999280964481,15714.8375199085,1865.76488416755,575.418071862884,"Malawi","Machinga","TA Kawinga",158,15715.83752,"Elderly",174476.92045,1
"116",116,0.0000000915070092770222,0.00000000000000955641494667523,0.000000000000315359627506598,0.00437835628896271,1.69119205224187,15372.0776412856,342.064308214376,15714.8375199085,1865.76488416755,575.418251656675,"Malawi","Machinga","TA Kawinga",158,15715.83752,"Elderly",174476.92045,1
"117",117,0.0000000915070092770222,0.0000000000000058214657232074,0.000000000000189122390137825,0.00386388614650725,1.58888161811139,15372.1193726407,342.125401763595,15714.8375199085,1865.76488416755,575.418410324151,"Malawi","Machinga","TA Kawinga",158,15715.83752,"Elderly",174476.92045,1
"118",118,0.0000000915070092770222,0.00000000000000300974791009686,0.000000000000146892054066915,0.00340986780602353,1.49275179824748,15372.1585590163,342.182799226106,15714.8375199085,1865.76488416755,575.418550347717,"Malawi","Machinga","TA Kawinga",158,15715.83752,"Elderly",174476.92045,1
"119",119,0.0000000915070092770221,0.00000000000000318530302630032,0.000000000000100650845452845,0.00300919799748528,1.40243025044571,15372.1953565563,342.23672390381,15714.8375199085,1865.76488416755,575.41867391809,"Malawi","Machinga","TA Kawinga",158,15715.83752,"Elderly",174476.92045,1
"120",120,0.0000000915070092770221,0.0000000000000017149597291677,0.0000000000000606581152627332,0.00265560810658888,1.31756694220102,15372.2299117144,342.287385643775,15714.8375199085,1865.76488416755,575.418782968569,"Malawi","Machinga","TA Kawinga",158,15715.83752,"Elderly",174476.92045,1
"121",121,0.0000000915070092770221,0.000000000000000960874967064408,0.0000000000000495711388407442,0.00234356610022351,1.23783282833358,15372.2623618694,342.334981644678,15714.8375199085,1865.76488416755,575.418879205286,"Malawi","Machinga","TA Kawinga",158,15715.83752,"Elderly",174476.92045,1
"122",122,0.0000000915070092770221,0.00000000000000105559345321178,0.0000000000000316152088750052,0.00206818997595858,1.16291860529012,15372.2928358978,342.379697215432,15714.8375199085,1865.76488416755,575.418964133897,"Malawi","Machinga","TA Kawinga",158,15715.83752,"Elderly",174476.92045,1
"123",123,0.0000000915070092770221,0.000000000000000490816849162576,0.0000000000000197202186056168,0.00182517138380363,1.09253353789818,15372.3214547105,342.421706488732,15714.8375199085,1865.76488416755,575.419039083138,"Malawi","Machinga","TA Kawinga",158,15715.83752,"Elderly",174476.92045,1
"124",124,0.0000000915070092770221,0.000000000000000319026421761533,0.0000000000000165458727179353,0.00161070819641425,1.0264043543102,15372.3483317537,342.461173092303,15714.8375199085,1865.76488416755,575.41910522562,"Malawi","Machinga","TA Kawinga",158,15715.83752,"Elderly",174476.92045,1
"125",125,0.0000000915070092770221,0.000000000000000365078510272078,0.00000000000000877945162935133,0.00142144495004187,0.964274205038857,15372.373573478,342.498250780493,15714.8375199085,1865.76488416755,575.419163596202,"Malawi","Machinga","TA Kawinga",158,15715.83752,"Elderly",174476.92045,1
"126",126,0.0000000915070092770221,0.000000000000000116687173140326,0.00000000000000782421693346841,0.00125442068843385,0.905901686382355,15372.3972797753,342.53308402611,15714.8375199085,1865.76488416755,575.41921510807,"Malawi","Machinga","TA Kawinga",158,15715.83752,"Elderly",174476.92045,1
"127",127,0.0000000915070092770221,0.000000000000000135247598902837,0.0000000000000063491116800764,0.00110702234492665,0.8510599164531,15372.4195443898,342.565808579878,15714.8375199085,1865.76488416755,575.419260567119,"Malawi","Machinga","TA Kawinga",158,15715.83752,"Elderly",174476.92045,1
"128",128,0.0000000915070092770221,0.000000000000000103853104256319,0.00000000000000169297001850405,0.000976943784722332,0.79953566690391,15372.4404553022,342.596551995646,15714.8375199085,1865.76488416755,575.419300684582,"Malawi","Machinga","TA Kawinga",158,15715.83752,"Elderly",174476.92045,1
"129",129,0.0000000915070092770221,-0.0000000000000000275061407452026,0.00000000000000303845101828161,0.000862149858701618,0.75112854717119,15372.4600950881,342.625434123363,15714.8375199085,1865.76488416755,575.419336088118,"Malawi","Machinga","TA Kawinga",158,15715.83752,"Elderly",174476.92045,1
"130",130,0.0000000915070092770221,0.0000000000000000592804849005805,0.00000000000000171129192683462,0.000760844575034246,0.705650236496578,15372.4785412546,342.652567572812,15714.8375199085,1865.76488416755,575.419367331629,"Malawi","Machinga","TA Kawinga",158,15715.83752,"Elderly",174476.92045,1
"131",131,0.0000000915070092770221,0.0000000000000000216943882608347,0.00000000000000000248872438231757,0.000671442975768998,0.662923760853559,15372.4958665548,342.678058149889,15714.8375199085,1865.76488416755,575.419394903931,"Malawi","Machinga","TA Kawinga",158,15715.83752,"Elderly",174476.92045,1
"132",132,0.0000000915070092770221,-0.0000000000000000239661662393329,0.00000000000000169256281891838,0.000592546342021605,0.622782812889215,15372.5121392827,342.702005266617,15714.8375199085,1865.76488416755,575.419419236402,"Malawi","Machinga","TA Kawinga",158,15715.83752,"Elderly",174476.92045,1
"133",133,0.0000000915070092770221,0.0000000000000000432622287839332,0.000000000000000132304631939426,0.000522920307750839,0.585071112198354,15372.5274235494,342.72450232659,15714.8375199085,1865.76488416755,575.419440709732,"Malawi","Machinga","TA Kawinga",158,15715.83752,"Elderly",174476.92045,1
"134",134,0.0000000915070092770221,-0.00000000000000000797826180473841,-0.0000000000000000697387790630086,0.000461475548549613,0.54964180359117,15372.5417795421,342.745637087283,15714.8375199085,1865.76488416755,575.419459659879,"Malawi","Machinga","TA Kawinga",158,15715.83752,"Elderly",174476.92045,1
"135",135,0.0000000915070092770221,-0.00000000000000000950090708846649,0.000000000000000968869876404281,0.000407250739289395,0.516356891141583,15372.555263766,342.765492000616,15714.8375199085,1865.76488416755,575.419476383325,"Malawi","Machinga","TA Kawinga",158,15715.83752,"Elderly",174476.92045,1
"136",136,0.0000000915070092770221,0.0000000000000000271259642823231,-0.000000000000000402330147238876,0.000359397513408863,0.485086705924762,15372.567929272,342.784144533058,15714.8375199085,1865.76488416755,575.419491141714,"Malawi","Machinga","TA Kawinga",158,15715.83752,"Elderly",174476.92045,1
"137",137,0.0000000915070092770221,-0.0000000000000000165076635884425,0.000000000000000152819971350159,0.00031716719009323,0.455709405475296,15372.5798258693,342.801667466502,15714.8375199085,1865.76488416755,575.419504165946,"Malawi","Machinga","TA Kawinga",158,15715.83752,"Elderly",174476.92045,1
"138",138,0.0000000915070092770221,0.00000000000000000238805965021761,0.000000000000000464443231295052,0.000279899060843852,0.428110503105666,15372.5910003253,342.818129181045,15714.8375199085,1865.76488416755,575.419515659791,"Malawi","Machinga","TA Kawinga",158,15715.83752,"Elderly",174476.92045,1
"139",139,0.0000000915070092770221,0.0000000000000000133620431447952,-0.00000000000000044943950115992,0.000247010052451373,0.402182425330631,15372.6014965524,342.833593920756,15714.8375199085,1865.76488416755,575.419525803074,"Malawi","Machinga","TA Kawinga",158,15715.83752,"Elderly",174476.92045,1
"140",140,0.0000000915070092770221,-0.0000000000000000148248723746,0.000000000000000300211950480287,0.000217985604625427,0.377824095743011,15372.6113557837,342.848122043458,15714.8375199085,1865.76488416755,575.419534754489,"Malawi","Machinga","TA Kawinga",158,15715.83752,"Elderly",174476.92045,1
"141",141,0.0000000915070092770221,0.00000000000000000794008698347342,0.000000000000000113670306149713,0.000192371619504357,0.354940543780914,15372.6206167376,342.861770255461,15714.8375199085,1865.76488416755,575.419542654085,"Malawi","Machinga","TA Kawinga",158,15715.83752,"Elderly",174476.92045,1
"142",142,0.0000000915070092770221,0.00000000000000000352860958299196,-0.000000000000000305204862211098,0.000169767357134921,0.333442536915917,15372.6293157721,342.874591832167,15714.8375199085,1865.76488416755,575.419549625454,"Malawi","Machinga","TA Kawinga",158,15715.83752,"Elderly",174476.92045,1
"143",143,0.0000000915070092770221,-0.00000000000000000948705449794871,0.000000000000000312681273488192,0.000149819165752309,0.313246234876431,15372.6374870291,342.886636825377,15714.8375199085,1865.76488416755,575.419555777666,"Malawi","Machinga","TA Kawinga",158,15715.83752,"Elderly",174476.92045,1
"144",144,0.0000000915070092770221,0.00000000000000000850059782422783,-0.0000000000000000863683714512812,0.000132214948771903,0.294272864600499,15372.6451625708,342.897952258111,15714.8375199085,1865.76488416755,575.419561206973,"Malawi","Machinga","TA Kawinga",158,15715.83752,"Elderly",174476.92045,1
"145",145,0.0000000915070092770221,-0.00000000000000000195405412625531,-0.000000000000000128695245510535,0.000116679281926139,0.276448414687956,15372.6523725069,342.908582307671,15714.8375199085,1865.76488416755,575.41956599832,"Malawi","Machinga","TA Kawinga",158,15715.83752,"Elderly",174476.92045,1
"146",146,0.0000000915070092770221,-0.00000000000000000417180596042057,0.000000000000000234924533881316,0.000102969104153852,0.259703348193383,15372.6591451135,342.918568477676,15714.8375199085,1865.76488416755,575.419570226669,"Malawi","Machinga","TA Kawinga",158,15715.83752,"Elderly",174476.92045,1
"147",147,0.0000000915070092770221,0.00000000000000000640505442493313,-0.00000000000000015975029398915,0.000090869914823195,0.243972332668773,15372.6655069462,342.927949759711,15714.8375199085,1865.76488416755,575.419573958174,"Malawi","Machinga","TA Kawinga",158,15715.83752,"Elderly",174476.92045,1
"148",148,0.0000000915070092770221,-0.0000000000000000039275409016864,0.00000000000000000430317159890217,0.0000801924177919352,0.229193986428575,15372.6714829444,342.936762785227,15714.8375199085,1865.76488416755,575.419577251216,"Malawi","Machinga","TA Kawinga",158,15715.83752,"Elderly",174476.92045,1
"149",149,0.0000000915070092770221,-0.000000000000000000451530652834201,0.000000000000000128328091585563,0.0000707695598023658,0.215310640069956,15372.6770965306,342.945041968265,15714.8375199085,1865.76488416755,575.419580157314,"Malawi","Machinga","TA Kawinga",158,15715.83752,"Elderly",174476.92045,1
"150",150,0.0000000915070092770221,0.00000000000000000361339033413073,-0.000000000000000149428659071978,0.0000624539168730431,0.202268112337839,15372.6823697027,342.952819639577,15714.8375199085,1865.76488416755,575.419582721938,"Malawi","Machinga","TA Kawinga",158,15715.83752,"Elderly",174476.92045,1
"151",151,0.0000000915070092770221,-0.00000000000000000371972841583784,0.0000000000000000730226399934758,0.0000551153877976976,0.190015499477838,15372.687323121,342.960126172633,15714.8375199085,1865.76488416755,575.41958498521,"Malawi","Machinga","TA Kawinga",158,15715.83752,"Elderly",174476.92045,1
"152",152,0.0000000915070092770221,0.00000000000000000143583171467292,0.0000000000000000366506395805589,0.0000486391586658652,0.178504977270679,15372.69197619,342.966990102032,15714.8375199085,1865.76488416755,575.41958698254,"Malawi","Machinga","TA Kawinga",158,15715.83752,"Elderly",174476.92045,1
"153",153,0.0000000915070092770221,0.00000000000000000127666524201697,-0.000000000000000100115457729174,0.0000429239065577826,0.167691614989292,15372.6963471349,342.973438234749,15714.8375199085,1865.76488416755,575.419588745178,"Malawi","Machinga","TA Kawinga",158,15715.83752,"Elderly",174476.92045,1
"154",154,0.0000000915070092770221,-0.00000000000000000255586701794313,0.0000000000000000876221548502856,0.0000378802143111868,0.157533200564608,15372.7004530731,342.979495754668,15714.8375199085,1865.76488416755,575.419590300701,"Malawi","Machinga","TA Kawinga",158,15715.83752,"Elderly",174476.92045,1
"155",155,0.0000000915070092770221,0.00000000000000000191627280994014,-0.0000000000000000209509003850779,0.0000334291715580837,0.147990076288369,15372.7043100823,342.985186320793,15714.8375199085,1865.76488416755,575.419591673444,"Malawi","Machinga","TA Kawinga",158,15715.83752,"Elderly",174476.92045,1
"156",156,0.0000000915070092770221,-0.000000000000000000183910868036589,-0.000000000000000045572427801793,0.000029501140143482,0.139024984421097,15372.7079332634,342.990532159529,15714.8375199085,1865.76488416755,575.419592884887,"Malawi","Machinga","TA Kawinga",158,15715.83752,"Elderly",174476.92045,1
"157",157,0.0000000915070092770221,-0.00000000000000000127792826967423,0.0000000000000000698906312151222,0.0000260346646117862,0.130602922110852,15372.7113368004,342.995554151378,15714.8375199085,1865.76488416755,575.419593953981,"Malawi","Machinga","TA Kawinga",158,15715.83752,"Elderly",174476.92045,1
"158",158,0.0000000915070092770221,0.00000000000000000159616954599024,-0.0000000000000000443889449154294,0.0000229755107142519,0.122691005063771,15372.7145340155,343.0002719124,15714.8375199085,1865.76488416755,575.419594897453,"Malawi","Machinga","TA Kawinga",158,15715.83752,"Elderly",174476.92045,1
"159",159,0.0000000915070092770221,-0.000000000000000000817269999158653,-0.00000000000000000438717833008642,0.0000202758168945711,0.115258339440641,15372.7175374225,343.004703870748,15714.8375199085,1865.76488416755,575.419595730064,"Malawi","Machinga","TA Kawinga",158,15715.83752,"Elderly",174476.92045,1
"160",160,0.0000000915070092770221,-0.000000000000000000312081309885229,0.0000000000000000406840497603411,0.000017893345477935,0.108275901485072,15372.7203587751,343.008867338567,15714.8375199085,1865.76488416755,575.419596464841,"Malawi","Machinga","TA Kawinga",158,15715.83752,"Elderly",174476.92045,1
"161",161,0.0000000915070092770221,0.000000000000000000990472297219457,-0.0000000000000000435673433437053,0.0000157908218474236,0.101716424418343,15372.7230091137,343.012778579558,15714.8375199085,1865.76488416755,575.419597113279,"Malawi","Machinga","TA Kawinga",158,15715.83752,"Elderly",174476.92045,1
"162",162,0.0000000915070092770221,-0.000000000000000000881507707396318,0.0000000000000000179508569058142,0.0000139353512692286,0.0955542921637471,15372.7254988086,343.01645287244,15714.8375199085,1865.76488416755,575.419597685524,"Malawi","Machinga","TA Kawinga",158,15715.83752,"Elderly",174476.92045,1
"163",163,0.0000000915070092770221,0.000000000000000000231108000271829,0.0000000000000000140735116399448,0.0000122979042429389,0.0897654394893724,15372.7278376005,343.019904570588,15714.8375199085,1865.76488416755,575.419598190528,"Malawi","Machinga","TA Kawinga",158,15715.83752,"Elderly",174476.92045,1
"164",164,0.0000000915070092770221,0.00000000000000000042319190608523,-0.0000000000000000306162388276572,0.0000108528623245082,0.0843272581828662,15372.7300346394,343.023147158054,15714.8375199085,1865.76488416755,575.419598636193,"Malawi","Machinga","TA Kawinga",158,15715.83752,"Elderly",174476.92045,1
"165",165,0.0000000915070092770221,-0.000000000000000000660051699859031,0.0000000000000000241880899087063,0.00000957761731655778,0.0792185088948321,15372.7320985198,343.026193302201,15714.8375199085,1865.76488416755,575.41959902949,"Malawi","Machinga","TA Kawinga",158,15715.83752,"Elderly",174476.92045,1
"166",166,0.0000000915070092770221,0.000000000000000000420510334829451,-0.00000000000000000351567865560425,0.00000845221755512432,0.0744192383092974,15372.7340373148,343.029054903149,15714.8375199085,1865.76488416755,575.419599376574,"Malawi","Machinga","TA Kawinga",158,15715.83752,"Elderly",174476.92045,1
"167",167,0.0000000915070092770221,0.0000000000000000000358041946134084,-0.0000000000000000152414185861765,0.00000745905575864185,0.0699107013201495,15372.7358586079,343.031743140238,15714.8375199085,1865.76488416755,575.419599682875,"Malawi","Machinga","TA Kawinga",158,15715.83752,"Elderly",174476.92045,1
"168",168,0.0000000915070092770221,-0.000000000000000000367560201713779,0.0000000000000000204271695941391,0.00000658259355578594,0.0656752879117051,15372.7375695223,343.03426851567,15714.8375199085,1865.76488416755,575.419599953184,"Malawi","Machinga","TA Kawinga",158,15715.83752,"Elderly",174476.92045,1
"169",169,0.0000000915070092770221,0.000000000000000000389535394977825,-0.0000000000000000114416497195088,0.00000580911838211544,0.0616964544596906,15372.7391767494,343.036640895511,15714.8375199085,1865.76488416755,575.419600191731,"Malawi","Machinga","TA Kawinga",158,15715.83752,"Elderly",174476.92045,1
"170",170,0.0000000915070092770221,-0.000000000000000000156488691745724,-0.00000000000000000307401088208874,0.00000512652894203584,0.0579586591859513,15372.7406865746,343.038869548219,15714.8375199085,1865.76488416755,575.419600402248,"Malawi","Machinga","TA Kawinga",158,15715.83752,"Elderly",174476.92045,1
"171",171,0.0000000915070092770221,-0.000000000000000000125171588549934,0.000000000000000012675383284957,0.00000452414587976608,0.0544473015162307,15372.742104902,343.040963180829,15714.8375199085,1865.76488416755,575.419600588029,"Malawi","Machinga","TA Kawinga",158,15715.83752,"Elderly",174476.92045,1
"172",172,0.0000000915070092770221,0.000000000000000000263806919805415,-0.0000000000000000121845953038894,0.00000399254469697953,0.0511486651054281,15372.7434372779,343.042929972955,15714.8375199085,1865.76488416755,575.41960075198,"Malawi","Machinga","TA Kawinga",158,15715.83752,"Elderly",174476.92045,1
"173",173,0.0000000915070092770221,-0.000000000000000000202207115381916,0.00000000000000000396446971682626,0.00000352340830313286,0.0480498643089174,15372.7446889121,343.044777608734,15714.8375199085,1865.76488416755,575.419600896666,"Malawi","Machinga","TA Kawinga",158,15715.83752,"Elderly",174476.92045,1
"174",174,0.0000000915070092770221,0.0000000000000000000244846470403496,0.00000000000000000513294993682759,0.00000310939689165779,0.0451387938918267,15372.7458646984,343.04651330683,15714.8375199085,1865.76488416755,575.419601024351,"Malawi","Machinga","TA Kawinga",158,15715.83752,"Elderly",174476.92045,1
"175",175,0.0000000915070092770221,0.000000000000000000129421347611395,-0.00000000000000000908018937387885,0.00000274403310603085,0.0424040817807112,15372.7469692341,343.048143848627,15714.8375199085,1865.76488416755,575.419601137033,"Malawi","Machinga","TA Kawinga",158,15715.83752,"Elderly",174476.92045,1
"176",176,0.0000000915070092770221,-0.000000000000000000165985080009131,0.00000000000000000638745311384126,0.00000242160069921619,0.0398350446738258,15372.7480068375,343.049675604715,15714.8375199085,1865.76488416755,575.419601236474,"Malawi","Machinga","TA Kawinga",158,15715.83752,"Elderly",174476.92045,1
"177",177,0.0000000915070092770221,0.0000000000000000000878403598045464,-0.000000000000000000137867846208594,0.0000021370551009624,0.0374216463372777,15372.7489815653,343.051114559766,15714.8375199085,1865.76488416755,575.41960132423,"Malawi","Machinga","TA Kawinga",158,15715.83752,"Elderly",174476.92045,1
"178",178,0.0000000915070092770221,0.0000000000000000000293194866276809,-0.0000000000000000049247574063023,0.00000188594449366804,0.0351544584247474,15372.7498972282,343.052466335917,15714.8375199085,1865.76488416755,575.419601401675,"Malawi","Machinga","TA Kawinga",158,15715.83752,"Elderly",174476.92045,1
"179",179,0.0000000915070092770221,-0.000000000000000000100667693063694,0.00000000000000000574078224909612,0.00000166434015996826,0.0330246236676572,15372.7507574058,343.053736214719,15714.8375199085,1865.76488416755,575.41960147002,"Malawi","Machinga","TA Kawinga",158,15715.83752,"Elderly",174476.92045,1
"180",180,0.0000000915070092770221,0.000000000000000000101230610634854,-0.00000000000000000307957559368596,0.00000146877502650447,0.0310238212965866,15372.7515654607,343.054929157772,15714.8375199085,1865.76488416755,575.419601530334,"Malawi","Machinga","TA Kawinga",158,15715.83752,"Elderly",174476.92045,1
"181",181,0.0000000915070092770221,0.0000000000000000000527983766956537,-0.0000000000000000044985592766943,0.00000129618940316734,0.0291442345496513,15372.7523245517,343.056049826105,15714.8375199085,1865.76488416755,575.419601583561,"Malawi","Machinga","TA Kawinga",158,15715.83752,"Elderly",174476.92045,1
"182",182,0.0000000915070092770221,-0.0000000000000000000494305211594377,0.00000000000000000303989167832755,0.00000114388319249912,0.027378520168958,15372.7530376461,343.05710259837,15714.8375199085,1865.76488416755,575.419601630534,"Malawi","Machinga","TA Kawinga",158,15715.83752,"Elderly",174476.92045,1
"183",183,0.0000000915070092770221,-0.00000000000000000000150946428185417,0.000000000000000000594346986246994,0.00000100947345241651,0.025719779675603,15372.7537075314,343.058091587976,15714.8375199085,1865.76488416755,575.419601671987,"Malawi","Machinga","TA Kawinga",158,15715.83752,"Elderly",174476.92045,1
"184",184,0.0000000915070092770221,-0.0000000000000000000180139506436199,0.000000000000000000244422750838651,0.000000890857260078608,0.0241615324678107,15372.754336826,343.05902065914,15714.8375199085,1865.76488416755,575.41960170857,"Malawi","Machinga","TA Kawinga",158,15715.83752,"Elderly",174476.92045,1
"185",185,0.0000000915070092770221,-0.0000000000000000000283302311449631,0.00000000000000000179181094987746,0.000000786178830656232,0.022697690519799,15372.7549279898,343.059893441969,15714.8375199085,1865.76488416755,575.419601740853,"Malawi","Machinga","TA Kawinga",158,15715.83752,"Elderly",174476.92045,1
"186",186,0.0000000915070092770221,-0.000000000000000000000162202494058902,0.0000000000000000000892733480468648,0.000000693800433855976,0.021322534595366,15372.7554833335,343.060713346657,15714.8375199085,1865.76488416755,575.419601769344,"Malawi","Machinga","TA Kawinga",158,15715.83752,"Elderly",174476.92045,1
"187",187,0.0000000915070092770221,-0.00000000000000000000741043382448313,0.000000000000000000137083052085678,0.000000612276778638825,0.0200306919118968,15372.7560050275,343.061483576798,15714.8375199085,1865.76488416755,575.419601794486,"Malawi","Machinga","TA Kawinga",158,15715.83752,"Elderly",174476.92045,1
"188",188,0.0000000915070092770221,-0.00000000000000000000834981968909646,0.00000000000000000058827754607909,0.000000540332400275103,0.018817115156481,15372.7564951111,343.062207141908,15714.8375199085,1865.76488416755,575.419601816675,"Malawi","Machinga","TA Kawinga",158,15715.83752,"Elderly",174476.92045,1
"189",189,0.0000000915070092770221,0.000000000000000000000881928803412002,-0.0000000000000000000629853819923307,0.000000476841704537471,0.0176770627726313,15372.7569554997,343.062886869178,15714.8375199085,1865.76488416755,575.419601836256,"Malawi","Machinga","TA Kawinga",158,15715.83752,"Elderly",174476.92045,1
"190",190,0.0000000915070092770221,-0.0000000000000000000031635461008297,0.0000000000000000000857558446900821,0.000000420811358102382,0.0166060804407305,15372.7573879927,343.06352541452,15714.8375199085,1865.76488416755,575.419601853536,"Malawi","Machinga","TA Kawinga",158,15715.83752,"Elderly",174476.92045,1
"191",191,0.0000000915070092770221,-0.0000000000000000000024332057034406,0.000000000000000000192082195338741,0.000000371364747304047,0.0155999836798657,15372.7577942805,343.064125272943,15714.8375199085,1865.76488416755,575.419601868786,"Malawi","Machinga","TA Kawinga",158,15715.83752,"Elderly",174476.92045,1
"192",192,0.0000000915070092770221,0.00000000000000000000048016112147038,-0.0000000000000000000480905518005448,0.000000327728263232456,0.0146548415032266,15372.758175951,343.064688788299,15714.8375199085,1865.76488416755,575.419601882244,"Malawi","Machinga","TA Kawinga",158,15715.83752,"Elderly",174476.92045,1
"193",193,0.0000000915070092770221,-0.00000000000000000000129676210592359,0.0000000000000000000464191332516514,0.00000028921919837908,0.0137669610632903,15372.7585344958,343.065218162443,15714.8375199085,1865.76488416755,575.419601894121,"Malawi","Machinga","TA Kawinga",158,15715.83752,"Elderly",174476.92045,1
"194",194,0.0000000915070092770221,-0.000000000000000000000631149516387087,0.0000000000000000000577950940415448,0.000000255235065435023,0.0129328732268831,15372.7588713162,343.065715463832,15714.8375199085,1865.76488416755,575.419601904602,"Malawi","Machinga","TA Kawinga",158,15715.83752,"Elderly",174476.92045,1
"195",195,0.0000000915070092770221,0.000000000000000000000192104970510147,-0.0000000000000000000240787607675054,0.000000225244171177804,0.0121493190238298,15372.7591877286,343.06618263561,15714.8375199085,1865.76488416755,575.419601913851,"Malawi","Machinga","TA Kawinga",158,15715.83752,"Elderly",174476.92045,1
"196",196,0.0000000915070092770221,-0.000000000000000000000510735851201735,0.0000000000000000000226603955228019,0.000000198777297951236,0.0114132369163067,15372.7594849696,343.066621503195,15714.8375199085,1865.76488416755,575.419601922014,"Malawi","Machinga","TA Kawinga",158,15715.83752,"Elderly",174476.92045,1
"197",197,0.0000000915070092770221,-0.00000000000000000000013522954432492,0.0000000000000000000155877190485437,0.000000175420362596658,0.0107217508392135,15372.7597642008,343.067033781414,15714.8375199085,1865.76488416755,575.419601929217,"Malawi","Machinga","TA Kawinga",158,15715.83752,"Elderly",174476.92045,1
"198",198,0.0000000915070092770221,0.0000000000000000000000598796290481234,-0.00000000000000000000991987971690782,0.000000154807937982397,0.0100721589648856,15372.7600265135,343.067421081204,15714.8375199085,1865.76488416755,575.419601935575,"Malawi","Machinga","TA Kawinga",158,15715.83752,"Elderly",174476.92045,1
"199",199,0.0000000915070092770221,-0.000000000000000000000193108533648978,0.0000000000000000000102113536959277,0.000000136617535772996,0.00946192314828892,15372.7602729328,343.067784915902,15714.8375199085,1865.76488416755,575.419601941185,"Malawi","Machinga","TA Kawinga",158,15715.83752,"Elderly",174476.92045,1
"200",200,0.0000000915070092770221,-0.0000000000000000000000158615276465616,0.00000000000000000000339742221946573,0.000000120564560990461,0.00888865901149909,15372.7605044218,343.068126707161,15714.8375199085,1865.76488416755,575.419601946135,"Malawi","Machinga","TA Kawinga",158,15715.83752,"Elderly",174476.92045,1
"201",201,0.0000000915070092770221,0.0000000000000000000000131145375510189,-0.00000000000000000000356553946264734,0.000000106397859429814,0.00835012662875324,15372.760721885,343.068447790503,15714.8375199085,1865.76488416755,575.419601950505,"Malawi","Machinga","TA Kawinga",158,15715.83752,"Elderly",174476.92045,1
"202",202,0.0000000915070092770221,-0.0000000000000000000000697986131230615,0.00000000000000000000429368272718331,0.0000000938957882668501,0.00784422177571029,15372.7609261723,343.068749420537,15714.8375199085,1865.76488416755,575.41960195436,"Malawi","Machinga","TA Kawinga",158,15715.83752,"Elderly",174476.92045,1
"203",203,0.0000000915070092770221,0.00000000000000000000000529551353583129,0.000000000000000000000349051745085268,0.0000000828627483814105,0.00736896770875364,15372.7611180821,343.069032775862,15714.8375199085,1865.76488416755,575.419601957763,"Malawi","Machinga","TA Kawinga",158,15715.83752,"Elderly",174476.92045,1
"204",204,0.0000000915070092770221,0.000000000000000000000000176908658291426,-0.00000000000000000000111467471554955,0.0000000731261241431534,0.00692250744223896,15372.7612983643,343.069298963672,15714.8375199085,1865.76488416755,575.419601960766,"Malawi","Machinga","TA Kawinga",158,15715.83752,"Elderly",174476.92045,1
"205",205,0.0000000915070092770221,-0.0000000000000000000000239966227412369,0.00000000000000000000169557169641116,0.0000000645335827818073,0.00650309649353242,15372.7614677234,343.069549024079,15714.8375199085,1865.76488416755,575.419601963416,"Malawi","Machinga","TA Kawinga",158,15715.83752,"Elderly",174476.92045,1
"206",206,0.0000000915070092770221,0.00000000000000000000000532997749284133,-0.000000000000000000000196627545764086,0.0000000569506910895994,0.00610909606751012,15372.7616268213,343.069783934183,15714.8375199085,1865.76488416755,575.419601965755,"Malawi","Machinga","TA Kawinga",158,15715.83752,"Elderly",174476.92045,1
"207",207,0.0000000915070092770221,-0.0000000000000000000000019529894482168,-0.000000000000000000000284174456259332,0.0000000502588121683724,0.00573896665390406,15372.7617762797,343.070004611883,15714.8375199085,1865.76488416755,575.419601967819,"Malawi","Machinga","TA Kawinga",158,15715.83752,"Elderly",174476.92045,1
"208",208,0.0000000915070092770221,-0.00000000000000000000000777628254720348,0.000000000000000000000629667063840032,0.0000000443532493153015,0.00539126201249143,15372.7619166827,343.070211919467,15714.8375199085,1865.76488416755,575.41960196964,"Malawi","Machinga","TA Kawinga",158,15715.83752,"Elderly",174476.92045,1
"209",209,0.0000000915070092770221,0.00000000000000000000000287856153635645,-0.00000000000000000000018137431952983,0.0000000391416080076653,0.00506462352263782,15372.7620485789,343.070406666982,15714.8375199085,1865.76488416755,575.419601971247,"Malawi","Machinga","TA Kawinga",158,15715.83752,"Elderly",174476.92045,1
"210",210,0.0000000915070092770221,-0.00000000000000000000000149820722975993,-0.0000000000000000000000428992792270678,0.000000034542350359372,0.00475777487512664,15372.7621724837,343.070589615395,15714.8375199085,1865.76488416755,575.419601972666,"Malawi","Machinga","TA Kawinga",158,15715.83752,"Elderly",174476.92045,1
"211",211,0.0000000915070092770221,-0.00000000000000000000000233487067581021,0.00000000000000000000021899286972325,0.0000000304835194332318,0.00446951708554371,15372.7622888814,343.070761479574,15714.8375199085,1865.76488416755,575.419601973918,"Malawi","Machinga","TA Kawinga",158,15715.83752,"Elderly",174476.92045,1
"212",212,0.0000000915070092770221,0.00000000000000000000000126113129342722,-0.000000000000000000000100088332197227,0.0000000269016134504032,0.00419872380974071,15372.7623982267,343.07092293107,15714.8375199085,1865.76488416755,575.419601975022,"Malawi","Machinga","TA Kawinga",158,15715.83752,"Elderly",174476.92045,1
"213",213,0.0000000915070092770221,-0.000000000000000000000000824137709553789,0.0000000000000000000000105062775879026,0.0000000237405922836447,0.00394433694308089,15372.7625009471,343.071074600753,15714.8375199085,1865.76488416755,575.419601975997,"Malawi","Machinga","TA Kawinga",158,15715.83752,"Elderly",174476.92045,1
"214",214,0.0000000915070092770221,-0.000000000000000000000000626229995170359,0.0000000000000000000000704630522431325,0.0000000209510006906222,0.00370536248627812,15372.7625974438,343.071217081267,15714.8375199085,1865.76488416755,575.419601976857,"Malawi","Machinga","TA Kawinga",158,15715.83752,"Elderly",174476.92045,1
"215",215,0.0000000915070092770221,0.000000000000000000000000486285595261115,-0.0000000000000000000000457029533351059,0.0000000184891945699623,0.00348086666168124,15372.762688094,343.071350929353,15714.8375199085,1865.76488416755,575.419601977617,"Malawi","Machinga","TA Kawinga",158,15715.83752,"Elderly",174476.92045,1
"216",216,0.0000000915070092770221,-0.000000000000000000000000389207558177712,0.0000000000000000000000140107462202318,0.0000000163166581345652,0.00326997226483376,15372.7627732519,343.071476668019,15714.8375199085,1865.76488416755,575.419601978287,"Malawi","Machinga","TA Kawinga",158,15715.83752,"Elderly",174476.92045,1
"217",217,0.0000000915070092770221,-0.000000000000000000000000135904776512348,0.0000000000000000000000203822441054793,0.000000014399401319125,0.00307185523705736,15372.7628532503,343.071594788587,15714.8375199085,1865.76488416755,575.419601978878,"Malawi","Machinga","TA Kawinga",158,15715.83752,"Elderly",174476.92045,1
"218",218,0.0000000915070092770221,0.000000000000000000000000168499326879593,-0.0000000000000000000000185838091736787,0.000000012707427994093,0.00288574144567089,15372.7629284017,343.071705752612,15714.8375199085,1865.76488416755,575.4196019794,"Malawi","Machinga","TA Kawinga",158,15715.83752,"Elderly",174476.92045,1
"219",219,0.0000000915070092770221,-0.000000000000000000000000166667800006637,0.000000000000000000000008731789553595,0.0000000112142666661137,0.00271090365926742,15372.7629989999,343.071809993685,15714.8375199085,1865.76488416755,575.41960197986,"Malawi","Machinga","TA Kawinga",158,15715.83752,"Elderly",174476.92045,1
"220",220,0.0000000915070092770221,-0.0000000000000000000000000143115384644404,0.00000000000000000000000491586914315498,0.00000000989655632258304,0.00254665870623344,15372.7630653208,343.071907919126,15714.8375199085,1865.76488416755,575.419601980267,"Malawi","Machinga","TA Kawinga",158,15715.83752,"Elderly",174476.92045,1
"221",221,0.0000000915070092770221,0.0000000000000000000000000519846779645135,-0.00000000000000000000000688552990419111,0.00000000873368094072619,0.00239236480541019,15372.7631276234,343.071999911578,15714.8375199085,1865.76488416755,575.419601980625,"Malawi","Machinga","TA Kawinga",158,15715.83752,"Elderly",174476.92045,1
"222",222,0.0000000915070092770221,-0.000000000000000000000000066174796597209,0.00000000000000000000000435389328218913,0.00000000770744694296805,0.00224741905846921,15372.7631861512,343.072086330501,15714.8375199085,1865.76488416755,575.419601980942,"Malawi","Machinga","TA Kawinga",158,15715.83752,"Elderly",174476.92045,1
"223",223,0.0000000915070092770221,0.00000000000000000000000000731828384422201,0.000000000000000000000000723439341819527,0.00000000680179855227551,0.00211125509420579,15372.763241133,343.072167513578,15714.8375199085,1865.76488416755,575.419601981221,"Malawi","Machinga","TA Kawinga",158,15715.83752,"Elderly",174476.92045,1
"224",224,0.0000000915070092770221,0.0000000000000000000000000135725951384934,-0.00000000000000000000000232714986084863,0.00000000600256659411025,0.00198334085554753,15372.7632927836,343.07224377803,15714.8375199085,1865.76488416755,575.419601981468,"Malawi","Machinga","TA Kawinga",158,15715.83752,"Elderly",174476.92045,1
"225",225,0.0000000915070092770221,-0.0000000000000000000000000245766331162788,0.00000000000000000000000191915206040378,0.00000000529724681491404,0.00186317652063244,15372.7633413048,343.072315421861,15714.8375199085,1865.76488416755,575.419601981685,"Malawi","Machinga","TA Kawinga",158,15715.83752,"Elderly",174476.92045,1
"226",226,0.0000000915070092770221,0.00000000000000000000000000680962732740564,-0.000000000000000000000000153713034168404,0.00000000467480424884421,0.00175029254983475,15372.7633868863,343.072382725019,15714.8375199085,1865.76488416755,575.419601981877,"Malawi","Machinga","TA Kawinga",158,15715.83752,"Elderly",174476.92045,1
"227",227,0.0000000915070092770221,0.00000000000000000000000000273100481083602,-0.000000000000000000000000744868846124731,0.0000000041255002567959,0.00164424784748222,15372.763429706,343.072445950494,15714.8375199085,1865.76488416755,575.419601982047,"Malawi","Machinga","TA Kawinga",158,15715.83752,"Elderly",174476.92045,1
"228",228,0.0000000915070092770221,-0.00000000000000000000000000918225407998936,0.000000000000000000000000845137997876281,0.0000000036407417152448,0.00154462805591833,15372.7634699315,343.072505345333,15714.8375199085,1865.76488416755,575.419601982196,"Malawi","Machinga","TA Kawinga",158,15715.83752,"Elderly",174476.92045,1
"229",229,0.0000000915070092770221,-0.00000000000000000000000000108197800223496,0.000000000000000000000000332591772389388,0.00000000321294273013568,0.00145104389035768,15372.7635077198,343.072561141634,15714.8375199085,1865.76488416755,575.419601982328,"Malawi","Machinga","TA Kawinga",158,15715.83752,"Elderly",174476.92045,1
"230",230,0.0000000915070092770221,0.00000000000000000000000000128129975776627,-0.000000000000000000000000225155000322052,0.0000000028354097175865,0.00136312966464302,15372.7635432186,343.072613557427,15714.8375199085,1865.76488416755,575.419601982445,"Malawi","Machinga","TA Kawinga",158,15715.83752,"Elderly",174476.92045,1
"231",231,0.0000000915070092770221,-0.00000000000000000000000000050121380757168,-0.0000000000000000000000000155951390793629,0.00000000250223825590113,0.00128054187964558,15372.7635765666,343.072662797511,15714.8375199085,1865.76488416755,575.419601982547,"Malawi","Machinga","TA Kawinga",158,15715.83752,"Elderly",174476.92045,1
"232",232,0.0000000915070092770221,0.000000000000000000000000000272505059272649,-0.0000000000000000000000000194819960139619,0.00000000220821575725591,0.00120295782602073,15372.7636078942,343.072709054292,15714.8375199085,1865.76488416755,575.419601982638,"Malawi","Machinga","TA Kawinga",158,15715.83752,"Elderly",174476.92045,1
"233",233,0.0000000915070092770221,0.000000000000000000000000000430930621918599,-0.0000000000000000000000000727098487358143,0.00000000194874200368055,0.00113007434409233,15372.7636373237,343.072752508517,15714.8375199085,1865.76488416755,575.419601982718,"Malawi","Machinga","TA Kawinga",158,15715.83752,"Elderly",174476.92045,1
"234",234,0.0000000915070092770221,0.0000000000000000000000000000101390982813739,-0.000000000000000000000000020137213842331,0.00000000171975740756547,0.00106160664177596,15372.7636649701,343.072793329986,15714.8375199085,1865.76488416755,575.419601982789,"Malawi","Machinga","TA Kawinga",158,15715.83752,"Elderly",174476.92045,1
"235",235,0.0000000915070092770221,0.0000000000000000000000000000787319123120675,-0.0000000000000000000000000108993270904491,0.00000000151767937282578,0.000997287181463202,15372.7636909416,343.072831678209,15714.8375199085,1865.76488416755,575.419601982851,"Malawi","Machinga","TA Kawinga",158,15715.83752,"Elderly",174476.92045,1
"236",236,0.0000000915070092770221,0.0000000000000000000000000000986003430509886,-0.00000000000000000000000001732023728822,0.00000000133934627526658,0.000936864634718799,15372.7637153395,343.072867703032,15714.8375199085,1865.76488416755,575.419601982906,"Malawi","Machinga","TA Kawinga",158,15715.83752,"Elderly",174476.92045,1
"237",237,0.0000000915070092770221,0.000000000000000000000000000020779700586091,-0.0000000000000000000000000072284199832831,0.00000000118196799489163,0.000880102900224453,15372.7637382592,343.072901545221,15714.8375199085,1865.76488416755,575.419601982955,"Malawi","Machinga","TA Kawinga",158,15715.83752,"Elderly",174476.92045,1
"238",238,0.0000000915070092770221,0.0000000000000000000000000000239875093482427,-0.00000000000000000000000000418379972436301,0.00000000104308226090777,0.000826780181225074,15372.7637597903,343.072933337017,15714.8375199085,1865.76488416755,575.419601982997,"Malawi","Machinga","TA Kawinga",158,15715.83752,"Elderly",174476.92045,1
"239",239,0.0000000915070092770221,0.0000000000000000000000000000250554525335657,-0.00000000000000000000000000458089073482781,0.000000000920516128792886,0.000776688118870643,15372.7637800168,343.072963202646,15714.8375199085,1865.76488416755,575.419601983035,"Malawi","Machinga","TA Kawinga",158,15715.83752,"Elderly",174476.92045,1
"240",240,0.0000000915070092770221,0.00000000000000000000000000000959376589090104,-0.00000000000000000000000000242806434533275,0.000000000812351983277002,0.000729630978064468,15372.7637990179,343.072991258809,15714.8375199085,1865.76488416755,575.419601983069,"Malawi","Machinga","TA Kawinga",158,15715.83752,"Elderly",174476.92045,1
"241",241,0.0000000915070092770221,0.00000000000000000000000000000776480594253645,-0.00000000000000000000000000147934589683538,0.000000000716897536167309,0.000685424882637291,15372.7638168678,343.073017615135,15714.8375199085,1865.76488416755,575.419601983098,"Malawi","Machinga","TA Kawinga",158,15715.83752,"Elderly",174476.92045,1
"242",242,0.0000000915070092770221,0.00000000000000000000000000000689716497684758,-0.00000000000000000000000000130247220898763,0.000000000632659349570975,0.000643897096858823,15372.7638336362,343.073042374613,15714.8375199085,1865.76488416755,575.419601983124,"Malawi","Machinga","TA Kawinga",158,15715.83752,"Elderly",174476.92045,1
"243",243,0.0000000915070092770221,0.0000000000000000000000000000034968331197211,-0.000000000000000000000000000782590872385823,0.000000000558319470226464,0.000604885350479379,15372.7638493886,343.07306563399,15714.8375199085,1865.76488416755,575.419601983147,"Malawi","Machinga","TA Kawinga",158,15715.83752,"Elderly",174476.92045,1
"244",244,0.0000000915070092770221,0.00000000000000000000000000000251531833985002,-0.000000000000000000000000000494937053314855,0.000000000492714809392042,0.000568237204664366,15372.7638641866,343.073087484152,15714.8375199085,1865.76488416755,575.419601983167,"Malawi","Machinga","TA Kawinga",158,15715.83752,"Elderly",174476.92045,1
"245",245,0.0000000915070092770221,0.00000000000000000000000000000200322268324517,-0.000000000000000000000000000386588736205251,0.000000000434818945675969,0.000533809456344155,15372.7638780881,343.073108010481,15714.8375199085,1865.76488416755,575.419601983185,"Malawi","Machinga","TA Kawinga",158,15715.83752,"Elderly",174476.92045,1
"246",246,0.0000000915070092770221,0.00000000000000000000000000000117351286422324,-0.000000000000000000000000000247746730348388,0.000000000383726066103128,0.000501467578651943,15372.7638911474,343.073127293182,15714.8375199085,1865.76488416755,575.419601983201,"Malawi","Machinga","TA Kawinga",158,15715.83752,"Elderly",174476.92045,1
"247",247,0.0000000915070092770221,0.000000000000000000000000000000809693469404836,-0.000000000000000000000000000160861746968412,0.000000000338636794167454,0.000471085195263218,15372.7639034154,343.073145407603,15714.8375199085,1865.76488416755,575.419601983215,"Malawi","Machinga","TA Kawinga",158,15715.83752,"Elderly",174476.92045,1
"248",248,0.0000000915070092770221,0.00000000000000000000000000000060286185967116,-0.000000000000000000000000000117733381453578,0.000000000298845683142076,0.000442543586582909,15372.7639149401,343.073162424527,15714.8375199085,1865.76488416755,575.419601983227,"Malawi","Machinga","TA Kawinga",158,15715.83752,"Elderly",174476.92045,1
"249",249,0.0000000915070092770221,0.000000000000000000000000000000380603696865585,-0.0000000000000000000000000000778933444696691,0.000000000263730178973083,0.000415731225850708,15372.7639257666,343.073178410448,15714.8375199085,1865.76488416755,575.419601983238,"Malawi","Machinga","TA Kawinga",158,15715.83752,"Elderly",174476.92045,1
"250",250,0.0000000915070092770221,0.000000000000000000000000000000258995112467259,-0.0000000000000000000000000000514681775130836,0.000000000232740880075245,0.00039054334335198,15372.7639359371,343.073193427831,15714.8375199085,1865.76488416755,575.419601983247,"Malawi","Machinga","TA Kawinga",158,15715.83752,"Elderly",174476.92045,1
"251",251,0.0000000915070092770221,0.00000000000000000000000000000018535192001749,-0.0000000000000000000000000000363716710913762,0.000000000205392941638766,0.000366881517031464,15372.7639454914,343.073207535356,15714.8375199085,1865.76488416755,575.419601983256,"Malawi","Machinga","TA Kawinga",158,15715.83752,"Elderly",174476.92045,1
"252",252,0.0000000915070092770221,0.000000000000000000000000000000121576124030731,-0.0000000000000000000000000000244311045594549,0.000000000181258489962685,0.000344653287910145,15372.7639544669,343.07322078815,15714.8375199085,1865.76488416755,575.419601983263,"Malawi","Machinga","TA Kawinga",158,15715.83752,"Elderly",174476.92045,1
"253",253,0.0000000915070092770221,0.0000000000000000000000000000000824383661826554,-0.0000000000000000000000000000163239943791522,0.000000000159959928132953,0.000323771798802588,15372.7639628985,343.073233237997,15714.8375199085,1865.76488416755,575.41960198327,"Malawi","Machinga","TA Kawinga",158,15715.83752,"Elderly",174476.92045,1
"254",254,0.0000000915070092770221,0.0000000000000000000000000000000576822154191735,-0.000000000000000000000000000011322064334847,0.000000000141164028308782,0.000304155454923044,15372.7639708194,343.073244933547,15714.8375199085,1865.76488416755,575.419601983275,"Malawi","Machinga","TA Kawinga",158,15715.83752,"Elderly",174476.92045,1
"255",255,0.0000000915070092770221,0.0000000000000000000000000000000385680757057532,-0.00000000000000000000000000000765785154388045,0.000000000124576718187819,0.000285727605054207,15372.7639782603,343.073255920498,15714.8375199085,1865.76488416755,575.419601983281,"Malawi","Machinga","TA Kawinga",158,15715.83752,"Elderly",174476.92045,1
"256",256,0.0000000915070092770221,0.0000000000000000000000000000000261522280828349,-0.00000000000000000000000000000515213220876308,0.000000000109938480081485,0.000268416242032794,15372.7639852504,343.073266241784,15714.8375199085,1865.76488416755,575.419601983285,"Malawi","Machinga","TA Kawinga",158,15715.83752,"Elderly",174476.92045,1
"257",257,0.0000000915070092770221,0.0000000000000000000000000000000180702037255341,-0.00000000000000000000000000000353824367132734,0.0000000000970202906164603,0.000252153721381639,15372.7639918169,343.073275937735,15714.8375199085,1865.76488416755,575.419601983289,"Malawi","Machinga","TA Kawinga",158,15715.83752,"Elderly",174476.92045,1
"258",258,0.0000000915070092770221,0.0000000000000000000000000000000121973029086614,-0.0000000000000000000000000000024003264064815,0.0000000000856200375366811,0.000236876496988866,15372.7639979857,343.073285046237,15714.8375199085,1865.76488416755,575.419601983293,"Malawi","Machinga","TA Kawinga",158,15715.83752,"Elderly",174476.92045,1
"259",259,0.0000000915070092770221,0.00000000000000000000000000000000827856177872881,-0.0000000000000000000000000000016216497065507,0.0000000000755593575447295,0.000222524872801333,15372.7640037807,343.073293602884,15714.8375199085,1865.76488416755,575.419601983296,"Malawi","Machinga","TA Kawinga",158,15715.83752,"Elderly",174476.92045,1
"260",260,0.0000000915070092770221,0.00000000000000000000000000000000568089030358336,-0.00000000000000000000000000000110790749447222,0.0000000000666808457088838,0.00020904276956211,15372.7640092246,343.073301641109,15714.8375199085,1865.76488416755,575.419601983299,"Malawi","Machinga","TA Kawinga",158,15715.83752,"Elderly",174476.92045,1
"261",261,0.0000000915070092770221,0.00000000000000000000000000000000385223611714921,-0.000000000000000000000000000000752504774253221,0.0000000000588455927754524,0.000196377505680516,15372.7640143386,343.073309192322,15714.8375199085,1865.76488416755,575.419601983301,"Malawi","Machinga","TA Kawinga",158,15715.83752,"Elderly",174476.92045,1
"262",262,0.0000000915070092770221,0.00000000000000000000000000000000261736483338377,-0.000000000000000000000000000000509607053024788,0.0000000000519308162797131,0.000184479549974891,15372.7640191428,343.073316286056,15714.8375199085,1865.76488416755,575.419601983303,"Malawi","Machinga","TA Kawinga",158,15715.83752,"Elderly",174476.92045,1
"263",263,0.0000000915070092770221,0.00000000000000000000000000000000178965690276947,-0.000000000000000000000000000000347290832152142,0.0000000000458289485368197,0.000173302542088177,15372.764023656,343.073322949949,15714.8375199085,1865.76488416755,575.419601983305,"Malawi","Machinga","TA Kawinga",158,15715.83752,"Elderly",174476.92045,1
"264",264,0.0000000915070092770221,0.0000000000000000000000000000000012188604638339,-0.000000000000000000000000000000236312569811829,0.0000000000404441867063055,0.000162802745966764,15372.7640278956,343.073329210079,15714.8375199085,1865.76488416755,575.419601983307,"Malawi","Machinga","TA Kawinga",158,15715.83752,"Elderly",174476.92045,1
"265",265,0.0000000915070092770221,0.000000000000000000000000000000000828394899220596,-0.000000000000000000000000000000160365436791816,0.0000000000356922350855571,0.000152939126284681,15372.7640318784,343.073335090912,15714.8375199085,1865.76488416755,575.419601983308,"Malawi","Machinga","TA Kawinga",158,15715.83752,"Elderly",174476.92045,1
"266",266,0.0000000915070092770221,0.000000000000000000000000000000000563987185478927,-0.000000000000000000000000000000108922665976859,0.0000000000314985958663969,0.000143673106101586,15372.7640356199,343.073340615447,15714.8375199085,1865.76488416755,575.419601983309,"Malawi","Machinga","TA Kawinga",158,15715.83752,"Elderly",174476.92045,1
"267",267,0.0000000915070092770221,0.000000000000000000000000000000000384001091167191,-0.0000000000000000000000000000000740138693163486,0.0000000000277976853702158,0.000134968479954735,15372.7640391347,343.073345805271,15714.8375199085,1865.76488416755,575.41960198331,"Malawi","Machinga","TA Kawinga",158,15715.83752,"Elderly",174476.92045,1
"268",268,0.0000000915070092770221,0.000000000000000000000000000000000261297764064015,-0.0000000000000000000000000000000502684771895944,0.0000000000245316118344716,0.000126791235116885,15372.7640424366,343.073350680662,15714.8375199085,1865.76488416755,575.419601983311,"Malawi","Machinga","TA Kawinga",158,15715.83752,"Elderly",174476.92045,1
"269",269,0.0000000915070092770221,0.000000000000000000000000000000000177829675327904,-0.000000000000000000000000000000034140524058363,0.000000000021649283748541,0.000119109419475406,15372.7640455384,343.073355260671,15714.8375199085,1865.76488416755,575.419601983312,"Malawi","Machinga","TA Kawinga",158,15715.83752,"Elderly",174476.92045,1
"270",270,0.0000000915070092770221,0.000000000000000000000000000000000121041587458748,-0.0000000000000000000000000000000231904657615008,0.0000000000191056131917641,0.000111893016804092,15372.7640484523,343.073359563195,15714.8375199085,1865.76488416755,575.419601983313,"Malawi","Machinga","TA Kawinga",158,15715.83752,"Elderly",174476.92045,1
"271",271,0.0000000915070092770221,0.0000000000000000000000000000000000823805391812687,-0.0000000000000000000000000000000157516859320889,0.0000000000168608097945802,0.000105113829447866,15372.7640511896,343.073363605044,15714.8375199085,1865.76488416755,575.419601983314,"Malawi","Machinga","TA Kawinga",158,15715.83752,"Elderly",174476.92045,1
"272",272,0.0000000915070092770221,0.0000000000000000000000000000000000560669536892775,-0.0000000000000000000000000000000106985965664211,0.0000000000148797583241249,0.000098745368142764,15372.7640537611,343.073367402012,15714.8375199085,1865.76488416755,575.419601983314,"Malawi","Machinga","TA Kawinga",158,15715.83752,"Elderly",174476.92045,1
"273",273,0.0000000915070092770221,0.0000000000000000000000000000000000381596589085497,-0.00000000000000000000000000000000726667948711529,0.0000000000131314693944864,0.0000927627485110867,15372.7640561768,343.073370968936,15714.8375199085,1865.76488416755,575.419601983315,"Malawi","Machinga","TA Kawinga",158,15715.83752,"Elderly",174476.92045,1
"274",274,0.0000000915070092770221,0.0000000000000000000000000000000000259716655996851,-0.00000000000000000000000000000000493565788446619,0.0000000000115885947004163,0.0000871425938273401,15372.7640584461,343.073374319753,15714.8375199085,1865.76488416755,575.419601983315,"Malawi","Machinga","TA Kawinga",158,15715.83752,"Elderly",174476.92045,1
"275",275,0.0000000915070092770221,0.0000000000000000000000000000000000176762818275945,-0.00000000000000000000000000000000335234023100782,0.0000000000102269992105304,0.0000818629436752394,15372.764060578,343.073377467557,15714.8375199085,1865.76488416755,575.419601983316,"Malawi","Machinga","TA Kawinga",158,15715.83752,"Elderly",174476.92045,1
"276",276,0.0000000915070092770221,0.0000000000000000000000000000000000120305094303927,-0.00000000000000000000000000000000227693195298671,0.00000000000902538362554273,0.0000769031681388349,15372.7640625807,343.073380424646,15714.8375199085,1865.76488416755,575.419601983316,"Malawi","Machinga","TA Kawinga",158,15715.83752,"Elderly",174476.92045,1
"277",277,0.0000000915070092770221,0.00000000000000000000000000000000000818800043185157,-0.00000000000000000000000000000000154650493620383,0.00000000000796495119549247,0.0000722438871924698,15372.764064462,343.073383202577,15714.8375199085,1865.76488416755,575.419601983317,"Malawi","Machinga","TA Kawinga",158,15715.83752,"Elderly",174476.92045,1
"278",278,0.0000000915070092770221,0.0000000000000000000000000000000000055727663397495,-0.00000000000000000000000000000000105038893867167,0.00000000000702911368410249,0.0000678668949745935,15372.7640662294,343.073385812203,15714.8375199085,1865.76488416755,575.419601983317,"Malawi","Machinga","TA Kawinga",158,15715.83752,"Elderly",174476.92045,1
"279",279,0.0000000915070092770221,0.0000000000000000000000000000000000037928340174084,-0.000000000000000000000000000000000713422726205286,0.00000000000620323188069227,0.0000637550886495369,15372.7640678897,343.073388263721,15714.8375199085,1865.76488416755,575.419601983317,"Malawi","Machinga","TA Kawinga",158,15715.83752,"Elderly",174476.92045,1
"280",280,0.0000000915070092770221,0.00000000000000000000000000000000000258141071787496,-0.000000000000000000000000000000000484553946945964,0.0000000000054743866004993,0.0000598924015792829,15372.7640694494,343.07339056671,15714.8375199085,1865.76488416755,575.419601983317,"Malawi","Machinga","TA Kawinga",158,15715.83752,"Elderly",174476.92045,1
"281",281,0.0000000915070092770221,0.00000000000000000000000000000000000175691313623336,-0.000000000000000000000000000000000329105737079101,0.00000000000483117659119037,0.0000562637405441068,15372.7640709146,343.07339273017,15714.8375199085,1865.76488416755,575.419601983318,"Malawi","Machinga","TA Kawinga",158,15715.83752,"Elderly",174476.92045,1
"282",282,0.0000000915070092770221,0.00000000000000000000000000000000000119575832432889,-0.000000000000000000000000000000000223525372232221,0.00000000000426354018423489,0.0000528549267667805,15372.764072291,343.073394762554,15714.8375199085,1865.76488416755,575.419601983318,"Malawi","Machinga","TA Kawinga",158,15715.83752,"Elderly",174476.92045,1
"283",283,0.0000000915070092770221,0.000000000000000000000000000000000000813835410802746,-0.000000000000000000000000000000000151815583482969,0.00000000000376259790125096,0.0000496526405098986,15372.7640735841,343.073396671803,15714.8375199085,1865.76488416755,575.419601983318,"Malawi","Machinga","TA Kawinga",158,15715.83752,"Elderly",174476.92045,1
"284",284,0.0000000915070092770221,0.000000000000000000000000000000000000553897948360091,-0.00000000000000000000000000000000010311076543811,0.00000000000332051355323128,0.0000466443690298437,15372.7640747988,343.073398465378,15714.8375199085,1865.76488416755,575.419601983318,"Malawi","Machinga","TA Kawinga",158,15715.83752,"Elderly",174476.92045,1
"285",285,0.0000000915070092770221,0.000000000000000000000000000000000000376983996538003,-0.0000000000000000000000000000000000700309088206875,0.00000000000293037165983823,0.0000438183576840249,15372.7640759399,343.073400150287,15714.8375199085,1865.76488416755,575.419601983318,"Malawi","Machinga","TA Kawinga",158,15715.83752,"Elderly",174476.92045,1
"286",286,0.0000000915070092770221,0.000000000000000000000000000000000000256576026751054,-0.0000000000000000000000000000000000475634790117129,0.00000000000258606927125076,0.0000411635640003466,15372.7640770118,343.073401733113,15714.8375199085,1865.76488416755,575.419601983318,"Malawi","Machinga","TA Kawinga",158,15715.83752,"Elderly",174476.92045,1
"287",287,0.0000000915070092770221,0.000000000000000000000000000000000000174626134622989,-0.0000000000000000000000000000000000323039449380807,0.00000000000228222050034316,0.0000386696145294346,15372.7640780188,343.073403220041,15714.8375199085,1865.76488416755,575.419601983318,"Malawi","Machinga","TA Kawinga",158,15715.83752,"Elderly",174476.92045,1
"288",288,0.0000000915070092770221,0.000000000000000000000000000000000000118850880618508,-0.0000000000000000000000000000000000219399479091641,0.00000000000201407227180247,0.0000363267643110257,15372.7640789649,343.073404616882,15714.8375199085,1865.76488416755,575.419601983318,"Malawi","Machinga","TA Kawinga",158,15715.83752,"Elderly",174476.92045,1
"289",289,0.0000000915070092770221,0.0000000000000000000000000000000000000808901361490768,-0.0000000000000000000000000000000000149009410893534,0.00000000000177742997025643,0.0000341258587961365,15372.7640798536,343.073405929094,15714.8375199085,1865.76488416755,575.419601983319,"Malawi","Machinga","TA Kawinga",158,15715.83752,"Elderly",174476.92045,1
"290",290,0.0000000915070092770221,0.0000000000000000000000000000000000000547967517963999,-0.0000000000000000000000000000000000100721214385553,0.00000000000156835892603362,0.0000320577123751287,15372.7640806886,343.073407162152,15714.8375199085,1865.76488416755,575.419601983319,"Malawi","Machinga","TA Kawinga",158,15715.83752,"Elderly",174476.92045,1
"291",291,0.0000000915070092770221,0.000000000000000000000000000000000000037444703289484,-0.000000000000000000000000000000000006868594354966,0.00000000000138425867917987,0.0000301159154289348,15372.7640814727,343.07340831988,15714.8375199085,1865.76488416755,575.419601983319,"Malawi","Machinga","TA Kawinga",158,15715.83752,"Elderly",174476.92045,1
"292",292,0.0000000915070092770221,0.0000000000000000000000000000000000000253689638602448,-0.00000000000000000000000000000000000464334992740469,0.00000000000122140780433248,0.0000282907108743273,15372.7640822097,343.073409408093,15714.8375199085,1865.76488416755,575.419601983319,"Malawi","Machinga","TA Kawinga",158,15715.83752,"Elderly",174476.92045,1
"293",293,0.0000000915070092770221,0.0000000000000000000000000000000000000172366143937614,-0.00000000000000000000000000000000000314826629610134,0.00000000000107772094639179,0.000026576128215721,15372.764082902,343.073410430352,15714.8375199085,1865.76488416755,575.419601983319,"Malawi","Machinga","TA Kawinga",158,15715.83752,"Elderly",174476.92045,1
"294",294,0.0000000915070092770221,0.0000000000000000000000000000000000000117271276225678,-0.00000000000000000000000000000000000213757650420255,0.000000000000950939105638715,0.0000249654603726049,15372.7640835524,343.073411390655,15714.8375199085,1865.76488416755,575.419601983319,"Malawi","Machinga","TA Kawinga",158,15715.83752,"Elderly",174476.92045,1
"295",295,0.0000000915070092770221,0.00000000000000000000000000000000000000797733112166804,-0.00000000000000000000000000000000000145108369901002,0.000000000000839071722854626,0.0000234524083590254,15372.7640841633,343.073412292758,15714.8375199085,1865.76488416755,575.419601983319,"Malawi","Machinga","TA Kawinga",158,15715.83752,"Elderly",174476.92045,1
"296",296,0.0000000915070092770221,0.0000000000000000000000000000000000000054255674929093,-0.00000000000000000000000000000000000098486942306366,0.00000000000074036428297004,0.0000220310560892539,15372.7640847373,343.073413140189,15714.8375199085,1865.76488416755,575.419601983319,"Malawi","Machinga","TA Kawinga",158,15715.83752,"Elderly",174476.92045,1
"297",297,0.0000000915070092770221,0.00000000000000000000000000000000000000369004610656035,-0.000000000000000000000000000000000000668439319744394,0.000000000000653268673649391,0.0000206958460273257,15372.7640852764,343.07341393626,15714.8375199085,1865.76488416755,575.419601983319,"Malawi","Machinga","TA Kawinga",158,15715.83752,"Elderly",174476.92045,1
"298",298,0.0000000915070092770221,0.00000000000000000000000000000000000000250973298380468,-0.000000000000000000000000000000000000453683732843017,0.000000000000576418892445334,0.0000194415574550233,15372.7640857829,343.073414684085,15714.8375199085,1865.76488416755,575.419601983319,"Malawi","Machinga","TA Kawinga",158,15715.83752,"Elderly",174476.92045,1
"299",299,0.0000000915070092770221,0.00000000000000000000000000000000000000170696441151229,-0.000000000000000000000000000000000000307924231100766,0.000000000000508609631795149,0.0000182632860599558,15372.7640862586,343.073415386587,15714.8375199085,1865.76488416755,575.419601983319,"Malawi","Machinga","TA Kawinga",158,15715.83752,"Elderly",174476.92045,1
"300",300,0.0000000915070092770221,0.00000000000000000000000000000000000000116096865474757,-0.000000000000000000000000000000000000208992944929907,0.000000000000448777375178154,0.0000171564247595353,15372.7640867056,343.073416046514,15714.8375199085,1865.76488416755,575.419601983319,"Malawi","Machinga","TA Kawinga",158,15715.83752,"Elderly",174476.92045,1
"301",301,0.0000000915070092770221,0.000000000000000000000000000000000000000789616592385797,-0.000000000000000000000000000000000000141846034676514,0.000000000000395983716944058,0.0000161166456871273,15372.7640871254,343.073416666445,15714.8375199085,1865.76488416755,575.419601983319,"Malawi","Machinga","TA Kawinga",158,15715.83752,"Elderly",174476.92045,1
"302",302,0.0000000915070092770221,0.000000000000000000000000000000000000000537046776226884,-0.0000000000000000000000000000000000000962722111364163,0.000000000000349400644412133,0.0000151398832699446,15372.7640875198,343.073417248805,15714.8375199085,1865.76488416755,575.419601983319,"Malawi","Machinga","TA Kawinga",158,15715.83752,"Elderly",174476.92045,1
"303",303,0.0000000915070092770221,0.000000000000000000000000000000000000000365264951230229,-0.0000000000000000000000000000000000000653405548913788,0.000000000000308297551368407,0.000014222318332519,15372.7640878903,343.07341779587,15714.8375199085,1865.76488416755,575.419601983319,"Malawi","Machinga","TA Kawinga",158,15715.83752,"Elderly",174476.92045,1
"304",304,0.0000000915070092770221,0.000000000000000000000000000000000000000248429911907224,-0.0000000000000000000000000000000000000443468480354928,0.000000000000272029779280096,0.0000133603631635947,15372.7640882384,343.07341830978,15714.8375199085,1865.76488416755,575.419601983319,"Malawi","Machinga","TA Kawinga",158,15715.83752,"Elderly",174476.92045,1
"305",305,0.0000000915070092770221,0.000000000000000000000000000000000000000168966171514298,-0.0000000000000000000000000000000000000300982160494857,0.000000000000240028506508472,0.0000125506474880545,15372.7640885653,343.073418792545,15714.8375199085,1865.76488416755,575.419601983319,"Malawi","Machinga","TA Kawinga",158,15715.83752,"Elderly",174476.92045,1
"306",306,0.0000000915070092770221,0.000000000000000000000000000000000000000114920006565867,-0.0000000000000000000000000000000000000204275747659116,0.000000000000211791826943202,0.0000117900052890281,15372.7640888725,343.07341924605,15714.8375199085,1865.76488416755,575.419601983319,"Malawi","Machinga","TA Kawinga",158,15715.83752,"Elderly",174476.92045,1
"307",307,0.0000000915070092770221,0.000000000000000000000000000000000000000078161254461981,-0.000000000000000000000000000000000000013864075363814,0.000000000000186876878135956,0.000011075462428657,15372.764089161,343.073419672071,15714.8375199085,1865.76488416755,575.419601983319,"Malawi","Machinga","TA Kawinga",158,15715.83752,"Elderly",174476.92045,1
"308",308,0.0000000915070092770221,0.0000000000000000000000000000000000000000531602971749376,-0.00000000000000000000000000000000000000940942428091368,0.000000000000164892895471394,0.0000104042250191132,15372.764089432,343.073420072272,15714.8375199085,1865.76488416755,575.419601983319,"Malawi","Machinga","TA Kawinga",158,15715.83752,"Elderly",174476.92045,1
"309",309,0.0000000915070092770221,0.0000000000000000000000000000000000000000361562415398071,-0.00000000000000000000000000000000000000638606337304363,0.000000000000145495083437551,0.00000977366849840092,15372.7640896866,343.073420448219,15714.8375199085,1865.76488416755,575.419601983319,"Malawi","Machinga","TA Kawinga",158,15715.83752,"Elderly",174476.92045,1
"310",310,0.0000000915070092770221,0.0000000000000000000000000000000000000000245911680656397,-0.00000000000000000000000000000000000000433412486271613,0.000000000000128379207872982,0.00000918132736822859,15372.7640899258,343.073420801382,15714.8375199085,1865.76488416755,575.419601983319,"Malawi","Machinga","TA Kawinga",158,15715.83752,"Elderly",174476.92045,1
"311",311,0.0000000915070092770221,0.0000000000000000000000000000000000000000167253431521861,-0.00000000000000000000000000000000000000294149170379648,0.000000000000113276824375776,0.00000862488555382475,15372.7640901505,343.07342113314,15714.8375199085,1865.76488416755,575.419601983319,"Malawi","Machinga","TA Kawinga",158,15715.83752,"Elderly",174476.92045,1
"312",312,0.0000000915070092770221,0.0000000000000000000000000000000000000000113755110296854,-0.00000000000000000000000000000000000000199632774418723,0.0000000000000999510680370919,0.0000081021673480054,15372.7640903616,343.073421444792,15714.8375199085,1865.76488416755,575.419601983319,"Malawi","Machinga","TA Kawinga",158,15715.83752,"Elderly",174476.92045,1
"313",313,0.0000000915070092770221,0.00000000000000000000000000000000000000000773689663707193,-0.00000000000000000000000000000000000000135485885511841,0.0000000000000881929384656352,0.00000761112890408314,15372.7640905598,343.073421737556,15714.8375199085,1865.76488416755,575.419601983319,"Malawi","Machinga","TA Kawinga",158,15715.83752,"Elderly",174476.92045,1
"314",314,0.0000000915070092770221,0.0000000000000000000000000000000000000000052621433373163,-0.00000000000000000000000000000000000000091950533688174,0.0000000000000778180218376146,0.00000714985024435543,15372.7640907461,343.073422012577,15714.8375199085,1865.76488416755,575.419601983319,"Malawi","Machinga","TA Kawinga",158,15715.83752,"Elderly",174476.92045,1
"315",315,0.0000000915070092770221,0.00000000000000000000000000000000000000000357897407729656,-0.000000000000000000000000000000000000000624040008522131,0.0000000000000686635985610012,0.00000671652775292481,15372.7640909211,343.073422270931,15714.8375199085,1865.76488416755,575.419601983319,"Malawi","Machinga","TA Kawinga",158,15715.83752,"Elderly",174476.92045,1
"316",316,0.0000000915070092770221,0.00000000000000000000000000000000000000000243418976356745,-0.000000000000000000000000000000000000000423514793488523,0.0000000000000605860911908635,0.00000630946712349774,15372.7640910854,343.073422513626,15714.8375199085,1865.76488416755,575.419601983319,"Malawi","Machinga","TA Kawinga",158,15715.83752,"Elderly",174476.92045,1
"317",317,0.0000000915070092770221,0.00000000000000000000000000000000000000000165558053150404,-0.000000000000000000000000000000000000000287423780908329,0.0000000000000534588125690293,0.00000592707673458775,15372.7640912398,343.073422741612,15714.8375199085,1865.76488416755,575.419601983319,"Malawi","Machinga","TA Kawinga",158,15715.83752,"Elderly",174476.92045,1
"318",318,0.0000000915070092770221,0.000000000000000000000000000000000000000001126020221329,-0.000000000000000000000000000000000000000195062939435865,0.0000000000000471699788700277,0.0000055678614262197,15372.7640913849,343.073422955782,15714.8375199085,1865.76488416755,575.419601983319,"Malawi","Machinga","TA Kawinga",158,15715.83752,"Elderly",174476.92045,1
"319",319,0.0000000915070092770221,0.000000000000000000000000000000000000000000765847093952961,-0.000000000000000000000000000000000000000132380731085665,0.0000000000000416209563900394,0.00000523041665380189,15372.7640915211,343.073423156971,15714.8375199085,1865.76488416755,575.419601983319,"Malawi","Machinga","TA Kawinga",158,15715.83752,"Elderly",174476.92045,1
"320",320,0.0000000915070092770221,0.000000000000000000000000000000000000000000520880318322512,-0.0000000000000000000000000000000000000000898406160850059,0.0000000000000367247145815935,0.00000491342299630748,15372.7640916491,343.073423345967,15714.8375199085,1865.76488416755,575.419601983319,"Malawi","Machinga","TA Kawinga",158,15715.83752,"Elderly",174476.92045,1
"321",321,0.0000000915070092770221,0.000000000000000000000000000000000000000000354269550882146,-0.000000000000000000000000000000000000000060970336808507,0.000000000000032404461071497,0.00000461564099729192,15372.7640917694,343.073423523509,15714.8375199085,1865.76488416755,575.419601983319,"Malawi","Machinga","TA Kawinga",158,15715.83752,"Elderly",174476.92045,1
"322",322,0.0000000915070092770221,0.000000000000000000000000000000000000000000240951539670341,-0.0000000000000000000000000000000000000000413773224823729,0.0000000000000285924372536975,0.00000433590631857471,15372.7640918823,343.073423690291,15714.8375199085,1865.76488416755,575.419601983319,"Malawi","Machinga","TA Kawinga",158,15715.83752,"Elderly",174476.92045,1
"323",323,0.0000000915070092770221,0.000000000000000000000000000000000000000000163879860195884,-0.000000000000000000000000000000000000000028080451232918,0.0000000000000252288555672271,0.00000407312518763621,15372.7640919884,343.073423846965,15714.8375199085,1865.76488416755,575.419601983319,"Malawi","Machinga","TA Kawinga",158,15715.83752,"Elderly",174476.92045,1
"324",324,0.0000000915070092770221,0.000000000000000000000000000000000000000000111460622392777,-0.0000000000000000000000000000000000000000190565237060784,0.0000000000000222609617915554,0.00000382627012092855,15372.7640920881,343.073423994144,15714.8375199085,1865.76488416755,575.419601983319,"Malawi","Machinga","TA Kawinga",158,15715.83752,"Elderly",174476.92045,1
"325",325,0.0000000915070092770221,0.0000000000000000000000000000000000000000000758084021397685,-0.0000000000000000000000000000000000000000129324606695414,0.0000000000000196422076524478,0.00000359437590637886,15372.7640921817,343.073424132402,15714.8375199085,1865.76488416755,575.419601983319,"Malawi","Machinga","TA Kawinga",158,15715.83752,"Elderly",174476.92045,1
"326",326,0.0000000915070092770221,0.0000000000000000000000000000000000000000000515600371833939,-0.00000000000000000000000000000000000000000877640252059487,0.0000000000000173315207615261,0.00000337653582937596,15372.7640922697,343.073424262282,15714.8375199085,1865.76488416755,575.419601983319,"Malawi","Machinga","TA Kawinga",158,15715.83752,"Elderly",174476.92045,1
"327",327,0.0000000915070092770221,0.0000000000000000000000000000000000000000000350678468263241,-0.00000000000000000000000000000000000000000595593256163368,0.0000000000000152926604393053,0.00000317189812748434,15372.7640923523,343.07342438429,15714.8375199085,1865.76488416755,575.419601983319,"Malawi","Machinga","TA Kawinga",158,15715.83752,"Elderly",174476.92045,1
"328",328,0.0000000915070092770221,0.0000000000000000000000000000000000000000000238509114467005,-0.00000000000000000000000000000000000000000404185632136014,0.0000000000000134936493184745,0.00000297966266002297,15372.7640924299,343.073424498903,15714.8375199085,1865.76488416755,575.419601983319,"Malawi","Machinga","TA Kawinga",158,15715.83752,"Elderly",174476.92045,1
"329",329,0.0000000915070092770221,0.0000000000000000000000000000000000000000000162218678455715,-0.0000000000000000000000000000000000000000027428990427189,0.000000000000011906271812718,0.00000279907777948701,15372.7640925029,343.07342460657,15714.8375199085,1865.76488416755,575.419601983319,"Malawi","Machinga","TA Kawinga",158,15715.83752,"Elderly",174476.92045,1
"330",330,0.0000000915070092770221,0.0000000000000000000000000000000000000000000110330792594862,-0.00000000000000000000000000000000000000000186138674489023,0.0000000000000105056315850921,0.00000262943739257948,15372.7640925714,343.073424707712,15714.8375199085,1865.76488416755,575.419601983319,"Malawi","Machinga","TA Kawinga",158,15715.83752,"Elderly",174476.92045,1
"331",331,0.0000000915070092770221,0.00000000000000000000000000000000000000000000750399640204442,-0.00000000000000000000000000000000000000000126316837402434,0.00000000000000926976107531765,0.0000024700781993616,15372.7640926357,343.073424802725,15714.8375199085,1865.76488416755,575.419601983319,"Malawi","Machinga","TA Kawinga",158,15715.83752,"Elderly",174476.92045,1
"332",332,0.0000000915070092770221,0.00000000000000000000000000000000000000000000510373946187104,-0.000000000000000000000000000000000000000000857203022073676,0.00000000000000817927696183541,0.0000023203770997265,15372.7640926962,343.073424891979,15714.8375199085,1865.76488416755,575.419601983319,"Malawi","Machinga","TA Kawinga",158,15715.83752,"Elderly",174476.92045,1
"333",333,0.0000000915070092770221,0.00000000000000000000000000000000000000000000347123787104757,-0.000000000000000000000000000000000000000000581706553400389,0.00000000000000721707615491255,0.00000217974875705587,15372.7640927529,343.073424975823,15714.8375199085,1865.76488416755,575.419601983319,"Malawi","Machinga","TA Kawinga",158,15715.83752,"Elderly",174476.92045,1
"334",334,0.0000000915070092770221,0.00000000000000000000000000000000000000000000236091447213614,-0.000000000000000000000000000000000000000000394749894793573,0.00000000000000636806755277294,0.00000204764330953299,15372.7640928063,343.073425054586,15714.8375199085,1865.76488416755,575.419601983319,"Malawi","Machinga","TA Kawinga",158,15715.83752,"Elderly",174476.92045,1
"335",335,0.0000000915070092770221,0.00000000000000000000000000000000000000000000160574335492847,-0.000000000000000000000000000000000000000000267878515067909,0.00000000000000561893535363019,0.00000192354422016361,15372.7640928564,343.073425128576,15714.8375199085,1865.76488416755,575.419601983319,"Malawi","Machinga","TA Kawinga",158,15715.83752,"Elderly",174476.92045,1
"336",336,0.0000000915070092770221,0.00000000000000000000000000000000000000000000109212415458483,-0.000000000000000000000000000000000000000000181782271631639,0.00000000000000495793021142296,0.00000180696625709805,15372.7640929035,343.073425198082,15714.8375199085,1865.76488416755,575.419601983319,"Malawi","Machinga","TA Kawinga",158,15715.83752,"Elderly",174476.92045,1
"337",337,0.0000000915070092770221,0.000000000000000000000000000000000000000000000742793152704956,-0.000000000000000000000000000000000000000000123356756913397,0.00000000000000437468495975124,0.00000169745359635741,15372.7640929477,343.073425263375,15714.8375199085,1865.76488416755,575.419601983319,"Malawi","Machinga","TA Kawinga",158,15715.83752,"Elderly",174476.92045,1
"338",338,0.0000000915070092770221,0.000000000000000000000000000000000000000000000505200498858965,-0.0000000000000000000000000000000000000000000837089941235253,0.00000000000000386005201383845,0.00000159457803954576,15372.7640929892,343.07342532471,15714.8375199085,1865.76488416755,575.419601983319,"Malawi","Machinga","TA Kawinga",158,15715.83752,"Elderly",174476.92045,1
"339",339,0.0000000915070092770221,0.000000000000000000000000000000000000000000000343605138417151,-0.0000000000000000000000000000000000000000000568040180402895,0.00000000000000340595990034116,0.00000149793733957916,15372.7640930282,343.073425382329,15714.8375199085,1865.76488416755,575.419601983319,"Malawi","Machinga","TA Kawinga",158,15715.83752,"Elderly",174476.92045,1
"340",340,0.0000000915070092770221,0.000000000000000000000000000000000000000000000233698286947034,-0.0000000000000000000000000000000000000000000385463919335464,0.0000000000000030052866648282,0.00000140715362788536,15372.7640930649,343.073425436456,15714.8375199085,1865.76488416755,575.419601983319,"Malawi","Machinga","TA Kawinga",158,15715.83752,"Elderly",174476.92045,1
"341",341,0.0000000915070092770221,0.000000000000000000000000000000000000000000000158946660618176,-0.0000000000000000000000000000000000000000000261568921521991,0.00000000000000265174817145955,0.00000132187193692427,15372.7640930993,343.073425487302,15714.8375199085,1865.76488416755,575.419601983319,"Malawi","Machinga","TA Kawinga",158,15715.83752,"Elderly",174476.92045,1
"342",342,0.0000000915070092770221,0.000000000000000000000000000000000000000000000108105374891805,-0.0000000000000000000000000000000000000000000177495060959574,0.00000000000000233979954296341,0.0000012417588122523,15372.7640931317,343.073425535066,15714.8375199085,1865.76488416755,575.419601983319,"Malawi","Machinga","TA Kawinga",158,15715.83752,"Elderly",174476.92045,1
"343",343,0.0000000915070092770221,0.0000000000000000000000000000000000000000000000735263769316682,-0.0000000000000000000000000000000000000000000120443707474355,0.00000000000000206454819510198,0.00000116650100870365,15372.7640931621,343.073425579936,15714.8375199085,1865.76488416755,575.419601983319,"Malawi","Machinga","TA Kawinga",158,15715.83752,"Elderly",174476.92045,1
"344",344,0.0000000915070092770221,0.0000000000000000000000000000000000000000000000500079492825876,-0.00000000000000000000000000000000000000000000817296537945554,0.00000000000000182167710166337,0.00000109580426559061,15372.7640931906,343.073425622087,15714.8375199085,1865.76488416755,575.419601983319,"Malawi","Machinga","TA Kawinga",158,15715.83752,"Elderly",174476.92045,1
"345",345,0.0000000915070092770221,0.0000000000000000000000000000000000000000000000340122156951218,-0.00000000000000000000000000000000000000000000554591097251377,0.00000000000000160737708647228,0.00000102939215613384,15372.7640932174,343.073425661682,15714.8375199085,1865.76488416755,575.419601983319,"Malawi","Machinga","TA Kawinga",158,15715.83752,"Elderly",174476.92045,1
"346",346,0.0000000915070092770221,0.0000000000000000000000000000000000000000000000231329385248071,-0.00000000000000000000000000000000000000000000376325639138671,0.00000000000000141828708049138,0.000000967005006623831,15372.7640932426,343.073425698878,15714.8375199085,1865.76488416755,575.419601983319,"Malawi","Machinga","TA Kawinga",158,15715.83752,"Elderly",174476.92045,1
"347",347,0.0000000915070092770221,0.0000000000000000000000000000000000000000000000157335484872826,-0.00000000000000000000000000000000000000000000255359718685812,0.00000000000000125144140700891,0.000000908398881087505,15372.7640932663,343.07342573382,15714.8375199085,1865.76488416755,575.419601983319,"Malawi","Machinga","TA Kawinga",158,15715.83752,"Elderly",174476.92045,1
"348",348,0.0000000915070092770221,0.0000000000000000000000000000000000000000000000107009555979786,-0.00000000000000000000000000000000000000000000173276087349725,0.00000000000000110422326813683,0.000000853344627489898,15372.7640932885,343.073425766644,15714.8375199085,1865.76488416755,575.419601983319,"Malawi","Machinga","TA Kawinga",158,15715.83752,"Elderly",174476.92045,1
"349",349,0.0000000915070092770221,0.00000000000000000000000000000000000000000000000727810708460849,-0.00000000000000000000000000000000000000000000117577039766088,0.000000000000000974323703104151,0.000000801626981741566,15372.7640933094,343.073425797479,15714.8375199085,1865.76488416755,575.419601983319,"Malawi","Machinga","TA Kawinga",158,15715.83752,"Elderly",174476.92045,1
"350",350,0.0000000915070092770221,0.00000000000000000000000000000000000000000000000495010396507847,-0.00000000000000000000000000000000000000000000079781839795301,0.000000000000000859705374649785,0.000000753043726008352,15372.764093329,343.073425826445,15714.8375199085,1865.76488416755,575.419601983319,"Malawi","Machinga","TA Kawinga",158,15715.83752,"Elderly",174476.92045,1
"351",351,0.0000000915070092770221,0.00000000000000000000000000000000000000000000000336674481160182,-0.000000000000000000000000000000000000000000000541356303016208,0.000000000000000758570615542872,0.000000707404898032477,15372.7640933474,343.073425853656,15714.8375199085,1865.76488416755,575.419601983319,"Malawi","Machinga","TA Kawinga",158,15715.83752,"Elderly",174476.92045,1
"352",352,0.0000000915070092770221,0.00000000000000000000000000000000000000000000000228984496215688,-0.000000000000000000000000000000000000000000000367333014089115,0.000000000000000669333234073944,0.000000664532048373364,15372.7640933647,343.073425879217,15714.8375199085,1865.76488416755,575.419601983319,"Malawi","Machinga","TA Kawinga",158,15715.83752,"Elderly",174476.92045,1
"353",353,0.0000000915070092770221,0.00000000000000000000000000000000000000000000000155740641010605,-0.000000000000000000000000000000000000000000000249249519634282,0.000000000000000590593636315939,0.000000624257542663987,15372.764093381,343.073425903229,15714.8375199085,1865.76488416755,575.419601983319,"Malawi","Machinga","TA Kawinga",158,15715.83752,"Elderly",174476.92045,1
"354",354,0.0000000915070092770221,0.00000000000000000000000000000000000000000000000105924844972242,-0.000000000000000000000000000000000000000000000169124407932854,0.000000000000000521116874974044,0.000000586423906154542,15372.7640933963,343.073425925786,15714.8375199085,1865.76488416755,575.419601983319,"Malawi","Machinga","TA Kawinga",158,15715.83752,"Elderly",174476.92045,1
"355",355,0.0000000915070092770221,0.000000000000000000000000000000000000000000000000720433196481323,-0.000000000000000000000000000000000000000000000114756112800683,0.000000000000000459813280543782,0.000000550883207980581,15372.7640934106,343.073425946976,15714.8375199085,1865.76488416755,575.419601983319,"Malawi","Machinga","TA Kawinga",158,15715.83752,"Elderly",174476.92045,1
"356",356,0.0000000915070092770221,0.000000000000000000000000000000000000000000000000489992683713359,-0.0000000000000000000000000000000000000000000000778651163649999,0.000000000000000405721370997563,0.000000517496482748075,15372.7640934241,343.073425966882,15714.8375199085,1865.76488416755,575.419601983319,"Malawi","Machinga","TA Kawinga",158,15715.83752,"Elderly",174476.92045,1
"357",357,0.0000000915070092770221,0.00000000000000000000000000000000000000000000000033326175316216,-0.0000000000000000000000000000000000000000000000528332835279548,0.000000000000000357992771956199,0.000000486133187173788,15372.7640934368,343.073425985581,15714.8375199085,1865.76488416755,575.419601983319,"Malawi","Machinga","TA Kawinga",158,15715.83752,"Elderly",174476.92045,1
"358",358,0.0000000915070092770221,0.000000000000000000000000000000000000000000000000226663376441471,-0.0000000000000000000000000000000000000000000000358484030256584,0.000000000000000315878910834236,0.000000456670689656398,15372.7640934487,343.073426003147,15714.8375199085,1865.76488416755,575.419601983319,"Malawi","Machinga","TA Kawinga",158,15715.83752,"Elderly",174476.92045,1
"359",359,0.0000000915070092770221,0.00000000000000000000000000000000000000000000000015416196348065,-0.0000000000000000000000000000000000000000000000243236955244517,0.000000000000000278719276270839,0.000000428993790782581,15372.7640934599,343.073426019649,15714.8375199085,1865.76488416755,575.419601983319,"Malawi","Machinga","TA Kawinga",158,15715.83752,"Elderly",174476.92045,1
"360",360,0.0000000915070092770221,0.000000000000000000000000000000000000000000000000104851129272044,-0.0000000000000000000000000000000000000000000000165039091943301,0.000000000000000245931058707831,0.000000402994272893206,15372.7640934704,343.07342603515,15714.8375199085,1865.76488416755,575.419601983319,"Malawi","Machinga","TA Kawinga",158,15715.83752,"Elderly",174476.92045,1
"361",361,0.0000000915070092770221,0.0000000000000000000000000000000000000000000000000713130467564296,-0.0000000000000000000000000000000000000000000000111980293819355,0.00000000000000021700000963831,0.000000378570476948448,15372.7640934802,343.073426049712,15714.8375199085,1865.76488416755,575.419601983319,"Malawi","Machinga","TA Kawinga",158,15715.83752,"Elderly",174476.92045,1
"362",362,0.0000000915070092770221,0.0000000000000000000000000000000000000000000000000485025833584747,-0.00000000000000000000000000000000000000000000000759790533378057,0.00000000000000019147237616282,0.000000355626905037321,15372.7640934895,343.073426063391,15714.8375199085,1865.76488416755,575.419601983319,"Malawi","Machinga","TA Kawinga",158,15715.83752,"Elderly",174476.92045,1
"363",363,0.0000000915070092770221,0.0000000000000000000000000000000000000000000000000329883618703015,-0.0000000000000000000000000000000000000000000000051551776966293,0.00000000000000016894778435514,0.000000334073846977457,15372.7640934982,343.073426076241,15714.8375199085,1865.76488416755,575.419601983319,"Malawi","Machinga","TA Kawinga",158,15715.83752,"Elderly",174476.92045,1
"364",364,0.0000000915070092770221,0.0000000000000000000000000000000000000000000000000224365784984369,-0.00000000000000000000000000000000000000000000000349776699573521,0.000000000000000149072959820788,0.000000313827029545103,15372.7640935064,343.073426088313,15714.8375199085,1865.76488416755,575.419601983319,"Malawi","Machinga","TA Kawinga",158,15715.83752,"Elderly",174476.92045,1
"365",365,0.0000000915070092770221,0.0000000000000000000000000000000000000000000000000152599288410236,-0.00000000000000000000000000000000000000000000000237320673977436,0.000000000000000131536186961864,0.000000294807286963817,15372.764093514,343.073426099652,15714.8375199085,1865.76488416755,575.419601983319,"Malawi","Machinga","TA Kawinga",158,15715.83752,"Elderly",174476.92045,1
