"","time","S","E","I","H","C","R","D","inci","hosp","crits","lvl2","lvl3","lvl4","ID","POP","age","tot_pop","start"
"1",1,2840.069699,0,1,0,0,0,0,0,0,0,"Malawi","Rumphi","TA Mwankhunikira",93,2841.069699,"Elderly",30476.276729,1
"2",2,2823.54233468076,14.2204736044632,2.73435409228466,0.0612748531677274,0.000871446201933598,0.510380306102728,0.000010017020924906,16.5273643192412,0.0644238194882968,0.00088826065272973,"Malawi","Rumphi","TA Mwankhunikira",93,2841.069699,"Elderly",30476.276729,1
"3",3,2747.19965585794,76.2606292397879,14.347981613888,0.343220363859994,0.00650475819368257,2.91158828848063,0.000118877851117129,92.8700431420613,0.366987746749246,0.00670430512418654,"Malawi","Rumphi","TA Mwankhunikira",93,2841.069699,"Elderly",30476.276729,1
"4",4,2417.00512827411,338.241182133954,69.0231249218239,1.75743078295307,0.0362211199096153,15.0058410562164,0.000770711031782206,423.064570725888,1.89042431788135,0.0375148261740913,"Malawi","Rumphi","TA Mwankhunikira",93,2841.069699,"Elderly",30476.276729,1
"5",5,1392.10764772478,1102.7146013251,271.115892871584,7.80586328797711,0.175960647646297,67.1456319794042,0.00410116350712221,1447.96205127522,8.45406508674249,0.182844811362671,"Malawi","Rumphi","TA Mwankhunikira",93,2841.069699,"Elderly",30476.276729,1
"6",6,261.516790043922,1667.3814650378,660.254089623083,25.7561825595677,0.699590289939203,225.44304173403,0.0185397116612386,2578.55290895608,28.3466201487796,0.730710826857249,"Malawi","Rumphi","TA Mwankhunikira",93,2841.069699,"Elderly",30476.276729,1
"7",7,13.3362333579402,1326.14278704419,935.024450857953,56.1283460702343,2.03896237020328,508.33248175263,0.0664375468473114,2826.73346564206,63.7520098279963,2.15048363694061,"Malawi","Rumphi","TA Mwankhunikira",93,2841.069699,"Elderly",30476.276729,1
"8",8,0.38346630168891,912.489639195745,986.402182810746,89.2435909591442,4.41154521003771,847.955924959633,0.183349563004886,2839.68623269831,105.973994895331,4.71931358036953,"Malawi","Rumphi","TA Mwankhunikira",93,2841.069699,"Elderly",30476.276729,1
"9",9,0.0118728323552343,621.42258647407,910.435824089324,117.586630485209,7.70374376611495,1183.50260977077,0.406431582161191,2840.05782616764,147.31568865895,8.3859749295991,"Malawi","Rumphi","TA Mwankhunikira",93,2841.069699,"Elderly",30476.276729,1
"10",10,0.000541937364013241,423.018636196447,782.443481704964,138.241033340588,11.6360757486178,1484.96494852083,0.764981551187126,2840.06915706264,184.044213950595,12.9201645759061,"Malawi","Rumphi","TA Mwankhunikira",93,2841.069699,"Elderly",30476.276729,1
"11",11,0.0000466440713100619,287.95440194102,643.370651113468,150.935093866684,15.8971601793016,1741.63534157703,1.27700367842537,2840.06965235593,214.891129231794,18.0407231885368,"Malawi","Rumphi","TA Mwankhunikira",93,2841.069699,"Elderly",30476.276729,1
"12",12,0.00000644299770837661,196.014112001791,513.340558341216,156.623513121564,20.2093590655729,1952.93273983063,1.94941019622605,2840.069692557,239.868016116661,23.4816155649502,"Malawi","Rumphi","TA Mwankhunikira",93,2841.069699,"Elderly",30476.276729,1
"13",13,0.00000135442456829455,133.429180725684,400.756323983956,156.700569199405,24.3536686912381,2123.05012364383,2.77983140146147,2840.06969764558,259.578662721869,29.0198602337956,"Malawi","Rumphi","TA Mwankhunikira",93,2841.069699,"Elderly",30476.276729,1
"14",14,0.000000394858534814005,90.8269765777484,307.733064887881,152.594146462943,28.1733752169942,2257.98322411338,3.75891134619522,2840.06969860514,274.839713422551,34.4830385741382,"Malawi","Rumphi","TA Mwankhunikira",93,2841.069699,"Elderly",30476.276729,1
"15",15,0.00000015447022847012,61.8270929714238,233.257251184684,145.577469753216,31.5677181850404,2363.96763725301,4.87252949815149,2840.06969884553,286.483160144527,39.7466875726023,"Malawi","Rumphi","TA Mwankhunikira",93,2841.069699,"Elderly",30476.276729,1
"16",16,0.0000000781324316449345,42.0864362598157,174.968302539109,136.700573805981,34.4817941454305,2446.72889174609,6.1037004254389,2840.06969892187,295.26332374926,44.7273922376436,"Malawi","Rumphi","TA Mwankhunikira",93,2841.069699,"Elderly",30476.276729,1
"17",17,0.0000000471250235994049,28.6487508272208,130.121866918106,126.783857643856,36.8959148989185,2511.18522680404,7.43408186073268,2840.06969895288,301.821656523566,49.3746752607857,"Malawi","Rumphi","TA Mwankhunikira",93,2841.069699,"Elderly",30476.276729,1
"18",18,0.0000000331167800664761,19.5015585225104,96.0761685433985,116.440685073818,38.8159655665377,2561.39021893164,8.84510232897744,2840.06969896688,306.681871370772,53.6632479084925,"Malawi","Rumphi","TA Mwankhunikira",93,2841.069699,"Elderly",30476.276729,1
"19",19,0.0000000260446056651054,13.2749441503387,70.5060109139045,106.111030258716,40.2653445922585,2600.59361116892,10.318757889817,2840.06969897396,310.259755159726,57.5862874270825,"Malawi","Rumphi","TA Mwankhunikira",93,2841.069699,"Elderly",30476.276729,1
"20",20,0.0000000214687164210837,9.03641590574722,51.4698540949809,96.0964842368564,41.2785845801552,2631.3502197781,11.8381403826946,2840.06969897853,312.878703975513,61.1499445857646,"Malawi","Rumphi","TA Mwankhunikira",93,2841.069699,"Elderly",30476.276729,1
"21",21,0.0000000187259631206579,6.15119734044138,37.4020126516444,86.5921102557414,41.8965114965435,2655.64010983443,13.3877574024769,2840.06969898127,314.786321471127,64.3690399860075,"Malawi","Rumphi","TA Mwankhunikira",93,2841.069699,"Elderly",30476.276729,1
"22",22,0.0000000169539808790846,4.18719427787152,27.070469797947,77.7134617443683,42.1627021859809,2674.9821738552,14.9536971216783,2840.06969898305,316.169859221575,67.2637982461439,"Malawi","Rumphi","TA Mwankhunikira",93,2841.069699,"Elderly",30476.276729,1
"23",23,0.0000000157767401628836,2.85027379352816,19.5234605568946,69.5183959263865,42.1209918355216,2690.53289548874,16.5236813831556,2840.06969898422,317.169510008208,69.8574445863826,"Malawi","Rumphi","TA Mwankhunikira",93,2841.069699,"Elderly",30476.276729,1
"24",24,0.0000000149807611712244,1.94021596731545,14.036097099146,62.0241362357139,41.8137932909188,2703.1684145325,18.0870418594203,2840.06969898502,317.889370184566,72.1744841263197,"Malawi","Rumphi","TA Mwankhunikira",93,2841.069699,"Elderly",30476.276729,1
"25",25,0.0000000144341845944319,1.32072851785259,10.0625160410973,55.2202600318341,41.2810291052315,2713.55051970106,19.6346455884869,2840.06969898557,318.406198287495,74.2395089389164,"Malawi","Rumphi","TA Mwankhunikira",93,2841.069699,"Elderly",30476.276729,1
"26",26,0.0000000140551136274268,0.899035789019716,7.19546115559502,49.0783636919282,40.559512908933,2722.17853589513,21.1587895453344,2840.06969898595,318.776259650121,76.0764024495313,"Malawi","Rumphi","TA Mwankhunikira",93,2841.069699,"Elderly",30476.276729,1
"27",27,0.0000000137904624516866,0.611984547690825,5.13341745702876,43.5591077672844,39.6826513079581,2729.42945939109,22.6530785151569,2840.06969898621,319.040588013478,77.7078363334759,"Malawi","Rumphi","TA Mwankhunikira",93,2841.069699,"Elderly",30476.276729,1
"28",28,0.0000000136048916604494,0.416585322686171,3.65460532537014,38.6172422742325,38.6803682608508,2735.58860153523,24.1122962680197,2840.0696989864,319.228976120023,79.1549786484888,"Malawi","Rumphi","TA Mwankhunikira",93,2841.069699,"Elderly",30476.276729,1
"29",29,0.0000000134744227767195,0.28357466225077,2.59680180496841,34.2051079343648,37.5791782722999,2740.87275943385,25.5322768787871,2840.06969898653,319.362970688797,80.4373510274522,"Malawi","Rumphi","TA Mwankhunikira",93,2841.069699,"Elderly",30476.276729,1
"30",30,0.0000000133825556935254,0.193032552577912,1.84191784052973,30.2750077035809,36.4023542880459,2745.44760592054,26.9097806813394,2840.06969898662,319.458100982049,81.5727883515393,"Malawi","Rumphi","TA Mwankhunikira",93,2841.069699,"Elderly",30476.276729,1
"31",31,0.0000000133178051253483,0.131399619834662,1.30435413414233,26.7807533395072,35.1701515245961,2749.44066275592,28.2423776126806,2840.06969898668,319.525524679687,82.577466762751,"Malawi","Rumphi","TA Mwankhunikira",93,2841.069699,"Elderly",30476.276729,1
"32",32,0.000000013271002863831,0.0894452547922892,0.92229160050724,23.6786207910426,33.9000597218608,2752.95094212082,29.5283394977023,2840.06969898673,319.573236541374,83.4659751070552,"Malawi","Rumphi","TA Mwankhunikira",93,2841.069699,"Elderly",30476.276729,1
"33",33,0.0000000132382009940387,0.0608864873335071,0.651232936709684,20.9278869750255,32.6070652337818,2756.05608540632,30.7665419475899,2840.06969898676,319.606950540707,84.2514123528583,"Malawi","Rumphi","TA Mwankhunikira",93,2841.069699,"Elderly",30476.276729,1
"34",34,0.0000000132149454226103,0.0414461532083973,0.459242954339507,18.4910783337281,31.3039102042039,2758.8176453413,31.9563760000065,2840.06969898679,319.630741418025,84.9454984471537,"Malawi","Rumphi","TA Mwankhunikira",93,2841.069699,"Elderly",30476.276729,1
"35",35,0.0000000131986078550002,0.0282128927049554,0.323463314743379,16.3340238092298,30.0013409924602,2761.28498875228,33.09766922538,2840.0696989868,319.64750886975,85.5586903110696,"Malawi","Rumphi","TA Mwankhunikira",93,2841.069699,"Elderly",30476.276729,1
"36",36,0.0000000131871181503716,0.0192048561408974,0.227571860528519,14.4257806334036,28.7083409684133,2763.49818486399,34.1906158043363,2840.06969898681,319.659312526658,86.1002972637307,"Malawi","Rumphi","TA Mwankhunikira",93,2841.069699,"Elderly",30476.276729,1
"37",37,0.0000000131790446781767,0.0130729743184674,0.15993897073583,12.7384806092744,27.4323451907619,2765.49014630181,35.235714939923,2840.06969898682,319.667612796274,86.5785923200647,"Malawi","Rumphi","TA Mwankhunikira",93,2841.069699,"Elderly",30476.276729,1
"38",38,0.0000000131733760006506,0.00889893232947893,0.112295052447022,11.2471305879262,26.1794359532904,2767.28822155194,36.2337169088973,2840.06969898683,319.673443534062,87.0009171793931,"Malawi","Rumphi","TA Mwankhunikira",93,2841.069699,"Elderly",30476.276729,1
"39",39,0.0000000131693563844355,0.00605759110775803,0.0787703472034842,9.92939035474574,24.9545192212139,2768.91538543756,37.1855760349982,2840.06969898683,319.677535568564,87.3737797232767,"Malawi","Rumphi","TA Mwankhunikira",93,2841.069699,"Elderly",30476.276729,1
"40",40,0.000000013166538224918,0.00412346650099712,0.0552057719474567,8.76534338875222,23.7614826237869,2770.39113384644,38.0924098894027,2840.06969898683,319.680404771289,87.7029435225006,"Malawi","Rumphi","TA Mwankhunikira",93,2841.069699,"Elderly",30476.276729,1
"41",41,0.0000000131645565919339,0.00280690457296361,0.0386588130111224,7.73727089772957,22.6033360670618,2771.73216225972,38.9554640447341,2840.06969898684,319.682414837019,87.9935092863353,"Malawi","Rumphi","TA Mwankhunikira",93,2841.069699,"Elderly",30476.276729,1
"42",42,0.0000000131631736727742,0.00191069505736602,0.027050386145032,6.82943536315053,21.4823362695461,2772.95288451621,39.7760817567282,2840.06969898684,319.683821902358,88.2499885062043,"Malawi","Rumphi","TA Mwankhunikira",93,2841.069699,"Elderly",30476.276729,1
"43",43,0.0000000131622057416126,0.00130063902513093,0.0189137625861721,6.02787728331693,20.4000965667277,2774.06583272512,40.5556780100574,2840.06969898684,319.68480610928,88.4763696938405,"Malawi","Rumphi","TA Mwankhunikira",93,2841.069699,"Elderly",30476.276729,1
"44",44,0.0000000131615292249941,0.000885358724701705,0.013215337119489,5.32022729061498,19.3576833688656,2775.08197023298,41.2957173985312,2840.06969898684,319.685494044796,88.6761777090493,"Malawi","Rumphi","TA Mwankhunikira",93,2841.069699,"Elderly",30476.276729,1
"45",45,0.0000000131610566874115,0.00060267897735256,0.00922763944451666,4.69553411049522,18.3557006384342,2776.01093855131,41.997695368178,2840.06969898684,319.685974562572,88.8525267520144,"Malawi","Rumphi","TA Mwankhunikira",93,2841.069699,"Elderly",30476.276729,1
"46",46,0.0000000131607176744722,0.000410250089521266,0.00643915471210724,4.1441084286214,17.3943636387706,2776.8612551123,42.6631224023498,2840.06969898684,319.686309985379,89.0081675652531,"Malawi","Rumphi","TA Mwankhunikira",93,2841.069699,"Elderly",30476.276729,1
"47",47,0.0000000131604725409787,0.000279261864434309,0.004490598025049,3.65738198268303,16.4735631433845,2777.64047322822,43.2935107726644,2840.06969898684,319.686543983032,89.1455294032165,"Malawi","Rumphi","TA Mwankhunikira",93,2841.069699,"Elderly",30476.276729,1
"48",48,0.0000000131603034273439,0.000190099255422852,0.00312993813280875,3.22778109386486,15.5929211591005,2778.35531316877,43.8903635277142,2840.06969898684,319.686707122121,89.2667572720111,"Malawi","Rumphi","TA Mwankhunikira",93,2841.069699,"Elderly",30476.276729,1
"49",49,0.0000000131601857266281,0.000129410982613251,0.00218043548860948,2.84861338431827,14.7518392614042,2779.01177110034,44.4551653943082,2840.06969898684,319.68682079233,89.3737449916793,"Malawi","Rumphi","TA Mwankhunikira",93,2841.069699,"Elderly",30476.276729,1
"50",50,0.0000000131601039694499,0.0000880912004210946,0.00151813582728506,2.51396674439704,13.9495403286237,2779.61521033009,44.9893753566984,2840.06969898684,319.686899966046,89.4681644739598,"Malawi","Rumphi","TA Mwankhunikira",93,2841.069699,"Elderly",30476.276729,1
"51",51,0.0000000131600470699371,0.0000599637720905273,0.00105647930868938,2.21861956580666,13.1851043734825,2780.17043789326,45.4944207112053,2840.06969898684,319.686955078245,89.5514915740056,"Malawi","Rumphi","TA Mwankhunikira",93,2841.069699,"Elderly",30476.276729,1
"52",52,0.0000000131600074820571,0.000040817678655508,0.000734856598759314,1.95796088090234,12.4574994160572,2780.68177068669,45.9716923289072,2840.06969898684,319.686993422741,89.6250290113503,"Malawi","Rumphi","TA Mwankhunikira",93,2841.069699,"Elderly",30476.276729,1
"53",53,0.0000000131599799530218,0.0000277849358344895,0.000510921344929376,1.72791953154691,11.7656078716474,2781.15309188198,46.4225409953839,2840.06969898684,319.687020087207,89.6899266137141,"Malawi","Rumphi","TA Mwankhunikira",93,2841.069699,"Elderly",30476.276729,1
"54",54,0.0000000131599608150277,0.0000189119972923892,0.000355055491976019,1.52490109822741,11.1082492075119,2781.58790008882,46.8482746247919,2840.06969898684,319.687038624191,89.747199297322,"Malawi","Rumphi","TA Mwankhunikira",93,2841.069699,"Elderly",30476.276729,1
"55",55,0.0000000131599475179416,0.0000128726904429391,0.000246634079584799,1.3457326543854,10.4841989087596,2781.9893515959,47.2501563210217,2840.06969898684,319.687051503711,89.7977427782753,"Malawi","Rumphi","TA Mwankhunikira",93,2841.069699,"Elderly",30476.276729,1
"56",56,0.0000000131599382834856,0.00000876208206250503,0.000171254838162481,1.18761336138972,9.89220477447109,2782.36029780599,47.6294030280687,2840.06969898684,319.687060448186,89.8423476032027,"Malawi","Rumphi","TA Mwankhunikira",93,2841.069699,"Elderly",30476.276729,1
"57",57,0.0000000131599318721159,0.00000596380131025436,0.000118864257681464,1.04807100319932,9.33100052571988,2782.70331786453,47.9871847653285,2840.06969898684,319.687066658229,89.8817114736566,"Malawi","Rumphi","TA Mwankhunikira",93,2841.069699,"Elderly",30476.276729,1
"58",58,0.0000000131599274230374,0.00000405936748663952,0.0000824711524489751,0.924923516075305,8.79931721287112,2783.02074740473,48.3246243226456,2840.06969898684,319.687070967602,89.9164501415257,"Malawi","Rumphi","TA Mwankhunikira",93,2841.069699,"Elderly",30476.276729,1
"59",59,0.0000000131599243365821,0.00000276310280770132,0.0000572010207566439,0.816244998101978,8.29589269850873,2783.31470398406,48.6427973420437,2840.06969898684,319.687073956946,89.9471070291521,"Malawi","Rumphi","TA Mwankhunikira",93,2841.069699,"Elderly",30476.276729,1
"60",60,0.0000000131599221629757,0.0000018806552594595,0.0000396589783509121,0.72033567670449,7.81947947260902,2783.5871095763,48.9427327215937,2840.06969898684,319.687076030134,89.9741617224342,"Malawi","Rumphi","TA Mwankhunikira",93,2841.069699,"Elderly",30476.276729,1
"61",61,0.0000000131599206074196,0.00000128011022853533,0.0000274878361563821,0.635695395961555,7.36885102462345,2783.83971051474,49.2254132835721,2840.06969898684,319.687077467249,89.998037464471,"Malawi","Rumphi","TA Mwankhunikira",93,2841.069699,"Elderly",30476.276729,1
"62",62,0.0000000131599195525508,0.000000871327023679654,0.0000190459972071809,0.561000191685903,6.94280698394674,2784.07409523885,49.491776655031,2840.06969898684,319.687078463152,90.0191077741449,"Malawi","Rumphi","TA Mwankhunikira",93,2841.069699,"Elderly",30476.276729,1
"63",63,0.0000000131599188122479,0.000000593050897920573,0.0000131923408362036,0.495081615228396,6.54017719291817,2784.29171007308,49.7427163202174,2840.06969898684,319.687079153138,90.0377022857014,"Malawi","Rumphi","TA Mwankhunikira",93,2841.069699,"Elderly",30476.276729,1
"64",64,0.0000000131599183013509,0.000000403675784201296,0.00000913511600378423,0.43690846918667,6.15982487299166,2784.49387329923,49.9790828066367,2840.06969898684,319.68707963098,90.0541119058315,"Malawi","Rumphi","TA Mwankhunikira",93,2841.069699,"Elderly",30476.276729,1
"65",65,0.0000000131599179476538,0.000000274718849690332,0.00000632318743464072,0.38557066945911,5.80064901755277,2784.68178772826,50.201684973657,2840.06969898684,319.687079961899,90.0685933695232,"Malawi","Rumphi","TA Mwankhunikira",93,2841.069699,"Elderly",30476.276729,1
"66",66,0.0000000131599177035846,0.000000186972428413979,0.00000437566211643047,0.340265114207375,5.4615860805325,2784.85655184686,50.4112913826045,2840.06969898684,319.687080190915,90.081373228502,"Malawi","Rumphi","TA Mwankhunikira",93,2841.069699,"Elderly",30476.276729,1
"67",67,0.0000000131599175321746,0.000000127318379304947,0.00000302798098668123,0.300283049837241,5.14161116781317,2785.01916990272,50.6086317111731,2840.06969898684,319.687080349273,90.0926514168479,"Malawi","Rumphi","TA Mwankhunikira",93,2841.069699,"Elderly",30476.276729,1
"68",68,0.0000000131599174091401,0.0000000866668234662873,0.0000020946525872037,0.264998962507883,4.83973873489824,2785.17056090284,50.7943982052778,2840.06969898684,319.687080458869,90.1026043857275,"Malawi","Rumphi","TA Mwankhunikira",93,2841.069699,"Elderly",30476.276729,1
"69",69,0.0000000131599173266862,0.0000000590016806204685,0.00000144859573102188,0.2338608331815,4.55502286150854,2785.31156663108,50.9692471534754,2840.06969898684,319.687080534678,90.1113878529365,"Malawi","Rumphi","TA Mwankhunikira",93,2841.069699,"Elderly",30476.276729,1
"70",70,0.0000000131599172680578,0.0000000401805469910447,0.00000100168953618086,0.206381508685705,4.28655721037925,2785.44295886394,51.1338003619602,2840.06969898684,319.687080587084,90.1191392376062,"Malawi","Rumphi","TA Mwankhunikira",93,2841.069699,"Elderly",30476.276729,1
"71",71,0.000000013159917228081,0.0000000273353083822145,0.000000692280627158661,0.182131074760867,4.03347471412629,2785.5654458553,51.2886466230371,2840.06969898684,319.687080623345,90.1259798120308,"Malawi","Rumphi","TA Mwankhunikira",93,2841.069699,"Elderly",30476.276729,1
"72",72,0.000000013159917200377,0.0000000186145559832904,0.000000478424548084011,0.16073013160566,3.79494703359792,2785.67967815664,51.4343431679528,2840.06969898684,319.68708064839,90.1320165987244,"Malawi","Rumphi","TA Mwankhunikira",93,2841.069699,"Elderly",30476.276729,1
"73",73,0.0000000131599171812374,0.000000012677065144902,0.000000330600170386394,0.141843858483162,3.57018383381466,2785.78625385545,51.5714170958134,2840.06969898684,319.687080665692,90.1373440449249,"Malawi","Rumphi","TA Mwankhunikira",93,2841.069699,"Elderly",30476.276729,1
"74",74,0.0000000131599171678149,0.00000000861878269102403,0.000000228307205200054,0.125176776067049,3.35843191274854,2785.88572328826,51.7003667728372,2840.06969898684,319.687080677659,90.1420455001419,"Malawi","Rumphi","TA Mwankhunikira",93,2841.069699,"Elderly",30476.276729,1
"75",75,0.0000000131599171582437,0.00000000587568641427436,0.000000157704475883468,0.110468124086463,3.15897421473649,2785.97859328752,51.8216631969177,2840.06969898684,319.687080685912,90.146194520109,"Malawi","Rumphi","TA Mwankhunikira",93,2841.069699,"Elderly",30476.276729,1
"76",76,0.0000000131599171518307,0.00000000399877546160086,0.000000108895971791604,0.0974877819786683,2.97112875535387,2786.06533101292,51.935751323692,2840.06969898684,319.687080691615,90.1498560175801,"Malawi","Rumphi","TA Mwankhunikira",93,2841.069699,"Elderly",30476.276729,1
"77",77,0.0000000131599171472759,0.00000000271665592557302,0.0000000751523199366898,0.0860326687083508,2.79424748038178,2786.14636740857,52.0430513513076,2840.06969898684,319.687080695556,90.1530872778909,"Malawi","Rumphi","TA Mwankhunikira",93,2841.069699,"Elderly",30476.276729,1
"78",78,0.0000000131599171441834,0.00000000185632593384231,0.0000000518894915905028,0.0759235656492148,2.62771507832144,2786.22210032735,52.1439599617769,2840.06969898684,319.687080698271,90.1559388551955,"Malawi","Rumphi","TA Mwankhunikira",93,2841.069699,"Elderly",30476.276729,1
"79",79,0.0000000131599171420374,0.00000000125998176958157,0.0000000358014812032382,0.0670023127947184,2.47094776282737,2786.29289735664,52.238851517513,2840.06969898684,319.687080700148,90.1584553633905,"Malawi","Rumphi","TA Mwankhunikira",93,2841.069699,"Elderly",30476.276729,1
"80",80,0.0000000131599171405575,0.000000000856480999824334,0.0000000246984110053858,0.0591293342941664,2.32339203888962,2786.35909837591,52.3280792121876,2840.06969898684,319.687080701443,90.1606761741137,"Malawi","Rumphi","TA Mwankhunikira",93,2841.069699,"Elderly",30476.276729,1
"81",81,0.0000000131599171395474,0.00000000058732233357042,0.0000000170419085504928,0.0521814548248143,2.18452346430655,2786.42101787455,52.4119761755309,2840.06969898684,319.687080702335,90.1626360327201,"Malawi","Rumphi","TA Mwankhunikira",93,2841.069699,"Elderly",30476.276729,1
"82",82,0.0000000131599171388643,0.000000000395916482286789,0.0000000117516955125956,0.0460499725018283,2.05384541608199,2786.47894705403,52.4908565320798,2840.06969898684,319.687080702952,90.1643656018815,"Malawi","Rumphi","TA Mwankhunikira",93,2841.069699,"Elderly",30476.276729,1
"83",83,0.0000000131599171383844,0.000000000270612014393494,0.00000000810542694910951,0.0406389582013552,1.93088786968783,2786.53315573636,52.5650164142117,2840.06969898684,319.687080703376,90.1658919413155,"Malawi","Rumphi","TA Mwankhunikira",93,2841.069699,"Elderly",30476.276729,1
"84",84,0.000000013159917138059,0.000000000185974646183073,0.00000000558539437132252,0.035863754660002,1.81520619765822,2786.58389409866,52.6347349300934,2840.06969898684,319.687080703669,90.1672389311665,"Malawi","Rumphi","TA Mwankhunikira",93,2841.069699,"Elderly",30476.276729,1
"85",85,0.0000000131599171378328,0.00000000012368954509189,0.0000000038543597011211,0.0316496524392462,1.70637999287584,2786.63139425035,52.7002750871936,2840.06969898684,319.687080703871,90.1684276454897,"Malawi","Rumphi","TA Mwankhunikira",93,2841.069699,"Elderly",30476.276729,1
"86",86,0.0000000131599171376766,0.0000000000847411829010491,0.00000000265584388439567,0.0279307201107812,1.60401192051052,2786.67587167066,52.7618846728124,2840.06969898684,319.68708070401,90.1694766822354,"Malawi","Rumphi","TA Mwankhunikira",93,2841.069699,"Elderly",30476.276729,1
"87",87,0.0000000131599171375686,0.0000000000588643985759248,0.00000000182469573605675,0.0246487753059758,1.50772660219161,2786.71752651572,52.8197970917346,2840.06969898684,319.687080704107,90.170402453496,"Malawi","Rumphi","TA Mwankhunikira",93,2841.069699,"Elderly",30476.276729,1
"88",88,0.0000000131599171374954,0.0000000000395290863673942,0.00000000125967169120719,0.0217524696193435,1.4171695339407,2786.75654481734,52.8742321646372,2840.06969898684,319.687080704172,90.171219443637,"Malawi","Rumphi","TA Mwankhunikira",93,2841.069699,"Elderly",30476.276729,1
"89",89,0.0000000131599171374452,0.0000000000272924667640385,0.000000000867200859088309,0.0191964885101511,1.33200604127759,2786.79309957113,52.9253968850284,2840.06969898684,319.687080704218,90.1719404349903,"Malawi","Rumphi","TA Mwankhunikira",93,2841.069699,"Elderly",30476.276729,1
"90",90,0.0000000131599171374103,0.0000000000187593278333124,0.000000000595664182221151,0.0169408429301376,1.25192027167184,2786.8273517331,52.9734861385218,2840.06969898684,319.687080704249,90.1725767076713,"Malawi","Rumphi","TA Mwankhunikira",93,2841.069699,"Elderly",30476.276729,1
"91",91,0.0000000131599171373867,0.0000000000124703573448075,0.000000000412216291728236,0.0149502425307474,1.17661422515858,2786.85945113306,53.0186833856664,2840.06969898684,319.687080704271,90.1731382163853,"Malawi","Rumphi","TA Mwankhunikira",93,2841.069699,"Elderly",30476.276729,1
"92",92,0.0000000131599171373702,0.00000000000863791532944471,0.000000000283277683771017,0.0131935437043358,1.10580682350621,2786.8895373101,53.0611613092344,2840.06969898684,319.687080704286,90.1736337461244,"Malawi","Rumphi","TA Mwankhunikira",93,2841.069699,"Elderly",30476.276729,1
"93",93,0.0000000131599171373588,0.000000000005901163866867,0.000000000194496174007424,0.0116432623162339,1.03923301813399,2786.91774027863,53.1010824275527,2840.06969898684,319.687080704296,90.174071049616,"Malawi","Rumphi","TA Mwankhunikira",93,2841.069699,"Elderly",30476.276729,1
"94",94,0.0000000131599171373511,0.00000000000392033203777241,0.000000000134821141618354,0.0102751436891753,0.976642936437619,2786.94418123124,53.1385996753324,2840.06969898684,319.687080704303,90.1744569686215,"Malawi","Rumphi","TA Mwankhunikira",93,2841.069699,"Elderly",30476.276729,1
"95",95,0.0000000131599171373456,0.00000000000273727358168316,0.0000000000923478472894934,0.00906778314814411,0.917801066013759,2786.96897318416,53.1738569534239,2840.06969898684,319.687080704308,90.1747975409736,"Malawi","Rumphi","TA Mwankhunikira",93,2841.069699,"Elderly",30476.276729,1
"96",96,0.0000000131599171373417,0.00000000000185602654946888,0.0000000000634468759488631,0.00800229113094701,0.86248547613454,2786.99222157062,53.2069896488914,2840.06969898684,319.687080704311,90.1750980950416,"Malawi","Rumphi","TA Mwankhunikira",93,2841.069699,"Elderly",30476.276729,1
"97",97,0.0000000131599171373392,0.00000000000123430353094868,0.0000000000440477207907898,0.00706199765605256,0.81048707563509,2787.01402478672,53.2381251267815,2840.06969898684,319.687080704313,90.1753633330953,"Malawi","Rumphi","TA Mwankhunikira",93,2841.069699,"Elderly",30476.276729,1
"98",98,0.0000000131599171373373,0.000000000000867769424234962,0.0000000000300487519221091,0.00623219151559639,0.761608906273779,2787.0344746941,53.2673831949234,2840.06969898684,319.687080704315,90.1755974048732,"Malawi","Rumphi","TA Mwankhunikira",93,2841.069699,"Elderly",30476.276729,1
"99",99,0.0000000131599171373361,0.000000000000582625946131331,0.0000000000206903354523958,0.0054998901127444,0.715665470531594,2787.05365708311,53.2948765430625,2840.06969898684,319.687080704316,90.1758039725074,"Malawi","Rumphi","TA Mwankhunikira",93,2841.069699,"Elderly",30476.276729,1
"100",100,0.0000000131599171373352,0.000000000000389081382878737,0.000000000014374337772026,0.00485363634528728,0.672482092747326,2787.07165210014,53.3207111575903,2840.06969898684,319.687080704317,90.1759862678182,"Malawi","Rumphi","TA Mwankhunikira",93,2841.069699,"Elderly",30476.276729,1
"101",101,0.0000000131599171373346,0.000000000000275105436899545,0.00000000000975982320426633,0.00428331935527073,0.631894312437692,2787.08853464195,53.3449867130894,2840.06969898684,319.687080704318,90.1761471428771,"Malawi","Rumphi","TA Mwankhunikira",93,2841.069699,"Elderly",30476.276729,1
"102",102,0.0000000131599171373342,0.000000000000182589144236596,0.00000000000674698099945185,0.00378001634104105,0.593747308618652,2787.10437472,53.3677969418703,2840.06969898684,319.687080704318,90.1762891146287,"Malawi","Rumphi","TA Mwankhunikira",93,2841.069699,"Elderly",30476.276729,1
"103",103,0.0000000131599171373339,0.000000000000122888448180807,0.00000000000468383528484156,0.0033358529572796,0.5578953539259,2787.11923779732,53.3892299826323,2840.06969898684,319.687080704318,90.1764144042689,"Malawi","Rumphi","TA Mwankhunikira",93,2841.069699,"Elderly",30476.276729,1
"104",104,0.0000000131599171373337,0.0000000000000871743245308573,0.0000000000031648922531249,0.00294388011809989,0.524201297326036,2787.13318510006,53.4093687093354,2840.06969898684,319.687080704318,90.1765249719965,"Malawi","Rumphi","TA Mwankhunikira",93,2841.069699,"Elderly",30476.276729,1
"105",105,0.0000000131599171373336,0.0000000000000571317554215363,0.0000000000022007252000877,0.00259796527622313,0.492536074212846,2787.14627390602,53.428291041325,2840.06969898684,319.687080704318,90.1766225476807,"Malawi","Rumphi","TA Mwankhunikira",93,2841.069699,"Elderly",30476.276729,1
"106",106,0.0000000131599171373335,0.0000000000000389058224019907,0.00000000000152335231693348,0.00229269647731518,0.462778242694332,2787.15855781196,53.4460702357069,2840.06969898684,319.687080704319,90.1767086579261,"Malawi","Rumphi","TA Mwankhunikira",93,2841.069699,"Elderly",30476.276729,1
"107",107,0.0000000131599171373334,0.0000000000000275907711402792,0.00000000000102503486371911,0.00202329768807042,0.434813544893907,2787.17008698133,53.4627751629264,2840.06969898684,319.687080704319,90.1767846499565,"Malawi","Rumphi","TA Mwankhunikira",93,2841.069699,"Elderly",30476.276729,1
"108",108,0.0000000131599171373334,0.0000000000000178543095096611,0.000000000000718146501133938,0.00178555407356357,0.40853449211221,2787.18090837419,53.4784705664596,2840.06969898684,319.687080704319,90.1768517126929,"Malawi","Rumphi","TA Mwankhunikira",93,2841.069699,"Elderly",30476.276729,1
"109",109,0.0000000131599171373334,0.0000000000000123508095445333,0.000000000000494300750820444,0.00157574605477376,0.383839972723357,2787.19106596057,53.4932173074869,2840.06969898684,319.687080704319,90.1769108953544,"Malawi","Rumphi","TA Mwankhunikira",93,2841.069699,"Elderly",30476.276729,1
"110",110,0.0000000131599171373333,0.00000000000000871534896007703,0.000000000000331754651056144,0.00139059111448454,0.360634881710164,2787.20060091864,53.5070725953722,2840.06969898684,319.687080704319,90.1769631238736,"Malawi","Rumphi","TA Mwankhunikira",93,2841.069699,"Elderly",30476.276729,1
"111",111,0.0000000131599171373333,0.00000000000000557613758123592,0.00000000000023445076025471,0.00122719244120346,0.338829770776095,2787.20955181889,53.5200902047351,2840.06969898684,319.687080704319,90.1770092153835,"Malawi","Rumphi","TA Mwankhunikira",93,2841.069699,"Elderly",30476.276729,1
"112",112,0.0000000131599171373333,0.00000000000000393188267736334,0.000000000000159948466279987,0.0010829936075809,0.318340518006818,2787.21795479536,53.5323206798622,2840.06969898684,319.687080704319,90.1770498910012,"Malawi","Rumphi","TA Mwankhunikira",93,2841.069699,"Elderly",30476.276729,1
"113",113,0.0000000131599171373333,0.00000000000000274527569959297,0.000000000000107376339409178,0.000955738574228247,0.299088016090697,2787.22584370501,53.543811527168,2840.06969898684,319.687080704319,90.1770857871104,"Malawi","Rumphi","TA Mwankhunikira",93,2841.069699,"Elderly",30476.276729,1
"114",114,0.0000000131599171373333,0.00000000000000174028917591104,0.0000000000000765934111355371,0.000843436395413922,0.280997878153801,2787.23325027592,53.5546073963706,2840.06969898684,319.687080704319,90.1771174653173,"Malawi","Rumphi","TA Mwankhunikira",93,2841.069699,"Elderly",30476.276729,1
"115",115,0.0000000131599171373333,0.00000000000000125416999822695,0.0000000000000516048814828276,0.000744330057118182,0.264000160221739,2787.24020424549,53.5647502510697,2840.06969898684,319.687080704319,90.1771454212405,"Malawi","Rumphi","TA Mwankhunikira",93,2841.069699,"Elderly",30476.276729,1
"116",116,0.0000000131599171373333,0.000000000000000840019070333707,0.0000000000000350421690768962,0.000656868950732367,0.248029099364798,2787.24673348915,53.5742795293682,2840.06969898684,319.687080704319,90.1771700922759,"Malawi","Rumphi","TA Mwankhunikira",93,2841.069699,"Elderly",30476.276729,1
"117",117,0.0000000131599171373333,0.000000000000000564830365209811,0.0000000000000247279707989049,0.000579684777258061,0.233022867703862,2787.25286413989,53.5832322944708,2840.06969898684,319.687080704319,90.1771918643933,"Malawi","Rumphi","TA Mwankhunikira",93,2841.069699,"Elderly",30476.276729,1
"118",118,0.0000000131599171373333,0.00000000000000043349813278232,0.0000000000000159491392056485,0.000511570007174497,0.218923339365604,2787.25862070033,53.5916433771366,2840.06969898684,319.687080704319,90.1772110782127,"Malawi","Rumphi","TA Mwankhunikira",93,2841.069699,"Elderly",30476.276729,1
"119",119,0.0000000131599171373333,0.000000000000000236179341211201,0.0000000000000119176843223079,0.000451458944245853,0.20567587116881,2787.26402614721,53.5995455095155,2840.06969898684,319.687080704319,90.1772280343457,"Malawi","Rumphi","TA Mwankhunikira",93,2841.069699,"Elderly",30476.276729,1
"120",120,0.0000000131599171373333,0.000000000000000164841091489752,0.00000000000000853836232172742,0.000398411117545975,0.193229096341989,2787.26910202855,53.6069694508293,2840.06969898684,319.687080704319,90.1772429980806,"Malawi","Rumphi","TA Mwankhunikira",93,2841.069699,"Elderly",30476.276729,1
"121",121,0.0000000131599171373333,0.000000000000000137189329711002,0.00000000000000505314035197615,0.000351596574986185,0.181534730123592,2787.27386855449,53.6139441056545,2840.06969898684,319.687080704319,90.1772562035302,"Malawi","Rumphi","TA Mwankhunikira",93,2841.069699,"Elderly",30476.276729,1
"122",122,0.0000000131599171373333,0.0000000000000000572304290586769,0.0000000000000042313602330787,0.000310282886052104,0.170547386529945,2787.27834468216,53.6204966352651,2840.06969898684,319.687080704319,90.1772678572987,"Malawi","Rumphi","TA Mwankhunikira",93,2841.069699,"Elderly",30476.276729,1
"123",123,0.0000000131599171373333,0.0000000000000000610214357494501,0.00000000000000266044346197816,0.000273823683846545,0.160224405857335,2787.28254819498,53.6266525623219,2840.06969898684,319.687080704319,90.1772781417131,"Malawi","Rumphi","TA Mwankhunikira",93,2841.069699,"Elderly",30476.276729,1
"124",124,0.0000000131599171373333,0.000000000000000045398956740979,0.000000000000001462562796431,0.00024164855113145,0.150525692268051,2787.28649577669,53.6324358693277,2840.06969898684,319.687080704319,90.1772872176769,"Malawi","Rumphi","TA Mwankhunikira",93,2841.069699,"Elderly",30476.276729,1
"125",125,0.0000000131599171373333,0.00000000000000000948015333856192,0.00000000000000162201843413857,0.000213254096344056,0.141413560892166,2787.29020308064,53.6378690912151,2840.06969898684,319.687080704319,90.1772952271868,"Malawi","Rumphi","TA Mwankhunikira",93,2841.069699,"Elderly",30476.276729,1
"126",126,0.0000000131599171373333,0.0000000000000000276161390154835,0.000000000000000692093450089829,0.000188196078136112,0.132852593906875,2787.29368479445,53.6429734024089,2840.06969898684,319.687080704319,90.1773022955545,"Malawi","Rumphi","TA Mwankhunikira",93,2841.069699,"Elderly",30476.276729,1
"127",127,0.0000000131599171373333,0.0000000000000000113316019066735,0.000000000000000462466486792868,0.000166082454837205,0.12480950508226,2787.29695470061,53.647768698689,2840.06969898684,319.687080704319,90.177308533367,"Malawi","Rumphi","TA Mwankhunikira",93,2841.069699,"Elderly",30476.276729,1
"128",128,0.0000000131599171373333,-0.000000000000000000262867389380437,0.000000000000000674223913632856,0.000146567250910622,0.117253012310731,2787.30002573312,53.652273674161,2840.06969898684,319.687080704319,90.1773140382171,"Malawi","Rumphi","TA Mwankhunikira",93,2841.069699,"Elderly",30476.276729,1
"129",129,0.0000000131599171373333,0.0000000000000000147076309709537,0.0000000000000000564601236617995,0.000129345144018027,0.110153717662568,2787.30291003041,53.6565058936206,2840.06969898684,319.687080704319,90.1773188962303,"Malawi","Rumphi","TA Mwankhunikira",93,2841.069699,"Elderly",30476.276729,1
"130",130,0.0000000131599171373333,-0.000000000000000000677587193030957,0.000000000000000220098340790428,0.000114146688137757,0.103483994534729,2787.30561898503,53.6604818605869,2840.06969898684,319.687080704319,90.1773231834119,"Malawi","Rumphi","TA Mwankhunikira",93,2841.069699,"Elderly",30476.276729,1
"131",131,0.0000000131599171373333,0.000000000000000000101477283585365,0.000000000000000269961386292334,0.000100734097996301,0.0972178814835673,2787.30816329,53.6642170812584,2840.06969898684,319.687080704319,90.1773269668363,"Malawi","Rumphi","TA Mwankhunikira",93,2841.069699,"Elderly",30476.276729,1
"132",132,0.0000000131599171373333,0.00000000000000000773903391901534,-0.000000000000000100235311526839,0.0000888975288261288,0.091330982354548,2787.31055298232,53.6677261246346,2840.06969898684,319.687080704319,90.1773303056966,"Malawi","Rumphi","TA Mwankhunikira",93,2841.069699,"Elderly",30476.276729,1
"133",133,0.0000000131599171373333,-0.00000000000000000387898016939583,0.000000000000000166038002596819,0.0000784517932713081,0.0858003723433398,2787.31279748367,53.6710226790314,2840.06969898684,319.687080704319,90.1773332522305,"Malawi","Rumphi","TA Mwankhunikira",93,2841.069699,"Elderly",30476.276729,1
"134",134,0.0000000131599171373333,0.00000000000000000178223822483645,0.0000000000000000726316314658944,0.000069233464065467,0.0806045096429576,2787.31490563853,53.6741196052024,2840.06969898684,319.687080704319,90.1773358525375,"Malawi","Rumphi","TA Mwankhunikira",93,2841.069699,"Elderly",30476.276729,1
"135",135,0.0000000131599171373333,0.00000000000000000330381986480758,-0.000000000000000092449047107746,0.0000610983171528959,0.0757231523509017,2787.3168857499,53.677028986271,2840.06969898684,319.687080704319,90.1773381473003,"Malawi","Rumphi","TA Mwankhunikira",93,2841.069699,"Elderly",30476.276729,1
"136",136,0.0000000131599171373333,-0.00000000000000000356340277024276,0.000000000000000134847987877808,0.0000539190752521399,0.0711372803285387,2787.31874561278,53.6797621746602,2840.06969898684,319.687080704319,90.1773401724214,"Malawi","Rumphi","TA Mwankhunikira",93,2841.069699,"Elderly",30476.276729,1
"137",137,0.0000000131599171373333,0.0000000000000000025484379796974,-0.0000000000000000222823948538108,0.0000475834165575122,0.0668290217223284,2787.3204925455,53.6823298362021,2840.06969898684,319.687080704319,90.1773419595845,"Malawi","Rumphi","TA Mwankhunikira",93,2841.069699,"Elderly",30476.276729,1
"138",138,0.0000000131599171373333,0.000000000000000000606165503244016,-0.0000000000000000424811802833707,0.0000419922174239238,0.0627815838729652,2787.32213341916,53.684741991593,2840.06969898684,319.687080704319,90.1773435367503,"Malawi","Rumphi","TA Mwankhunikira",93,2841.069699,"Elderly",30476.276729,1
"139",139,0.0000000131599171373333,-0.0000000000000000021733488440016,0.0000000000000000949708423737499,0.0000370580015423163,0.0589791883540953,2787.32367468513,53.6870080553539,2840.06969898684,319.687080704319,90.1773449285943,"Malawi","Rumphi","TA Mwankhunikira",93,2841.069699,"Elderly",30476.276729,1
"140",140,0.0000000131599171373333,0.00000000000000000233430123466192,-0.0000000000000000565810883085266,0.0000327035713415227,0.0554070098970421,2787.32512240093,53.6891368724453,2840.06969898684,319.687080704319,90.1773461568923,"Malawi","Rumphi","TA Mwankhunikira",93,2841.069699,"Elderly",30476.276729,1
"141",141,0.0000000131599171373333,-0.000000000000000000730620768634948,0.00000000000000000198442098686493,0.0000288608002044513,0.0520511189719512,2787.32648225439,53.6911367526774,2840.06969898684,319.687080704319,90.1773472408615,"Malawi","Rumphi","TA Mwankhunikira",93,2841.069699,"Elderly",30476.276729,1
"142",142,0.0000000131599171373333,-0.000000000000000000828791086346075,0.0000000000000000522180998780055,0.0000254695666030717,0.0488984278089848,2787.32775958642,53.6930155030457,2840.06969898684,319.687080704319,90.1773481974609,"Malawi","Rumphi","TA Mwankhunikira",93,2841.069699,"Elderly",30476.276729,1
"143",143,0.0000000131599171373333,0.00000000000000000161570491293115,-0.0000000000000000558281219903986,0.0000224768134754953,0.0459366396557025,2787.32895941225,53.6947804581189,2840.06969898684,319.687080704319,90.1773490416569,"Malawi","Rumphi","TA Mwankhunikira",93,2841.069699,"Elderly",30476.276729,1
"144",144,0.0000000131599171373333,-0.00000000000000000111757397401408,0.0000000000000000267161897950166,0.0000198357181292045,0.0431542010785793,2787.33008644145,53.6964385085941,2840.06969898684,319.687080704319,90.1773497866573,"Malawi","Rumphi","TA Mwankhunikira",93,2841.069699,"Elderly",30476.276729,1
"145",145,0.0000000131599171373333,0.0000000000000000000620989603832445,0.0000000000000000168927109177311,0.000017504959683474,0.0405402571277727,2787.33114509662,53.6979961281302,2840.06969898684,319.687080704319,90.1773504441178,"Malawi","Rumphi","TA Mwankhunikira",93,2841.069699,"Elderly",30476.276729,1
"146",146,0.0000000131599171373333,0.000000000000000000832047010126738,-0.0000000000000000390025044790048,0.000015448072589268,0.038084609194799,2787.33213953101,53.6994593985617,2840.06969898684,319.687080704319,90.1773510243247,"Malawi","Rumphi","TA Mwankhunikira",93,2841.069699,"Elderly",30476.276729,1
"147",147,0.0000000131599171373333,-0.000000000000000000970130686310095,0.0000000000000000328177848855911,0.0000136328761127205,0.0357776754027235,2787.33307364497,53.7008340335927,2840.06969898684,319.687080704319,90.1773515363554,"Malawi","Rumphi","TA Mwankhunikira",93,2841.069699,"Elderly",30476.276729,1
"148",148,0.0000000131599171373333,0.000000000000000000470177921705248,-0.00000000000000000565202655371974,0.0000120309708561399,0.0336104533778704,2787.33395110143,53.7021254010588,2840.06969898684,319.687080704319,90.177351988221,"Malawi","Rumphi","TA Mwankhunikira",93,2841.069699,"Elderly",30476.276729,1
"149",149,0.0000000131599171373333,0.000000000000000000227122344814124,-0.0000000000000000188526484057658,0.000010617294411622,0.0315744852597763,2787.33477534044,53.7033385438474,2840.06969898684,319.687080704319,90.1773523869909,"Malawi","Rumphi","TA Mwankhunikira",93,2841.069699,"Elderly",30476.276729,1
"150",150,0.0000000131599171373333,-0.000000000000000000633536591195063,0.000000000000000027763961918431,0.00000936972938695931,0.0296618248235511,2787.33554959274,53.7044781995499,2840.06969898684,319.687080704319,90.1773527389042,"Malawi","Rumphi","TA Mwankhunikira",93,2841.069699,"Elderly",30476.276729,1
"151",151,0.0000000131599171373333,0.000000000000000000179283355892451,0.000000000000000003050111065248,0.0000082687570835815,0.0278650065663732,2787.33627689258,53.7055488189361,2840.06969898684,319.687080704319,90.1773530494665,"Malawi","Rumphi","TA Mwankhunikira",93,2841.069699,"Elderly",30476.276729,1
"152",152,0.0000000131599171373333,0.0000000000000000000908952775176053,-0.00000000000000000884269996493445,0.00000729715287885706,0.0261770166925008,2787.3369600897,53.7065545832908,2840.06969898684,319.687080704319,90.1773533235367,"Malawi","Rumphi","TA Mwankhunikira",93,2841.069699,"Elderly",30476.276729,1
"153",153,0.0000000131599171373333,-0.0000000000000000000952832275221824,0.00000000000000000226989935871555,0.00000643971531590188,0.0245912657653389,2787.33760186061,53.7074994207517,2840.06969898684,319.687080704319,90.1773535654028,"Malawi","Rumphi","TA Mwankhunikira",93,2841.069699,"Elderly",30476.276729,1
"154",154,0.0000000131599171373333,0.000000000000000000166096221264995,-0.00000000000000000649788996839871,0.00000568302923572202,0.0231015630961217,2787.33820471911,53.7083870216067,2840.06969898684,319.687080704319,90.1773537788488,"Malawi","Rumphi","TA Mwankhunikira",93,2841.069699,"Elderly",30476.276729,1
"155",155,0.0000000131599171373333,0.0000000000000000000352023747075728,-0.00000000000000000476320536928338,0.00000501525606782972,0.0217020926503144,2787.33877102625,53.7092208526827,2840.06969898684,319.687080704319,90.1773539672143,"Malawi","Rumphi","TA Mwankhunikira",93,2841.069699,"Elderly",30476.276729,1
"156",156,0.0000000131599171373333,-0.0000000000000000000233189241389413,0.000000000000000000715253212611404,0.00000442594827052802,0.0203873903888774,2787.33930299963,53.7100041708756,2840.06969898684,319.687080704319,90.1773541334463,"Malawi","Rumphi","TA Mwankhunikira",93,2841.069699,"Elderly",30476.276729,1
"157",157,0.0000000131599171373333,0.000000000000000000062081867328497,-0.00000000000000000259803263856003,0.00000390588592514604,0.0191523229867583,2787.33980272211,53.7107400358557,2840.06969898684,319.687080704319,90.1773542801456,"Malawi","Rumphi","TA Mwankhunikira",93,2841.069699,"Elderly",30476.276729,1
"158",158,0.0000000131599171373333,0.00000000000000000000103244194237053,-0.00000000000000000115048692960658,0.00000344693248342512,0.0179920678353006,2787.34027215007,53.7114313220054,2840.06969898684,319.687080704319,90.1773544096072,"Malawi","Rumphi","TA Mwankhunikira",93,2841.069699,"Elderly",30476.276729,1
"159",159,0.0000000131599171373333,-0.000000000000000000005258677703048,0.000000000000000000352320480655394,0.00000304190746286292,0.0169020942516443,2787.34071312104,53.712080729635,2840.06969898684,319.687080704319,90.1773545238567,"Malawi","Rumphi","TA Mwankhunikira",93,2841.069699,"Elderly",30476.276729,1
"160",160,0.0000000131599171373333,0.0000000000000000000224706142093559,-0.00000000000000000103930299968009,0.00000268447411056411,0.0158781458225639,2787.34112736102,53.7126907955199,2840.06969898684,319.687080704319,90.1773546246815,"Malawi","Rumphi","TA Mwankhunikira",93,2841.069699,"Elderly",30476.276729,1
"161",161,0.0000000131599171373333,-0.00000000000000000000308048306801746,-0.000000000000000000230018056680683,0.00000236904026119894,0.0149162238143978,2787.34151649118,53.7132639028007,2840.06969898684,319.687080704319,90.1773547136591,"Malawi","Rumphi","TA Mwankhunikira",93,2841.069699,"Elderly",30476.276729,1
"162",162,0.0000000131599171373333,-0.00000000000000000000018126795346338,0.000000000000000000113689284711489,0.0000020906708457566,0.014012571584942,2787.3418820343,53.7138022902844,2840.06969898684,319.687080704319,90.1773547921816,"Malawi","Rumphi","TA Mwankhunikira",93,2841.069699,"Elderly",30476.276729,1
"163",163,0.0000000131599171373333,0.00000000000000000000767697562816015,-0.000000000000000000398746919846572,0.00000184501068086211,0.0131636599369695,2787.34222542071,53.7143080611824,2840.06969898684,319.687080704319,90.1773548614774,"Malawi","Rumphi","TA Mwankhunikira",93,2841.069699,"Elderly",30476.276729,1
"164",164,0.0000000131599171373333,-0.0000000000000000000021959742148988,-0.0000000000000000000110806734169215,0.00000162821633037285,0.0123661733566559,2787.34254799394,53.714783191321,2840.06969898684,319.687080704319,90.1773549226308,"Malawi","Rumphi","TA Mwankhunikira",93,2841.069699,"Elderly",30476.276729,1
"165",165,0.0000000131599171373333,0.000000000000000000000650758495194887,0.0000000000000000000246461088656812,0.00000143689597355242,0.0116169970835895,2787.342851016,53.7152295368537,2840.06969898684,319.687080704319,90.1773549765984,"Malawi","Rumphi","TA Mwankhunikira",93,2841.069699,"Elderly",30476.276729,1
"166",166,0.0000000131599171373333,0.00000000000000000000245817587532868,-0.000000000000000000146008831649804,0.00000126805633888884,0.0109132049622374,2787.34313567231,53.7156488415081,2840.06969898684,319.687080704319,90.1773550242247,"Malawi","Rumphi","TA Mwankhunikira",93,2841.069699,"Elderly",30476.276729,1
"167",167,0.0000000131599171373333,-0.00000000000000000000108565270254334,0.0000000000000000000209976931428578,0.00000111905587334945,0.0102520480277518,2787.34340307636,53.7160427433931,2840.06969898684,319.687080704319,90.1773550662548,"Malawi","Rumphi","TA Mwankhunikira",93,2841.069699,"Elderly",30476.276729,1
"168",168,0.0000000131599171373333,0.000000000000000000000510819281532659,-0.00000000000000000000118029321761745,0.00000098756341439472,0.00963094378182294,2787.3436542741,53.7164127813949,2840.06969898684,319.687080704319,90.1773551033462,"Malawi","Rumphi","TA Mwankhunikira",93,2841.069699,"Elderly",30476.276729,1
"169",169,0.0000000131599171373333,0.000000000000000000000723641245875332,-0.0000000000000000000506464380589113,0.000000871521718153229,0.0090474661169476,2787.34389024801,53.7167604011855,2840.06969898684,319.687080704319,90.1773551360793,"Malawi","Rumphi","TA Mwankhunikira",93,2841.069699,"Elderly",30476.276729,1
"170",170,0.0000000131599171373333,-0.000000000000000000000455666068674664,0.0000000000000000000156281281494421,0.000000769115273147561,0.00849933584998527,2787.344111921,53.7170869608681,2840.06969898684,319.687080704319,90.1773551649661,"Malawi","Rumphi","TA Mwankhunikira",93,2841.069699,"Elderly",30476.276729,1
"171",171,0.0000000131599171373333,0.000000000000000000000280966297918773,-0.00000000000000000000520833809169359,0.000000678741896005001,0.007984411828223,2787.34432015999,53.7173937362794,2840.06969898684,319.687080704319,90.1773551904586,"Malawi","Rumphi","TA Mwankhunikira",93,2841.069699,"Elderly",30476.276729,1
"172",172,0.0000000131599171373333,0.000000000000000000000187025177493318,-0.0000000000000000000163973344837164,0.000000598987664758123,0.00750068257338459,2787.3445157793,53.7176819259729,2840.06969898684,319.687080704319,90.1773552129557,"Malawi","Rumphi","TA Mwankhunikira",93,2841.069699,"Elderly",30476.276729,1
"173",173,0.0000000131599171373333,-0.000000000000000000000170879300066859,0.0000000000000000000079603808050099,0.000000528604797558779,0.00704625843109888,2787.3446995439,53.7179526558987,2840.06969898684,319.687080704319,90.1773552328093,"Malawi","Rumphi","TA Mwankhunikira",93,2841.069699,"Elderly",30476.276729,1
"174",174,0.0000000131599171373333,0.000000000000000000000132059349632338,-0.0000000000000000000038619042597671,0.000000466492130710229,0.00661936419529728,2787.34487217235,53.718206983801,2840.06969898684,319.687080704319,90.1773552503301,"Malawi","Rumphi","TA Mwankhunikira",93,2841.069699,"Elderly",30476.276729,1
"175",175,0.0000000131599171373333,0.0000000000000000000000369664796075818,-0.00000000000000000000482290580240757,0.000000411677890589653,0.00621833217884967,2787.34503433963,53.7184459033489,2840.06969898684,319.687080704319,90.1773552657921,"Malawi","Rumphi","TA Mwankhunikira",93,2841.069699,"Elderly",30476.276729,1
"176",176,0.0000000131599171373333,-0.0000000000000000000000578881199856301,0.00000000000000000000342352533547695,0.000000363304489922083,0.00584159570347607,2787.34518667981,53.7186703480178,2840.06969898684,319.687080704319,90.1773552794373,"Malawi","Rumphi","TA Mwankhunikira",93,2841.069699,"Elderly",30476.276729,1
"177",177,0.0000000131599171373333,0.0000000000000000000000561816829367772,-0.0000000000000000000021329965863833,0.000000320615110538227,0.00548768298359633,2787.3453297885,53.7188811947345,2840.06969898684,319.687080704319,90.1773552914791,"Malawi","Rumphi","TA Mwankhunikira",93,2841.069699,"Elderly",30476.276729,1
"178",178,0.0000000131599171373333,0.00000000000000000000000169544239712739,-0.0000000000000000000012084065866167,0.000000282941862698931,0.0051552113803079,2787.34546422521,53.719079267303,2840.06969898684,319.687080704319,90.177355302106,"Malawi","Rumphi","TA Mwankhunikira",93,2841.069699,"Elderly",30476.276729,1
"179",179,0.0000000131599171373333,-0.0000000000000000000000174477627931531,0.00000000000000000000130972993468902,0.00000024969533573495,0.00484288200311727,2787.34559051552,53.7192653396217,2840.06969898684,319.687080704319,90.1773553114841,"Malawi","Rumphi","TA Mwankhunikira",93,2841.069699,"Elderly",30476.276729,1
"180",180,0.0000000131599171373333,0.0000000000000000000000221339134118264,-0.00000000000000000000101827453566438,0.000000220355376518221,0.00454947463840035,2787.34570915314,53.7194401387068,2840.06969898684,319.687080704319,90.1773553197604,"Malawi","Rumphi","TA Mwankhunikira",93,2841.069699,"Elderly",30476.276729,1
"181",181,0.0000000131599171373333,-0.00000000000000000000000352472125245647,-0.000000000000000000000204627615009962,0.000000194462951490728,0.00427384298483592,2787.34582060186,53.7196043475315,2840.06969898684,319.687080704319,90.1773553270641,"Malawi","Rumphi","TA Mwankhunikira",93,2841.069699,"Elderly",30476.276729,1
"182",182,0.0000000131599171373333,-0.00000000000000000000000440435186810896,0.000000000000000000000450025681042935,0.000000171612964929669,0.00401491017724816,2787.34592529735,53.7197586076943,2840.06969898684,319.687080704319,90.1773553335096,"Malawi","Rumphi","TA Mwankhunikira",93,2841.069699,"Elderly",30476.276729,1
"183",183,0.0000000131599171373333,0.00000000000000000000000814496638966186,-0.000000000000000000000440847327424516,0.000000151447921088228,0.00377166458141527,2787.34602364888,53.719903521925,2840.06969898684,319.687080704319,90.1773553391978,"Malawi","Rumphi","TA Mwankhunikira",93,2841.069699,"Elderly",30476.276729,1
"184",184,0.0000000131599171373333,-0.00000000000000000000000263380293814764,0.0000000000000000000000186022984808875,0.000000133652331054044,0.0035431558434543,2787.3461160409,53.7200396564393,2840.06969898684,319.687080704319,90.1773553442176,"Malawi","Rumphi","TA Mwankhunikira",93,2841.069699,"Elderly",30476.276729,1
"185",185,0.0000000131599171373333,-0.00000000000000000000000072647608834989,0.000000000000000000000136155110603741,0.000000117947776818761,0.00332849117838196,2787.34620283456,53.7201675431507,2840.06969898684,319.687080704319,90.1773553486475,"Malawi","Rumphi","TA Mwankhunikira",93,2841.069699,"Elderly",30476.276729,1
"186",186,0.0000000131599171373333,0.00000000000000000000000279835190252715,-0.000000000000000000000176484520414279,0.000000104088555334385,0.00312683188338174,2787.34628436912,53.7202876817483,2840.06969898684,319.687080704319,90.1773553525569,"Malawi","Rumphi","TA Mwankhunikira",93,2841.069699,"Elderly",30476.276729,1
"187",187,0.0000000131599171373333,-0.00000000000000000000000135842153941761,0.0000000000000000000000408959414218086,0.0000000918578344062178,0.0029373900621816,2787.34636096327,53.720400541649,2840.06969898684,319.687080704319,90.177355356007,"Malawi","Rumphi","TA Mwankhunikira",93,2841.069699,"Elderly",30476.276729,1
"188",188,0.0000000131599171373333,0.0000000000000000000000000894738909876955,0.0000000000000000000000335912098875969,0.000000081064260280042,0.00275942554776811,2787.34643291639,53.720506563831,2840.06969898684,319.687080704319,90.1773553590516,"Malawi","Rumphi","TA Mwankhunikira",93,2841.069699,"Elderly",30476.276729,1
"189",189,0.0000000131599171373333,0.000000000000000000000000888775074700317,-0.0000000000000000000000657504622773512,0.0000000715389638480915,0.00259224301143509,2787.34650050973,53.7206061625571,2840.06969898684,319.687080704319,90.1773553617385,"Malawi","Rumphi","TA Mwankhunikira",93,2841.069699,"Elderly",30476.276729,1
"190",190,0.0000000131599171373333,-0.000000000000000000000000596168354439551,0.0000000000000000000000264182405899682,0.0000000631329186349036,0.00243518924688984,2787.34656400747,53.7206997269927,2840.06969898684,319.687080704319,90.1773553641097,"Malawi","Rumphi","TA Mwankhunikira",93,2841.069699,"Elderly",30476.276729,1
"191",191,0.0000000131599171373333,0.00000000000000000000000016354097181121,0.00000000000000000000000468317048216068,0.0000000557146092278451,0.00228765061882239,2787.34662365778,53.7207876227261,2840.06969898684,319.687080704319,90.1773553662022,"Malawi","Rumphi","TA Mwankhunikira",93,2841.069699,"Elderly",30476.276729,1
"192",192,0.0000000131599171373333,0.000000000000000000000000254157114842369,-0.0000000000000000000000227262651753124,0.000000049167973674123,0.00214905066598311,2787.34667969381,53.7208701931974,2840.06969898684,319.687080704319,90.1773553680489,"Malawi","Rumphi","TA Mwankhunikira",93,2841.069699,"Elderly",30476.276729,1
"193",193,0.0000000131599171373333,-0.00000000000000000000000023549556944523,0.0000000000000000000000131373046846108,0.000000043390587652386,0.00201884784941656,2787.34673233456,53.7209477610394,2840.06969898684,319.687080704319,90.1773553696786,"Malawi","Rumphi","TA Mwankhunikira",93,2841.069699,"Elderly",30476.276729,1
"194",194,0.0000000131599171373333,0.000000000000000000000000104117908806146,-0.00000000000000000000000145919173915743,0.0000000382920620096711,0.00189653343706455,2787.34678178577,53.7210206293388,2840.06969898684,319.687080704319,90.1773553711168,"Malawi","Rumphi","TA Mwankhunikira",93,2841.069699,"Elderly",30476.276729,1
"195",195,0.0000000131599171373333,0.0000000000000000000000000609964484529869,-0.00000000000000000000000717999012614722,0.0000000337926285926176,0.00178162951648318,2787.34682824071,53.7210890828199,2840.06969898684,319.687080704319,90.177355372386,"Malawi","Rumphi","TA Mwankhunikira",93,2841.069699,"Elderly",30476.276729,1
"196",196,0.0000000131599171373333,-0.0000000000000000000000000852643377503387,0.00000000000000000000000570135959410843,0.0000000298218922478028,0.00167368712791794,2787.34687188093,53.7211533889574,2840.06969898684,319.687080704319,90.1773553735061,"Malawi","Rumphi","TA Mwankhunikira",93,2841.069699,"Elderly",30476.276729,1
"197",197,0.0000000131599171373333,0.0000000000000000000000000550810972165164,-0.00000000000000000000000183041775508573,0.0000000263177258791382,0.00157228450422934,2787.34691287699,53.7212137990247,2840.06969898684,319.687080704319,90.1773553744945,"Malawi","Rumphi","TA Mwankhunikira",93,2841.069699,"Elderly",30476.276729,1
"198",198,0.0000000131599171373333,0.0000000000000000000000000088422961820074,-0.00000000000000000000000201189749074084,0.000000023225316385837,0.00147702545419481,2787.3469513891,53.7212705490576,2840.06969898684,319.687080704319,90.1773553753668,"Malawi","Rumphi","TA Mwankhunikira",93,2841.069699,"Elderly",30476.276729,1
"199",199,0.0000000131599171373333,-0.0000000000000000000000000377080444857152,0.00000000000000000000000180231807120011,0.0000000204962671377319,0.00138753774334074,2787.34698756778,53.7213238608186,2840.06969898684,319.687080704319,90.1773553761366,"Malawi","Rumphi","TA Mwankhunikira",93,2841.069699,"Elderly",30476.276729,1
"200",200,0.0000000131599171373333,0.00000000000000000000000000773855628049541,-0.000000000000000000000000121424316047231,0.0000000180878776513871,0.0013034717074975,2787.34702155442,53.7213739426236,2840.06969898684,319.687080704319,90.177355376816,"Malawi","Rumphi","TA Mwankhunikira",93,2841.069699,"Elderly",30476.276729,1
"201",201,0.0000000131599171373333,0.00000000000000000000000000776644201896048,-0.000000000000000000000000488770885742165,0.0000000159624829312674,0.00122449889808509,2787.34705348183,53.7214209901484,2840.06969898684,319.687080704319,90.1773553774155,"Malawi","Rumphi","TA Mwankhunikira",93,2841.069699,"Elderly",30476.276729,1
"202",202,0.0000000131599171373333,-0.0000000000000000000000000027497584691566,0.000000000000000000000000215346309053795,0.0000000140868305668636,0.00115031074313654,2787.34708347478,53.7214651872268,2840.06969898684,319.687080704319,90.1773553779446,"Malawi","Rumphi","TA Mwankhunikira",93,2841.069699,"Elderly",30476.276729,1
"203",203,0.0000000131599171373333,0.00000000000000000000000000260401651732589,-0.0000000000000000000000000431522031639963,0.0000000124315743741208,0.00108061736279601,2787.34711165049,53.7215067065565,2840.06969898684,319.687080704319,90.1773553784115,"Malawi","Rumphi","TA Mwankhunikira",93,2841.069699,"Elderly",30476.276729,1
"204",204,0.0000000131599171373333,0.00000000000000000000000000212399666090004,-0.000000000000000000000000105607708856518,0.0000000109708171096077,0.00101514643946445,2787.34713811906,53.721545710372,2840.06969898684,319.687080704319,90.1773553788236,"Malawi","Rumphi","TA Mwankhunikira",93,2841.069699,"Elderly",30476.276729,1
"205",205,0.0000000131599171373333,-0.0000000000000000000000000000591525658815474,0.00000000000000000000000002599813248345,0.00000000968170438313168,0.000953642153537596,2787.34716298393,53.7215823510788,2840.06969898684,319.687080704319,90.1773553791872,"Malawi","Rumphi","TA Mwankhunikira",93,2841.069699,"Elderly",30476.276729,1
"206",206,0.0000000131599171373333,0.000000000000000000000000000616000035224904,-0.00000000000000000000000000924104439244962,0.00000000854406730164034,0.000895864184017801,2787.34718634226,53.7216167718488,2840.06969898684,319.687080704319,90.1773553795081,"Malawi","Rumphi","TA Mwankhunikira",93,2841.069699,"Elderly",30476.276729,1
"207",207,0.0000000131599171373333,0.000000000000000000000000000523626432076869,-0.0000000000000000000000000217700346002763,0.00000000754010690381255,0.000841586769580722,2787.34720828535,53.7216491071799,2840.06969898684,319.687080704319,90.1773553797913,"Malawi","Rumphi","TA Mwankhunikira",93,2841.069699,"Elderly",30476.276729,1
"208",208,0.0000000131599171373333,0.000000000000000000000000000101975522005326,0.00000000000000000000000000186407489911186,0.00000000665411567040077,0.00079059782652281,2787.34722889894,53.7216794834211,2840.06969898684,319.687080704319,90.1773553800412,"Malawi","Rumphi","TA Mwankhunikira",93,2841.069699,"Elderly",30476.276729,1
"209",209,0.0000000131599171373333,0.00000000000000000000000000016831326830081,-0.00000000000000000000000000250372463271938,0.00000000587223177597301,0.000742698120143375,2787.34724826358,53.7217080192666,2840.06969898684,319.687080704319,90.1773553802618,"Malawi","Rumphi","TA Mwankhunikira",93,2841.069699,"Elderly",30476.276729,1
"210",210,0.0000000131599171373333,0.000000000000000000000000000139909663501598,-0.00000000000000000000000000475766634330296,0.00000000518222221236845,0.000697700486321753,2787.34726645495,53.7217348262194,2840.06969898684,319.687080704319,90.1773553804564,"Malawi","Rumphi","TA Mwankhunikira",93,2841.069699,"Elderly",30476.276729,1
"211",211,0.0000000131599171373333,0.0000000000000000000000000000525200127435372,-0.000000000000000000000000000419276525732927,0.0000000045732913963376,0.00065542910024984,2787.34728354414,53.721760009027,2840.06969898684,319.687080704319,90.1773553806282,"Malawi","Rumphi","TA Mwankhunikira",93,2841.069699,"Elderly",30476.276729,1
"212",212,0.0000000131599171373333,0.0000000000000000000000000000502027377505164,-0.000000000000000000000000000773366088552492,0.00000000403591226672903,0.000615718789463754,2787.34729959792,53.7217836660907,2840.06969898684,319.687080704319,90.1773553807797,"Malawi","Rumphi","TA Mwankhunikira",93,2841.069699,"Elderly",30476.276729,1
"213",213,0.0000000131599171373333,0.0000000000000000000000000000395788117613234,-0.00000000000000000000000000110685931920939,0.00000000356167722830413,0.000578414388491401,2787.34731467904,53.7218058898498,2840.06969898684,319.687080704319,90.1773553809135,"Malawi","Rumphi","TA Mwankhunikira",93,2841.069699,"Elderly",30476.276729,1
"214",214,0.0000000131599171373333,0.0000000000000000000000000000198271607628338,-0.000000000000000000000000000279851425223768,0.00000000314316661023488,0.000543370132595194,2787.34732884642,53.7218267671435,2840.06969898684,319.687080704319,90.1773553810316,"Malawi","Rumphi","TA Mwankhunikira",93,2841.069699,"Elderly",30476.276729,1
"215",215,0.0000000131599171373333,0.0000000000000000000000000000155466204852786,-0.000000000000000000000000000244923090599265,0.00000000277383258123012,0.000510449088241839,2787.34734215543,53.7218463795494,2840.06969898684,319.687080704319,90.1773553811358,"Malawi","Rumphi","TA Mwankhunikira",93,2841.069699,"Elderly",30476.276729,1
"216",216,0.0000000131599171373333,0.0000000000000000000000000000116668207700225,-0.00000000000000000000000000027384560433998,0.00000000244789670507438,0.000479522618074491,2787.34735465807,53.7218648037027,2840.06969898684,319.687080704319,90.1773553812277,"Malawi","Rumphi","TA Mwankhunikira",93,2841.069699,"Elderly",30476.276729,1
"217",217,0.0000000131599171373333,0.00000000000000000000000000000676981565422441,-0.00000000000000000000000000010717236832404,0.00000000216025953378074,0.000450469878297341,2787.3473664032,53.7218821115957,2840.06969898684,319.687080704319,90.1773553813089,"Malawi","Rumphi","TA Mwankhunikira",93,2841.069699,"Elderly",30476.276729,1
"218",218,0.0000000131599171373333,0.00000000000000000000000000000488848884496641,-0.0000000000000000000000000000768452705728899,0.00000000190642082389207,0.000423177346509234,2787.34737743673,53.7218983708588,2840.06969898684,319.687080704319,90.1773553813805,"Malawi","Rumphi","TA Mwankhunikira",93,2841.069699,"Elderly",30476.276729,1
"219",219,0.0000000131599171373333,0.00000000000000000000000000000353640943849103,-0.000000000000000000000000000071477084171235,0.00000000168240912767022,0.000397538378141856,2787.34738780175,53.721913645025,2840.06969898684,319.687080704319,90.1773553814436,"Malawi","Rumphi","TA Mwankhunikira",93,2841.069699,"Elderly",30476.276729,1
"220",220,0.0000000131599171373333,0.00000000000000000000000000000221633942466484,-0.0000000000000000000000000000353610786873591,0.0000000014847196575882,0.000373452789769719,2787.34739753879,53.721927993778,2840.06969898684,319.687080704319,90.1773553814994,"Malawi","Rumphi","TA Mwankhunikira",93,2841.069699,"Elderly",30476.276729,1
"221",221,0.0000000131599171373333,0.00000000000000000000000000000154496284787232,-0.0000000000000000000000000000236851089615881,0.00000000131025945198089,0.000350826467664132,2787.34740668588,53.7219414731855,2840.06969898684,319.687080704319,90.1773553815486,"Malawi","Rumphi","TA Mwankhunikira",93,2841.069699,"Elderly",30476.276729,1
"222",222,0.0000000131599171373333,0.00000000000000000000000000000109070569597918,-0.0000000000000000000000000000194188265699146,0.00000000115629898394020,0.000329571000061944,2787.34741527876,53.7219541359184,2840.06969898684,319.687080704319,90.177355381592,"Malawi","Rumphi","TA Mwankhunikira",93,2841.069699,"Elderly",30476.276729,1
"223",223,0.0000000131599171373333,0.00000000000000000000000000000071170309763115,-0.0000000000000000000000000000109531168113584,0.00000000102042945634909,0.000309603331712443,2787.34742335103,53.7219660314562,2840.06969898684,319.687080704319,90.1773553816304,"Malawi","Rumphi","TA Mwankhunikira",93,2841.069699,"Elderly",30476.276729,1
"224",224,0.0000000131599171373333,0.000000000000000000000000000000488769667334495,-0.0000000000000000000000000000071725401359639,0.000000000900525114911599,0.000290845439352844,2787.34743093422,53.7219772062808,2840.06969898684,319.687080704319,90.1773553816642,"Malawi","Rumphi","TA Mwankhunikira",93,2841.069699,"Elderly",30476.276729,1
"225",225,0.0000000131599171373333,0.000000000000000000000000000000339849254425378,-0.00000000000000000000000000000541493497529976,0.00000000079470998954495,0.000273224026844521,2787.34743805796,53.721987704058,2840.06969898684,319.687080704319,90.177355381694,"Malawi","Rumphi","TA Mwankhunikira",93,2841.069699,"Elderly",30476.276729,1
"226",226,0.0000000131599171373333,0.000000000000000000000000000000226449191449235,-0.00000000000000000000000000000328509893114719,0.000000000701328543784737,0.000256670238778933,2787.34744475009,53.7219975658077,2840.06969898684,319.687080704319,90.1773553817204,"Malawi","Rumphi","TA Mwankhunikira",93,2841.069699,"Elderly",30476.276729,1
"227",227,0.0000000131599171373333,0.000000000000000000000000000000154579096397219,-0.00000000000000000000000000000213871791017701,0.000000000618919772996511,0.000241119391434365,2787.34745103676,53.7220068300648,2840.06969898684,319.687080704319,90.1773553817436,"Malawi","Rumphi","TA Mwankhunikira",93,2841.069699,"Elderly",30476.276729,1
"228",228,0.0000000131599171373333,0.00000000000000000000000000000010650762634929,-0.00000000000000000000000000000153181504039012,0.000000000546194346146031,0.000226510720032341,2787.34745694254,53.7220155330296,2840.06969898684,319.687080704319,90.1773553817641,"Malawi","Rumphi","TA Mwankhunikira",93,2841.069699,"Elderly",30476.276729,1
"229",229,0.0000000131599171373333,0.0000000000000000000000000000000717352397113484,-0.0000000000000000000000000000009666154792732,0.00000000048201443349843,0.00021278714130628,2787.34746249051,53.7220237087088,2840.06969898684,319.687080704319,90.1773553817822,"Malawi","Rumphi","TA Mwankhunikira",93,2841.069699,"Elderly",30476.276729,1
"230",230,0.0000000131599171373333,0.0000000000000000000000000000000488577273507357,-0.000000000000000000000000000000629156340186395,0.000000000425375904639435,0.000199895030454732,2787.34746770233,53.7220313890491,2840.06969898684,319.687080704319,90.1773553817982,"Malawi","Rumphi","TA Mwankhunikira",93,2841.069699,"Elderly",30476.276729,1
"231",231,0.0000000131599171373333,0.0000000000000000000000000000000334862394036572,-0.000000000000000000000000000000435787088120335,0.000000000375392618296786,0.000187784011607788,2787.34747259839,53.7220386040615,2840.06969898684,319.687080704319,90.1773553818123,"Malawi","Rumphi","TA Mwankhunikira",93,2841.069699,"Elderly",30476.276729,1
"232",232,0.0000000131599171373333,0.0000000000000000000000000000000226676135260913,-0.000000000000000000000000000000280253266575134,0.000000000331280580729271,0.000176406697862259,2787.34747719783,53.7220453819763,2840.06969898684,319.687080704319,90.1773553818247,"Malawi","Rumphi","TA Mwankhunikira",93,2841.069699,"Elderly",30476.276729,1
"233",233,0.0000000131599171373333,0.0000000000000000000000000000000154338829886757,-0.000000000000000000000000000000182734291958061,0.00000000029235565897924,0.000165718824238808,2787.34748151856,53.722051749164,2840.06969898684,319.687080704319,90.1773553818357,"Malawi","Rumphi","TA Mwankhunikira",93,2841.069699,"Elderly",30476.276729,1
"234",234,0.0000000131599171373333,0.0000000000000000000000000000000105453521872894,-0.000000000000000000000000000000122857309023283,0.000000000258004671500002,0.000155678503811768,2787.3474855775,53.7220577305783,2840.06969898684,319.687080704319,90.1773553818454,"Malawi","Rumphi","TA Mwankhunikira",93,2841.069699,"Elderly",30476.276729,1
"235",235,0.0000000131599171373333,0.00000000000000000000000000000000717791993094998,-0.0000000000000000000000000000000809884233473696,0.000000000227690670265047,0.000146246522818839,2787.34748939051,53.7220633495805,2840.06969898684,319.687080704319,90.177355381854,"Malawi","Rumphi","TA Mwankhunikira",93,2841.069699,"Elderly",30476.276729,1
"236",236,0.0000000131599171373333,0.00000000000000000000000000000000488165906718727,-0.0000000000000000000000000000000529010655459819,0.000000000200938284534526,0.000137385989040654,2787.3474929725,53.7220686281489,2840.06969898684,319.687080704319,90.1773553818615,"Malawi","Rumphi","TA Mwankhunikira",93,2841.069699,"Elderly",30476.276729,1
"237",237,0.0000000131599171373333,0.00000000000000000000000000000000332377466483945,-0.0000000000000000000000000000000347833794190238,0.000000000177329148994772,0.000129062281630965,2787.34749633747,53.7220735869084,2840.06969898684,319.687080704319,90.1773553818682,"Malawi","Rumphi","TA Mwankhunikira",93,2841.069699,"Elderly",30476.276729,1
"238",238,0.0000000131599171373333,0.00000000000000000000000000000000226260422218063,-0.0000000000000000000000000000000228356844937864,0.00000000015649395958128,0.000121242876432776,2787.34749949857,53.7220782452351,2840.06969898684,319.687080704319,90.1773553818741,"Malawi","Rumphi","TA Mwankhunikira",93,2841.069699,"Elderly",30476.276729,1
"239",239,0.0000000131599171373333,0.00000000000000000000000000000000153969055838727,-0.0000000000000000000000000000000149262500626864,0.000000000138106788866228,0.000113897219683661,2787.34750246815,53.722082621331,2840.06969898684,319.687080704319,90.1773553818792,"Malawi","Rumphi","TA Mwankhunikira",93,2841.069699,"Elderly",30476.276729,1
"240",240,0.0000000131599171373333,0.00000000000000000000000000000000104791271334711,-0.00000000000000000000000000000000974957182330082,0.000000000121880008495898,0.000106996608779597,2787.34750525781,53.7220867322954,2840.06969898684,319.687080704319,90.1773553818838,"Malawi","Rumphi","TA Mwankhunikira",93,2841.069699,"Elderly",30476.276729,1
"241",241,0.0000000131599171373333,0.000000000000000000000000000000000713250841665644,-0.000000000000000000000000000000006361665508197,0.000000000107559784676095,0.000100514080092503,2787.34750787846,53.7220905941918,2840.06969898684,319.687080704319,90.1773553818879,"Malawi","Rumphi","TA Mwankhunikira",93,2841.069699,"Elderly",30476.276729,1
"242",242,0.0000000131599171373333,0.000000000000000000000000000000000485432930661488,-0.00000000000000000000000000000000414082300492724,0.0000000000949221075900183,0.0000944243036134668,2787.34751034033,53.7220942221101,2840.06969898684,319.687080704319,90.1773553818915,"Malawi","Rumphi","TA Mwankhunikira",93,2841.069699,"Elderly",30476.276729,1
"243",243,0.0000000131599171373333,0.000000000000000000000000000000000330382354066514,-0.00000000000000000000000000000000268947259273498,0.0000000000837692873450426,0.0000887034839788618,2787.34751265304,53.7220976302263,2840.06969898684,319.687080704319,90.1773553818946,"Malawi","Rumphi","TA Mwankhunikira",93,2841.069699,"Elderly",30476.276729,1
"244",244,0.0000000131599171373333,0.000000000000000000000000000000000224860818305838,-0.00000000000000000000000000000000174322963429087,0.000000000073926861512696,0.0000833292674926355,2787.34751482564,53.7221008318572,2840.06969898684,319.687080704319,90.1773553818974,"Malawi","Rumphi","TA Mwankhunikira",93,2841.069699,"Elderly",30476.276729,1
"245",245,0.0000000131599171373333,0.000000000000000000000000000000000153040935434869,-0.00000000000000000000000000000000112701609252281,0.0000000000652408660301303,0.0000782806547816969,2787.34751686661,53.7221038395132,2840.06969898684,319.687080704319,90.1773553818998,"Malawi","Rumphi","TA Mwankhunikira",93,2841.069699,"Elderly",30476.276729,1
"246",246,0.0000000131599171373333,0.000000000000000000000000000000000104159618006316,-0.000000000000000000000000000000000726550802315559,0.0000000000575754267564889,0.0000735379187431071,2787.34751878392,53.7221066649464,2840.06969898684,319.687080704319,90.177355381902,"Malawi","Rumphi","TA Mwankhunikira",93,2841.069699,"Elderly",30476.276729,1
"247",247,0.0000000131599171373333,0.000000000000000000000000000000000070891271335469,-0.000000000000000000000000000000000466948205751562,0.0000000000508106340075388,0.0000690825274624724,2787.34752058506,53.7221093191971,2840.06969898684,319.687080704319,90.1773553819039,"Malawi","Rumphi","TA Mwankhunikira",93,2841.069699,"Elderly",30476.276729,1
"248",248,0.0000000131599171373333,0.0000000000000000000000000000000000482487773981895,-0.000000000000000000000000000000000299063114337635,0.0000000000448406668207126,0.0000648970718023602,2787.34752227709,53.7221118126365,2840.06969898684,319.687080704319,90.1773553819056,"Malawi","Rumphi","TA Mwankhunikira",93,2841.069699,"Elderly",30476.276729,1
"249",249,0.0000000131599171373333,0.0000000000000000000000000000000000328381961000966,-0.000000000000000000000000000000000190782861645441,0.0000000000395721376085925,0.0000609651973778086,2787.34752386659,53.7221141550075,2840.06969898684,319.687080704319,90.1773553819071,"Malawi","Rumphi","TA Mwankhunikira",93,2841.069699,"Elderly",30476.276729,1
"250",250,0.0000000131599171373333,0.0000000000000000000000000000000000223497357470616,-0.000000000000000000000000000000000121162901203959,0.0000000000349226313064114,0.0000572715406531365,2787.3475253598,53.722116355463,2840.06969898684,319.687080704319,90.1773553819084,"Malawi","Rumphi","TA Mwankhunikira",93,2841.069699,"Elderly",30476.276729,1
"251",251,0.0000000131599171373333,0.0000000000000000000000000000000000152112757111964,-0.0000000000000000000000000000000000765536777173682,0.0000000000308194161616059,0.0000538016689103675,2787.34752676254,53.7221184226009,2840.06969898684,319.687080704319,90.1773553819096,"Malawi","Rumphi","TA Mwankhunikira",93,2841.069699,"Elderly",30476.276729,1
"252",252,0.0000000131599171373333,0.0000000000000000000000000000000000103528232737889,-0.0000000000000000000000000000000000480800605761655,0.0000000000271983059984336,0.0000505420238547056,2787.34752808029,53.7221203644986,2840.06969898684,319.687080704319,90.1773553819106,"Malawi","Rumphi","TA Mwankhunikira",93,2841.069699,"Elderly",30476.276729,1
"253",253,0.0000000131599171373333,0.00000000000000000000000000000000000704615093322025,-0.0000000000000000000000000000000000299855999642235,0.000000000024002656160177,0.0000474798686367121,2787.3475293182,53.7221221887439,2840.06969898684,319.687080704319,90.1773553819115,"Malawi","Rumphi","TA Mwankhunikira",93,2841.069699,"Elderly",30476.276729,1
"254",254,0.0000000131599171373333,0.00000000000000000000000000000000000479562390306018,-0.0000000000000000000000000000000000185449493446137,0.0000000000211824774225594,0.0000446032380841826,2787.34753048111,53.7221239024648,2840.06969898684,319.687080704319,90.1773553819123,"Malawi","Rumphi","TA Mwankhunikira",93,2841.069699,"Elderly",30476.276729,1
"255",255,0.0000000131599171373333,0.00000000000000000000000000000000000326391084431062,-0.0000000000000000000000000000000000113535579080918,0.0000000000186936540174115,0.0000419008919492633,2787.34753157357,53.7221255123577,2840.06969898684,319.687080704319,90.177355381913,"Malawi","Rumphi","TA Mwankhunikira",93,2841.069699,"Elderly",30476.276729,1
"256",256,0.0000000131599171373333,0.00000000000000000000000000000000000222142394407325,-0.00000000000000000000000000000000000686412933472042,0.0000000000164972535342121,0.000039362270988129,2787.34753259984,53.7221270247131,2840.06969898684,319.687080704319,90.1773553819136,"Malawi","Rumphi","TA Mwankhunikira",93,2841.069699,"Elderly",30476.276729,1
"257",257,0.0000000131599171373333,0.00000000000000000000000000000000000151190538595544,-0.00000000000000000000000000000000000408429673921895,0.0000000000145589179043637,0.0000369774557016094,2787.34753356393,53.7221284454404,2840.06969898684,319.687080704319,90.1773553819142,"Malawi","Rumphi","TA Mwankhunikira",93,2841.069699,"Elderly",30476.276729,1
"258",258,0.0000000131599171373333,0.00000000000000000000000000000000000102900570235782,-0.00000000000000000000000000000000000237996600826154,0.0000000000128483259414323,0.0000347371275755512,2787.34753446961,53.7221297800912,2840.06969898684,319.687080704319,90.1773553819146,"Malawi","Rumphi","TA Mwankhunikira",93,2841.069699,"Elderly",30476.276729,1
"259",259,0.0000000131599171373333,0.000000000000000000000000000000000000700343249542829,-0.00000000000000000000000000000000000134769487336455,0.000000000011338719029922,0.0000326325326694666,2787.34753532041,53.7221310338803,2840.06969898684,319.687080704319,90.1773553819151,"Malawi","Rumphi","TA Mwankhunikira",93,2841.069699,"Elderly",30476.276729,1
"260",260,0.0000000131599171373333,0.000000000000000000000000000000000000473595412264468,-0.000000000000000000000000000000000000717800903130015,0.0000000000100043901059963,0.0000306546539056437,2787.34753611999,53.7221322121796,2840.06969898684,319.687080704319,90.1773553819154,"Malawi","Rumphi","TA Mwankhunikira",93,2841.069699,"Elderly",30476.276729,1
"261",261,0.0000000131599171373333,0.000000000000000000000000000000000000324330617000449,-0.000000000000000000000000000000000000371845441170862,0.00000000000883069768731136,0.0000287981142202162,2787.34753687052,53.7221333181926,2840.06969898684,319.687080704319,90.1773553819158,"Malawi","Rumphi","TA Mwankhunikira",93,2841.069699,"Elderly",30476.276729,1
"262",262,0.0000000131599171373333,0.000000000000000000000000000000000000219687759621502,-0.000000000000000000000000000000000000163651256078887,0.00000000000779180815729263,0.0000270527761890128,2787.3475375761,53.7221343579584,2840.06969898684,319.687080704319,90.1773553819161,"Malawi","Rumphi","TA Mwankhunikira",93,2841.069699,"Elderly",30476.276729,1
"263",263,0.0000000131599171373333,0.000000000000000000000000000000000000149221853542714,-0.0000000000000000000000000000000000000537715608187154,0.00000000000687517405041712,0.0000254132195448648,2787.34753823891,53.722135334706,2840.06969898684,319.687080704319,90.1773553819163,"Malawi","Rumphi","TA Mwankhunikira",93,2841.069699,"Elderly",30476.276729,1
"264",264,0.0000000131599171373333,0.000000000000000000000000000000000000101523905149789,0.00000000000000000000000000000000000000136320576891646,0.00000000000606638654965053,0.0000238730309113397,2787.34753886154,53.7221362522563,2840.06969898684,319.687080704319,90.1773553819165,"Malawi","Rumphi","TA Mwankhunikira",93,2841.069699,"Elderly",30476.276729,1
"265",265,0.0000000131599171373333,0.0000000000000000000000000000000000000690634467935602,0.0000000000000000000000000000000000000268274026560903,0.0000000000053527438254936,0.0000224261866364963,2787.34753944645,53.7221371141977,2840.06969898684,319.687080704319,90.1773553819167,"Malawi","Rumphi","TA Mwankhunikira",93,2841.069699,"Elderly",30476.276729,1
"266",266,0.0000000131599171373333,0.000000000000000000000000000000000000046971881654336,0.0000000000000000000000000000000000000359581512136652,0.00000000000472305315083597,0.0000210670295122937,2787.3475399959,53.7221379239005,2840.06969898684,319.687080704319,90.1773553819169,"Malawi","Rumphi","TA Mwankhunikira",93,2841.069699,"Elderly",30476.276729,1
"267",267,0.0000000131599171373333,0.0000000000000000000000000000000000000319464941618786,0.0000000000000000000000000000000000000365060142487929,0.00000000000416743856821785,0.0000197902451917197,2787.34754051206,53.7221386845305,2840.06969898684,319.687080704319,90.1773553819171,"Malawi","Rumphi","TA Mwankhunikira",93,2841.069699,"Elderly",30476.276729,1
"268",268,0.0000000131599171373333,0.0000000000000000000000000000000000000217279379198544,0.0000000000000000000000000000000000000330182346687159,0.000000000003677185851276,0.0000185908414063441,2787.34754099693,53.722139399062,2840.06969898684,319.687080704319,90.1773553819172,"Malawi","Rumphi","TA Mwankhunikira",93,2841.069699,"Elderly",30476.276729,1
"269",269,0.0000000131599171373333,0.000000000000000000000000000000000000014777996962011,0.0000000000000000000000000000000000000280258404106464,0.00000000000324460590444184,0.0000174641284479436,2787.34754145242,53.7221400702887,2840.06969898684,319.687080704319,90.1773553819173,"Malawi","Rumphi","TA Mwankhunikira",93,2841.069699,"Elderly",30476.276729,1
"270",270,0.0000000131599171373333,0.000000000000000000000000000000000000010051055388806,0.0000000000000000000000000000000000000228493523752222,0.00000000000286291416885597,0.0000164057008316333,2787.3475418803,53.7221407008352,2840.06969898684,319.687080704319,90.1773553819175,"Malawi","Rumphi","TA Mwankhunikira",93,2841.069699,"Elderly",30476.276729,1
"271",271,0.0000000131599171373333,0.00000000000000000000000000000000000000683608469936565,0.0000000000000000000000000000000000000181170852562738,0.00000000000252612421342622,0.0000154114200703078,2787.34754228225,53.7221412931669,2840.06969898684,319.687080704319,90.1773553819176,"Malawi","Rumphi","TA Mwankhunikira",93,2841.069699,"Elderly",30476.276729,1
"272",272,0.0000000131599171373333,0.00000000000000000000000000000000000000464946815828175,0.0000000000000000000000000000000000000140743847878688,0.00000000000222895384398067,0.0000144773984930486,2787.34754265984,53.7221418495998,2840.06969898684,319.687080704319,90.1773553819176,"Malawi","Rumphi","TA Mwankhunikira",93,2841.069699,"Elderly",30476.276729,1
"273",273,0.0000000131599171373333,0.00000000000000000000000000000000000000316227160077292,0.0000000000000000000000000000000000000107642943649477,0.00000000000196674225764129,0.0000135999840442282,2787.34754301454,53.7221423723097,2840.06969898684,319.687080704319,90.1773553819177,"Malawi","Rumphi","TA Mwankhunikira",93,2841.069699,"Elderly",30476.276729,1
"274",274,0.0000000131599171373333,0.00000000000000000000000000000000000000215077537241038,0.00000000000000000000000000000000000000813176989568463,0.00000000000173537694306132,0.0000127757460038732,2787.34754334775,53.7221428633404,2840.06969898684,319.687080704319,90.1773553819178,"Malawi","Rumphi","TA Mwankhunikira",93,2841.069699,"Elderly",30476.276729,1
"275",275,0.0000000131599171373333,0.0000000000000000000000000000000000000014628201570504,0.00000000000000000000000000000000000000608201873235225,0.0000000000015312291800353,0.0000120014615734544,2787.34754366076,53.7221433246117,2840.06969898684,319.687080704319,90.1773553819178,"Malawi","Rumphi","TA Mwankhunikira",93,2841.069699,"Elderly",30476.276729,1
"276",276,0.0000000131599171373333,0.000000000000000000000000000000000000000994916920419142,0.00000000000000000000000000000000000000451156541139872,0.00000000000135109712686135,0.0000112741032746542,2787.34754395481,53.7221437579273,2840.06969898684,319.687080704319,90.1773553819179,"Malawi","Rumphi","TA Mwankhunikira",93,2841.069699,"Elderly",30476.276729,1
"277",277,0.0000000131599171373333,0.000000000000000000000000000000000000000676678999296534,0.00000000000000000000000000000000000000332350571734221,0.00000000000119215560284119,0.0000105908271118398,2787.34754423103,53.7221441649814,2840.06969898684,319.687080704319,90.1773553819179,"Malawi","Rumphi","TA Mwankhunikira",93,2841.069699,"Elderly",30476.276729,1
"278",278,0.0000000131599171373333,0.00000000000000000000000000000000000000046023387362935,0.00000000000000000000000000000000000000243388947156912,0.00000000000105191177830954,0.0000099489614519581,2787.34754449051,53.7221445473658,2840.06969898684,319.687080704319,90.177355381918,"Malawi","Rumphi","TA Mwankhunikira",93,2841.069699,"Elderly",30476.276729,1
"279",279,0.0000000131599171373333,0.000000000000000000000000000000000000000313021711370338,0.00000000000000000000000000000000000000177334794395362,0.000000000000928166077237941,0.00000934599657837145,2787.34754473426,53.7221449065753,2840.06969898684,319.687080704319,90.177355381918,"Malawi","Rumphi","TA Mwankhunikira",93,2841.069699,"Elderly",30476.276729,1
"280",280,0.0000000131599171373333,0.000000000000000000000000000000000000000212897392824506,0.00000000000000000000000000000000000000128635488966438,0.000000000000818977679211575,0.00000877957487779136,2787.34754496325,53.7221452440148,2840.06969898684,319.687080704319,90.177355381918,"Malawi","Rumphi","TA Mwankhunikira",93,2841.069699,"Elderly",30476.276729,1
"281",281,0.0000000131599171373333,0.000000000000000000000000000000000000000144799220712076,0.000000000000000000000000000000000000000929468447717434,0.000000000000722634079714198,0.00000824748162193933,2787.34754517835,53.7221455610034,2840.06969898684,319.687080704319,90.1773553819181,"Malawi","Rumphi","TA Mwankhunikira",93,2841.069699,"Elderly",30476.276729,1
"282",282,0.0000000131599171373333,0.000000000000000000000000000000000000000098483189676565,0.00000000000000000000000000000000000000066928147558715,0.000000000000637624231306408,0.00000774763630789195,2787.34754538042,53.7221458587806,2840.06969898684,319.687080704319,90.1773553819181,"Malawi","Rumphi","TA Mwankhunikira",93,2841.069699,"Elderly",30476.276729,1
"283",283,0.0000000131599171373333,0.0000000000000000000000000000000000000000669819809890276,0.000000000000000000000000000000000000000480446723245536,0.000000000000562614844445039,0.00000727808452325038,2787.34754557024,53.7221461385109,2840.06969898684,319.687080704319,90.1773553819181,"Malawi","Rumphi","TA Mwankhunikira",93,2841.069699,"Elderly",30476.276729,1
"284",284,0.0000000131599171373333,0.0000000000000000000000000000000000000000455568690655656,0.000000000000000000000000000000000000000343938677507806,0.000000000000496429476247124,0.00000683699030432729,2787.34754574856,53.7221464012878,2840.06969898684,319.687080704319,90.1773553819181,"Malawi","Rumphi","TA Mwankhunikira",93,2841.069699,"Elderly",30476.276729,1
"285",285,0.0000000131599171373333,0.0000000000000000000000000000000000000000309848751624307,0.000000000000000000000000000000000000000245602721967152,0.000000000000438030079227795,0.00000642262895747123,2787.34754591607,53.722146648139,2840.06969898684,319.687080704319,90.1773553819181,"Malawi","Rumphi","TA Mwankhunikira",93,2841.069699,"Elderly",30476.276729,1
"286",286,0.0000000131599171373333,0.0000000000000000000000000000000000000000210739348101208,0.000000000000000000000000000000000000000174985644414169,0.000000000000386500720623598,0.00000603338031546006,2787.34754607343,53.7221468800295,2840.06969898684,319.687080704319,90.1773553819181,"Malawi","Rumphi","TA Mwankhunikira",93,2841.069699,"Elderly",30476.276729,1
"287",287,0.0000000131599171373333,0.0000000000000000000000000000000000000000143331456414605,0.000000000000000000000000000000000000000124415945588897,0.000000000000341033216956031,0.00000566772240259551,2787.34754622125,53.7221470978661,2840.06969898684,319.687080704319,90.1773553819182,"Malawi","Rumphi","TA Mwankhunikira",93,2841.069699,"Elderly",30476.276729,1
"288",288,0.0000000131599171373333,0.00000000000000000000000000000000000000000974849100713132,0.0000000000000000000000000000000000000000882937985861664,0.000000000000300914458528641,0.0000053242254837294,2787.34754636011,53.7221473025006,2840.06969898684,319.687080704319,90.1773553819182,"Malawi","Rumphi","TA Mwankhunikira",93,2841.069699,"Elderly",30476.276729,1
"289",289,0.0000000131599171373333,0.00000000000000000000000000000000000000000663030149098309,0.0000000000000000000000000000000000000000625506358403218,0.000000000000265515225055804,0.00000500154647395309,2787.34754649056,53.722147494733,2840.06969898684,319.687080704319,90.1773553819182,"Malawi","Rumphi","TA Mwankhunikira",93,2841.069699,"Elderly",30476.276729,1
"290",290,0.0000000131599171373333,0.00000000000000000000000000000000000000000450950796688488,0.0000000000000000000000000000000000000000442424945236855,0.000000000000234280317008177,0.00000469842368709191,2787.3475466131,53.722147675315,2840.06969898684,319.687080704319,90.1773553819182,"Malawi","Rumphi","TA Mwankhunikira",93,2841.069699,"Elderly",30476.276729,1
"291",291,0.0000000131599171373333,0.00000000000000000000000000000000000000000306707954853238,0.0000000000000000000000000000000000000000312468426069377,0.000000000000206719847895412,0.00000441367190247094,2787.34754672821,53.7221478449527,2840.06969898684,319.687080704319,90.1773553819182,"Malawi","Rumphi","TA Mwankhunikira",93,2841.069699,"Elderly",30476.276729,1
"292",292,0.0000000131599171373333,0.0000000000000000000000000000000000000000020860317857729,0.0000000000000000000000000000000000000000220382921381683,0.000000000000182401560914786,0.00000414617773066331,2787.34754683635,53.7221480043094,2840.06969898684,319.687080704319,90.1773553819182,"Malawi","Rumphi","TA Mwankhunikira",93,2841.069699,"Elderly",30476.276729,1
"293",293,0.0000000131599171373333,0.00000000000000000000000000000000000000000141878570230754,0.0000000000000000000000000000000000000000155237520000229,0.00000000000016094404946052,0.00000389489526010077,2787.34754693793,53.7221481540081,2840.06969898684,319.687080704319,90.1773553819182,"Malawi","Rumphi","TA Mwankhunikira",93,2841.069699,"Elderly",30476.276729,1
"294",294,0.0000000131599171373333,0.000000000000000000000000000000000000000000964967496095106,0.0000000000000000000000000000000000000000109219424843897,0.000000000000142010775164647,0.0000036588419675248,2787.34754703336,53.7221482946342,2840.06969898684,319.687080704319,90.1773553819182,"Malawi","Rumphi","TA Mwankhunikira",93,2841.069699,"Elderly",30476.276729,1
"295",295,0.0000000131599171373333,0.000000000000000000000000000000000000000000656309312262411,0.00000000000000000000000000000000000000000767575819712115,0.000000000000125304789648722,0.00000343709487628791,2787.34754712301,53.7221484267375,2840.06969898684,319.687080704319,90.1773553819182,"Malawi","Rumphi","TA Mwankhunikira",93,2841.069699,"Elderly",30476.276729,1
"296",296,0.0000000131599171373333,0.000000000000000000000000000000000000000000446379712383738,0.00000000000000000000000000000000000000000538879251692864,0.000000000000110564077202637,0.00000322878694748409,2787.34754720722,53.7221485508347,2840.06969898684,319.687080704319,90.1773553819182,"Malawi","Rumphi","TA Mwankhunikira",93,2841.069699,"Elderly",30476.276729,1
"297",297,0.0000000131599171373333,0.000000000000000000000000000000000000000000303598995027024,0.00000000000000000000000000000000000000000377953319653077,0.0000000000000975574453453899,0.0000030331036897976,2787.34754728632,53.7221486674108,2840.06969898684,319.687080704319,90.1773553819182,"Malawi","Rumphi","TA Mwankhunikira",93,2841.069699,"Elderly",30476.276729,1
"298",298,0.0000000131599171373333,0.000000000000000000000000000000000000000000206488662511362,0.00000000000000000000000000000000000000000264841875225707,0.0000000000000860808988155848,0.00000284927997481446,2787.34754736064,53.7221487769217,2840.06969898684,319.687080704319,90.1773553819182,"Malawi","Rumphi","TA Mwankhunikira",93,2841.069699,"Elderly",30476.276729,1
"299",299,0.0000000131599171373333,0.000000000000000000000000000000000000000000140440411347062,0.00000000000000000000000000000000000000000185421461944028,0.0000000000000759544401215617,0.00000267659704534448,2787.34754743045,53.7221488797956,2840.06969898684,319.687080704319,90.1773553819182,"Malawi","Rumphi","TA Mwankhunikira",93,2841.069699,"Elderly",30476.276729,1
"300",300,0.0000000131599171373333,0.00000000000000000000000000000000000000000009551860571735,0.0000000000000000000000000000000000000000012971175169186,0.0000000000000670192464711512,0.00000251437970505626,2787.34754749602,53.7221489764348,2840.06969898684,319.687080704319,90.1773553819182,"Malawi","Rumphi","TA Mwankhunikira",93,2841.069699,"Elderly",30476.276729,1
"301",301,0.0000000131599171373333,0.0000000000000000000000000000000000000000000649656601740439,0.000000000000000000000000000000000000000000906700822487968,0.0000000000000591351788041929,0.0000023619936784366,2787.34754755763,53.7221490672171,2840.06969898684,319.687080704319,90.1773553819182,"Malawi","Rumphi","TA Mwankhunikira",93,2841.069699,"Elderly",30476.276729,1
"302",302,0.0000000131599171373333,0.0000000000000000000000000000000000000000000441854963249761,0.000000000000000000000000000000000000000000633332671633645,0.0000000000000521785838596253,0.00000221884313075157,2787.3475476155,53.7221491524974,2840.06969898684,319.687080704319,90.1773553819182,"Malawi","Rumphi","TA Mwankhunikira",93,2841.069699,"Elderly",30476.276729,1
"303",303,0.0000000131599171373333,0.0000000000000000000000000000000000000000000300521549426768,0.000000000000000000000000000000000000000000442078525622759,0.0000000000000460403548048951,0.00000208436833831232,2787.34754766986,53.7221492326093,2840.06969898684,319.687080704319,90.1773553819182,"Malawi","Rumphi","TA Mwankhunikira",93,2841.069699,"Elderly",30476.276729,1
"304",304,0.0000000131599171373333,0.0000000000000000000000000000000000000000000204395580410629,0.000000000000000000000000000000000000000000308376864125687,0.0000000000000406242200107086,0.00000195804349993629,2787.34754772093,53.7221493078659,2840.06969898684,319.687080704319,90.1773553819182,"Malawi","Rumphi","TA Mwankhunikira",93,2841.069699,"Elderly",30476.276729,1
"305",305,0.0000000131599171373333,0.0000000000000000000000000000000000000000000139016830478537,0.000000000000000000000000000000000000000000214977531311449,0.0000000000000358452331323691,0.0000018393746810465,2787.3475477689,53.7221493785615,2840.06969898684,319.687080704319,90.1773553819182,"Malawi","Rumphi","TA Mwankhunikira",93,2841.069699,"Elderly",30476.276729,1
"306",306,0.0000000131599171373333,0.00000000000000000000000000000000000000000000945503768607083,0.000000000000000000000000000000000000000000149777413358578,0.0000000000000316284408162224,0.00000172789788237035,2787.34754781397,53.7221494449725,2840.06969898684,319.687080704319,90.1773553819182,"Malawi","Rumphi","TA Mwankhunikira",93,2841.069699,"Elderly",30476.276729,1
"307",307,0.0000000131599171373333,0.00000000000000000000000000000000000000000000643071326962096,0.000000000000000000000000000000000000000000104292646249338,0.0000000000000279077071355949,0.00000162317722568645,2787.3475478563,53.7221495073587,2840.06969898684,319.687080704319,90.1773553819182,"Malawi","Rumphi","TA Mwankhunikira",93,2841.069699,"Elderly",30476.276729,1
"308",308,0.0000000131599171373333,0.00000000000000000000000000000000000000000000437376079604718,0.0000000000000000000000000000000000000000000725815858617791,0.0000000000000246246763187475,0.00000152480324952569,2787.34754789607,53.7221495659639,2840.06969898684,319.687080704319,90.1773553819182,"Malawi","Rumphi","TA Mwankhunikira",93,2841.069699,"Elderly",30476.276729,1
"309",309,0.0000000131599171373333,0.00000000000000000000000000000000000000000000297475298604858,0.0000000000000000000000000000000000000000000504864880533498,0.0000000000000217278575003276,0.00000143239130816274,2787.34754793343,53.7221496210173,2840.06969898684,319.687080704319,90.1773553819182,"Malawi","Rumphi","TA Mwankhunikira",93,2841.069699,"Elderly",30476.276729,1
"310",310,0.0000000131599171373333,0.00000000000000000000000000000000000000000000202323715007216,0.000000000000000000000000000000000000000000035100205158832,0.0000000000000191718171416173,0.00000134558006763789,2787.34754796852,53.7221496727341,2840.06969898684,319.687080704319,90.1773553819182,"Malawi","Rumphi","TA Mwankhunikira",93,2841.069699,"Elderly",30476.276729,1
"311",311,0.0000000131599171373333,0.00000000000000000000000000000000000000000000137607679853438,0.0000000000000000000000000000000000000000000243915355646689,0.0000000000000169164664535411,0.00000126403009292875,2787.34754800149,53.7221497213166,2840.06969898684,319.687080704319,90.1773553819182,"Malawi","Rumphi","TA Mwankhunikira",93,2841.069699,"Elderly",30476.276729,1
"312",312,0.0000000131599171373333,0.000000000000000000000000000000000000000000000935919625346788,0.0000000000000000000000000000000000000000000169422954097409,0.0000000000000149264326464174,0.00000118742252074746,2787.34754803246,53.7221497669547,2840.06969898684,319.687080704319,90.1773553819182,"Malawi","Rumphi","TA Mwankhunikira",93,2841.069699,"Elderly",30476.276729,1
"313",313,0.0000000131599171373333,0.000000000000000000000000000000000000000000000636552804357152,0.0000000000000000000000000000000000000000000117629722380113,0.0000000000000131705041451725,0.00000111545781277416,2787.34754806155,53.7221498098269,2840.06969898684,319.687080704319,90.1773553819182,"Malawi","Rumphi","TA Mwankhunikira",93,2841.069699,"Elderly",30476.276729,1
"314",314,0.0000000131599171373333,0.000000000000000000000000000000000000000000000432942596527769,0.0000000000000000000000000000000000000000000081635905035094,0.0000000000000116211410688032,0.00000104785458445167,2787.34754808888,53.7221498501007,2840.06969898684,319.687080704319,90.1773553819182,"Malawi","Rumphi","TA Mwankhunikira",93,2841.069699,"Elderly",30476.276729,1
"315",315,0.0000000131599171373333,0.000000000000000000000000000000000000000000000294459926351814,0.00000000000000000000000000000000000000000000566332938225763,0.0000000000000102540432964766,0.000000984348504762073,2787.34754811456,53.7221498879338,2840.06969898684,319.687080704319,90.1773553819182,"Malawi","Rumphi","TA Mwankhunikira",93,2841.069699,"Elderly",30476.276729,1
"316",316,0.0000000131599171373333,0.000000000000000000000000000000000000000000000200272851235616,0.00000000000000000000000000000000000000000000392731408918874,0.00000000000000904776934584156,0.000000924691262683191,2787.34754813867,53.7221499234739,2840.06969898684,319.687080704319,90.1773553819182,"Malawi","Rumphi","TA Mwankhunikira",93,2841.069699,"Elderly",30476.276729,1
"317",317,0.0000000131599171373333,0.000000000000000000000000000000000000000000000136212813197934,0.00000000000000000000000000000000000000000000272244431827252,0.00000000000000798340008605957,0.000000868649596283775,2787.34754816133,53.7221499568601,2840.06969898684,319.687080704319,90.1773553819182,"Malawi","Rumphi","TA Mwankhunikira",93,2841.069699,"Elderly",30476.276729,1
"318",318,0.0000000131599171373333,0.0000000000000000000000000000000000000000000000926432632531374,0.00000000000000000000000000000000000000000000188654829328962,0.00000000000000704424201125208,0.000000816004380661192,2787.34754818261,53.7221499882229,2840.06969898684,319.687080704319,90.1773553819182,"Malawi","Rumphi","TA Mwankhunikira",93,2841.069699,"Elderly",30476.276729,1
"319",319,0.0000000131599171373333,0.0000000000000000000000000000000000000000000000630100357284492,0.00000000000000000000000000000000000000000000130685698656144,0.00000000000000621556542052007,0.000000766549771155366,2787.3475482026,53.7221500176849,2840.06969898684,319.687080704319,90.1773553819182,"Malawi","Rumphi","TA Mwankhunikira",93,2841.069699,"Elderly",30476.276729,1
"320",320,0.0000000131599171373333,0.0000000000000000000000000000000000000000000000428554053810813,0.000000000000000000000000000000000000000000000904992073966769,0.0000000000000054843733981675,0.000000720092398488936,2787.34754822138,53.7221500453614,2840.06969898684,319.687080704319,90.1773553819182,"Malawi","Rumphi","TA Mwankhunikira",93,2841.069699,"Elderly",30476.276729,1
"321",321,0.0000000131599171373333,0.0000000000000000000000000000000000000000000000291475119663459,0.00000000000000000000000000000000000000000000062650297341598,0.00000000000000483919797082766,0.000000676450612686579,2787.34754823903,53.7221500713605,2840.06969898684,319.687080704319,90.1773553819182,"Malawi","Rumphi","TA Mwankhunikira",93,2841.069699,"Elderly",30476.276729,1
"322",322,0.0000000131599171373333,0.0000000000000000000000000000000000000000000000198242776210366,0.000000000000000000000000000000000000000000000433578717662415,0.00000000000000426992024443252,0.000000635453772817229,2787.3475482556,53.7221500957839,2840.06969898684,319.687080704319,90.1773553819182,"Malawi","Rumphi","TA Mwankhunikira",93,2841.069699,"Elderly",30476.276729,1
"323",323,0.0000000131599171373333,0.0000000000000000000000000000000000000000000000134832085720921,0.000000000000000000000000000000000000000000000299974127723743,0.00000000000000376761170006366,0.000000596941579782021,2787.34754827117,53.7221501187271,2840.06969898684,319.687080704319,90.1773553819182,"Malawi","Rumphi","TA Mwankhunikira",93,2841.069699,"Elderly",30476.276729,1
"324",324,0.0000000131599171373333,0.00000000000000000000000000000000000000000000000917041805384165,0.000000000000000000000000000000000000000000000207479406769589,0.0000000000000033243941595783,0.000000560763449539181,2787.34754828579,53.7221501402798,2840.06969898684,319.687080704319,90.1773553819182,"Malawi","Rumphi","TA Mwankhunikira",93,2841.069699,"Elderly",30476.276729,1
"325",325,0.0000000131599171373333,0.00000000000000000000000000000000000000000000000623713315961873,0.000000000000000000000000000000000000000000000143464903467468,0.00000000000000293331622471912,0.000000526777924315108,2787.34754829953,53.7221501605263,2840.06969898684,319.687080704319,90.1773553819182,"Malawi","Rumphi","TA Mwankhunikira",93,2841.069699,"Elderly",30476.276729,1
"326",326,0.0000000131599171373333,0.00000000000000000000000000000000000000000000000424209995910719,0.0000000000000000000000000000000000000000000000991744351243661,0.00000000000000258824425178628,0.000000494852119499496,2787.34754831244,53.7221501795458,2840.06969898684,319.687080704319,90.1773553819182,"Malawi","Rumphi","TA Mwankhunikira",93,2841.069699,"Elderly",30476.276729,1
"327",327,0.0000000131599171373333,0.0000000000000000000000000000000000000000000000028852056870843,0.0000000000000000000000000000000000000000000000685394985243344,0.00000000000000228376615192458,0.000000464861204061821,2787.34754832456,53.7221501974125,2840.06969898684,319.687080704319,90.1773553819182,"Malawi","Rumphi","TA Mwankhunikira",93,2841.069699,"Elderly",30476.276729,1
"328",328,0.0000000131599171373333,0.00000000000000000000000000000000000000000000000196233279203947,0.0000000000000000000000000000000000000000000000473557572015291,0.00000000000000201510650823502,0.000000436687912457604,2787.34754833595,53.7221502141964,2840.06969898684,319.687080704319,90.1773553819182,"Malawi","Rumphi","TA Mwankhunikira",93,2841.069699,"Elderly",30476.276729,1
"329",329,0.0000000131599171373333,0.0000000000000000000000000000000000000000000000013346535409899,0.000000000000000000000000000000000000000000000032711368383944,0.00000000000000177805167841249,0.000000410222086115992,2787.34754834665,53.7221502299631,2840.06969898684,319.687080704319,90.1773553819182,"Malawi","Rumphi","TA Mwankhunikira",93,2841.069699,"Elderly",30476.276729,1
"330",330,0.0000000131599171373333,0.000000000000000000000000000000000000000000000000907746169110818,0.0000000000000000000000000000000000000000000000225902967546139,0.0000000000000015688837082237,0.000000385360242715852,2787.3475483567,53.7221502447743,2840.06969898684,319.687080704319,90.1773553819182,"Malawi","Rumphi","TA Mwankhunikira",93,2841.069699,"Elderly",30476.276729,1
"331",331,0.0000000131599171373333,0.000000000000000000000000000000000000000000000000617391017396399,0.0000000000000000000000000000000000000000000000155971606337053,0.00000000000000138432201932813,0.000000362005171566244,2787.34754836614,53.7221502586878,2840.06969898684,319.687080704319,90.1773553819182,"Malawi","Rumphi","TA Mwankhunikira",93,2841.069699,"Elderly",30476.276729,1
"332",332,0.0000000131599171373333,0.000000000000000000000000000000000000000000000000419909971902036,0.0000000000000000000000000000000000000000000000107664490375779,0.00000000000000122147195687717,0.000000340065553509175,2787.34754837501,53.7221502717581,2840.06969898684,319.687080704319,90.1773553819182,"Malawi","Rumphi","TA Mwankhunikira",93,2841.069699,"Elderly",30476.276729,1
"333",333,0.0000000131599171373333,0.000000000000000000000000000000000000000000000000285595966796016,0.00000000000000000000000000000000000000000000000743028700773416,0.00000000000000107777938991497,0.000000319455603858466,2787.34754838335,53.7221502840363,2840.06969898684,319.687080704319,90.1773553819182,"Malawi","Rumphi","TA Mwankhunikira",93,2841.069699,"Elderly",30476.276729,1
"334",334,0.0000000131599171373333,0.000000000000000000000000000000000000000000000000194244151624914,0.00000000000000000000000000000000000000000000000512681381207229,0.00000000000000095099065253637,0.000000300094736978591,2787.34754839117,53.7221502955703,2840.06969898684,319.687080704319,90.1773553819182,"Malawi","Rumphi","TA Mwankhunikira",93,2841.069699,"Elderly",30476.276729,1
"335",335,0.0000000131599171373333,0.000000000000000000000000000000000000000000000000132112476461553,0.00000000000000000000000000000000000000000000000353672214929884,0.00000000000000083911719752119,0.000000281907251191991,2787.34754839853,53.7221503064053,2840.06969898684,319.687080704319,90.1773553819182,"Malawi","Rumphi","TA Mwankhunikira",93,2841.069699,"Elderly",30476.276729,1
"336",336,0.0000000131599171373333,0.0000000000000000000000000000000000000000000000000898544758798138,0.00000000000000000000000000000000000000000000000243931707297111,0.000000000000000740404408074754,0.000000264822032782835,2787.34754840543,53.7221503165836,2840.06969898684,319.687080704319,90.1773553819182,"Malawi","Rumphi","TA Mwankhunikira",93,2841.069699,"Elderly",30476.276729,1
"337",337,0.0000000131599171373333,0.0000000000000000000000000000000000000000000000000611132805315703,0.00000000000000000000000000000000000000000000000168210018669475,0.000000000000000653304078519597,0.00000024877227793987,2787.34754841192,53.7221503261451,2840.06969898684,319.687080704319,90.1773553819182,"Malawi","Rumphi","TA Mwankhunikira",93,2841.069699,"Elderly",30476.276729,1
"338",338,0.0000000131599171373333,0.0000000000000000000000000000000000000000000000000415653535430186,0.00000000000000000000000000000000000000000000000115972235797339,0.000000000000000576450132327207,0.000000233695231551156,2787.34754841802,53.722150335127,2840.06969898684,319.687080704319,90.1773553819182,"Malawi","Rumphi","TA Mwankhunikira",93,2841.069699,"Elderly",30476.276729,1
"339",339,0.0000000131599171373333,0.0000000000000000000000000000000000000000000000000282701010344323,0.000000000000000000000000000000000000000000000000799423578458996,0.000000000000000508637196652809,0.000000219531941829348,2787.34754842374,53.7221503435647,2840.06969898684,319.687080704319,90.1773553819182,"Malawi","Rumphi","TA Mwankhunikira",93,2841.069699,"Elderly",30476.276729,1
"340",340,0.0000000131599171373333,0.0000000000000000000000000000000000000000000000000192275186996237,0.00000000000000000000000000000000000000000000000055096337185439,0.000000000000000448801697337416,0.000000206227029808125,2787.34754842912,53.7221503514909,2840.06969898684,319.687080704319,90.1773553819182,"Malawi","Rumphi","TA Mwankhunikira",93,2841.069699,"Elderly",30476.276729,1
"341",341,0.0000000131599171373333,0.0000000000000000000000000000000000000000000000000130773312376113,0.000000000000000000000000000000000000000000000000379658711602715,0.000000000000000396005177872264,0.000000193728472808466,2787.34754843417,53.7221503589368,2840.06969898684,319.687080704319,90.1773553819182,"Malawi","Rumphi","TA Mwankhunikira",93,2841.069699,"Elderly",30476.276729,1
"342",342,0.0000000131599171373333,0.00000000000000000000000000000000000000000000000000889436619313918,0.000000000000000000000000000000000000000000000000261571737260392,0.000000000000000349419580701237,0.000000181987401028126,2787.34754843892,53.7221503659314,2840.06969898684,319.687080704319,90.1773553819182,"Malawi","Rumphi","TA Mwankhunikira",93,2841.069699,"Elderly",30476.276729,1
"343",343,0.0000000131599171373333,0.00000000000000000000000000000000000000000000000000604938030099819,0.000000000000000000000000000000000000000000000000180184294490473,0.000000000000000308314260014073,0.000000170957906458983,2787.34754844338,53.7221503725021,2840.06969898684,319.687080704319,90.1773553819182,"Malawi","Rumphi","TA Mwankhunikira",93,2841.069699,"Elderly",30476.276729,1
"344",344,0.0000000131599171373333,0.0000000000000000000000000000000000000000000000000041144024466513,0.000000000000000000000000000000000000000000000000124100495027098,0.000000000000000272044522339755,0.00000016059686338509,2787.34754844757,53.7221503786746,2840.06969898684,319.687080704319,90.1773553819182,"Malawi","Rumphi","TA Mwankhunikira",93,2841.069699,"Elderly",30476.276729,1
"345",345,0.0000000131599171373333,0.00000000000000000000000000000000000000000000000000279835398848757,0.0000000000000000000000000000000000000000000000000854598811558797,0.000000000000000240041515211419,0.000000150863759759602,2787.3475484515,53.7221503844729,2840.06969898684,319.687080704319,90.1773553819182,"Malawi","Rumphi","TA Mwankhunikira",93,2841.069699,"Elderly",30476.276729,1
"346",346,0.0000000131599171373333,0.00000000000000000000000000000000000000000000000000190326180933872,0.0000000000000000000000000000000000000000000000000588416590283717,0.000000000000000211803305317181,0.000000141720538801232,2787.3475484552,53.7221503899199,2840.06969898684,319.687080704319,90.1773553819182,"Malawi","Rumphi","TA Mwankhunikira",93,2841.069699,"Elderly",30476.276729,1
"347",347,0.0000000131599171373333,0.0000000000000000000000000000000000000000000000000012944772283369,0.0000000000000000000000000000000000000000000000000405082041898009,0.00000000000000018688700620712,0.000000133131450190885,2787.34754845867,53.7221503950368,2840.06969898684,319.687080704319,90.1773553819182,"Malawi","Rumphi","TA Mwankhunikira",93,2841.069699,"Elderly",30476.276729,1
"348",348,0.0000000131599171373333,0.000000000000000000000000000000000000000000000000000880420805207788,0.0000000000000000000000000000000000000000000000000278829085347717,0.000000000000000164901832087825,0.000000125062910286641,2787.34754846193,53.7221503998435,2840.06969898684,319.687080704319,90.1773553819182,"Malawi","Rumphi","TA Mwankhunikira",93,2841.069699,"Elderly",30476.276729,1
"349",349,0.0000000131599171373333,0.000000000000000000000000000000000000000000000000000598806048713749,0.000000000000000000000000000000000000000000000000019189853117747,0.000000000000000145502968760625,0.000000117483370810526,2787.347548465,53.7221504043589,2840.06969898684,319.687080704319,90.1773553819182,"Malawi","Rumphi","TA Mwankhunikira",93,2841.069699,"Elderly",30476.276729,1
"350",350,0.0000000131599171373333,0.000000000000000000000000000000000000000000000000000407269662255505,0.0000000000000000000000000000000000000000000000000132052053191418,0.000000000000000128386165575649,0.000000110363195493621,2787.34754846787,53.7221504086007,2840.06969898684,319.687080704319,90.1773553819182,"Malawi","Rumphi","TA Mwankhunikira",93,2841.069699,"Elderly",30476.276729,1
"351",351,0.0000000131599171373333,0.000000000000000000000000000000000000000000000000000276998834850837,0.00000000000000000000000000000000000000000000000000908573331514412,0.000000000000000113282963582242,0.000000103674544197199,2787.34754847058,53.7221504125854,2840.06969898684,319.687080704319,90.1773553819182,"Malawi","Rumphi","TA Mwankhunikira",93,2841.069699,"Elderly",30476.276729,1
"352",352,0.0000000131599171373333,0.000000000000000000000000000000000000000000000000000188396931125546,0.00000000000000000000000000000000000000000000000000625053904828937,0.0000000000000000999564850343155,0.0000000973912640567951,2787.34754847312,53.7221504163286,2840.06969898684,319.687080704319,90.1773553819182,"Malawi","Rumphi","TA Mwankhunikira",93,2841.069699,"Elderly",30476.276729,1
"353",353,0.0000000131599171373333,0.000000000000000000000000000000000000000000000000000128135570234386,0.00000000000000000000000000000000000000000000000000429950952849314,0.0000000000000000881977182134877,0.0000000914887872235769,2787.3475484755,53.7221504198449,2840.06969898684,319.687080704319,90.1773553819182,"Malawi","Rumphi","TA Mwankhunikira",93,2841.069699,"Elderly",30476.276729,1
"354",354,0.0000000131599171373333,0.0000000000000000000000000000000000000000000000000000871496380613076,0.00000000000000000000000000000000000000000000000000295709697206026,0.0000000000000000778222393013847,0.0000000859440348031818,2787.34754847775,53.7221504231482,2840.06969898684,319.687080704319,90.1773553819182,"Malawi","Rumphi","TA Mwankhunikira",93,2841.069699,"Elderly",30476.276729,1
"355",355,0.0000000131599171373333,0.0000000000000000000000000000000000000000000000000000592736224640717,0.00000000000000000000000000000000000000000000000000203356770181192,0.0000000000000000686673198871468,0.0000000807353266164209,2787.34754847985,53.7221504262512,2840.06969898684,319.687080704319,90.1773553819182,"Malawi","Rumphi","TA Mwankhunikira",93,2841.069699,"Elderly",30476.276729,1
"356",356,0.0000000131599171373333,0.0000000000000000000000000000000000000000000000000000403141355283225,0.00000000000000000000000000000000000000000000000000139829657395597,0.0000000000000000605893747444484,0.0000000758422964290079,2787.34754848183,53.7221504291662,2840.06969898684,319.687080704319,90.1773553819182,"Malawi","Rumphi","TA Mwankhunikira",93,2841.069699,"Elderly",30476.276729,1
"357",357,0.0000000131599171373333,0.0000000000000000000000000000000000000000000000000000274191023907311,0.000000000000000000000000000000000000000000000000000961365811286058,0.0000000000000000534617098491179,0.0000000712458123188593,2787.34754848369,53.7221504319045,2840.06969898684,319.687080704319,90.1773553819182,"Malawi","Rumphi","TA Mwankhunikira",93,2841.069699,"Elderly",30476.276729,1
"358",358,0.0000000131599171373333,0.0000000000000000000000000000000000000000000000000000185998220367209,0.000000000000000000000000000000000000000000000000000659303063723045,0.0000000000000000471684583194083,0.0000000669271814973598,2787.34754848543,53.7221504344772,2840.06969898684,319.687080704319,90.1773553819182,"Malawi","Rumphi","TA Mwankhunikira",93,2841.069699,"Elderly",30476.276729,1
"359",359,0.0000000131599171373333,0.0000000000000000000000000000000000000000000000000000124616676531882,0.000000000000000000000000000000000000000000000000000447082020648702,0.0000000000000000416037135621646,0.0000000628681316826908,2787.34754848707,53.7221504368954,2840.06969898684,319.687080704319,90.1773553819182,"Malawi","Rumphi","TA Mwankhunikira",93,2841.069699,"Elderly",30476.276729,1
"360",360,0.0000000131599171373333,0.00000000000000000000000000000000000000000000000000000775779280435304,0.000000000000000000000000000000000000000000000000000283116771510918,0.0000000000000000364748264100885,0.0000000589688328537733,2787.34754848865,53.7221504392183,2840.06969898684,319.687080704319,90.1773553819182,"Malawi","Rumphi","TA Mwankhunikira",93,2841.069699,"Elderly",30476.276729,1
"361",361,0.0000000131599171373333,0.00000000000000000000000000000000000000000000000000000560285036265688,0.000000000000000000000000000000000000000000000000000206029571191956,0.0000000000000000324220679200787,0.0000000555000779810942,2787.34754849005,53.7221504412848,2840.06969898684,319.687080704319,90.1773553819182,"Malawi","Rumphi","TA Mwankhunikira",93,2841.069699,"Elderly",30476.276729,1
"362",362,0.0000000131599171373333,0.00000000000000000000000000000000000000000000000000000404650304257639,0.000000000000000000000000000000000000000000000000000149923163372684,0.0000000000000000288196159289589,0.0000000522353675125322,2787.34754849137,53.7221504432297,2840.06969898684,319.687080704319,90.1773553819182,"Malawi","Rumphi","TA Mwankhunikira",93,2841.069699,"Elderly",30476.276729,1
"363",363,0.0000000131599171373333,0.00000000000000000000000000000000000000000000000000000292247442173392,0.000000000000000000000000000000000000000000000000000109089638664087,0.0000000000000000256174363812968,0.0000000491626988361348,2787.34754849262,53.7221504450602,2840.06969898684,319.687080704319,90.1773553819182,"Malawi","Rumphi","TA Mwankhunikira",93,2841.069699,"Elderly",30476.276729,1
"364",364,0.0000000131599171373333,0.0000000000000000000000000000000000000000000000000000021106759727769,0.000000000000000000000000000000000000000000000000000079373260138723,0.0000000000000000227710545611527,0.0000000462707753759039,2787.34754849378,53.7221504467831,2840.06969898684,319.687080704319,90.1773553819182,"Malawi","Rumphi","TA Mwankhunikira",93,2841.069699,"Elderly",30476.276729,1
"365",365,0.0000000131599171373333,0.00000000000000000000000000000000000000000000000000000152437709255923,0.0000000000000000000000000000000000000000000000000000577485704036775,0.0000000000000000202409373876913,0.0000000435489650603108,2787.34754849488,53.7221504484046,2840.06969898684,319.687080704319,90.1773553819182,"Malawi","Rumphi","TA Mwankhunikira",93,2841.069699,"Elderly",30476.276729,1
