"","time","S","E","I","H","C","R","D","inci","hosp","crits","lvl2","lvl3","lvl4","ID","POP","runNum"
"1",1,18841349.6633035,0,1,0,0,0,0,0,0,0,"Malawi","All","All",1,18841350.6633035,251
"2",2,18841348.8656438,0.652210862677979,0.842930282532101,0.00805312458741672,0.000141314451243851,0.294322481811722,1.64288573849694e-06,0.797659708946201,0.00900459761554076,0.000144103673559189,"Malawi","All","All",1,18841350.6633035,251
"3",3,18841348.0984102,1.0675088042775,0.903886689771043,0.0142357693412227,0.000499348203073381,0.578750823957993,1.18563703536953e-05,1.56489329192118,0.0176657220289275,0.000519477450040795,"Malawi","All","All",1,18841350.6633035,251
"4",4,18841347.2221489,1.43694105683123,1.07838690048639,0.0203144190131565,0.00103408659439961,0.904441085945628,3.70618781272864e-05,2.44115461074893,0.027557636043663,0.0010970086924486,"Malawi","All","All",1,18841350.6633035,251
"5",5,18841346.1529622,1.84401744775412,1.33499988214224,0.0271542932387341,0.00174794621009238,1.30233857852386,8.31404993267794e-05,3.51034128836837,0.0396274410202021,0.00188909865337965,"Malawi","All","All",1,18841350.6633035,251
"6",6,18841344.8198769,2.33453141912338,1.67198827618254,0.0353228856284393,0.00266551771484999,1.7987620224428,0.000156456585609292,4.84342657767762,0.0546763383003582,0.0029311431261232,"Malawi","All","All",1,18841350.6633035,251
"7",7,18841343.1466451,2.94370197558942,2.10146338595656,0.0453307718178852,0.00382717009467046,2.42207066866689,0.000264470302804609,6.51665844242823,0.0735650745795228,0.00427617665248616,"Malawi","All","All",1,18841350.6633035,251
"8",8,18841341.0422355,3.70738582490499,2.64407532247185,0.0577383365324422,0.00528828453181536,3.20616398862589,0.000416243463335161,8.62106800053032,0.0973212807507001,0.0059949651787668,"Malawi","All","All",1,18841350.6633035,251
"9",9,18841338.3939268,4.66751663429356,3.32786132732176,0.0732156469884118,0.00712109791264376,4.19303904767682,0.000622968402497502,11.2693767225957,0.12721744601934,0.00817874746749756,"Malawi","All","All",1,18841350.6633035,251
"10",10,18841335.0605366,5.87566729878933,4.18888618412669,0.0925893867217588,0.00941812151965301,5.43530729337422,0.000898585656475952,14.6027668701881,0.164847348359376,0.010943702457241,"Malawi","All","All",1,18841350.6633035,251
"11",11,18841330.8646109,7.39630107013682,5.27283972343062,0.116891131471879,0.0122969012871865,6.99910320040659,0.00126053971436107,18.7986925664475,0.212214232743577,0.0144369926022911,"Malawi","All","All",1,18841350.6633035,251
"12",12,18841325.5828834,9.31038647690427,6.63734393555581,0.147413745559436,0.0159061971425861,8.96763904086646,0.0017307159744332,24.080420112003,0.271838510920971,0.018844533938801,"Malawi","All","All",1,18841350.6633035,251
"13",13,18841318.9343462,11.7197806647761,8.35497461540096,0.185780805422728,0.0204338721602947,11.4456507693717,0.00233661442096156,30.7289573415527,0.346892431316814,0.0244008778579952,"Malawi","All","All",1,18841350.6633035,251
"14",14,18841310.565322,14.752661721219,10.5170952825696,0.234032966149942,0.026116844467637,14.5649618580956,0.00311281661550026,39.0979814891173,0.441368599646539,0.031401653608079,"Malawi","All","All",1,18841350.6633035,251
"15",15,18841300.0305179,18.5704030803824,13.238743432124,0.294737314032688,0.033253762820169,18.4915451601442,0.00410284491849289,49.6327855944219,0.560293865935007,0.0402194003778389,"Malawi","All","All",1,18841350.6633035,251
"16",16,18841286.7694949,23.3761035200091,16.6647063999849,0.371123020853354,0.0422207768641977,23.4342934439453,0.00536146887658004,62.8938086305335,0.709994959184632,0.0513232532465374,"Malawi","All","All",1,18841350.6633035,251
"17",17,18841270.076715,29.4254431700305,20.9772579673691,0.46725393138556,0.0534916306458786,29.6561841212838,0.0069576389734432,79.5865884596883,0.898436632956881,0.0653040174918152,"Malawi","All","All",1,18841350.6633035,251
"18",18,18841249.064236,37.040201958055,26.4057964115894,0.588243435868546,0.0676627044520526,37.4881848506626,0.00897813880184127,100.599067499429,1.13564282161308,0.0829054109346196,"Malawi","All","All",1,18841350.6633035,251
"19",19,18841222.614121,46.6255060930463,33.2391378344079,0.740528531904958,0.0854849705492238,47.3469927801816,0.0115322423995668,127.04918245249,1.43423390402888,0.105063926707304,"Malawi","All","All",1,18841350.6633035,251
"20",20,18841189.3192064,58.6912904515382,41.8408202678031,0.932210881039267,0.107903778344654,59.7571141830205,0.0147575103018831,160.344097072048,1.81009542206317,0.132958458708799,"Malawi","All","All",1,18841350.6633035,251
"21",21,18841147.4082928,73.8794071734877,52.6684290696714,1.1734875376544,0.136109107494117,75.3787507378299,0.0188271087616293,202.255010734899,2.28322266241382,0.16807298097645,"Malawi","All","All",1,18841350.6633035,251
"22",22,18841094.6517748,92.9978218250709,66.2979758555159,1.47719428908177,0.171598969460917,95.0429787283746,0.0239590425408866,255.011528710045,2.87878611566064,0.212275624290442,"Malawi","All","All",1,18841350.6633035,251
"23",23,18841028.2431482,117.063543189697,83.4545152448777,1.85948783695665,0.216259028776839,119.795922248895,0.0304277482482096,321.420155297451,3.62846933154937,0.267917980115148,"Malawi","All","All",1,18841350.6633035,251
"24",24,18840944.6497248,147.356718411417,105.050705781862,2.34070533197834,0.272462913200484,150.954407541216,0.0385787001746235,405.013578679848,4.57215449967773,0.337960207931564,"Malawi","All","All",1,18841350.6633035,251
"25",25,18840839.4247523,185.488703220916,132.235346929985,2.94644610552974,0.343198474944203,190.176009652011,0.0488467939431793,510.23855117733,5.76004392257757,0.426128507451343,"Malawi","All","All",1,18841350.6633035,251
"26",26,18840706.9709837,233.487702031855,166.454472911184,3.70893288202909,0.432226707966913,239.547205807705,0.0617794838543535,642.692319824595,7.25532987556658,0.537113317521587,"Malawi","All","All",1,18841350.6633035,251
"27",27,18840540.2430571,293.906605900168,209.528214863133,4.66872564011254,0.544281778890201,301.694352271237,0.0780659096482976,809.42024636319,9.13755571632863,0.676818797232974,"Malawi","All","All",1,18841350.6633035,251
"28",28,18840330.3729819,369.958636122792,263.747562527843,5.87687813580705,0.685322811342981,379.923348457395,0.0985735573400628,1019.29032161252,11.506845824063,0.852676851488687,"Malawi","All","All",1,18841350.6633035,251
"29",29,18840066.1987584,465.688024008536,331.996176165992,7.39765225268299,0.862850869393256,478.395447371252,0.124394413683412,1283.46454508154,14.4892302770061,1.07404247354382,"Malawi","All","All",1,18841350.6633035,251
"30",30,18839733.6714832,586.184796291189,417.90345676349,9.3119333556341,1.08630761426361,602.348423246467,0.156903026340716,1615.99182029739,18.2433432579831,1.35269097383559,"Malawi","All","All",1,18841350.6633035,251
"31",31,18839315.108882,737.854971564602,526.03742787081,11.7215297672422,1.3675775054332,758.375085116121,0.19782963829229,2034.5544214625,22.9688582338024,1.70344434560984,"Malawi","All","All",1,18841350.6633035,251
"32",32,18838788.2566448,928.760163720726,662.147350098457,14.7545796671751,1.72161958777812,954.773593377862,0.249352197637128,2561.40665864964,28.9170977641914,2.14495926243165,"Malawi","All","All",1,18841350.6633035,251
"33",33,18838125.1072655,1169.04528018664,833.468503867726,18.5723595258131,2.16726238571527,1201.98841990013,0.314212172047876,3224.55603803807,36.4043886362412,2.70071859724024,"Malawi","All","All",1,18841350.6633035,251
"34",34,18837290.4147262,1471.47560196121,1049.10597465891,23.3778445291141,2.72820449728462,1513.16509130312,0.395860319511387,4059.24857726915,45.8288629681064,3.4002794998642,"Malawi","All","All",1,18841350.6633035,251
"35",35,18836239.82729,1852.11120436679,1320.51749296745,29.4264709711197,3.43427365986497,1904.84793140747,0.498640123695586,5109.83601349638,57.6915901027513,4.28084389158871,"Malawi","All","All",1,18841350.6633035,251
"36",36,18834917.5402246,2331.15607996065,1662.1185290745,37.0396835182042,4.32300919847327,2397.85775864768,0.628018535832762,6432.12307893534,72.6231588667325,5.38923265732055,"Malawi","All","All",1,18841350.6633035,251
"37",37,18833253.3416071,2934.02385481368,2092.04585083444,46.6219810153023,5.4416576637136,3018.39747514704,0.790876915180131,8096.32169638936,91.4171613503907,6.78437523001548,"Malawi","All","All",1,18841350.6633035,251
"38",38,18831158.9133157,3692.67050651913,2633.11383353177,58.6822717191801,6.84967522302276,3799.43782482825,0.995875971498421,10190.7499877928,115.072161600585,8.54043156591629,"Malawi","All","All",1,18841350.6633035,251
"39",39,18828523.1729026,4647.27541278192,3314.01361233378,73.860821523463,8.62187979599274,4782.46475840198,1.25391606957437,12826.4904009067,144.844616356867,10.7507257655356,"Malawi","All","All",1,18841350.6633035,251
"40",40,18825206.4440241,5848.33156902499,4170.82367780842,92.9629488991059,10.8524134662546,6019.66995470355,1.57871550791071,16143.2192794102,182.315214979286,13.53269026278,"Malawi","All","All",1,18841350.6633035,251
"41",41,18821033.1379002,7359.27704040615,5248.89309023673,117.001467610604,13.6597188524514,7576.70654788036,1.98753830709506,20316.5254032934,229.472337988549,17.0340778044087,"Malawi","All","All",1,18841350.6633035,251
"42",42,18815782.5986329,9259.76981429623,6605.20463295435,147.249815965022,17.1927925902466,9536.14550564962,2.50210915154534,25567.064670607,288.816732466127,21.4407682816592,"Malawi","All","All",1,18841350.6633035,251
"43",43,18809177.6662463,11649.7566604979,8311.33471708677,185.308519398669,21.6390393498758,12001.8083574567,3.14976341691089,32171.9970572068,363.492723903887,26.9865752159568,"Malawi","All","All",1,18841350.6633035,251
"44",44,18800870.3810231,14654.5727525679,10457.1161428991,233.188724771929,27.2341104811938,15104.2056568699,3.96489274980644,40479.2822803398,457.452916735231,33.9655386484396,"Malawi","All","All",1,18841350.6633035,251
"45",45,18790424.2190192,18431.1829375704,13155.2474244158,293.415977391518,34.2742708953112,19007.3329123834,4.99076162369335,50925.4442842802,575.663989338251,42.7473760937757,"Malawi","All","All",1,18841350.6633035,251
"46",46,18777292.0270186,23175.9491428428,16546.9445854745,369.160141018709,43.1318311873392,23917.1687991872,6.28178513621685,64057.6362848468,724.36404130255,53.7967818114339,"Malawi","All","All",1,18841350.6633035,251
"47",47,18760788.7435327,29134.081856368,20808.9845245692,464.396534535177,54.2745002637483,30092.2759643346,7.90639069843312,80560.9197707692,911.383588562745,67.6976378886642,"Malawi","All","All",1,18841350.6633035,251
"48",48,18740057.8346008,36611.1812116476,26162.3100883931,584.105969276462,68.2894940834828,37856.9913374842,9.95060185003945,101291.828702735,1146.54495725776,85.1832074323935,"Malawi","All","All",1,18841350.6633035,251
"49",49,18714030.2454616,45987.0911654063,32882.5732918137,734.521468905543,85.9136068673037,47617.7957788666,12.5225299846955,127319.417841844,1442.15790598191,107.173831640918,"Malawi","All","All",1,18841350.6633035,251
"50",50,18681374.6546406,57732.354370063,41312.8653601017,923.431066047358,108.070514308858,59883.5293660964,15.7579862931546,159975.00866291,1813.63163291824,134.823760736013,"Malawi","All","All",1,18841350.6633035,251
"51",51,18640437.759757,72427.3927797657,51878.9525956042,1160.5471413853,135.916975793238,75290.2665604815,19.8274934343764,200911.903546464,2280.22777353897,169.579260301831,"Malawi","All","All",1,18841350.6633035,251
"52",52,18589173.7892515,90784.2374951991,65107.1922373796,1457.95169918239,170.899638096536,94631.647980192,24.9450019742528,252175.874052024,2865.97844318219,213.250213387554,"Malawi","All","All",1,18841350.6633035,251
"53",53,18525062.6013003,113670.295463431,81645.2088613444,1830.62906014087,214.824784153588,118895.725084466,31.3787496893745,316287.062003225,3600.80119039376,268.098305744386,"Malawi","All","All",1,18841350.6633035,251
"54",54,18445017.5258851,142132.718106362,102284.928476942,2297.08964732422,269.942862003851,149308.993660381,39.4646653308634,396332.137418345,4521.83115522829,336.944311117972,"Malawi","All","All",1,18841350.6633035,251
"55",55,18345285.4521258,177420.834721694,127987.14322103,2880.08688942643,339.050355725153,187388.473073184,49.6229165956091,496064.211177655,5674.99609468718,423.298056631787,"Malawi","All","All",1,18841350.6633035,251
"56",56,18221345.3671374,221002.173264256,159905.80051787,3607.4129434441,425.610569936476,235001.920713297,62.3781572664048,620004.29616607,7116.83657502298,531.513582032949,"Malawi","All","All",1,18841350.6633035,251
"57",57,18067816.0685331,274565.149106069,199408.595671479,4512.74299044503,533.894913655664,294435.827864536,78.3842241876232,773533.594770372,8916.5599698789,666.972353036601,"Malawi","All","All",1,18841350.6633035,251
"58",58,17878391.1768289,339998.141867807,248088.43383664,5636.46085465522,669.143156151296,368468.852981824,98.4537775248884,962958.486474603,11158.2564612339,836.293839164133,"Malawi","All","All",1,18841350.6633035,251
"59",59,17645829.2422448,419328.676953388,307758.410028461,7026.34688486613,837.740520537461,460446.652954366,123.593717058648,1195520.42105868,13943.1532252842,1047.57273563176,"Malawi","All","All",1,18841350.6633035,251
"60",60,17362035.9355418,514606.651497727,380416.670386038,8737.96789414868,1047.40255466446,574350.988790453,155.046638659533,1479313.72776169,17391.6897368937,1310.63421730162,"Malawi","All","All",1,18841350.6633035,251
"61",61,17018290.9530712,627705.274235622,468167.953474918,10834.4696807439,1307.35388865494,714850.320504412,194.338447914009,1823058.71023227,21645.0243109057,1637.29353262919,"Malawi","All","All",1,18841350.6633035,251
"62",62,16605676.5832989,760020.815070055,573081.357486016,13385.4196012163,1628.47602462821,887314.680307774,243.331514844675,2235673.08000453,26865.4483390769,2041.59403723625,"Malawi","All","All",1,18841350.6633035,251
"63",63,16115763.1914308,912061.015450967,696963.547917044,16464.2430479281,2023.38626594399,1097770.99739317,304.281797629572,2725586.47187268,33234.984257999,2539.98310540299,"Malawi","All","All",1,18841350.6633035,251
"64",64,15541590.6771904,1082923.77260817,841039.66171499,20143.6276558215,2506.39967762072,1352766.62774869,379.896707819979,3299758.98611311,40951.1872485392,3151.37233161954,"Malawi","All","All",1,18841350.6633035,251
"65",65,14878915.932109,1269736.58117253,1005530.14806614,24488.5670689331,3093.30232132633,1659112.74364808,473.388917499074,3962433.73119451,50219.294908064,3897.00211710791,"Malawi","All","All",1,18841350.6633035,251
"66",66,14127625.9559452,1467147.56719212,1189167.74980468,29546.5552830564,3800.86671029618,2023473.45010009,588.518268056518,4713723.7073583,61239.6920765505,4800.02827569484,"Malawi","All","All",1,18841350.6633035,251
"67",67,13293076.5280545,1667056.05411748,1388713.99509716,35335.3413507368,4646.03131458878,2451793.10123339,729.612135652597,5548273.13524901,74190.4763550578,5884.73611469619,"Malawi","All","All",1,18841350.6633035,251
"68",68,12387013.3523527,1858788.42978164,1598595.04277399,41829.2016682376,5644.6988575567,2948578.3859638,901.551905578342,6454336.3109508,89205.6442877945,7175.31576812521,"Malawi","All","All",1,18841350.6633035,251
"69",69,11427687.6869207,2029886.48573559,1810811.71485329,48945.8149710505,6810.15671446268,3516099.09130459,1109.71280382982,7413661.97638281,106350.862251842,8694.18044388591,"Malawi","All","All",1,18841350.6633035,251
"70",70,10438869.9683646,2167545.40431517,2015263.96853131,56536.7967261141,8151.21228532036,4153623.46723122,1359.8458497431,8402479.69493887,125600.365994142,10459.9013807618,"Malawi","All","All",1,18841350.6633035,251
"71",71,9447723.77477058,2260509.02683106,2200569.51421981,64385.2679210851,9670.22219467564,4856834.96272338,1657.89464287976,9393625.8885329,146819.463042998,12484.9259966768,"Malawi","All","All",1,18841350.6633035,251
"72",72,8481852.45539172,2300993.16893635,2355325.34184734,72213.5204991612,11361.3085506253,5617595.12051474,2009.74756355593,10359497.2079118,169757.64286173,14773.3734441926,"Malawi","All","All",1,18841350.6633035,251
"73",73,7566192.66345145,2286080.92359169,2469576.41525867,79701.7376340384,13209.1217774294,6424168.86127287,2420.9403173402,11275156.999852,194055.794069482,17319.29243568,"Malawi","All","All",1,18841350.6633035,251
"74",74,6720444.53941773,2218189.93696369,2536190.50470459,86516.0375896446,15188.4298604116,7261924.88633294,2896.32843447978,12120905.1238858,219267.864998776,20105.6944715171,"Malawi","All","All",1,18841350.6633035,251
"75",75,5957611.14058871,2104462.51275569,2551799.47097241,92341.5818255566,17264.7437027073,8114431.44970518,3439.76375324379,12883738.5227148,244894.474291162,23104.629943864,"Malawi","All","All",1,18841350.6633035,251
"76",76,5283804.1422398,1955316.9829894,2517100.547794,96914.6728614039,19395.9879482951,8964764.52008144,4053.80938914831,13557545.5210637,270422.845568304,26278.3750464305,"Malawi","All","All",1,18841350.6633035,251
"77",77,4699108.85484219,1782625.14281786,2436484.97676298,100048.002598428,21535.0303118856,9796809.12971331,4739.52625682674,14142240.8084613,295366.363111293,29581.5986701753,"Malawi","All","All",1,18841350.6633035,251
"78",78,4199051.57034336,1598009.96949187,2317162.29204532,101645.030164408,23632.7140931698,10596352.7337797,5496.35338570564,14642298.0929601,319297.630845856,32964.1917225413,"Malawi","All","All",1,18841350.6633035,251
"79",79,3776236.61676148,1411581.55992011,2168024.4636769,101702.156282521,25640.9934012699,11351842.7803559,6322.09290532354,15065113.046542,341871.179339915,36374.3768606126,"Malawi","All","All",1,18841350.6633035,251
"80",80,3421802.27332861,1231253.9493427,1998499.93894994,100300.049533082,27515.7827858367,12054765.672993,7212.99637033233,15419547.3899749,362834.57500322,39761.7046811685,"Malawi","All","All",1,18841350.6633035,251
"81",81,3126533.18175157,1062571.14252553,1817602.67125816,97587.0974189336,29219.2271691692,12699673.4058756,8163.9373044924,15714816.4815519,382028.793009577,43079.6165907424,"Malawi","All","All",1,18841350.6633035,251
"82",82,2881598.33030203,908899.508591094,1633262.88197797,93758.8900460056,30721.2302845084,13283941.1743638,9168.64773805143,15959751.3330015,399380.444326447,46287.3748271287,"Malawi","All","All",1,18841350.6633035,251
"83",83,2678968.68872511,771817.470655168,1451956.47322316,89037.1305081709,32000.2133936731,13807350.6937988,10219.9929993878,16162380.9745784,414888.776037822,49351.2877067155,"Malawi","All","All",1,18841350.6633035,251
"84",84,2511599.02349362,651566.096711321,1278590.10117997,83650.6080897537,33043.1750653309,14271591.3989879,11310.2597755699,16329750.6398099,428610.26834093,52245.258459858,"Malawi","All","All",1,18841350.6633035,251
"85",85,2373454.92645658,547476.084946251,1116569.29563177,77819.8728785267,33845.1824945449,14679753.8644463,12431.4364494799,16467894.7368469,440643.093014145,54950.7524950048,"Malawi","All","All",1,18841350.6633035,251
"86",86,2259452.5019642,458321.552854713,967983.928426436,71746.0998172845,34408.4644984398,15035862.6467389,13575.4690035194,16581897.1613393,451112.857417893,57456.3248569135,"Malawi","All","All",1,18841350.6633035,251
"87",87,2165354.92500148,382591.619730796,833844.748426287,65604.1764107743,34741.2585708797,15344479.4529532,14734.482210063,16675994.738302,460160.559148842,59756.8428091779,"Malawi","All","All",1,18841350.6633035,251
"88",88,2087655.88425894,318680.909532774,714332.244276817,59539.3344560672,34856.559494989,15610384.771251,15900.9600328656,16753693.7790445,467932.977497354,61852.5407246724,"Malawi","All","All",1,18841350.6633035,251
"89",89,2023465.52142031,265014.756919479,609026.261347583,53666.6453908723,34770.8753926848,15838338.718783,17067.8840495969,16817884.1418832,474575.507053173,63748.0111430407,"Malawi","All","All",1,18841350.6633035,251
"90",90,1970407.15411732,220123.473258923,517103.497594534,48072.5390582509,34503.0718151337,16032912.0960277,18228.8314316311,16870942.5091862,480227.142680749,65451.2152071204,"Malawi","All","All",1,18841350.6633035,251
"91",91,1926527.69104486,182680.734220621,437497.11618257,42817.6184505596,34073.3521288299,16198376.1147404,19378.0365356937,16914821.9722586,485017.252489432,66972.5676167281,"Malawi","All","All",1,18841350.6633035,251
"92",92,1890222.05063373,151517.552272614,369018.749983414,37940.1922814009,33502.3995234137,16338639.2978394,20510.4207695376,16951127.6126697,489063.780129961,68324.1293411672,"Malawi","All","All",1,18841350.6633035,251
"93",93,1860170.38111748,125621.210542385,310447.592118505,33460.0376280807,32810.6864556892,16457219.1587925,21621.5966488791,16981179.282186,492472.493381733,69518.9239509401,"Malawi","All","All",1,18841350.6633035,251
"94",94,1835286.38769189,104125.426251925,260591.840425859,29382.0927847258,32017.943345315,16557239.1213206,22707.8514832257,17006063.2756116,495336.986085723,70570.3786159244,"Malawi","All","All",1,18841350.6633035,251
"95",95,1814675.16073189,86296.0417519993,218328.090000835,25699.861231914,31142.7740080767,16641442.6199746,23766.1156041914,17026674.5025716,497739.186782494,71491.8855980146,"Malawi","All","All",1,18841350.6633035,251
"96",96,1797598.72415884,71515.169398725,182624.308427537,22398.4147376099,30202.3959959099,16712217.7306029,24793.9199820058,17043750.9391446,499750.172246999,72296.4706342368,"Malawi","All","All",1,18841350.6633035,251
"97",97,1783447.96568306,59265.4120169169,152550.695940416,19456.9482199935,29212.4860656168,16771627.8084485,25789.3469289782,17057901.6976204,501431.149424572,72996.5547118806,"Malawi","All","All",1,18841350.6633035,251
"98",98,1771719.6539608,49115.1036743913,127282.284573664,16850.8908804088,28187.1088112227,16821444.6442813,26750.9771217051,17069630.0093427,502834.501475319,73603.7927573865,"Malawi","All","All",1,18841350.6633035,251
"99",99,1761997.78217378,40705.1026265297,106095.696855389,14553.5826060325,27138.7132703353,16863181.9505056,27677.8352658271,17079351.8811297,504004.832683332,74128.9779946143,"Malawi","All","All",1,18841350.6633035,251
"100",100,1753938.23093884,33737.0997960893,88362.9514479475,12537.5783600244,26078.1758684058,16898127.2902354,28569.3366568252,17087411.4323646,504979.957352953,74581.9941622729,"Malawi","All","All",1,18841350.6633035,251
"101",101,1747256.19483474,27963.6557486878,73543.0948685914,10775.6271765816,25014.8788677786,16927371.9761068,29425.2357003265,17094093.4684687,505791.819703007,74971.8065629087,"Malawi","All","All",1,18841350.6633035,251
"102",102,1741715.84727527,23179.7006189656,61173.129224949,9241.37789975212,23956.8115285745,16951838.2192833,30245.5774726611,17099633.8160282,506467.324544735,75306.4809853403,"Malawi","All","All",1,18841350.6633035,251
"103",103,1737121.89494156,19215.3554157844,50858.9456070626,7909.85629786602,22910.6849975712,16972303.2729942,31030.6530494866,17104227.7683619,507029.072216371,75593.2227523553,"Malawi","All","All",1,18841350.6633035,251
"104",104,1733312.51640015,15929.9334759349,42266.4934979862,6757.77821422666,21882.0530362715,16989420.9300928,31780.9585861001,17108037.1469033,507496.010163996,75838.4279770544,"Malawi","All","All",1,18841350.6633035,251
"105",105,1730153.61856977,13206.9430537624,35113.6756355193,5763.71420807438,20875.4343122601,17003740.1188829,32497.1586412632,17111196.0447337,507883.993903417,76047.7435869398,"Malawi","All","All",1,18841350.6633035,251
"106",106,1727534.05916256,10949.9249420576,29162.9801689264,4908.15622840741,19894.4313294845,17015721.0579919,33180.0534802,17113815.6041409,508206.272428424,76226.1307426013,"Malawi","All","All",1,18841350.6633035,251
"107",107,1725361.7098994,9079.00141793501,24214.9480540191,4173.50670671866,18941.8436729866,17025749.1032443,33830.5503081716,17115987.9534041,508473.902558896,76377.9292440204,"Malawi","All","All",1,18841350.6633035,251
"108",108,1723560.19543345,7528.02395652406,20102.4209123531,3544.01556295521,18019.7736534672,17034146.5956141,34449.6381706861,17117789.46787,508696.102122714,76506.9205617676,"Malawi","All","All",1,18841350.6633035,251
"109",109,1722066.19295845,6242.20033860687,16685.5592633114,3005.68120212421,17129.7235133528,17041182.9397986,35038.366229093,17119283.470345,508880.549248789,76616.388160286,"Malawi","All","All",1,18841350.6633035,251
"110",110,1720827.20064291,5176.14501789239,13847.5472876566,2546.12938924353,16272.6835255674,17047083.132258,35597.8251821919,17120522.4626606,509033.634671865,76709.1740550524,"Malawi","All","All",1,18841350.6633035,251
"111",111,1719799.68216493,4292.25350393345,11490.9165835148,2154.48050770103,15449.2112523601,17052034.9878627,36129.1314283255,17121549.9811385,509160.674773472,76787.7311824718,"Malawi","All","All",1,18841350.6633035,251
"112",112,1718947.5378866,3559.36950873322,9534.42764330845,1821.21238095166,14659.501799682,17056195.2002829,36633.4138013585,17122402.1254169,509266.089585258,76854.171135158,"Malawi","All","All",1,18841350.6633035,251
"113",113,1718240.8318088,2951.6727835061,7910.42347972863,1538.02480745686,13903.4498566058,17059694.4580937,37111.802473654,17123108.8314947,509353.552556252,76910.3073612923,"Malawi","All","All",1,18841350.6633035,251
"114",114,1717654.73924036,2447.76433983311,6562.59859864981,1297.70879105446,13180.703928619,17062641.7285799,37565.4198250272,17123694.9240631,509426.115512236,76957.6938956108,"Malawi","All","All",1,18841350.6633035,251
"115",115,1717168.6738391,2029.90795448583,5444.12197407311,1094.02348728757,12490.7134169274,17065127.8496257,37995.3730059087,17124180.9894644,509486.313087176,76997.6598127592,"Malawi","All","All",1,18841350.6633035,251
"116",116,1716765.56328857,1683.40092284075,4516.06156069633,921.581910765465,11832.7692853102,17067228.5383779,38402.7479574202,17124584.1000149,509536.249907884,77031.3397416841,"Malawi","All","All",1,18841350.6633035,251
"117",117,1716431.24929217,1396.05511275424,3746.06417443833,775.746461957964,11206.0388705205,17069006.9046877,38788.6047039403,17124918.4140113,509577.673194061,77059.7006839491,"Malawi","All","All",1,18841350.6633035,251
"118",118,1716153.99025152,1157.7657409309,3107.25387410591,652.534250945109,10609.5955384074,17070515.5499257,39153.9737218598,17125195.673052,509612.033186997,77083.5655048832,"Malawi","All","All",1,18841350.6633035,251
"119",119,1715924.04870969,960.155212817039,2577.31058823985,548.532193968975,10042.4437709348,17071798.3196031,39499.853224785,17125425.6145938,509640.533455844,77103.633411531,"Malawi","All","All",1,18841350.6633035,251
"120",120,1715733.34928277,796.27747254808,2137.7024356803,460.821355266001,9503.54026065784,17072891.7652769,39827.2072196992,17125616.3140207,509664.172729905,77120.4977469626,"Malawi","All","All",1,18841350.6633035,251
"121",121,1715575.19473519,660.372932054449,1773.04538954999,386.909952904288,8991.81153500547,17073826.3645514,40136.9642073848,17125774.4685683,509683.779704293,77134.6614081876,"Malawi","All","All",1,18841350.6633035,251
"122",122,1715444.03081885,547.665841093306,1470.57059637042,324.674453616444,8506.16853815862,17074627.5366302,40430.0164252234,17125905.6324846,509700.041926458,77146.55014249,"Malawi","All","All",1,18841350.6633035,251
"123",123,1715335.25123943,454.195994982829,1219.6815060697,272.307956648804,8045.51861669792,17075316.4884569,40707.2195327656,17126014.412064,509713.52979295,77156.523999251,"Malawi","All","All",1,18841350.6633035,251
"124",124,1715245.0358459,376.679501994882,1011.58512873814,228.275196484501,7608.77527118096,17075910.9196987,40969.3926605321,17126104.6274576,509724.716485914,77164.8871643777,"Malawi","All","All",1,18841350.6633035,251
"125",125,1715170.21639154,312.393098969993,838.985669027016,191.273419247972,7194.86600930911,17076425.6099638,41217.3187516517,17126179.4469119,509733.994531269,77171.8963934887,"Malawi","All","All",1,18841350.6633035,251
"126",126,1715108.16539636,259.078519476321,695.830296942953,160.198546968723,6802.73856533776,17076872.9068374,41451.7451410586,17126241.4979071,509741.689520535,77177.7682146617,"Malawi","All","All",1,18841350.6633035,251
"127",127,1715056.70408215,214.863295112128,577.098216017648,134.116017173791,6431.36574098094,17077263.1316317,41673.3843203236,17126292.9592213,509748.07148705,77182.6850678359,"Malawi","All","All",1,18841350.6633035,251
"128",128,1715014.02508402,178.194192862571,478.623490397051,112.235457211249,6079.74916470665,17077604.9210792,41882.9148350495,17126335.6382195,509753.364461389,77186.8005876675,"Malawi","All","All",1,18841350.6633035,251
"129",129,1714978.6296119,147.783281882052,396.95063464859,93.8891763052719,5746.92199464666,17077905.5062991,42080.9823050194,17126371.0336916,509757.75424556,77190.2440384044,"Malawi","All","All",1,18841350.6633035,251
"130",130,1714949.27466362,122.56244608395,329.213396731032,78.5136436799093,5431.95086371069,17078170.9477761,42268.200513614,17126400.3886399,509761.394946259,77193.1241085674,"Malawi","All","All",1,18841350.6633035,251
"131",131,1714924.92937341,101.645872618557,273.034351433487,65.6336438062522,5133.9371547175,17078406.3303552,42445.1525523425,17126424.7339301,509764.414379366,77195.5321292179,"Malawi","All","All",1,18841350.6633035,251
"132",132,1714904.73880428,84.2990030809388,226.441501847532,54.8487665689483,4852.0177257652,17078615.9255031,42612.391998809,17126444.9244992,509766.918554263,77197.5447992295,"Malawi","All","All",1,18841350.6633035,251
"133",133,1714887.9939175,69.912568795793,187.799290846467,45.8218819824048,4585.36519205181,17078803.3263416,42770.4441107322,17126461.669386,509768.99539402,77199.2264942654,"Malawi","All","All",1,18841350.6633035,251
"134",134,1714874.10668171,57.9813331684691,155.75113352429,38.2693448094709,4333.18784297347,17078971.5599436,42919.8070237327,17126475.5566218,509770.717819582,77200.6312174291,"Malawi","All","All",1,18841350.6633035,251
"135",135,1714862.58940659,48.0863109868276,129.171819637919,31.9526720412942,4094.7292707788,17079123.1808825,43060.9529409686,17126487.0738969,509772.146310919,77201.8042476327,"Malawi","All","All",1,18841350.6633035,251
"136",136,1714853.03765023,39.8799518161614,107.128246959266,26.6714726969364,3869.26777030962,17079260.3489051,43194.3293064066,17126496.6256533,509773.33102561,77202.7835312675,"Malawi","All","All",1,18841350.6633035,251
"137",137,1714845.11597482,33.074092771162,88.8463903442785,22.2574705803219,3656.11555916188,17079384.8938609,43320.3599548928,17126504.5473287,509774.3135646,77203.6008549067,"Malawi","All","All",1,18841350.6633035,251
"138",138,1714838.5461907,27.4297326606294,73.6843195193267,18.5694338776651,3454.61786228228,17079498.3695308,43439.4462336704,17126511.1171128,509775.128429638,77204.2828339679,"Malawi","All","All",1,18841350.6633035,251
"139",139,1714833.09759874,22.7486066314868,61.1097377346378,15.4888885149604,3264.1518954653,17079602.098485,43551.9680914373,17126516.5657047,509775.80423307,77204.8517451661,"Malawi","All","All",1,18841350.6633035,251
"140",140,1714828.57884581,18.8663765183204,50.6810084462462,12.9165088376727,3084.12577590083,17079697.2096559,43658.2851321142,17126521.0844577,509776.364707709,77205.326226105,"Malawi","All","All",1,18841350.6633035,251
"141",141,1714824.83125307,15.6466824801867,42.0319814990421,10.7690542409661,2913.97738592032,17079784.6693151,43758.7376311903,17126524.8320504,509776.82953413,77205.7218645308,"Malawi","All","All",1,18841350.6633035,251
"142",142,1714821.72322199,12.9764345635592,34.85899050413,8.97679857980138,2753.17320734665,17079865.307137,43853.6475135033,17126527.9400815,509777.215034357,77206.0516927175,"Malawi","All","All",1,18841350.6633035,251
"143",143,1714819.14559278,10.761917028309,28.9100518885129,7.48136552667269,2601.20714319981,17079939.8379413,43943.3192917212,17126530.5177107,509777.534747469,77206.3266024866,"Malawi","All","All",1,18841350.6633035,251
"144",144,1714817.00786262,8.92530490708063,23.9763737057316,6.23389143487816,2457.59934088523,17080008.8795647,44028.0409652238,17126532.6554409,509777.799898602,77206.5556944788,"Malawi","All","All",1,18841350.6633035,251
"145",145,1714815.23495051,7.40213639724694,19.8846391209068,5.19349978945918,2321.8950241506,17080072.9681736,44108.0848799767,17126534.428353,509778.019800159,77206.7465699686,"Malawi","All","All",1,18841350.6633035,251
"146",146,1714813.76460099,6.13890266842128,16.4911951237161,4.32600183251673,2193.66334522645,17080132.5707084,44183.708549273,17126535.8987025,509778.20217381,77206.905576426,"Malawi","All","All",1,18841350.6633035,251
"147",147,1714812.54517625,5.09125318489263,13.6768554771483,3.60281622303592,2072.49626082707,17080188.095505,44255.1554365854,17126537.1181272,509778.35342432,77207.0380126101,"Malawi","All","All",1,18841350.6633035,251
"148",148,1714811.53385585,4.22239112457013,11.3428042122177,3.00005538830003,1958.00743869265,17080239.9010572,44322.6557010488,17126538.1294476,509778.478862834,77207.1483007613,"Malawi","All","All",1,18841350.6633035,251
"149",149,1714810.69512463,3.50180815999199,9.40707241608547,2.49776190654855,1849.83119691199,17080288.3034324,44386.4269070628,17126538.9681788,509778.582894409,77207.2401306561,"Malawi","All","All",1,18841350.6633035,251
"150",150,1714809.99952954,2.90419755726514,7.80168813487522,2.0792661167844,1747.62147922819,17080333.582444,44446.6746989098,17126539.6637739,509778.66917221,77207.3165802522,"Malawi","All","All",1,18841350.6633035,251
"151",151,1714809.42264303,2.40857442035536,6.47027326214104,1.73064887601932,1651.05086780112,17080375.9868545,44503.5934416463,17126540.2406605,509778.740726077,77207.3802165281,"Malawi","All","All",1,18841350.6633035,251
"152",152,1714808.94420719,1.99753319267828,5.36607571809319,1.44029080341307,1559.80963471728,17080415.7387324,44557.3668294546,17126540.7190963,509778.800068675,77207.433179828,"Malawi","All","All",1,18841350.6633035,251
"153",153,1714808.54741972,1.65663942335956,4.4503162270992,1.19849430442336,1473.6048318491,17080453.0371386,44608.1684633466,17126541.1158838,509778.849284063,77207.4772545214,"Malawi","All","All",1,18841350.6633035,251
"154",154,1714808.21834689,1.37392160237283,3.69083741253846,0.997168452760858,1392.15942080454,17080488.0612101,44656.1623982397,17126541.4449566,509778.8901005,77207.5139277556,"Malawi","All","All",1,18841350.6633035,251
"155",155,1714807.94543279,1.13945159292696,3.06096923700914,0.829564166735211,1315.21144100543,17080520.9727827,44701.503662023,17126541.7178707,509778.923951312,77207.5444387832,"Malawi","All","All",1,18841350.6633035,251
"156",156,1714807.71909353,0.9449958258135,2.53859244995849,0.690052886674585,1242.51321578043,17080551.9186056,44744.3387474126,17126541.94421,509778.952025234,77207.5698201052,"Malawi","All","All",1,18841350.6633035,251
"157",157,1714807.53138079,0.783725267151879,2.10536330757584,0.573941485683631,1173.8305959279,17080581.032219,44784.8060777355,17126542.1319227,509778.975308131,77207.5909318232,"Malawi","All","All",1,18841350.6633035,251
"158",158,1714807.37570256,0.649976798483821,1.74606761597549,0.477317698214428,1108.94223958465,17080608.4355513,44823.036447975,17126542.2876009,509778.994617637,77207.6084902962,"Malawi","All","All",1,18841350.6633035,251
"159",159,1714807.24659199,0.539053427462399,1.44808843658211,0.396920834957073,1047.63892740598,17080634.2402792,44859.1534422291,17126542.4167115,509779.010631833,77207.6230920637,"Malawi","All","All",1,18841350.6633035,251
"160",160,1714807.13951429,0.447059267446449,1.20095975512891,0.330033347609512,989.72291086148,17080658.5489966,44893.2738293811,17126542.5237892,509779.023913188,77207.6352338946,"Malawi","All","All",1,18841350.6633035,251
"161",161,1714807.0507107,0.370765155229153,0.996006421537175,0.274392236009088,935.00729639045,17080681.4561971,44925.5079354703,17126542.6125928,509779.034927919,77207.645329138,"Malawi","All","All",1,18841350.6633035,251
"162",162,1714806.97706235,0.307491204545525,0.826030643160678,0.228111525095071,883.315456165724,17080703.0491524,44955.9599991805,17126542.6862411,509779.044062875,77207.6537220203,"Malawi","All","All",1,18841350.6633035,251
"163",163,1714806.91598251,0.255015405592413,0.685062133477127,0.189620500393172,834.480472721003,17080723.4086446,44984.7285056633,17126542.747321,509779.051638897,77207.6606990239,"Malawi","All","All",1,18841350.6633035,251
"164",164,1714806.86532646,0.211495203183184,0.568150882637765,0.157611395676236,788.34461143242,17080742.6096052,45011.9065029176,17126542.797977,509779.05792201,77207.6664985043,"Malawi","All","All",1,18841350.6633035,251
"165",165,1714806.82331526,0.175401798015067,0.471191752181452,0.13099519564186,744.758820557688,17080760.7216779,45037.5819010575,17126542.8399882,509779.063132858,77207.6713188139,"Malawi","All","All",1,18841350.6633035,251
"166",166,1714806.78847359,0.145468141190976,0.390779267175045,0.108865431851578,703.582257609662,17080777.8097043,45061.8377552031,17126542.8748299,509779.067454437,77207.6753249555,"Malawi","All","All",1,18841350.6633035,251
"167",167,1714806.75957794,0.120642958395836,0.324089798830746,0.0904675429954297,664.681840915407,17080793.9341514,45084.7525329227,17126542.9037255,509779.071038503,77207.6786541937,"Malawi","All","All",1,18841350.6633035,251
"168",168,1714806.73561359,0.100054326962638,0.268781544439969,0.075173520063826,627.931824818509,17080809.1514885,45106.4003671827,17126542.9276899,509779.074010916,77207.6814207047,"Malawi","All","All",1,18841350.6633035,251
"169",169,1714806.71573891,0.0829793523109431,0.222911940450173,0.0624607787623146,593.213397930639,17080823.5145193,45126.8512952612,17126542.9475646,509779.076476068,77207.6837194458,"Malawi","All","All",1,18841350.6633035,251
"170",170,1714806.699256,0.0688182896548447,0.184870412115222,0.0518945029997773,560.41430288208,17080837.0726768,45146.1714846204,17126542.9640475,509779.078520522,77207.6856293817,"Malawi","All","All",1,18841350.6633035,251
"171",171,1714806.68558602,0.0570739566666497,0.153320913780138,0.0431129698997146,529.428476601233,17080849.8722867,45164.4234463679,17126542.9777175,509779.080216075,77207.6872161703,"Malawi","All","All",1,18841350.6633035,251
"172",172,1714806.67424892,0.0473338741212529,0.127155562496648,0.0358152561206728,500.155709752278,17080861.956803,45181.666237173,17126542.9890546,509779.081622269,77207.6885344054,"Malawi","All","All",1,18841350.6633035,251
"173",173,1714806.66484659,0.039255991383334,0.105455560386423,0.029751078915832,472.501325080871,17080873.3670194,45197.9556498178,17126542.9984569,509779.082788486,77207.689629472,"Malawi","All","All",1,18841350.6633035,251
"174",174,1714806.65704882,0.0325566803595028,0.0874587838231565,0.0247122831340346,446.375872921597,17080884.1412605,45213.3443934618,17126543.0062546,509779.083755679,77207.6905390985,"Malawi","All","All",1,18841350.6633035,251
"175",175,1714806.65058181,0.0270006398901896,0.0725333180032077,0.0205257657834431,421.694843428711,17080894.3155546,45227.8822638999,17126543.0127217,509779.084557814,77207.691294646,"Malawi","All","All",1,18841350.6633035,251
"176",176,1714806.64521845,0.0223927951007015,0.0601550094089945,0.0170476016765501,398.3783945987,17080903.9237906,45241.6163043916,17126543.018085,509779.085223057,77207.6919221784,"Malawi","All","All",1,18841350.6633035,251
"177",177,1714806.64077038,0.0185713170063317,0.0498891175315156,0.0141581075680492,376.351094652666,17080912.997862,45254.5909579296,17126543.0225331,509779.085774772,77207.6924433608,"Malawi","All","All",1,18841350.6633035,251
"178",178,1714806.63708141,0.0154019835785287,0.0413751993573548,0.0117577957297288,355.541679300932,17080921.5677972,45266.8482106473,17126543.0262221,509779.086232333,77207.6928761949,"Malawi","All","All",1,18841350.6633035,251
"179",179,1714806.63402198,0.0127735252173515,0.0343142347222248,0.00976396594231978,335.88282175587,17080929.6618804,45278.4277276492,17126543.0292815,509779.086611808,77207.6932356396,"Malawi","All","All",1,18841350.6633035,251
"180",180,1714806.63148467,0.0105936391925372,0.0284582568888452,0.00810787314825405,317.31091551663,17080937.3067623,45289.3669812563,17126543.0318188,509779.086926524,77207.6935341248,"Malawi","All","All",1,18841350.6633035,251
"181",181,1714806.62938037,0.00878575499043878,0.0236016641282355,0.00673238042622327,299.765869080128,17080944.5275621,45299.7013721751,17126543.0339231,509779.08718753,77207.693781978,"Malawi","All","All",1,18841350.6633035,251
"182",182,1714806.62763518,0.00728640305302198,0.0195738758100278,0.00559000367792562,283.190911925451,17080951.3479621,45309.4643439839,17126543.0356683,509779.087403994,77207.6939877788,"Malawi","All","All",1,18841350.6633035,251
"183",183,1714806.62618782,0.00604293174873833,0.016233447140156,0.00464128185832144,267.532411172292,17080957.7902955,45318.6874912972,17126543.0371157,509779.087583517,77207.6941586552,"Malawi","All","All",1,18841350.6633035,251
"184",184,1714806.62498746,0.00501165924530154,0.0134631017757442,0.00385342361054569,252.739698327492,17080963.8756276,45327.400661959,17126543.038316,509779.087732403,77207.6943005281,"Malawi","All","All",1,18841350.6633035,251
"185",185,1714806.62399196,0.00415638366624647,0.0111655297621152,0.00319918382142335,238.764905571205,17080969.6238313,45335.6320535923,17126543.0393115,509779.087855881,77207.6944183159,"Malawi","All","All",1,18841350.6633035,251
"186",186,1714806.62316634,0.00344707098645182,0.00926004696727661,0.00265592536266132,225.562811062211,17080975.0536582,45343.4083048155,17126543.0401371,509779.087958286,77207.6945161038,"Malawi","All","All",1,18841350.6633035,251
"187",187,1714806.62248162,0.00285880134644146,0.00767975971438931,0.00220484077119768,213.090692768921,17080980.1828043,45350.7545814214,17126543.0408219,509779.088043215,77207.6945972848,"Malawi","All","All",1,18841350.6633035,251
"188",188,1714806.62191375,0.00237092635243704,0.00636915535769303,0.0018303068893557,201.308190359366,17080985.0279712,45357.6946577945,17126543.0413897,509779.088113651,77207.6946646769,"Malawi","All","All",1,18841350.6633035,251
"189",189,1714806.62144279,0.00196631361336154,0.00528220938418805,0.00151934519737121,190.177174708793,17080989.6049243,45364.2509938295,17126543.0418607,509779.088172066,77207.6947206202,"Malawi","All","All",1,18841350.6633035,251
"190",190,1714806.62105221,0.00163074634307619,0.00438076685157316,0.0012611746566598,179.661624606573,17080993.9285464,45370.4448076008,17126543.0422513,509779.088220512,77207.6947670583,"Malawi","All","All",1,18841350.6633035,251
"191",191,1714806.62072828,0.00135244773039265,0.0036331586052594,0.0010468412819804,169.727510267069,17080998.0128885,45376.2961440149,17126543.0425752,509779.08826069,77207.6948056049,"Malawi","All","All",1,18841350.6633035,251
"192",192,1714806.62045963,0.00112164485864189,0.00301313102883449,0.000868907936131874,160.342683270747,17081001.8712172,45381.8239396697,17126543.0428438,509779.088294012,77207.6948376002,"Malawi","All","All",1,18841350.6633035,251
"193",193,1714806.62023683,0.000930226773564788,0.0024989217465105,0.000721197629811532,151.47677258102,17081005.5160596,45387.0460841292,17126543.0430666,509779.088321647,77207.6948641568,"Malawi","All","All",1,18841350.6633035,251
"194",194,1714806.62005205,0.000771475852218108,0.00207246279348857,0.000598580649959433,143.101085869933,17081008.959245,45391.9794780665,17126543.0432514,509779.088344566,77207.6948861987,"Malawi","All","All",1,18841350.6633035,251
"195",195,1714806.6198988,0.000639815823737034,0.00171876892560563,0.000496795282040779,135.188516606218,17081012.2119447,45396.6400880088,17126543.0434047,509779.088363575,77207.6949044933,"Malawi","All","All",1,18841350.6633035,251
"196",196,1714806.6197717,0.000530623125127875,0.00142543926594951,0.000412307094717271,127.713459096754,17081015.2847079,45401.0429963944,17126543.0435318,509779.088379339,77207.6949196769,"Malawi","All","All",1,18841350.6633035,251
"197",197,1714806.6196663,0.000440065325156238,0.00118217222225151,0.000342179356824948,120.651722599544,17081018.187498,45405.2024521749,17126543.0436372,509779.088392413,77207.694932278,"Malawi","All","All",1,18841350.6633035,251
"198",198,1714806.61957888,0.000364963213031657,0.000980419708735701,0.000283972664271783,113.980453505682,17081020.9297251,45409.1319166613,17126543.0437246,509779.088403256,77207.6949427358,"Malawi","All","All",1,18841350.6633035,251
"199",199,1714806.61950638,0.000302677895759183,0.000813099229048236,0.00023566186487537,107.678061785923,17081023.520277,45412.8441068571,17126543.0437971,509779.088412248,77207.6949514145,"Malawi","All","All",1,18841350.6633035,251
"200",200,1714806.61944626,0.000251022015380089,0.000674334613895374,0.000195565603976877,101.724151142102,17081025.9675486,45416.3510366073,17126543.0438572,509779.088419705,77207.6949586167,"Malawi","All","All",1,18841350.6633035,251
"201",201,1714806.6193964,0.000208182177251376,0.000559251180212518,0.00016228800349891,96.0994530124521,17081028.2794689,45419.6640554759,17126543.0439071,509779.08842589,77207.6949645934,"Malawi","All","All",1,18841350.6633035,251
"202",202,1714806.61935504,0.000172653456204253,0.000463808142542422,0.000134670174714177,90.78576422386,17081030.4635276,45422.7938854754,17126543.0439484,509779.08843102,77207.6949695531,"Malawi","All","All",1,18841350.6633035,251
"203",203,1714806.61932074,0.000143187981558024,0.000384653896025926,0.000111750061613969,85.7658880897816,17081032.5267993,45425.7506557643,17126543.0439827,509779.088435274,77207.6949736687,"Malawi","All","All",1,18841350.6633035,251
"204",204,1714806.6192923,0.000118752250858344,0.000319010711356314,9.27298065107697e-05,81.0235801544724,17081034.475966,45428.5439346084,17126543.0440112,509779.088438801,77207.6949770837,"Malawi","All","All",1,18841350.6633035,251
"205",205,1714806.61926871,9.84869278261741e-05,0.000264570790000453,7.6945699139466e-05,76.5434918666982,17081036.3173404,45431.1827625606,17126543.0440348,509779.088441727,77207.6949799173,"Malawi","All","All",1,18841350.6633035,251
"206",206,1714806.61924915,8.1679369122233e-05,0.000219419964380007,6.38467844485989e-05,72.311123210056,17081038.0568858,45433.6756803646,17126543.0440543,509779.088444154,77207.6949822687,"Malawi","All","All",1,18841350.6633035,251
"207",207,1714806.61923293,6.77402111109887e-05,0.000181974227833414,5.29768472951519e-05,68.3127772468584,17081039.7002349,45436.0307557308,17126543.0440705,509779.088446166,77207.6949842198,"Malawi","All","All",1,18841350.6633035,251
"208",208,1714806.61921947,5.61798906828267e-05,0.000150919042350483,4.39568174356588e-05,64.5355142037996,17081041.2527084,45438.2556103828,17126543.044084,509779.088447835,77207.6949858387,"Malawi","All","All",1,18841350.6633035,251
"209",209,1714806.61920831,4.65923424306733e-05,0.000125163686647191,3.64719654260086e-05,60.967109652793,17081042.7193326,45440.35744469,17126543.0440952,509779.088449219,77207.6949871819,"Malawi","All","All",1,18841350.6633035,251
"210",210,1714806.61919906,3.86410587934918e-05,0.000103803578769981,3.02611569769442e-05,57.596015087844,17081044.1048558,45442.3430608901,17126543.0441044,509779.088450367,77207.6949882964,"Malawi","All","All",1,18841350.6633035,251
"211",211,1714806.61919138,3.20467001443756e-05,8.60887540939473e-05,2.51076091280752e-05,54.4113205514597,17081045.4137632,45444.218885103,17126543.0441121,509779.088451319,77207.6949892211,"Malawi","All","All",1,18841350.6633035,251
"212",212,1714806.61918501,2.65776737716285e-05,7.13971549276718e-05,2.08314173613433e-05,51.4027193319927,17081046.6502922,45445.990988126,17126543.0441185,509779.088452109,77207.6949899883,"Malawi","All","All",1,18841350.6633035,251
"213",213,1714806.61917974,2.20420266465613e-05,5.92126919195567e-05,1.72832849965931e-05,48.5604746086093,17081047.8184455,45447.6651050802,17126543.0441237,509779.088452764,77207.6949906249,"Malawi","All","All",1,18841350.6633035,251
"214",214,1714806.61917536,1.8280405842342e-05,4.91076168509635e-05,1.43392972820194e-05,45.8753879406104,17081048.9220045,45449.2466539718,17126543.0441281,509779.088453307,77207.694991153,"Malawi","All","All",1,18841350.6633035,251
"215",215,1714806.61917173,1.51607037303236e-05,4.07270966918565e-05,1.1896623624977e-05,43.3387694992327,17081049.9645413,45450.740753226,17126543.0441317,509779.088453757,77207.6949915912,"Malawi","All","All",1,18841350.6633035,251
"216",216,1714806.61916871,1.25734288748344e-05,3.37766612320896e-05,9.86992293040917e-06,40.9424099203465,17081050.9494304,45452.1522382668,17126543.0441348,509779.088454131,77207.6949919547,"Malawi","All","All",1,18841350.6633035,251
"217",217,1714806.61916622,1.04276632686165e-05,2.80123951894237e-05,8.18838335241148e-06,38.6785537988279,17081051.8798597,45453.4856771294,17126543.0441373,509779.08845444,77207.6949922563,"Malawi","All","All",1,18841350.6633035,251
"218",218,1714806.61916415,8.64807755717291e-06,2.32318981520177e-05,6.79325085745939e-06,36.5398745615992,17081052.7588409,45454.7453852601,17126543.0441393,509779.088454697,77207.6949925065,"Malawi","All","All",1,18841350.6633035,251
"219",219,1714806.61916243,7.17224808074298e-06,1.92671392176365e-05,5.6357611015278e-06,34.5194507290953,17081053.5892188,45455.9354394996,17126543.044141,509779.08845491,77207.6949927141,"Malawi","All","All",1,18841350.6633035,251
"220",220,1714806.619161,5.948236955439e-06,1.59790765510872e-05,4.67544045767658e-06,32.6107435269626,17081054.3736811,45457.0596912694,17126543.0441425,509779.088455087,77207.6949928863,"Malawi","All","All",1,18841350.6633035,251
"221",221,1714806.61915982,4.9331035395929e-06,1.32521640076374e-05,3.87871450054306e-06,30.8075757364583,17081055.1147669,45458.1217790296,17126543.0441436,509779.088455234,77207.6949930291,"Malawi","All","All",1,18841350.6633035,251
"222",222,1714806.61915884,4.09127285602633e-06,1.09905025704073e-05,3.21772606715007e-06,29.1041117002169,17081055.8148746,45459.1251400563,17126543.0441446,509779.088455355,77207.6949931476,"Malawi","All","All",1,18841350.6633035,251
"223",223,1714806.61915803,3.39304915210875e-06,9.11491917729649e-06,2.66935034246211e-06,27.4948384356716,17081056.4762703,45460.0730215653,17126543.0441454,509779.088455456,77207.694993246,"Malawi","All","All",1,18841350.6633035,251
"224",224,1714806.61915735,2.81399218735582e-06,7.55940489195247e-06,2.21441051456396e-06,25.9745477964634,17081057.1010946,45460.96849122,17126543.0441461,509779.088455539,77207.6949933275,"Malawi","All","All",1,18841350.6633035,251
"225",225,1714806.6191568,2.33377654115766e-06,6.26931384927096e-06,1.83699097729604e-06,24.5383196062072,17081057.6913696,45461.8144470655,17126543.0441467,509779.088455609,77207.6949933952,"Malawi","All","All",1,18841350.6633035,251
"226",226,1714806.61915633,1.93548621845959e-06,5.19943602292277e-06,1.52388301956218e-06,23.1815057428888,17081058.2490059,45462.6136269035,17126543.0441471,509779.088455666,77207.6949934513,"Malawi","All","All",1,18841350.6633035,251
"227",227,1714806.61915595,1.6051891803569e-06,4.31209945577135e-06,1.26413329848238e-06,21.8997150960366,17081058.7758081,45463.3686171523,17126543.0441475,509779.088455714,77207.6949934979,"Malawi","All","All",1,18841350.6633035,251
"228",228,1714806.61915563,1.33125190345479e-06,3.57620700847474e-06,1.04864933632845e-06,20.6887993434417,17081059.2734814,45464.081861225,17126543.0441478,509779.088455754,77207.6949935365,"Malawi","All","All",1,18841350.6633035,251
"229",229,1714806.61915536,1.1040568611174e-06,2.96589988403954e-06,8.69887176839501e-07,19.5448394547777,17081059.7436363,45464.7556674788,17126543.0441481,509779.088455786,77207.6949935686,"Malawi","All","All",1,18841350.6633035,251
"230",230,1714806.61915514,9.15640818498046e-07,2.45973523421517e-06,7.21592903049933e-07,18.4641332968997,17081060.1877945,45465.3922165155,17126543.0441483,509779.088455814,77207.6949935951,"Malawi","All","All",1,18841350.6633035,251
"231",231,1714806.61915496,7.59377294526993e-07,2.03995958452983e-06,5.98574878474843e-07,17.4431833746114,17081060.6073934,45465.9935684027,17126543.0441485,509779.088455836,77207.6949936172,"Malawi","All","All",1,18841350.6633035,251
"232",232,1714806.61915481,6.29782228244893e-07,1.69182052051045e-06,4.96525391037195e-07,16.4786855168789,17081061.003791,45466.5616693377,17126543.0441487,509779.088455855,77207.6949936355,"Malawi","All","All",1,18841350.6633035,251
"233",233,1714806.61915469,5.22307015983825e-07,1.40310020352923e-06,4.11873168742548e-07,15.5675184313391,17081061.3782703,45467.0983577999,17126543.0441488,509779.08845587,77207.6949936506,"Malawi","All","All",1,18841350.6633035,251
"234",234,1714806.61915458,4.33172915187285e-07,1.1636582068282e-06,3.41651927184437e-07,14.7067332262218,17081061.732043,45467.6053707226,17126543.0441489,509779.088455883,77207.6949936632,"Malawi","All","All",1,18841350.6633035,251
"235",235,1714806.6191545,3.59248215254876e-07,9.65070996174112e-07,2.83399373076572e-07,13.8935438890087,17081062.0662544,45468.0843491011,17126543.044149,509779.088455894,77207.6949936737,"Malawi","All","All",1,18841350.6633035,251
"236",236,1714806.61915443,2.97940531981455e-07,8.00373589894917e-07,2.35077845063932e-07,13.1253187742263,17081062.381986,45468.5368430068,17126543.044149,509779.088455903,77207.6949936823,"Malawi","All","All",1,18841350.6633035,251
"237",237,1714806.61915437,2.47094570272376e-07,6.63785083294357e-07,1.9499431175719e-07,12.399571649262,17081062.6802595,45468.9643168609,17126543.0441491,509779.08845591,77207.6949936895,"Malawi","All","All",1,18841350.6633035,251
"238",238,1714806.61915432,2.04926012829657e-07,5.50505261737061e-07,1.6174443292575e-07,11.7139537479623,17081062.9620404,45469.3681541154,17126543.0441492,509779.088455916,77207.6949936955,"Malawi","All","All",1,18841350.6633035,251
"239",239,1714806.61915428,1.69954245652775e-07,4.56556240878374e-07,1.34163411224943e-07,11.0662461729998,17081063.2282406,45469.7496617277,17126543.0441492,509779.088455921,77207.6949937004,"Malawi","All","All",1,18841350.6633035,251
"240",240,1714806.61915424,1.40949507479739e-07,3.78642127705778e-07,1.11284823805395e-07,10.4543527284513,17081063.4797215,45470.1100743828,17126543.0441492,509779.088455925,77207.6949937045,"Malawi","All","All",1,18841350.6633035,251
"241",241,1714806.61915422,1.16895533837417e-07,3.14023584680964e-07,9.23072954861632e-08,9.87629312413573,17081063.7172972,45470.4505584956,17126543.0441493,509779.088455929,77207.6949937079,"Malawi","All","All",1,18841350.6633035,251
"242",242,1714806.61915419,9.69469382499396e-08,2.6043213569849e-07,7.65656785997128e-08,9.33019656185392,17081063.9417363,45470.7722159891,17126543.0441493,509779.088455932,77207.6949937107,"Malawi","All","All",1,18841350.6633035,251
"243",243,1714806.61915417,8.04013698968186e-08,2.15988902794978e-07,6.35081584579439e-08,8.81429568623934,17081064.1537654,45471.0760878569,17126543.0441493,509779.088455934,77207.6949937131,"Malawi","All","All",1,18841350.6633035,251
"244",244,1714806.61915416,6.66807055655906e-08,1.79127920361546e-07,5.26772862890897e-08,8.32692086677775,17081064.3540707,45471.3631575319,17126543.0441493,509779.088455936,77207.694993715,"Malawi","All","All",1,18841350.6633035,251
"245",245,1714806.61915414,5.53015779544205e-08,1.48557516756693e-07,4.36933409984323e-08,7.86649479297895,17081064.5433003,45471.6343540689,17126543.0441493,509779.088455938,77207.6949937166,"Malawi","All","All",1,18841350.6633035,251
"246",246,1714806.61915413,4.58628605618981e-08,1.23207027192843e-07,3.62413363254715e-08,7.43152736966158,17081064.7220667,45471.8905551522,17126543.0441493,509779.088455939,77207.6949937179,"Malawi","All","All",1,18841350.6633035,251
"247",247,1714806.61915412,3.80368331558737e-08,1.02179271918787e-07,3.00602564371598e-08,7.02061089446854,17081064.8909484,45472.1325899355,17126543.0441494,509779.08845594,77207.6949937191,"Malawi","All","All",1,18841350.6633035,251
"248",248,1714806.61915412,3.15458128886196e-08,8.47411071226829e-08,2.49332511641812e-08,6.63241550207066,17081065.050492,45472.3612417256,17126543.0441494,509779.088455941,77207.69499372,"Malawi","All","All",1,18841350.6633035,251
"249",249,1714806.61915411,2.61609729353367e-08,7.0281808138945e-08,2.06805277855477e-08,6.26568486027963,17081065.2012139,45472.5772505174,17126543.0441494,509779.088455942,77207.6949937207,"Malawi","All","All",1,18841350.6633035,251
"250",250,1714806.6191541,2.16977284163885e-08,5.8285208144934e-08,1.71532349895276e-08,5.9192321041278,17081065.3436018,45472.7813153888,17126543.0441494,509779.088455943,77207.6949937214,"Malawi","All","All",1,18841350.6633035,251
"251",251,1714806.6191541,1.79947375014662e-08,4.83385846013773e-08,1.42274397587665e-08,5.59193599477173,17081065.4781166,45472.9740967632,17126543.0441494,509779.088455943,77207.6949937219,"Malawi","All","All",1,18841350.6633035,251
"252",252,1714806.6191541,1.49223457350443e-08,4.00919303186094e-08,1.18005729268136e-08,5.28273729078311,17081065.6051935,45473.1562185464,17126543.0441494,509779.088455944,77207.6949937223,"Malawi","All","All",1,18841350.6633035,251
"253",253,1714806.61915409,1.23776789455611e-08,3.32463140010569e-08,9.78781410145505e-09,4.99063532008424,17081065.7252439,45473.3282701465,17126543.0441494,509779.088455944,77207.6949937227,"Malawi","All","All",1,18841350.6633035,251
"254",254,1714806.61915409,1.02646245764641e-08,2.75738902848198e-08,8.11820305033168e-09,4.71468474143393,17081065.8386563,45473.490808381,17126543.0441494,509779.088455944,77207.694993723,"Malawi","All","All",1,18841350.6633035,251
"255",255,1714806.61915409,8.51145060868446e-09,2.28708641347246e-08,6.73332563483808e-09,4.45399248498237,17081065.9457976,45473.6443592788,17126543.0441494,509779.088455945,77207.6949937232,"Malawi","All","All",1,18841350.6633035,251
"256",256,1714806.61915409,7.06155279287359e-09,1.89628537897347e-08,5.58489010005804e-09,4.20771486199412,17081066.0470148,45473.7894197828,17126543.0441494,509779.088455945,77207.6949937234,"Malawi","All","All",1,18841350.6633035,251
"257",257,1714806.61915409,5.8548408398386e-09,1.57296776647253e-08,4.63210508049429e-09,3.97505483438501,17081066.1426352,45473.9264593581,17126543.0441494,509779.088455945,77207.6949937236,"Malawi","All","All",1,18841350.6633035,251
"258",258,1714806.61915408,4.85451713310406e-09,1.30474247635222e-08,3.84186432758070e-09,3.75525943523625,17081066.2329685,45474.0559215114,17126543.0441494,509779.088455945,77207.6949937237,"Malawi","All","All",1,18841350.6633035,251
"259",259,1714806.61915408,4.02941306844059e-09,1.08145404681648e-08,3.18667108200626e-09,3.54761733193791,17081066.3183069,45474.1782252261,17126543.0441494,509779.088455945,77207.6949937238,"Malawi","All","All",1,18841350.6633035,251
"260",260,1714806.61915408,3.33892671311279e-09,8.97422810930944e-09,2.64289329858338e-09,3.35145652407506,17081066.3989266,45474.2937663187,17126543.0441494,509779.088455945,77207.6949937239,"Malawi","All","All",1,18841350.6633035,251
"261",261,1714806.61915408,2.7686609033167e-09,7.44354757842851e-09,2.19200681362802e-09,3.16614216860613,17081066.4750885,45474.4029187194,17126543.0441494,509779.088455945,77207.694993724,"Malawi","All","All",1,18841350.6633035,251
"262",262,1714806.61915408,2.30012100892319e-09,6.16589878427978e-09,1.8182803307477e-09,2.99107452529528,17081066.5470392,45474.5060356825,17126543.0441494,509779.088455946,77207.6949937241,"Malawi","All","All",1,18841350.6633035,251
"263",263,1714806.61915408,1.90317025668088e-09,5.12185306259342e-09,1.50783838255084e-09,2.82568701574932,17081066.6150115,45474.6034509296,17126543.0441494,509779.088455946,77207.6949937241,"Malawi","All","All",1,18841350.6633035,251
"264",264,1714806.61915408,1.57919781778409e-09,4.24624810107718e-09,1.25064686653649e-09,2.66944438977741,17081066.6792253,45474.6954797294,17126543.0441494,509779.088455946,77207.6949937242,"Malawi","All","All",1,18841350.6633035,251
"265",265,1714806.61915408,1.3139334878023e-09,3.51371413327118e-09,1.03752094946937e-09,2.52184099312877,17081066.7398885,45474.7824199184,17126543.0441494,509779.088455946,77207.6949937242,"Malawi","All","All",1,18841350.6633035,251
"266",266,1714806.61915408,1.08305027485989e-09,2.92643546686052e-09,8.6014414256546e-10,2.38239913107834,17081066.7971974,45474.8645528647,17126543.0441494,509779.088455946,77207.6949937243,"Malawi","All","All",1,18841350.6633035,251
"267",267,1714806.61915408,9.00011778683701e-10,2.42368438219214e-09,7.13498903015743e-10,2.25066752254847,17081066.8513375,45474.9421443782,17126543.0441494,509779.088455946,77207.6949937243,"Malawi","All","All",1,18841350.6633035,251
"268",268,1714806.61915408,7.53432241857105e-10,1.99702572592683e-09,5.92163218627578e-10,2.12621983993667,17081066.902484,45475.0154455711,17126543.0441494,509779.088455946,77207.6949937243,"Malawi","All","All",1,18841350.6633035,251
"269",269,1714806.61915408,6.20542243397812e-10,1.66423526528368e-09,4.90894250464686e-10,2.00865332763506,17081066.9508024,45475.0846936713,17126543.0441494,509779.088455946,77207.6949937243,"Malawi","All","All",1,18841350.6633035,251
"270",270,1714806.61915408,5.14268203027937e-10,1.38091733218742e-09,4.07121845745025e-10,1.89758750005062,17081066.9964491,45475.1501127895,17126543.0441494,509779.088455946,77207.6949937243,"Malawi","All","All",1,18841350.6633035,251
"271",271,1714806.61915408,4.30043096416483e-10,1.1386757687698e-09,3.37859923264647e-10,1.79266291042277,17081067.0395719,45475.2119146441,17126543.0441494,509779.088455946,77207.6949937244,"Malawi","All","All",1,18841350.6633035,251
"272",272,1714806.61915408,3.52866542582159e-10,9.5139265881685e-10,2.80004909623518e-10,1.69353998712344,17081067.0803102,45475.2702992469,17126543.0441494,509779.088455946,77207.6949937244,"Malawi","All","All",1,18841350.6633035,251
"273",273,1714806.61915408,2.92485075310245e-10,7.89332532270864e-10,2.32222908408188e-10,1.59989793469142,17081067.1187959,45475.3254555503,17126543.0441494,509779.088455946,77207.6949937244,"Malawi","All","All",1,18841350.6633035,251
"274",274,1714806.61915408,2.45371845265659e-10,6.49419183945073e-10,1.92758550566125e-10,1.51143369562605,17081067.1551537,45475.377562059,17126543.0441494,509779.088455946,77207.6949937244,"Malawi","All","All",1,18841350.6633035,251
"275",275,1714806.61915408,2.00861278212269e-10,5.43492148653891e-10,1.59723228934348e-10,1.42786096958941,17081067.1895011,45475.4267874072,17126543.0441494,509779.088455946,77207.6949937244,"Malawi","All","All",1,18841350.6633035,251
"276",276,1714806.61915408,1.66593117426021e-10,4.50722361752335e-10,1.32472026947604e-10,1.34890928684193,17081067.2219492,45475.473290905,17126543.0441494,509779.088455946,77207.6949937244,"Malawi","All","All",1,18841350.6633035,251
"277",277,1714806.61915408,1.4024730196315e-10,3.69928103472624e-10,1.09986165339725e-10,1.27432313291593,17081067.2526032,45475.5172230533,17126543.0441494,509779.088455946,77207.6949937244,"Malawi","All","All",1,18841350.6633035,251
"278",278,1714806.61915408,1.14415572100459e-10,3.10324936785567e-10,9.11140988677754e-11,1.20386112150362,17081067.2815623,45475.5587260318,17126543.0441494,509779.088455946,77207.6949937244,"Malawi","All","All",1,18841350.6633035,251
"279",279,1714806.61915408,9.50296566489255e-11,2.57105090660646e-10,7.557571147252e-11,1.1372952129877,17081067.3089201,45475.5979341584,17126543.0441494,509779.088455946,77207.6949937244,"Malawi","All","All",1,18841350.6633035,251
"280",280,1714806.61915408,7.9878638095032e-11,2.11245043705367e-10,6.27402329338491e-11,1.07440997811586,17081067.3347651,45475.6349743237,17126543.0441494,509779.088455946,77207.6949937244,"Malawi","All","All",1,18841350.6633035,251
"281",281,1714806.61915408,6.45665101036161e-11,1.78318188771797e-10,5.19412310482001e-11,1.01500189935124,17081067.3591811,45475.6699664019,17126543.0441494,509779.088455946,77207.6949937244,"Malawi","All","All",1,18841350.6633035,251
"282",282,1714806.61915408,5.53807443013998e-11,1.44479023395354e-10,4.31811452870358e-11,0.958878711861329,17081067.3822471,45475.7030236393,17126543.0441494,509779.088455946,77207.6949937244,"Malawi","All","All",1,18841350.6633035,251
"283",283,1714806.61915408,4.66250872866315e-11,1.18529555589838e-10,3.58521287495519e-11,0.905858781794127,17081067.4040376,45475.7342530206,17126543.0441494,509779.088455946,77207.6949937244,"Malawi","All","All",1,18841350.6633035,251
"284",284,1714806.61915408,3.59116570450031e-11,1.03426280272561e-10,2.95806497519264e-11,0.855770518626905,17081067.4246233,45475.7637556144,17126543.0441494,509779.088455946,77207.6949937244,"Malawi","All","All",1,18841350.6633035,251
"285",285,1714806.61915408,3.22909877223568e-11,8.1113197847989e-11,2.46735049805905e-11,0.808451819726006,17081067.4440707,45475.7916269014,17126543.0441494,509779.088455946,77207.6949937244,"Malawi","All","All",1,18841350.6633035,251
"286",286,1714806.61915408,2.70836683822012e-11,6.67065657045905e-11,2.04804093299042e-11,0.76374954576117,17081067.4624428,45475.8179570824,17126543.0441494,509779.088455946,77207.6949937244,"Malawi","All","All",1,18841350.6633035,251
"287",287,1714806.61915408,1.89302188211973e-11,6.18880181176001e-11,1.67884223039862e-11,0.721519025202945,17081067.479799,45475.8428313707,17126543.0441494,509779.088455946,77207.6949937244,"Malawi","All","All",1,18841350.6633035,251
"288",288,1714806.61915408,1.72941161183689e-11,4.83620656138342e-11,1.40129189089586e-11,0.681623585526051,17081067.4961956,45475.866330268,17126543.0441494,509779.088455946,77207.6949937244,"Malawi","All","All",1,18841350.6633035,251
"289",289,1714806.61915408,1.51745474281413e-11,3.85623208735170e-11,1.16683555939123e-11,0.643934111391776,17081067.5116855,45475.888529825,17126543.0441494,509779.088455946,77207.6949937244,"Malawi","All","All",1,18841350.6633035,251
"290",290,1714806.61915408,1.05916707555455e-11,3.56870789758356e-11,9.56592927684065e-12,0.608328626856596,17081067.5263189,45475.9095018867,17126543.0441494,509779.088455946,77207.6949937244,"Malawi","All","All",1,18841350.6633035,251
"291",291,1714806.61915408,1.02131149877044e-11,2.69401383625791e-11,8.01353267785788e-12,0.574691900391875,17081067.5401432,45475.9293143262,17126543.0441494,509779.088455946,77207.6949937244,"Malawi","All","All",1,18841350.6633035,251
"292",292,1714806.61915408,9.01270472040717e-12,2.13339248236435e-11,6.6764618843531e-12,0.542915071832122,17081067.5532031,45475.9480312632,17126543.0441494,509779.088455946,77207.6949937244,"Malawi","All","All",1,18841350.6633035,251
"293",293,1714806.61915408,5.90513456956504e-12,2.06109814580253e-11,5.44948119569319e-12,0.512895300871296,17081067.5655408,45475.965713272,17126543.0441494,509779.088455946,77207.6949937244,"Malawi","All","All",1,18841350.6633035,251
"294",294,1714806.61915408,6.37141973568225e-12,1.43531149355029e-11,4.60199396320259e-12,0.484535433545372,17081067.5771964,45475.9824175775,17126543.0441494,509779.088455946,77207.6949937244,"Malawi","All","All",1,18841350.6633035,251
"295",295,1714806.61915408,4.56742675254626e-12,1.32360156824523e-11,3.77666062779373e-12,0.457743687637941,17081067.5882075,45475.9981982405,17126543.0441494,509779.088455946,77207.6949937244,"Malawi","All","All",1,18841350.6633035,251
"296",296,1714806.61915408,2.20356282591826e-12,1.39227956872957e-11,3.04365450308749e-12,0.432433355885319,17081067.5986097,45476.0131063325,17126543.0441494,509779.088455946,77207.6949937244,"Malawi","All","All",1,18841350.6633035,251
"297",297,1714806.61915408,4.4778586537532e-12,6.61940561138737e-12,2.6724374803943e-12,0.408522525447313,17081067.6084368,45476.0271901014,17126543.0441494,509779.088455946,77207.6949937244,"Malawi","All","All",1,18841350.6633035,251
"298",298,1714806.61915408,2.50335169307732e-12,7.73991056482861e-12,2.14875862628616e-12,0.385933812754595,17081067.6177205,45476.0404951268,17126543.0441494,509779.088455946,77207.6949937244,"Malawi","All","All",1,18841350.6633035,251
"299",299,1714806.61915408,6.23430050249513e-13,9.11980923058904e-12,1.70089198558269e-12,0.364594113085019,17081067.6264908,45476.0530644685,17126543.0441494,509779.088455946,77207.6949937244,"Malawi","All","All",1,18841350.6633035,251
"300",300,1714806.61915408,3.23952764063796e-12,2.50197397372551e-12,1.56283259280856e-12,0.344434364023705,17081067.6347763,45476.0649388049,17126543.0441494,509779.088455946,77207.6949937244,"Malawi","All","All",1,18841350.6633035,251
"301",301,1714806.61915408,2.00600160875607e-12,3.34046701496254e-12,1.25810067154355e-12,0.325389321671802,17081067.6426035,45476.0761565657,17126543.0441494,509779.088455946,77207.6949937244,"Malawi","All","All",1,18841350.6633035,251
"302",302,1714806.61915408,3.89566658465667e-13,5.13910944326613e-12,9.7219794317486e-13,0.307397349734153,17081067.649998,45476.0867540551,17126543.0441494,509779.088455946,77207.6949937244,"Malawi","All","All",1,18841350.6633035,251
"303",303,1714806.61915408,2.06768596988789e-12,1.01863573830847e-12,9.0381949417061e-13,0.29040022007666,17081067.6569836,45476.0967655704,17126543.0441494,509779.088455946,77207.6949937244,"Malawi","All","All",1,18841350.6633035,251
"304",304,1714806.61915408,1.03726987944079e-12,2.10445564320615e-12,7.11715498092344e-13,0.274342924173043,17081067.663583,45476.1062235123,17126543.0441494,509779.088455946,77207.6949937244,"Malawi","All","All",1,18841350.6633035,251
"305",305,1714806.61915408,-8.726733319736e-14,3.5068772876146e-12,5.37301790709714e-13,0.259173495019553,17081067.6698174,45476.1151584898,17126543.0441494,509779.088455946,77207.6949937244,"Malawi","All","All",1,18841350.6633035,251
"306",306,1714806.61915408,1.66377916204938e-12,-3.1934315522827e-13,5.42660935969100e-13,0.244842839336344,17081067.6757072,45476.1235994197,17126543.0441494,509779.088455946,77207.6949937244,"Malawi","All","All",1,18841350.6633035,251
"307",307,1714806.61915408,3.33933770385309e-13,1.67963966012933e-12,3.91594708896307e-13,0.231304578354981,17081067.6812712,45476.1315736194,17126543.0441494,509779.088455946,77207.6949937244,"Malawi","All","All",1,18841350.6633035,251
"308",308,1714806.61915408,-3.73046023336482e-14,1.97722925785739e-12,3.07205537800822e-13,0.21851489763918,17081067.6865276,45476.1391068963,17126543.0441494,509779.088455946,77207.6949937244,"Malawi","All","All",1,18841350.6633035,251
"309",309,1714806.61915408,2.0201776877229e-12,-2.17350006559992e-12,3.69434343373069e-13,0.206432405402744,17081067.6914934,45476.1462236306,17126543.0441494,509779.088455946,77207.6949937244,"Malawi","All","All",1,18841350.6633035,251
"310",310,1714806.61915408,-4.30369590389791e-13,2.11236782895855e-12,1.8868316237788e-13,0.195017998592245,17081067.6961846,45476.1529468545,17126543.0441494,509779.088455946,77207.6949937244,"Malawi","All","All",1,18841350.6633035,251
"311",311,1714806.61915408,-4.14319418792278e-13,1.8585822544144e-12,1.53277314927456e-13,0.184234736309953,17081067.7006164,45476.1592983267,17126543.0441494,509779.088455946,77207.6949937244,"Malawi","All","All",1,18841350.6633035,251
"312",312,1714806.61915408,1.80584541553929e-12,-2.45473022350609e-12,2.47270183104543e-13,0.174047720268237,17081067.7048031,45476.1652986026,17126543.0441494,509779.088455946,77207.6949937244,"Malawi","All","All",1,18841350.6633035,251
"313",313,1714806.61915408,-9.64366912706742e-14,9.27836124322205e-13,1.1596764676091e-13,0.164423981871544,17081067.7087583,45476.1709671011,17126543.0441494,509779.088455946,77207.6949937244,"Malawi","All","All",1,18841350.6633035,251
"314",314,1714806.61915408,-2.64633338763022e-13,1.11279148663246e-12,8.58566793073691e-14,0.155332375384211,17081067.7124949,45476.1763221674,17126543.0441494,509779.088455946,77207.6949937244,"Malawi","All","All",1,18841350.6633035,251
"315",315,1714806.61915408,1.20062739888638e-12,-1.71726928861537e-12,1.50585304511991e-13,0.146743477246529,17081067.7160248,45476.1813811325,17126543.0441494,509779.088455946,77207.6949937244,"Malawi","All","All",1,18841350.6633035,251
"316",316,1714806.61915408,-2.42159360448676e-13,8.77200694241856e-13,5.56930613195192e-14,0.138629490771491,17081067.7193596,45476.1861603689,17126543.0441494,509779.088455946,77207.6949937244,"Malawi","All","All",1,18841350.6633035,251
"317",317,1714806.61915408,-3.9110944765882e-13,1.08124947055067e-12,3.55534551048364e-14,0.130964156555179,17081067.7225099,45476.1906753436,17126543.0441494,509779.088455946,77207.6949937244,"Malawi","All","All",1,18841350.6633035,251
"318",318,1714806.61915408,6.39496106097201e-13,-8.95219117935119e-13,8.33635448617202e-14,0.123722666035818,17081067.7254861,45476.1949406692,17126543.0441494,509779.088455946,77207.6949937244,"Malawi","All","All",1,18841350.6633035,251
"319",319,1714806.61915408,2.74491938428692e-13,-2.66749320767116e-13,5.48347499267596e-14,0.116881583068906,17081067.7282977,45476.19897015,17126543.0441494,509779.088455946,77207.6949937244,"Malawi","All","All",1,18841350.6633035,251
"320",320,1714806.61915408,-6.10638104781348e-14,3.15526006569027e-13,2.93387921246983e-14,0.110418768751863,17081067.7309538,45476.2027768259,17126543.0441494,509779.088455946,77207.6949937244,"Malawi","All","All",1,18841350.6633035,251
"321",321,1714806.61915408,2.15654791794915e-13,-2.33404710817242e-13,3.92173544338967e-14,0.104313307376693,17081067.7334631,45476.2063730166,17126543.0441494,509779.088455946,77207.6949937244,"Malawi","All","All",1,18841350.6633035,251
"322",322,1714806.61915408,1.23573065297973e-13,-9.08026346895532e-14,2.94348407087217e-14,0.0985454397377154,17081067.7358336,45476.2097703606,17126543.0441494,509779.088455946,77207.6949937244,"Malawi","All","All",1,18841350.6633035,251
"323",323,1714806.61915408,-5.69443318244345e-14,2.21093553261231e-13,1.55002332901576e-14,0.093096500579558,17081067.7380731,45476.2129798518,17126543.0441494,509779.088455946,77207.6949937244,"Malawi","All","All",1,18841350.6633035,251
"324",324,1714806.61915408,1.27950018461157e-13,-1.42313702892502e-13,2.26470887748819e-14,0.0879488533818883,17081067.7401887,45476.2160118783,17126543.0441494,509779.088455946,77207.6949937244,"Malawi","All","All",1,18841350.6633035,251
"325",325,1714806.61915408,9.13442125275937e-14,-9.05671203444397e-14,1.79566925345572e-14,0.0830858379589309,17081067.7421873,45476.2188762533,17126543.0441494,509779.088455946,77207.6949937244,"Malawi","All","All",1,18841350.6633035,251
"326",326,1714806.61915408,-3.75131763836751e-14,1.35470815682696e-13,8.56094185452032e-15,0.0784917165028964,17081067.7440755,45476.2215822465,17126543.0441494,509779.088455946,77207.6949937244,"Malawi","All","All",1,18841350.6633035,251
"327",327,1714806.61915408,8.2587953150808e-14,-9.90303891792087e-14,1.34555038017972e-14,0.0741516209109221,17081067.7458592,45476.2241386154,17126543.0441494,509779.088455946,77207.6949937244,"Malawi","All","All",1,18841350.6633035,251
"328",328,1714806.61915408,4.4751687671987e-14,-3.79905085229417e-14,9.83217330059382e-15,0.0700515051603532,17081067.7475443,45476.2265536333,17126543.0441494,509779.088455946,77207.6949937244,"Malawi","All","All",1,18841350.6633035,251
"329",329,1714806.61915408,-4.71204978444642e-14,1.25097008904256e-13,3.44579333130534e-15,0.0661780998854306,17081067.7491362,45476.2288351159,17126543.0441494,509779.088455946,77207.6949937244,"Malawi","All","All",1,18841350.6633035,251
"330",330,1714806.61915408,4.77050806431857e-14,-5.75950335295207e-14,7.7087745763045e-15,0.0625188694291254,17081067.7506401,45476.230990447,17126543.0441494,509779.088455946,77207.6949937244,"Malawi","All","All",1,18841350.6633035,251
"331",331,1714806.61915408,2.3914494719215e-14,-1.86717413354433e-14,5.51849321179906e-15,0.0590619712784489,17081067.7520609,45476.2330266019,17126543.0441494,509779.088455946,77207.6949937244,"Malawi","All","All",1,18841350.6633035,251
"332",332,1714806.61915408,-3.93355158036036e-14,9.45175288096137e-14,1.26937669364591e-15,0.0557962177363279,17081067.753403,45476.2349501703,17126543.0441494,509779.088455946,77207.6949937244,"Malawi","All","All",1,18841350.6633035,251
"333",333,1714806.61915408,3.2578943617682e-14,-4.2831038259306e-14,4.69735494521443e-15,0.0527110397145766,17081067.754671,45476.2367673775,17126543.0441494,509779.088455946,77207.6949937244,"Malawi","All","All",1,18841350.6633035,251
"334",334,1714806.61915408,1.50375208313274e-14,-1.32462232258873e-14,3.22599689618882e-15,0.0497964525287658,17081067.7558689,45476.2384841047,17126543.0441494,509779.088455946,77207.6949937244,"Malawi","All","All",1,18841350.6633035,251
"335",335,1714806.61915408,-3.02370834737742e-14,6.84148862604761e-14,2.88193831978618e-16,0.0470430235843726,17081067.7570005,45476.2401059077,17126543.0441494,509779.088455946,77207.6949937244,"Malawi","All","All",1,18841350.6633035,251
"336",336,1714806.61915408,2.32703521924309e-14,-3.31446515876669e-14,2.94149900706711e-15,0.0444418418497063,17081067.7580696,45476.2416380353,17126543.0441494,509779.088455946,77207.6949937244,"Malawi","All","All",1,18841350.6633035,251
"337",337,1714806.61915408,9.89065759633907e-15,-9.99672076263642e-15,1.91361415536807e-15,0.0419844890167822,17081067.7590795,45476.2430854459,17126543.0441494,509779.088455946,77207.6949937244,"Malawi","All","All",1,18841350.6633035,251
"338",338,1714806.61915408,-2.27216364520062e-14,4.9201871142979e-14,-1.41537410649697e-16,0.0396630122568144,17081067.7600336,45476.2444528238,17126543.0441494,509779.088455946,77207.6949937244,"Malawi","All","All",1,18841350.6633035,251
"339",339,1714806.61915408,1.69236993255674e-14,-2.56917841225088e-14,1.88193842082726e-15,0.0374698984821602,17081067.7609349,45476.2457445944,17126543.0441494,509779.088455946,77207.6949937244,"Malawi","All","All",1,18841350.6633035,251
"340",340,1714806.61915408,6.62886623956294e-15,-7.53727913822421e-15,1.14676376165234e-15,0.0353980500314164,17081067.7617864,45476.2469649382,17126543.0441494,509779.088455946,77207.6949937244,"Malawi","All","All",1,18841350.6633035,251
"341",341,1714806.61915408,-1.69168055669031e-14,3.54204064666043e-14,-3.01838878009218e-16,0.0334407616989738,17081067.7625909,45476.2481178048,17126543.0441494,509779.088455946,77207.6949937244,"Malawi","All","All",1,18841350.6633035,251
"342",342,1714806.61915408,1.24044056707245e-14,-1.97691351271354e-14,1.22727493311759e-15,0.031591699034694,17081067.7633508,45476.2492069251,17126543.0441494,509779.088455946,77207.6949937244,"Malawi","All","All",1,18841350.6633035,251
"343",343,1714806.61915408,4.47231527166187e-15,-5.58417179590443e-15,6.92781129830392e-16,0.0298448778434768,17081067.7640687,45476.2502358239,17126543.0441494,509779.088455946,77207.6949937244,"Malawi","All","All",1,18841350.6633035,251
"344",344,1714806.61915408,-1.2535694698519e-14,2.55700295143339e-14,-3.33482728274459e-16,0.0281946448183704,17081067.764747,45476.2512078312,17126543.0441494,509779.088455946,77207.6949937244,"Malawi","All","All",1,18841350.6633035,251
"345",345,1714806.61915408,9.1316839968497e-15,-1.50989877042711e-14,8.14994646320656e-16,0.0266356592445496,17081067.7653877,45476.2521260926,17126543.0441494,509779.088455946,77207.6949937244,"Malawi","All","All",1,18841350.6633035,251
"346",346,1714806.61915408,3.02513908283315e-15,-4.06660141286124e-15,4.21681864532046e-16,0.0251628757149482,17081067.765993,45476.2529935799,17126543.0441494,509779.088455946,77207.6949937244,"Malawi","All","All",1,18841350.6633035,251
"347",347,1714806.61915408,-9.2602148012162e-15,1.8507715994782e-14,-3.08139569447397e-16,0.0237715278016066,17081067.7665648,45476.2538131007,17126543.0441494,509779.088455946,77207.6949937244,"Malawi","All","All",1,18841350.6633035,251
"348",348,1714806.61915408,6.74201154665275e-15,-1.14630146390277e-14,5.50591564085135e-16,0.0224571126298915,17081067.767105,45476.2545873071,17126543.0441494,509779.088455946,77207.6949937244,"Malawi","All","All",1,18841350.6633035,251
"349",349,1714806.61915408,2.04736804488187e-15,-2.91786525741305e-15,2.58526126019007e-16,0.0212153763056639,17081067.7676154,45476.2553187049,17126543.0441494,509779.088455946,77207.6949937244,"Malawi","All","All",1,18841350.6633035,251
"350",350,1714806.61915408,-6.82480481340326e-15,1.34250721345099e-14,-2.61992006027151e-16,0.0200423001482314,17081067.7680975,45476.2560096609,17126543.0441494,509779.088455946,77207.6949937244,"Malawi","All","All",1,18841350.6633035,251
"351",351,1714806.61915408,4.98799050130353e-15,-8.66224789939963e-15,3.77917865342626e-16,0.0189340876845327,17081067.7685529,45476.2566624115,17126543.0441494,509779.088455946,77207.6949937244,"Malawi","All","All",1,18841350.6633035,251
"352",352,1714806.61915408,1.38438989143398e-15,-2.06695840879693e-15,1.59574321534119e-16,0.0178871523624601,17081067.7689832,45476.2572790691,17126543.0441494,509779.088455946,77207.6949937244,"Malawi","All","All",1,18841350.6633035,251
"353",353,1714806.61915408,-5.02085576600196e-15,9.75476282973529e-15,-2.12487199738082e-16,0.0168981059435586,17081067.7693897,45476.2578616294,17126543.0441494,509779.088455946,77207.6949937244,"Malawi","All","All",1,18841350.6633035,251
"354",354,1714806.61915408,3.69579073649205e-15,-6.5223835130769e-15,2.63116402199302e-16,0.0159637475375347,17081067.7697737,45476.2584119778,17126543.0441494,509779.088455946,77207.6949937244,"Malawi","All","All",1,18841350.6633035,251
"355",355,1714806.61915408,9.34047257583392e-16,-1.44742053664763e-15,9.90952298178048e-17,0.0150810532430878,17081067.7701365,45476.2589318955,17126543.0441494,509779.088455946,77207.6949937244,"Malawi","All","All",1,18841350.6633035,251
"356",356,1714806.61915408,-3.68842237554025e-15,7.09703438677503e-15,-1.67288962678397e-16,0.014247166361538,17081067.7704792,45476.2594230649,17126543.0441494,509779.088455946,77207.6949937244,"Malawi","All","All",1,18841350.6633035,251
"357",357,1714806.61915408,2.74124019304799e-15,-4.89748864152676e-15,1.85475554462461e-16,0.0134593881515784,17081067.770803,45476.2598870759,17126543.0441494,509779.088455946,77207.6949937244,"Malawi","All","All",1,18841350.6633035,251
"358",358,1714806.61915408,6.27991934287771e-16,-1.00261069114277e-15,6.18476353624452e-17,0.0127151690952315,17081067.7711088,45476.2603254299,17126543.0441494,509779.088455946,77207.6949937244,"Malawi","All","All",1,18841350.6633035,251
"359",359,1714806.61915408,-2.70642291391125e-15,5.16837102672583e-15,-1.29100930729409e-16,0.0120121006467423,17081067.7713978,45476.2607395457,17126543.0441494,509779.088455946,77207.6949937244,"Malawi","All","All",1,18841350.6633035,251
"360",360,1714806.61915408,2.03470630545238e-15,-3.66936506406058e-15,1.3212972622392e-16,0.0113479074377059,17081067.7716708,45476.2611307636,17126543.0441494,509779.088455946,77207.6949937244,"Malawi","All","All",1,18841350.6633035,251
"361",361,1714806.61915408,4.20136885990904e-16,-6.87020882447556e-16,3.87405576864735e-17,0.0107204399132025,17081067.7719286,45476.2615003496,17126543.0441494,509779.088455946,77207.6949937244,"Malawi","All","All",1,18841350.6633035,251
"362",362,1714806.61915408,-1.98395207640222e-15,3.76644956200838e-15,-9.82448194554161e-17,0.0101276673751067,17081067.7721723,45476.2618494998,17126543.0441494,509779.088455946,77207.6949937244,"Malawi","All","All",1,18841350.6633035,251
"363",363,1714806.61915408,1.5109907637043e-15,-2.74443243508931e-15,9.49534953588539e-17,0.00956767141005879,17081067.7724024,45476.2621793442,17126543.0441494,509779.088455946,77207.6949937244,"Malawi","All","All",1,18841350.6633035,251
"364",364,1714806.61915408,2.79230852620053e-16,-4.65467281710833e-16,2.43108193021469e-17,0.00903863968082701,17081067.7726198,45476.2624909503,17126543.0441494,509779.088455946,77207.6949937244,"Malawi","All","All",1,18841350.6633035,251
"365",365,1714806.61915408,-1.45316397353257e-15,2.74612977101355e-15,-7.40103510184739e-17,0.00853886006096843,17081067.7728253,45476.2627853265,17126543.0441494,509779.088455946,77207.6949937244,"Malawi","All","All",1,18841350.6633035,251
