"","time","S","E","I","H","C","R","D","inci","hosp","crits","lvl2","lvl3","lvl4","ID","POP","runNum"
"1",1,18841349.6633035,0,1,0,0,0,0,0,0,0,"Malawi","All","All",1,18841350.6633035,982
"2",2,18841348.7583744,0.720160483068842,0.845126894346475,0.00922217658818914,7.50279456840105e-05,0.330343469241716,1.10295038309912e-06,0.904929154141289,0.00974540663851593,7.69087049176085e-05,"Malawi","All","All",1,18841350.6633035,982
"3",3,18841347.8605322,1.17616609810371,0.949981572204778,0.017448965261171,0.000274991507241634,0.658891533976781,8.16205466139885e-06,1.80277132310834,0.0194144922374868,0.000288909503830405,"Malawi","All","All",1,18841350.6633035,982
"4",4,18841346.7835481,1.61104547866031,1.18786808675873,0.0266717222655609,0.000593312434727506,1.05355055007261,2.62581629331059e-05,2.87975540835487,0.0310128022909002,0.000638088050340417,"Malawi","All","All",1,18841350.6633035,982
"5",5,18841345.4109417,2.12507929506971,1.53126826804546,0.0379745413648439,0.00104592494212033,1.55693309928697,6.07278125955828e-05,4.2523618565217,0.0457947442156956,0.00114947846186655,"Malawi","All","All",1,18841350.6633035,982
"6",6,18841343.6326049,2.77748006873243,1.98975131379012,0.0522685706408446,0.00166241777204284,2.20941832175527,0.000117892239760687,6.03069858493047,0.0649460985425424,0.00186344850007654,"Malawi","All","All",1,18841350.6633035,982
"7",7,18841341.3188308,3.6218016335139,2.5907882415968,0.0705730916141928,0.00248490521227771,3.05861925892794,0.000205600280006223,8.34447273114511,0.0898637154429832,0.00283549634582038,"Malawi","All","All",1,18841350.6633035,982
"8",8,18841338.3051543,4.72003382710535,3.37512637487448,0.0941587062332255,0.00357000435565987,4.16492651890492,0.000333797994502092,11.3581492294681,0.122318761752103,0.00413919918974869,"Malawi","All","All",1,18841350.6633035,982
"9",9,18841334.3787839,6.15037323688653,4.39749466716795,0.124660097644297,0.00499255767720626,5.60648383222998,0.000515221741649909,15.2845196133476,0.164602847710648,0.00587111764038043,"Malawi","All","All",1,18841350.6633035,982
"10",10,18841329.2629741,8.01385107307988,5.72973785206599,0.16419849375645,0.00685086403491238,7.48492488263936,0.000766281366710268,20.4003294469433,0.219696324256134,0.00815753274645034,"Malawi","All","All",1,18841350.6633035,982
"11",11,18841322.5972667,10.4418381539958,7.46565399015408,0.215533693561671,0.00927365521749592,9.93262907783344,0.00110820638232481,27.0660367771448,0.291481069432524,0.0111633770202421,"Malawi","All","All",1,18841350.6633035,982
"12",12,18841313.9120615,13.605409234713,9.72751538567373,0.28225876631377,0.0124292037256816,13.1220608551979,0.00156852887111936,35.7512419744952,0.385014353301852,0.015103870875471,"Malawi","All","All",1,18841350.6633035,982
"13",13,18841302.5955042,17.7274376116701,12.6746577017092,0.369053227971443,0.0165372303736732,17.2779305120082,0.00218301501249282,47.0677992987451,0.50688543250656,0.0202597238826672,"Malawi","All","All",1,18841350.6633035,982
"14",14,18841287.8503769,23.0983091591845,16.5146950719827,0.482012541316586,0.0218844286932948,22.6930272647121,0.00299817834355235,61.8129266442327,0.665679823244353,0.0269969448046409,"Malawi","All","All",1,18841350.6633035,982
"15",15,18841268.6379526,30.0963739369584,21.5181403657066,0.629077189900769,0.0288446965877585,29.7488401866649,0.00407455114139635,81.0253509269598,0.872583967667612,0.0357926516357597,"Malawi","All","All",1,18841350.6633035,982
"16",16,18841243.6047831,39.2146166001406,28.03746741412,0.820592175329416,0.0379055238035149,38.9424477771897,0.00549094808641491,106.05852043867,1.1421737146873,0.0472687295043139,"Malawi","All","All",1,18841350.6633035,982
"17",17,18841210.9874913,51.0953303579536,36.5319085238333,1.07003456889996,0.0497023166185166,50.9214864672826,0.00735000944218179,138.67581224403,1.49343969772874,0.0622356076325454,"Malawi","All","All",1,18841350.6633035,982
"18",18,18841168.4882563,66.5754720005866,47.5998770667296,1.39496505160154,0.0650632916110751,66.5298843428862,0.00978544883213996,181.175047202247,1.95112838005172,0.081749512068459,"Malawi","All","All",1,18841350.6633035,982
"19",19,18841113.113314,86.745475859586,62.021031774384,1.81826206515013,0.0850677150707524,86.8671806335867,0.0129714532269326,236.549989501005,2.54748147273896,0.107186734025339,"Malawi","All","All",1,18841350.6633035,982
"20",20,18841040.9619133,113.02612377802,80.811229323563,2.36973465147525,0.111122009849454,113.366045466291,0.017134965408222,308.701390194607,3.32450903753992,0.140340680881912,"Malawi","All","All",1,18841350.6633035,982
"21",21,18840946.9515905,147.268583270205,105.294081652331,3.08822195565231,0.145058846041849,147.89319560468,0.0225716736071532,402.711713002517,4.33694862499927,0.183548232513732,"Malawi","All","All",1,18841350.6633035,982
"22",22,18840824.4603743,191.884717837856,137.194119115364,4.02432776965242,0.189266194438537,192.880831451695,0.0296668358105061,525.202929204817,5.65611938483664,0.239854304508789,"Malawi","All","All",1,18841350.6633035,982
"23",23,18840664.8604594,250.016888706001,178.758236623391,5.24398468624766,0.246855555701033,251.497956124387,0.038922424286256,684.802844120014,7.37494562986481,0.313226364390273,"Malawi","All","All",1,18841350.6633035,982
"24",24,18840456.9106934,325.759123230246,232.913930547586,6.83309762960518,0.321881163404154,327.873585088746,0.0509924944095224,892.752610153997,9.61450197504379,0.408833945845215,"Malawi","All","All",1,18841350.6633035,982
"25",25,18840185.9654143,424.445229259532,303.475245903365,8.90359210465983,0.419625452990464,427.387467225952,0.0667292499612087,1163.69788919646,12.5325381091466,0.533412668570344,"Malawi","All","All",1,18841350.6633035,982
"26",26,18839832.9438786,553.023796030882,395.411279954272,11.6012929512204,0.546971096057943,557.048841762608,0.0872430733013483,1516.71942486834,16.3345850039101,0.695738636459832,"Malawi","All","All",1,18841350.6633035,982
"27",27,18839372.9881085,720.546741467823,515.195588645985,15.1161877521206,0.712885547382634,725.989810902839,0.113980722608767,1976.67519503876,21.2884219864577,0.907246327145239,"Malawi","All","All",1,18841350.6633035,982
"28",28,18838773.7143601,938.805561808936,671.261426379366,19.6958006596722,0.92905256461468,946.108274741432,0.148827255845145,2575.94894340987,27.7429293766762,1.18283391319657,"Malawi","All","All",1,18841350.6633035,982
"29",29,18837992.9379966,1223.15836106114,874.594617795405,25.6625972811744,1.2106945455307,1232.90479747523,0.194238752990962,3356.72530691147,36.1526276553419,1.54191191832296,"Malawi","All","All",1,18841350.6633035,982
"30",30,18836975.7103669,1593.60797530444,1139.50418993306,33.43666614187,1.57764362322484,1606.57304632857,0.2534152556996,4373.95293658687,47.1096521362374,2.00976921055399,"Malawi","All","All",1,18841350.6633035,982
"31",31,18835650.4648605,2076.20088753267,1484.62713442797,43.5652257695935,2.05573694878029,2093.41893233783,0.330526030467446,5699.19844304731,61.3853657959279,2.6193524053518,"Malawi","All","All",1,18841350.6633035,982
"32",32,18833924.0009552,2704.84935804456,1934.23318823003,56.7610624370913,2.67863350299173,2727.70910301907,0.431003045664881,7425.66234827941,79.9845618808214,3.41358311655946,"Malawi","All","All",1,18841350.6633035,982
"33",33,18831674.9649848,3523.69563425097,2519.92212357175,73.9525248826143,3.49017941499577,3554.07593342862,0.561923147236016,9674.69831869619,104.215984119406,4.44837496388984,"Malawi","All","All",1,18841350.6633035,982
"34",34,18828745.3771515,4590.18006126697,3282.82998491922,96.3485722973322,4.54748811740721,4630.64753947736,0.732505955168724,12604.2861520335,135.784105894673,5.79656274484246,"Malawi","All","All",1,18841350.6633035,982
"35",35,18824929.6360977,5979.01649979623,4276.49087970692,125.523311827951,5.9249468040326,6033.11680571886,0.954761922537095,16420.0272057765,176.908442842542,7.55301396753803,"Malawi","All","All",1,18841350.6633035,982
"36",36,18819960.2546475,7787.34079551676,5570.54583729715,163.525885227805,7.7194293123012,7860.03237232022,1.24433630250828,21389.4086559767,230.478694944862,9.84128087199489,"Malawi","All","All",1,18841350.6633035,982
"37",37,18813489.4001069,10141.3437797868,7255.55104758909,213.022996799805,10.0570742056576,10239.6666907991,1.62160741901513,27860.2631965995,300.256128549187,12.822251291878,"Malawi","All","All",1,18841350.6633035,982
"38",38,18805065.0214741,13204.8303750014,9449.17880817036,277.483884006264,13.1020922363748,13338.9335538573,2.11311615352154,36284.6418294253,391.135049890493,16.7053936888242,"Malawi","All","All",1,18841350.6633035,982
"39",39,18794100.0931322,17190.1752138547,12304.2164957755,361.419596565333,17.0682000988703,17374.9372403509,2.75342466873765,47249.570171314,509.481434007392,21.7633604153244,"Malawi","All","All",1,18841350.6633035,982
"40",40,18779833.0944154,22372.30871232,16018.8316487844,470.692213457995,22.2334479724327,22629.9153328524,3.58753272954695,61516.5688881167,663.571049076649,28.3509355859477,"Malawi","All","All",1,18841350.6633035,982
"41",41,18761277.4343733,29106.4467672937,20849.6980029421,612.913513907226,28.9594323538674,29470.5371953237,4.67401834894504,80072.2289301696,864.155271869761,36.9296033629062,"Malawi","All","All",1,18841350.6633035,982
"42",42,18737157.271274,37850.3074383497,27128.6337510794,797.955875349217,37.7160769429281,38372.6897828936,6.08910487855952,104192.392029493,1125.18775878049,48.0992640746272,"Malawi","All","All",1,18841350.6633035,982
"43",43,18705826.2488001,49191.7449291841,35283.6400655278,1038.6078035149,49.1137082826191,49953.3760433046,7.93195361281,135523.414503427,1464.75959423982,62.639334844211,"Malawi","All","All",1,18841350.6633035,982
"44",44,18665166.4404114,63882.3099596972,45864.9801924121,1351.40378344504,63.9441187506007,65011.2533514124,10.3314863932322,176183.222892111,1906.28765285673,81.5614465367022,"Malawi","All","All",1,18841350.6633035,982
"45",45,18612463.7999178,82877.1381668719,59577.2592826816,1757.67217733583,83.2332408201249,84578.1052997604,13.4552182895697,228885.863385759,2480.02332174112,106.177179573815,"Malawi","All","All",1,18841350.6633035,982
"46",46,18544258.1489986,107380.60945733,77317.8012604162,2284.8408552421,108.308111812567,109983.433996246,17.5206238898893,297091.514304937,3224.9455699685,138.184410569286,"Malawi","All","All",1,18841350.6633035,982
"47",47,18456167.688892,138895.413844257,100221.246810782,2968.04007295837,140.881484056682,142934.582468365,22.8097311398771,385181.974411559,4191.10875425323,179.776808011936,"Malawi","All","All",1,18841350.6633035,982
"48",48,18342692.5584002,179270.024536468,129708.732702445,3852.02988755832,183.157597489279,185614.472415812,29.6877635220531,498657.104903295,5442.50590058958,233.781393649616,"Malawi","All","All",1,18841350.6633035,982
"49",49,18197010.3319252,230734.505425284,167537.724122541,4993.44821574821,237.962673078745,240798.064123007,38.6268186729541,644339.331378331,7060.47923851488,303.82941286766,"Malawi","All","All",1,18841350.6633035,982
"50",50,18010789.7001329,295907.424332376,215844.624412601,6463.31535159759,308.902877160981,311986.460509114,50.235687735301,830559.963170584,9147.64532505694,394.565147206924,"Malawi","All","All",1,18841350.6633035,982
"51",51,17774069.5353745,377746.014009347,277165.985147051,8349.62605305126,400.550693974762,403553.654981404,65.2970441853152,1067280.12792901,11832.1864989595,511.895701565327,"Malawi","All","All",1,18841350.6633035,982
"52",52,17475278.4833272,479399.338371847,354415.63108651,10759.6871671688,518.656558898454,520894.053669245,84.8131226955552,1366071.17997636,15272.1582214698,663.280529372754,"Malawi","All","All",1,18841350.6633035,982
"53",53,17101506.0232966,603910.263461604,450783.821943998,13821.6007679053,670.375912865638,670548.517090356,110.060830158661,1739843.64000689,19659.1562662251,858.052462736113,"Malawi","All","All",1,18841350.6633035,982
"54",54,16639168.9318316,753706.765287105,569512.236427202,17683.9361266187,864.490523165442,860271.646558474,142.656549353743,2202180.73147192,25220.2461786642,1107.74953693575,"Malawi","All","All",1,18841350.6633035,982
"55",55,16075225.9160008,929837.302877387,713494.220989691,22512.2245894193,1111.58648489597,1098984.78276705,184.629594291668,2766123.74730273,32216.5212973159,1426.41824848248,"Malawi","All","All",1,18841350.6633035,982
"56",56,15399052.0240167,1130958.84998838,884655.628791139,28480.5432507167,1424.13028421851,1396540.98560231,238.501370085993,3442297.63928685,40936.1222370806,1830.82460237507,"Malawi","All","All",1,18841350.6633035,982
"57",57,14604943.4623691,1352199.69368458,1083111.10315813,35756.3137701097,1816.35929790505,1763216.36688118,307.364142538173,4236406.20093444,51679.2045496931,2340.47893013301,"Malawi","All","All",1,18841350.6633035,982
"58",58,13694950.1121607,1584193.57536207,1306173.7599131,44477.0569673641,2303.88594766653,2208857.32351816,394.949434472388,5146399.55114283,64732.793741,2977.35667406592,"Malawi","All","All",1,18841350.6633035,982
"59",59,12681379.5086373,1812762.8935567,1547422.03049441,54719.278972742,2902.90816504668,2741658.37206981,505.671407500125,6159970.1546662,80334.8032779719,3765.18282707641,"Malawi","All","All",1,18841350.6633035,982
"60",60,11588007.9537266,2019781.82425263,1796170.38210453,66462.6741804164,3628.95530323829,3366654.24693404,644.626802038615,7253341.70957689,98629.7049561028,4728.17774219538,"Malawi","All","All",1,18841350.6633035,982
"61",61,10449046.6082352,2185546.1491414,2037738.66847703,79556.4346919576,4495.17835671035,4084150.09305476,817.531346509832,8392303.05506837,119622.468544337,5889.23891670018,"Malawi","All","All",1,18841350.6633035,982
"62",62,9305462.6217895,2292382.91916257,2254821.06643937,93697.4337674397,5510.3206899256,4888445.72575346,1030.57570124368,9535887.04151402,143141.268381624,7267.66607529965,"Malawi","All","All",1,18841350.6633035,982
"63",63,8199243.70673783,2328533.68760209,2429906.49624395,108430.642487341,6676.65716488765,5767269.28037072,1290.19269670792,10642105.9565657,168821.17912114,8876.70339057181,"Malawi","All","All",1,18841350.6633035,982
"64",64,7167190.27676682,2290921.87575435,2548237.97108221,123178.093187963,7988.30219569105,6702231.40135897,1602.74295752058,11674159.3865367,196117.981350673,10721.3114612312,"Malawi","All","All",1,18841350.6633035,982
"65",65,6236124.87956076,2185708.48652697,2600466.05299811,137294.754770532,9430.29944408978,7670352.04635558,1974.14364748277,12605224.7837428,224353.536943644,12796.6239409537,"Malawi","All","All",1,18841350.6633035,982
"66",66,5420783.93969396,2026473.46411763,2584176.38356142,150140.807518997,10978.7793041794,8646387.80859978,2409.48050756301,13420565.7236096,252784.634549644,15087.4434673308,"Malawi","All","All",1,18841350.6633035,982
"67",67,4724495.67460231,1830852.68452488,2503882.11260599,161154.328177074,12602.240179136,9605450.97229307,2912.65092107628,14116853.9887012,280680.25074137,17568.9142906854,"Malawi","All","All",1,18841350.6633035,982
"68",68,4141761.80850687,1616928.98674269,2369637.00045319,169908.815865804,14263.7547190495,10525364.2146119,3486.08240403352,14699587.8547967,307390.819759853,20208.2484795456,"Malawi","All","All",1,18841350.6633035,982
"69",69,3661525.60788608,1400448.68934569,2194840.55680316,176145.585231234,15923.7186638513,11388335.9468934,4130.55848008818,15179824.0554174,332397.307740083,22967.1778442306,"Malawi","All","All",1,18841350.6633035,982
"70",70,3270145.20576718,1193323.27801659,1993934.84442384,179778.834671422,17542.6893297667,12181780.6455078,4845.16558698526,15571204.4575363,355334.97596748,25804.7018877829,"Malawi","All","All",1,18841350.6633035,982
"71",71,2953584.47937766,1003320.24800861,1780504.6684633,180878.21264915,19083.9178756409,12898351.7813498,5627.35557933262,15887765.1839259,375993.89995419,28679.7266524877,"Malawi","All","All",1,18841350.6633035,982
"72",72,2698752.58458627,834546.934234377,1566040.36773499,179636.804943948,20515.3109450056,13535385.55579,6473.10506888782,16142597.0787173,394302.150757873,31553.2980701859,"Malawi","All","All",1,18841350.6633035,982
"73",73,2494155.80472974,688300.852396457,1359362.46182746,176333.198680897,21810.7083788582,14094010.4934844,7377.1438056646,16347193.8585738,410299.201067978,34390.2691122235,"Malawi","All","All",1,18841350.6633035,982
"74",74,2330085.6863532,563968.769232681,1166575.42958773,171294.396605332,22950.4861498117,14578142.672216,8333.22315881817,16511263.9769503,424106.056038726,37160.3605392125,"Malawi","All","All",1,18841350.6633035,982
"75",75,2198544.61158604,459799.810281417,991357.965575855,164863.966319516,23921.587130401,14993528.3247922,9334.3976181325,16642805.0517175,435896.877541702,39838.6716877759,"Malawi","All","All",1,18841350.6633035,982
"76",76,2093046.2232242,373486.813022673,835421.818465019,157377.537209214,24717.1119207747,15346927.86169,10373.2977716227,16748303.4400793,445874.864191861,42405.7367816879,"Malawi","All","All",1,18841350.6633035,982
"77",77,2008378.83820952,302562.864959559,699006.836286591,149145.847089807,25335.6240452393,15645478.2736062,11442.379106628,16832970.825094,454253.457398558,44847.2543858992,"Malawi","All","All",1,18841350.6633035,982
"78",78,1940376.23893545,244642.873654833,581340.646159431,140444.504002546,25780.2967560802,15896231.9664279,12534.1373672402,16900973.4243681,461242.797000544,47153.6014394552,"Malawi","All","All",1,18841350.6633035,982
"79",79,1885715.22337335,197554.749376959,481020.1846423,131509.191360702,26058.006702064,16105852.0218583,13641.2859898493,16955634.4399302,467040.81882663,49319.2294884151,"Malawi","All","All",1,18841350.6633035,982
"80",80,1841746.0683253,159395.231192871,396307.33873912,122534.847162881,26178.4499697421,16280431.8326474,14756.8952661815,16999603.5949782,471828.034533234,51342.0180290091,"Malawi","All","All",1,18841350.6633035,982
"81",81,1806354.64956839,128539.972462243,325341.267993793,113677.568971848,26153.3305774705,16425409.3787625,15874.494967306,17034995.0137351,475765.106233917,53222.63799688,"Malawi","All","All",1,18841350.6633035,982
"82",82,1777852.00010013,103628.00545426,266282.176244682,105058.132812065,25995.6483112233,16545546.5557367,16988.1446444191,17063497.6632034,478992.335915036,54963.9594803199,"Malawi","All","All",1,18841350.6633035,982
"83",83,1754886.90250402,83533.6930485225,217399.883775172,96766.3596937213,25719.0987263383,16644952.2499647,18092.4755910745,17086462.7607995,481630.43681728,56570.5232763233,"Malawi","All","All",1,18841350.6633035,982
"84",84,1736376.77526301,67334.5385651684,177123.164200713,88865.7102828981,25337.5846573368,16727130.1805484,19182.7097859567,17104972.8880405,483782.024533897,58048.0847017675,"Malawi","All","All",1,18841350.6633035,982
"85",85,1721453.10524014,54279.362079113,144060.659026025,81397.7742847221,24864.8320396122,16795040.270481,20254.6601529011,17119896.5580634,485533.495744699,59403.2298584873,"Malawi","All","All",1,18841350.6633035,982
"86",86,1709418.26155336,43759.1543171194,117003.691540844,74386.4080881618,24314.0988271304,16851164.3324349,21304.7165419935,17131931.4017502,486957.022918917,60643.0606458428,"Malawi","All","All",1,18841350.6633035,982
"87",87,1699711.33810483,35281.6426022918,94917.5308152018,67841.4117051928,23697.9649442918,16897570.9541752,22329.8209564961,17141638.3251987,488112.514850142,61774.9424693503,"Malawi","All","All",1,18841350.6633035,982
"88",88,1691880.98719127,28449.6663812959,76926.5621707302,61761.7006523075,23028.1893028426,16935976.1222614,23327.4353436481,17149468.6761122,489049.442128411,62806.3063342263,"Malawi","All","All",1,18841350.6633035,982
"89",89,1685563.77554557,22943.1504348466,62296.5982312792,56137.9825408377,22315.6215259307,16967798.0305129,24295.5045121574,17155785.887758,489808.482973005,63744.4973360725,"Malawi","All","All",1,18841350.6633035,982
"90",90,1680466.90546548,18504.334582513,50416.475251916,50954.9697275309,21570.1575863507,16994205.4044846,25232.4162051169,17160882.757838,490422.970885387,64596.6622151599,"Malawi","All","All",1,18841350.6633035,982
"91",91,1676354.38771852,14925.6857052418,40780.440325209,46193.1773488161,20800.7290784052,17016159.2830665,26136.9600608156,17164995.275585,490920.143602622,65369.668647959,"Malawi","All","All",1,18841350.6633035,982
"92",92,1673035.96594678,12040.1236862218,32971.9569094843,41830.3595990641,20015.3181447834,17034448.652342,27008.2866751799,17168313.6973567,491322.206011588,66070.0503669864,"Malawi","All","All",1,18841350.6633035,982
"93",93,1670358.21411259,9713.1215740693,26649.2789592471,37842.6413700229,19220.9908399703,17049720.5487202,27845.8677274472,17170991.4491909,491647.226187453,66703.9725302156,"Malawi","All","All",1,18841350.6633035,982
"94",94,1668197.38741222,7836.34610295181,21532.8985182535,34205.3928303168,18423.9435528421,17062505.2370615,28649.4578254291,17173152.2758913,491909.883166168,67277.21308193,"Malawi","All","All",1,18841350.6633035,982
"95",95,1666453.66039796,6322.53337542389,17394.7802857966,30893.8951162758,17629.557845411,17073237.1777671,29419.0585155273,17174896.0029056,492122.088198815,67795.1562210772,"Malawi","All","All",1,18841350.6633035,982
"96",96,1665046.50033737,5101.38313811086,14049.2675445989,27883.8328962946,16842.4603878827,17082272.3342328,30154.8847665039,17176303.1629661,492293.496248978,68262.7951842022,"Malawi","All","All",1,18841350.6633035,982
"97",97,1663910.93073814,4116.24066602732,11345.4592924156,25151.6516820206,16066.5850459374,17089902.4618176,30857.3340613789,17177438.7325654,492431.927135901,68684.7416280006,"Malawi","All","All",1,18841350.6633035,982
"98",98,1662994.52602063,3321.44477950813,9160.87039061244,22674.8051326984,15305.2352746195,17096366.8235427,31526.9581627772,17178355.1372829,492543.709771355,69065.2398772672,"Malawi","All","All",1,18841350.6633035,982
"99",99,1662254.98184957,2680.18235235034,7396.18579418601,20431.9183118499,14561.1452294581,17101861.8122733,32164.4374928532,17179094.6814539,492633.963953467,69408.1843484722,"Malawi","All","All",1,18841350.6633035,982
"100",100,1661658.16233629,2162.77224271737,5970.95221241811,18402.8838123541,13836.5385456134,17106548.7960468,32770.5581073347,17179691.5009672,492706.829258235,69717.1390648757,"Malawi","All","All",1,18841350.6633035,982
"101",101,1661176.52134083,1745.27860622513,4820.04236145169,16568.9081014944,13133.1840721453,17110560.537726,33346.1910953857,17180173.1419627,492765.651577756,69995.358263288,"Malawi","All","All",1,18841350.6633035,982
"102",102,1660787.82931029,1408.39615369626,3890.76461039219,14912.5198764303,12452.4480992068,17114006.4309672,33892.2742862543,17180561.8339932,492813.134570289,70245.8074273029,"Malawi","All","All",1,18841350.6633035,982
"103",103,1660474.14817771,1136.55370849593,3140.51163540319,13417.5502697479,11795.3427870607,17116976.7606019,34409.7961232133,17180875.5151258,492851.462263103,70471.1842180362,"Malawi","All","All",1,18841350.6633035,982
"104",104,1660221.00152356,917.189725336356,2534.84113774094,12069.093384758,11162.5707739513,17119546.1852612,34899.7814970223,17181128.66178,492882.39872119,70673.9389251134,"Malawi","All","All",1,18841350.6633035,982
"105",105,1660016.70699644,740.170397961584,2045.92090399137,10853.4527392607,10554.5658918538,17121776.5669526,35363.2794214324,17181332.9563071,492907.368514783,70856.294166595,"Malawi","All","All",1,18841350.6633035,982
"106",106,1659851.83708887,597.319914914606,1651.26629610434,9758.07874131054,9971.53013573971,17123719.2787659,35801.3523606845,17181497.8262146,492927.521895322,71020.2636594139,"Malawi","All","All",1,18841350.6633035,982
"107",107,1659718.78339973,482.041513995452,1332.71524877955,8771.50082627087,9413.46705181862,17125417.0882136,36215.067049284,17181630.8799038,492943.787581904,71167.6699534283,"Malawi","All","All",1,18841350.6633035,982
"108",108,1659611.40612106,389.012618124381,1075.6010198545,7883.25694608971,8880.21167645789,17126905.6882422,36605.4866797005,17181738.2571825,492956.915302587,71300.161048748,"Malawi","All","All",1,18841350.6633035,982
"109",109,1659524.75021436,313.938380628294,868.080206243566,7083.82261092595,8371.45732192575,17128214.9502851,36973.6642843627,17181824.9130891,492967.510291137,71419.2258964057,"Malawi","All","All",1,18841350.6633035,982
"110",110,1659454.81684785,253.353117008167,700.59052213515,6364.54093360648,7886.77937938089,17129369.9452992,37320.6372043456,17181894.8464557,492976.061100851,71526.2087693118,"Malawi","All","All",1,18841350.6633035,982
"111",111,1659398.37896913,204.460318297919,565.412293889864,5717.55481545206,7425.65638567713,17130391.7780041,37647.4225169647,17181951.2843344,492982.962069008,71622.322532157,"Malawi","All","All",1,18841350.6633035,982
"112",112,1659352.83209985,165.003134904973,456.313303539797,5135.74197285822,6987.48861871066,17131298.2708744,37955.0132992255,17181996.8312037,492988.531504848,71708.6608651668,"Malawi","All","All",1,18841350.6633035,982
"113",113,1659316.07478945,133.160739717623,368.263761738805,4612.65339546236,6571.61435351857,17132104.5206072,38244.3756564795,17182033.5885141,492993.026271747,71786.2094534416,"Malawi","All","All",1,18841350.6633035,982
"114",114,1659286.41079145,107.463444178987,297.202965215804,4142.45539006923,6177.32414631837,17132823.3601957,38516.4463705367,17182063.2525121,492996.653725023,71855.8562605401,"Malawi","All","All",1,18841350.6633035,982
"115",115,1659262.47122713,86.7252779410167,239.853361317578,3719.87542071845,5803.873194762,17133465.7336828,38772.1311388521,17182087.1920764,492999.581214898,71918.4008861812,"Malawi","All","All",1,18841350.6633035,982
"116",116,1659243.15142524,69.9891893936326,193.569675377868,3340.15179874278,5450.4920398674,17134041.0058748,39012.3033001116,17182106.5118783,493001.943800155,71974.5630950351,"Malawi","All","All",1,18841350.6633035,982
"117",117,1659227.55987696,56.4828302898638,156.216850301201,2998.98712177408,5116.39577924545,17134557.2178627,39237.8029822893,17182122.1034265,493003.850483766,72024.9905772105,"Malawi","All","All",1,18841350.6633035,982
"118",118,1659214.97712505,45.5829315075266,126.071717177242,2692.50535264054,4800.79194371521,17135021.2976172,39449.4366162724,17182134.6861785,493005.389236052,72070.2659955005,"Malawi","All","All",1,18841350.6633035,982
"119",119,1659204.82254035,36.7864679903261,101.743552070947,2417.2123923198,4502.88719063729,17135439.2344009,39647.9767592114,17182144.8407632,493006.63105482,72110.9133774908,"Malawi","All","All",1,18841350.6633035,982
"120",120,1659196.627543,29.6875391858895,82.1099050733221,2169.95995923344,4221.89294599378,17135816.2232295,39834.1621815105,17182153.0357605,493007.633238375,72147.4039059759,"Malawi","All","All",1,18841350.6633035,982
"121",121,1659190.01398326,23.958537339266,66.2649502234378,1947.91258001232,3957.03012090892,17136156.7849577,40008.6981740584,17182159.6493203,493008.44202819,72180.1611593729,"Malawi","All","All",1,18841350.6633035,982
"122",122,1659184.67668034,19.3351044947294,53.477595458552,1748.51748946167,3707.5330125683,17136464.866382,40172.2570391931,17182164.9866232,493009.094743515,72209.5658498371,"Malawi","All","All",1,18841350.6633035,982
"123",123,1659180.36934592,15.6038950739291,43.1578187210738,1569.4772297138,3472.65249027164,17136743.9237913,40325.4787325663,17182169.2939576,493009.621502328,72235.960103827,"Malawi","All","All",1,18841350.6633035,982
"124",124,1659176.89322606,12.5927078661912,34.8294959082155,1408.72474812643,3251.65855670107,17136996.9929415,40468.9716273745,17182172.7700775,493010.046610038,72259.6513265441,"Malawi","All","All",1,18841350.6633035,982
"125",125,1659174.08790864,10.16262452758,28.1082826935967,1264.40080359468,3043.84236460925,17137226.7479433,40603.3133761487,17182175.5753949,493010.389683455,72280.915688153,"Malawi","All","All",1,18841350.6633035,982
"126",126,1659171.8239527,8.20147647577062,22.6841083874789,1134.83347987445,2848.51776200527,17137435.5506758,40729.0518482301,17182177.8393508,493010.666552048,72300.0012675566,"Malawi","All","All",1,18841350.6633035,982
"127",127,1659169.99688327,6.61879084850619,18.3066433539209,1018.51964629116,2665.02242922671,17137625.4927862,40846.7061243247,17182179.6664202,493010.889992248,72317.1308853904,"Malawi","All","All",1,18841350.6633035,982
"128",128,1659168.5223942,5.34152814593308,14.7739145624121,914.108182083307,2492.71866531529,17137798.4310872,40956.7675319629,17182181.1409093,493011.070314054,72332.5046560719,"Malawi","All","All",1,18841350.6633035,982
"129",129,1659167.33244771,4.31074224842635,11.9229229471358,820.384818587228,2330.99387476262,17137956.0177895,41059.7007077661,17182182.3308558,493011.215838003,72346.3022859308,"Malawi","All","All",1,18841350.6633035,982
"130",130,1659166.37213138,3.47887376768185,9.62209804425946,736.258446337231,2179.26079891432,17138099.7262799,41155.9446751965,17182183.2911721,493011.333279516,72358.6851424005,"Malawi","All","All",1,18841350.6633035,982
"131",131,1659165.59713253,2.80753656508505,7.76527306613811,660.748768976516,2036.95752988101,17138230.8731353,41245.9139272506,17182184.066171,493011.428057749,72369.798114146,"Malawi","All","All",1,18841350.6633035,982
"132",132,1659164.97168911,2.26575010899738,6.26676840378094,592.975155346367,1903.5473454158,17138350.6370893,41329.9995058405,17182184.6916144,493011.504546181,72379.7712865105,"Malawi","All","All",1,18841350.6633035,982
"133",133,1659164.46694088,1.82851585950953,5.05743679873354,532.146603442108,1778.51839105835,17138460.0753448,41408.570070681,17182185.1963626,493011.566274249,72388.7214463336,"Malawi","All","All",1,18841350.6633035,982
"134",134,1659164.05959679,1.47565687951139,4.08147661071956,477.552685514562,1661.38323992177,17138560.1376958,41481.9729520253,17182185.6037067,493011.616090314,72396.7534368713,"Malawi","All","All",1,18841350.6633035,982
"135",135,1659163.73086052,1.19089156229735,3.29385329034431,428.555402947576,1551.67835023228,17138651.6787627,41550.5351822176,17182185.932443,493011.65629306,72403.9613743463,"Malawi","All","All",1,18841350.6633035,982
"136",136,1659163.46556219,0.961078777730656,2.65822161317436,384.581843585015,1448.9634432706,17138735.4686515,41614.5645025821,17182186.1977413,493011.68873768,72410.4297428446,"Malawi","All","All",1,18841350.6633035,982
"137",137,1659163.25145988,0.775614400342469,2.14525075649071,345.117585809825,1352.82081682393,17138812.2022339,41674.3503419705,17182186.4118436,493011.714921295,72416.2343763935,"Malawi","All","All",1,18841350.6633035,982
"138",138,1659163.0786741,0.625940001784928,1.73127085762288,309.700755469166,1262.85461168054,17138882.5072862,41730.1647651704,17182186.5846294,493011.736052111,72421.4433426901,"Malawi","All","All",1,18841350.6633035,982
"139",139,1659162.93923158,0.505149077225601,1.39717837583534,277.916682407664,1178.69004279962,17138946.9516301,41782.2633891925,17182186.7240719,493011.753105219,72426.1177367297,"Malawi","All","All",1,18841350.6633035,982
"140",140,1659162.82669808,0.407667773256075,1.1275576467798,249.3930987331,1099.97260652858,17139006.0494088,41830.8862659673,17182186.8366054,493011.766867493,72430.3123932051,"Malawi","All","All",1,18841350.6633035,982
"141",141,1659162.73588077,0.328998021496346,0.909967013633976,223.795816739688,1026.3672737712,17139060.266636,41876.2587312013,17182186.9274227,493011.777973988,72434.0765271504,"Malawi","All","All",1,18841350.6633035,982
"142",142,1659162.6625889,0.265509497039733,0.734365890785065,200.824846654271,957.557676764967,17139110.0260974,41918.5922184551,17182187.0007146,493011.78693721,72437.4543088904,"Malawi","All","All",1,18841350.6633035,982
"143",143,1659162.60344013,0.214272339357077,0.592650380802548,180.210905650693,893.245296399861,17139155.7116999,41958.0850386947,17182187.0598634,493011.794170805,72440.4853806556,"Malawi","All","All",1,18841350.6633035,982
"144",144,1659162.55570593,0.172923003817879,0.478283198868228,161.712294242469,833.148655829791,17139197.6723173,41994.9231240718,17182187.1075976,493011.800008456,72443.2053184945,"Malawi","All","All",1,18841350.6633035,982
"145",145,1659162.51718333,0.139553045461382,0.385986348258341,145.112063107458,777.002525467087,17139236.2252525,42029.2807397179,17182187.1461202,493011.804719574,72445.6460510233,"Malawi","All","All",1,18841350.6633035,982
"146",146,1659162.4860946,0.11262273271439,0.311500280066269,130.215490814277,724.557142074761,17139271.6592929,42061.3211601752,17182187.1772089,493011.808521569,72447.8362319744,"Malawi","All","All",1,18841350.6633035,982
"147",147,1659162.46100527,0.0908892754568774,0.251388359943962,116.847810940893,675.577446292473,17139304.2374501,42091.1973133266,17182187.2022983,493011.811589867,72449.8015757558,"Malawi","All","All",1,18841350.6633035,982
"148",148,1659162.44075755,0.07334982592829,0.202876555466205,104.852170099948,629.842340652844,17139334.1994166,42119.0523922433,17182187.222546,493011.81406606,72451.5651587954,"Malawi","All","All",1,18841350.6633035,982
"149",149,1659162.42441717,0.0591951497593326,0.163726310526105,94.0877952567359,587.143969869841,17139361.763764,42145.0204357896,17182187.2388863,493011.816064406,72453.1476898792,"Malawi","All","All",1,18841350.6633035,982
"150",150,1659162.41123011,0.0477719359361202,0.132131232485124,84.4283465337614,547.287024939062,17139387.1299196,42169.2268791677,17182187.2520734,493011.817677117,72454.5677530475,"Malawi","All","All",1,18841350.6633035,982
"151",151,1659162.40058781,0.0385531583458039,0.106633152078552,75.7604397651684,510.088072231428,17139410.4799423,42191.7890750869,17182187.2627157,493011.818978616,72455.8420253874,"Malawi","All","All",1,18841350.6633035,982
"152",152,1659162.39199922,0.0311133379212021,0.0860556216428558,67.9823195918356,475.374908174722,17139431.9801207,42212.816786876,17182187.2713043,493011.820028957,72456.9854725752,"Malawi","All","All",1,18841350.6633035,982
"153",153,1659162.38506801,0.0251092438832691,0.0694490051643308,61.0026684011164,442.985940046642,17139451.7824143,42232.4126545197,17182187.2782355,493011.820876609,72458.0115243574,"Malawi","All","All",1,18841350.6633035,982
"154",154,1659162.37947436,0.0202637802898448,0.0560470807019401,54.7395360541551,412.769592666212,17139470.0257545,42250.6726350474,17182187.2838292,493011.821560684,72458.9322321964,"Malawi","All","All",1,18841350.6633035,982
"155",155,1659162.37496014,0.0163533748864853,0.0452313868818637,49.1193798727761,384.583741322554,17139486.8372194,42267.6864179942,17182187.2883434,493011.822112751,72459.7584106465,"Malawi","All","All",1,18841350.6633035,982
"156",156,1659162.37131705,0.0131975804421325,0.0365028436135089,44.0762028033987,358.295170558004,17139502.3330955,42283.537817207,17182187.2919865,493011.822558282,72460.4997642482,"Malawi","All","All",1,18841350.6633035,982
"157",157,1659162.36837699,0.0106507752162044,0.0294587202712055,39.5507802368664,333.77905854861,17139516.6198383,42298.305139973,17182187.2949265,493011.822917836,72461.1650013488,"Malawi","All","All",1,18841350.6633035,982
"158",158,1659162.3660043,0.00859546214001027,0.0237739437227062,35.4899650256838,310.918486164513,17139529.7949437,42312.0615349154,17182187.2972992,493011.823208004,72461.7619363968,"Malawi","All","All",1,18841350.6633035,982
"159",159,1659162.36408947,0.0069367582558862,0.0191861738862029,31.8460627831948,289.603969981728,17139541.9477386,42324.8753197678,17182187.299214,493011.823442178,72462.2975818785,"Malawi","All","All",1,18841350.6633035,982
"160",160,1659162.36254416,0.00559813317607255,0.0154837468651938,28.5762751649552,269.733020358529,17139553.1600934,42336.8102885779,17182187.3007593,493011.823631162,72462.7782302384,"Malawi","All","All",1,18841350.6633035,982
"161",161,1659162.36129705,0.00451784130437394,0.012495772024483,25.6421961435679,251.209721188412,17139563.5070739,42347.9260016205,17182187.3020065,493011.823783677,72463.209527996,"Malawi","All","All",1,18841350.6633035,982
"162",162,1659162.3602906,0.00364601476129363,0.0100844027755469,23.0093616754307,233.944332319526,17139573.0575311,42358.2780574076,17182187.3030129,493011.82390676,72463.5965419974,"Malawi","All","All",1,18841350.6633035,982
"163",163,1659162.35947838,0.00294242002973391,0.00813838382506559,20.6468452327204,217.852913240287,17139581.8746376,42367.9183482668,17182187.3038251,493011.824006092,72463.9438189156,"Malawi","All","All",1,18841350.6633035,982
"164",164,1659162.35882289,0.00237461234759956,0.00656787569658802,18.5268947856453,202.856967333703,17139590.0163758,42376.8953002791,17182187.3044806,493011.824086255,72464.2554386487,"Malawi","All","All",1,18841350.6633035,982
"165",165,1659162.35829389,0.00191637533561609,0.00530043844432779,16.624607060353,188.883105818711,17139597.5359815,42385.2540984534,17182187.3050096,493011.824150948,72464.5350622306,"Malawi","All","All",1,18841350.6633035,982
"166",166,1659162.35786698,0.00154655729322669,0.00427760141137773,14.9176351855728,175.862730551906,17139604.4823487,42393.03689796,17182187.3054365,493011.824203158,72464.7859748291,"Malawi","All","All",1,18841350.6633035,982
"167",167,1659162.35752244,0.00124811476083393,0.00345212692729016,13.3859263316109,163.731734847393,17139610.9003975,42400.2830222085,17182187.3057811,493011.824245292,72465.0111243302,"Malawi","All","All",1,18841350.6633035,982
"168",168,1659162.3572444,0.00100726342401715,0.00278594904886924,12.0114862604791,152.43022148625,17139616.8314096,42407.0291485231,17182187.3060591,493011.824279296,72465.2131559623,"Malawi","All","All",1,18841350.6633035,982
"169",169,1659162.35702001,0.000812881149560094,0.00224834349577871,10.7781680348737,141.902237100583,17139622.313335,42413.3094821315,17182187.3062835,493011.824306737,72465.3944433671,"Malawi","All","All",1,18841350.6633035,982
"170",170,1659162.35683892,0.000656018703501193,0.00181446525441464,9.67148240611335,132.095522133608,17139627.3810704,42419.1559191485,17182187.3064646,493011.824328883,72465.5571164813,"Malawi","All","All",1,18841350.6633035,982
"171",171,1659162.35669278,0.000529427072149589,0.0014643137553281,8.67842765507278,122.961275597722,17139632.0667146,42424.5981992037,17182187.3066107,493011.824346756,72465.7030865557,"Malawi","All","All",1,18841350.6633035,982
"172",172,1659162.35657484,0.000427255423169892,0.00118174929876498,7.78733689779033,114.453933874365,17139636.3998006,42429.6640483281,17182187.3067287,493011.824361179,72465.8340686072,"Malawi","All","All",1,18841350.6633035,982
"173",173,1659162.35647966,0.00034480826073549,0.000953697698572758,6.98774106111438,106.530962823878,17139640.4075088,42434.3793126841,17182187.3068238,493011.82437282,72465.9516015651,"Malawi","All","All",1,18841350.6633035,982
"174",174,1659162.35640284,0.000278272512962168,0.000769651978059311,6.27024591889916,99.152662499715,17139644.1148607,42438.7680836902,17182187.3069007,493011.824382214,72466.0570663499,"Malawi","All","All",1,18841350.6633035,982
"175",175,1659162.35634085,0.000224567715130986,0.000621138012044308,5.62642169633175,92.2819837303467,17139647.5448964,42442.8528151032,17182187.3069627,493011.824389795,72466.1517021037,"Malawi","All","All",1,18841350.6633035,982
"176",176,1659162.35629082,0.00018123303978379,0.000501269224958951,5.04870404122134,85.884356001593,17139650.7188377,42446.6544324922,17182187.3070127,493011.824395913,72466.2366207493,"Malawi","All","All",1,18841350.6633035,982
"177",177,1659162.35625045,0.000146261072395308,0.000404532227817074,4.53030553196327,79.9275263702221,17139653.6562351,42450.1924353358,17182187.3070531,493011.824400851,72466.3128199999,"Malawi","All","All",1,18841350.6633035,982
"178",178,1659162.35621787,0.000118031183122621,0.000326476821365405,4.06513556358726,74.3814077137017,17139656.375105,42453.4849929209,17182187.3070856,493011.824404835,72466.3811951367,"Malawi","All","All",1,18841350.6633035,982
"179",179,1659162.35619157,9.52609938966521e-05,0.000263461802722775,3.64772874636496,69.2179367195402,17139658.892054,42456.5490337963,17182187.3071119,493011.824408051,72466.4425495353,"Malawi","All","All",1,18841350.6633035,982
"180",180,1659162.35617035,7.68789433606601e-05,0.000212618237951279,3.27318085262857,64.4109409937718,17139661.2223926,42459.4003292277,17182187.3071332,493011.824410647,72466.4976040816,"Malawi","All","All",1,18841350.6633035,982
"181",181,1659162.35615323,6.20331286380533e-05,0.000171606850289672,2.93709122214893,59.9360144953008,17139663.3802397,42462.0535712127,17182187.3071503,493011.824412741,72466.5470056388,"Malawi","All","All",1,18841350.6633035,982
"182",182,1659162.3561394,5.00715314392515e-05,0.000138473557785732,2.63551104053758,55.7704008148424,17139665.3786183,42464.52244539,17182187.3071641,493011.824414431,72466.5913346509,"Malawi","All","All",1,18841350.6633035,982
"183",183,1659162.35612825,4.04061658259346e-05,0.000111756736224316,2.36489693678372,51.8928839138644,17139667.2295432,42466.819699114,17182187.3071753,493011.824415795,72466.6311119632,"Malawi","All","All",1,18841350.6633035,982
"184",184,1659162.35611925,3.26095121284703e-05,9.01890344922485e-05,2.12206935740482,48.2836858618416,17139668.9441013,42468.9572050145,17182187.3071843,493011.824416896,72466.6668049425,"Malawi","All","All",1,18841350.6633035,982
"185",185,1659162.35611199,2.63164075057446e-05,7.27852601695882e-05,1.90417521576855,44.9243711610519,17139670.5325257,42470.9460203241,17182187.3071915,493011.824417784,72466.6988329664,"Malawi","All","All",1,18841350.6633035,982
"186",186,1659162.35610612,2.12377678848229e-05,5.87397699267192e-05,1.70865429867606,41.7977570115036,17139672.0042637,42472.7964423982,17182187.3071974,493011.824418501,72466.7275723625,"Malawi","All","All",1,18841350.6633035,982
"187",187,1659162.35610139,1.71385150024705e-05,4.74057955515133e-05,1.53320931819692,38.8878299855604,17139673.3680381,42474.5180601621,17182187.3072021,493011.82441908,72466.7533608101,"Malawi","All","All",1,18841350.6633035,982
"188",188,1659162.35609757,1.38315597554091e-05,3.82568115133156e-05,1.37577905372965,36.1796681499771,17139674.6319046,42476.1198020969,17182187.3072059,493011.824419547,72466.7765012885,"Malawi","All","All",1,18841350.6633035,982
"189",189,1659162.35609449,1.11622440433546e-05,3.08743108618932e-05,1.23451368667422,33.6593666082573,17139675.8033047,42477.6099820302,17182187.307209,493011.824419923,72466.7972657025,"Malawi","All","All",1,18841350.6633035,982
"190",190,1659162.35609201,9.00831233730368e-06,2.49160065183052e-05,1.10775347583345,31.3139703129982,17139676.8891134,42478.9963403767,17182187.3072115,493011.824420228,72466.8158980174,"Malawi","All","All",1,18841350.6633035,982
"191",191,1659162.35609,7.26988338807493e-06,2.01078118086023e-05,0.994009006605481,29.1314093894611,17139677.895684,42480.2860837686,17182187.3072135,493011.824420473,72466.8326171616,"Malawi","All","All",1,18841350.6633035,982
"192",192,1659162.35608838,5.86698083629403e-06,1.62273902527784e-05,0.891943821822264,27.1004398573436,17139678.8288881,42481.4859213166,17182187.3072151,493011.824420671,72466.8476195806,"Malawi","All","All",1,18841350.6633035,982
"193",193,1659162.35608707,4.73478136261119e-06,1.30958914098215e-05,0.800358725386191,25.2105878804168,17139679.6941534,42482.6020986568,17182187.3072164,493011.824420831,72466.8610815433,"Malawi","All","All",1,18841350.6633035,982
"194",194,1659162.35608602,3.82112490154679e-06,1.05688920755635e-05,0.718177890148266,23.4520985006526,17139680.4964975,42483.6404292127,17182187.3072175,493011.82442096,72466.873161185,"Malawi","All","All",1,18841350.6633035,982
"195",195,1659162.35608517,3.08375903187529e-06,8.52931621147784e-06,0.644435202088424,21.8158833392131,17139681.2405622,42484.6063260424,17182187.3072183,493011.824421064,72466.884000514,"Malawi","All","All",1,18841350.6633035,982
"196",196,1659162.35608448,2.4886501065477e-06,6.88338545188041e-06,0.578264412603997,20.2934803921795,17139681.9306386,42485.504826265,17182187.307219,493011.824421148,72466.8937268593,"Malawi","All","All",1,18841350.6633035,982
"197",197,1659162.35608393,2.00839787298809e-06,5.55509537085194e-06,0.518888059962888,18.8770086676562,17139682.5706967,42486.340618618,17182187.3072196,493011.824421216,72466.9024544995,"Malawi","All","All",1,18841350.6633035,982
"198",198,1659162.35608348,1.62085371725628e-06,4.48304735181588e-06,0.465608477862035,17.5591291484266,17139683.1644092,42487.1180671255,17182187.30722,493011.824421271,72466.9102859837,"Malawi","All","All",1,18841350.6633035,982
"199",199,1659162.35608312,1.30805361802052e-06,3.61795111734042e-06,0.417799640318918,16.3330079436971,17139683.7151745,42487.8412334103,17182187.3072204,493011.824421315,72466.9173133308,"Malawi","All","All",1,18841350.6633035,982
"200",200,1659162.35608283,1.05562759941435e-06,2.91976476116706e-06,0.374899818648669,15.1922819577491,17139684.2261375,42488.5138974604,17182187.3072207,493011.82442135,72466.9236191087,"Malawi","All","All",1,18841350.6633035,982
"201",201,1659162.35608259,8.51948135513458e-07,2.35625878684491e-06,0.336404968584755,14.1310267081183,17139684.700209,42489.1395770713,17182187.3072209,493011.824421379,72466.9292774061,"Malawi","All","All",1,18841350.6633035,982
"202",202,1659162.3560824,6.87501037373986e-07,1.90164017272487e-06,0.301862784561163,13.1437263222092,17139685.1400835,42489.7215459541,17182187.3072211,493011.824421402,72466.9343547071,"Malawi","All","All",1,18841350.6633035,982
"203",203,1659162.35608225,5.548327855788e-07,1.53466418184989e-06,0.270867402402116,12.2252456325612,17139685.5482556,42490.2628505561,17182187.3072213,493011.824421421,72466.9389106689,"Malawi","All","All",1,18841350.6633035,982
"204",204,1659162.35608212,4.4781462910985e-07,1.2384164835728e-06,0.243054635950928,11.37080413684,17139685.9270352,42490.7663257426,17182187.3072214,493011.824421436,72466.9429988229,"Malawi","All","All",1,18841350.6633035,982
"205",205,1659162.35608202,3.61328021965874e-07,9.9956150355446e-07,0.218097693397664,10.5759516928282,17139686.2785613,42491.2346094197,17182187.3072215,493011.824421448,72466.9466672037,"Malawi","All","All",1,18841350.6633035,982
"206",206,1659162.35608194,2.91620394082701e-07,8.06632742239819e-07,0.195703338163915,9.83654586631772,17139686.6048151,42491.6701561489,17182187.3072216,493011.824421458,72466.9499589137,"Malawi","All","All",1,18841350.6633035,982
"207",207,1659162.35608188,2.35416605250907e-07,6.50838322534864e-07,0.175608443141818,9.14873081367752,17139686.9076317,42492.0752498282,17182187.3072216,493011.824421466,72466.9529126297,"Malawi","All","All",1,18841350.6633035,982
"208",208,1659162.35608183,1.89867682383645e-07,5.25464731764207e-07,0.1575768990767,8.50891759722613,17139687.188711,42492.4520155031,17182187.3072217,493011.824421473,72466.955563057,"Malawi","All","All",1,18841350.6633035,982
"209",209,1659162.35608178,1.53281144325466e-07,4.23963240096528e-07,0.14139684051528,7.91376583783191,17139687.4496281,42492.8024303646,17182187.3072217,493011.824421478,72466.9579413374,"Malawi","All","All",1,18841350.6633035,982
"210",210,1659162.35608175,1.23798460606435e-07,3.41967914907771e-07,0.126878156350288,7.36016661530273,17139687.6918426,42493.1283339919,17182187.3072217,493011.824421482,72466.9600754149,"Malawi","All","All",1,18841350.6633035,982
"211",211,1659162.35608172,9.97103947276287e-08,2.76345800362388e-07,0.113850256116505,6.84522653322132,17139687.9167068,42493.43143789,17182187.3072218,493011.824421485,72466.9619903646,"Malawi","All","All",1,18841350.6633035,982
"212",212,1659162.3560817,8.05882649461622e-08,2.22794652800484e-07,0.102160065654704,6.36625287015197,17139688.1254742,42493.7133343707,17182187.3072218,493011.824421488,72466.9637086864,"Malawi","All","All",1,18841350.6633035,982
"213",213,1659162.35608168,6.5194866354032e-08,1.79505380753523e-07,0.0916702283723047,5.92073974452618,17139688.3193068,42493.9755048203,17182187.3072218,493011.82442149,72466.9652505703,"Malawi","All","All",1,18841350.6633035,982
"214",214,1659162.35608167,5.22812439489994e-08,1.45486259872472e-07,0.0822574936329466,5.50635523407512,17139688.4992815,42494.2193273931,17182187.3072218,493011.824421492,72466.9666341326,"Malawi","All","All",1,18841350.6633035,982
"215",215,1659162.35608166,4.22086063844055e-08,1.17380864958478e-07,0.0738112629556074,5.1209293409689,17139688.6663969,42494.4460841937,17182187.3072218,493011.824421494,72466.96787563,"Malawi","All","All",1,18841350.6633035,982
"216",216,1659162.35608165,3.42806045759787e-08,9.43240501603858e-08,0.0662322942540187,4.76244282298788,17139688.8215787,42494.656967939,17182187.3072218,493011.824421495,72466.9689896501,"Malawi","All","All",1,18841350.6633035,982
"217",217,1659162.35608164,2.74386196645832e-08,7.65450086934184e-08,0.0594315368409047,4.42901677846773,17139688.9656853,42494.8530881662,17182187.3072219,493011.824421496,72466.9699892821,"Malawi","All","All",1,18841350.6633035,982
"218",218,1659162.35608163,2.21737668428385e-08,6.17176078403997e-08,0.0533290837369238,4.11890293526691,17139689.0995128,42495.0354770179,17182187.3072219,493011.824421496,72466.9708862715,"Malawi","All","All",1,18841350.6633035,982
"219",219,1659162.35608163,1.80879635004576e-08,4.94470262821957e-08,0.0478532292528765,3.83047457339147,17139689.2237994,42495.2050946471,17182187.3072219,493011.824421497,72466.9716911582,"Malawi","All","All",1,18841350.6633035,982
"220",220,1659162.35608162,1.44542236605385e-08,4.01716029205963e-08,0.0429396278656978,3.562218125182,17139689.3392299,42495.3628342154,17182187.3072219,493011.824421497,72466.9724134003,"Malawi","All","All",1,18841350.6633035,982
"221",221,1659162.35608162,1.16470672606617e-08,3.24523341652481e-08,0.0385305577085089,3.31272552145725,17139689.4464393,42495.5095264448,17182187.3072219,493011.824421498,72466.9730614822,"Malawi","All","All",1,18841350.6633035,982
"222",222,1659162.35608162,9.47390281896479e-09,2.60506506841209e-08,0.0345742148327501,3.0806866387434,17139689.5460169,42495.6459441083,17182187.3072219,493011.824421498,72466.9736430184,"Malawi","All","All",1,18841350.6633035,982
"223",223,1659162.35608162,7.60324278894617e-09,2.11024500527374e-08,0.0310241112180025,2.86488255182743,17139689.6385092,42495.7728060382,17182187.3072219,493011.824421498,72466.9741648422,"Malawi","All","All",1,18841350.6633035,982
"224",224,1659162.35608161,6.12811810682894e-09,1.70451595919785e-08,0.0278385460331822,2.66417940371303,17139689.7244232,42495.890780767,17182187.3072219,493011.824421499,72466.9746330831,"Malawi","All","All",1,18841350.6633035,982
"225",225,1659162.35608161,4.99072112064734e-09,1.36718162204166e-08,0.0249800791636806,2.47752210274269,17139689.8042294,42496.0004902689,17182187.3072219,493011.824421499,72466.9750532444,"Malawi","All","All",1,18841350.6633035,982
"226",226,1659162.35608161,4.01642113609253e-09,1.10543607127312e-08,0.0224151146751789,2.30392908370429,17139689.8783646,42496.1025130678,17182187.3072219,493011.824421499,72466.9754302642,"Malawi","All","All",1,18841350.6633035,982
"227",227,1659162.35608161,3.23561510130489e-09,8.93185954278443e-09,0.0201135218867709,2.14248738722048,17139689.9472338,42496.1973871558,17182187.3072219,493011.824421499,72466.9757685715,"Malawi","All","All",1,18841350.6633035,982
"228",228,1659162.35608161,2.63808031709645e-09,7.15812594504669e-09,0.018048257594608,1.99234765536277,17139690.011213,42496.2856129606,17182187.3072219,493011.824421499,72466.9760721412,"Malawi","All","All",1,18841350.6633035,982
"229",229,1659162.35608161,2.10670973157458e-09,5.81837235151108e-09,0.0161950552825455,1.85271977011555,17139690.0706512,42496.36765593,17182187.3072219,493011.824421499,72466.9763445403,"Malawi","All","All",1,18841350.6633035,982
"230",230,1659162.35608161,1.68831535017433e-09,4.71767945581645e-09,0.014532140034117,1.72286873505599,17139690.1258721,42496.4439489714,17182187.3072219,493011.824421499,72466.9765889694,"Malawi","All","All",1,18841350.6633035,982
"231",231,1659162.35608161,1.39062545013747e-09,3.75479583758637e-09,0.0130399734280015,1.60211085134073,17139690.1771764,42496.5148947166,17182187.3072219,493011.824421499,72466.9768083005,"Malawi","All","All",1,18841350.6633035,982
"232",232,1659162.35608161,1.09681510103043e-09,3.07771255579585e-09,0.0117010233179852,1.48981014096504,17139690.2248431,42496.5808676392,17182187.3072219,493011.824421499,72466.9770051105,"Malawi","All","All",1,18841350.6633035,982
"233",233,1659162.35608161,8.90107047511086e-10,2.47455303929484e-09,0.0104995572673625,1.38537502126812,17139690.2691313,42496.6422160223,17182187.3072219,493011.824421499,72466.977181712,"Malawi","All","All",1,18841350.6633035,982
"234",234,1659162.35608161,7.59982117814466e-10,1.91930518093439e-09,0.00942145825792144,1.288255217719,17139690.3102815,42496.6992637852,17182187.3072219,493011.824421499,72466.9773401799,"Malawi","All","All",1,18841350.6633035,982
"235",235,1659162.35608161,5.57043143318786e-10,1.65396063570952e-09,0.00845405890586604,1.19793888822501,17139690.3485168,42496.7523121839,17182187.3072219,493011.824421499,72466.9774823764,"Malawi","All","All",1,18841350.6633035,982
"236",236,1659162.35608161,4.59601503688414e-10,1.31602245973538e-09,0.00758599253405522,1.1139499449911,17139690.3840446,42496.8016413947,17182187.3072219,493011.824421499,72466.977609972,"Malawi","All","All",1,18841350.6633035,982
"237",237,1659162.35608161,4.2777299509935e-10,9.5594024809217e-10,0.00680705959750941,1.03584556291236,17139690.4170573,42496.8475119867,17182187.3072219,493011.824421499,72466.977724466,"Malawi","All","All",1,18841350.6633035,982
"238",238,1659162.35608161,2.82180650532828e-10,8.89122136830293e-10,0.00610810796288243,0.963213862382053,17139690.4477337,42496.8901662909,17182187.3072219,493011.824421499,72466.9778272038,"Malawi","All","All",1,18841350.6633035,982
"239",239,1659162.35608161,2.24284859326973e-10,7.23968785282122e-10,0.0054809250232009,0.895671747575867,17139690.4762396,42496.9298296777,17182187.3072219,493011.824421499,72466.9779193923,"Malawi","All","All",1,18841350.6633035,982
"240",240,1659162.35608161,2.38795255126635e-10,4.76408043900713e-10,0.00491814147220587,0.832862902166545,17139690.5027291,42496.9667117399,17182187.3072219,493011.824421499,72466.9780021149,"Malawi","All","All",1,18841350.6633035,982
"241",241,1659162.35608161,1.40745504798355e-10,4.81458337375577e-10,0.00441314462778365,0.774455918967161,17139690.5273455,42497.0010073976,17182187.3072219,493011.824421499,72466.9780763436,"Malawi","All","All",1,18841350.6633035,982
"242",242,1659162.35608161,1.04735796485704e-10,4.05064926977e-10,0.00396000127802942,0.720142574511964,17139690.5502214,42497.0328979166,17182187.3072219,493011.824421499,72466.9781429503,"Malawi","All","All",1,18841350.6633035,982
"243",243,1659162.35608161,1.36395801010273e-10,2.30091620656403e-10,0.00355338630128567,0.669636173588656,17139690.5714805,42497.0625518851,17182187.3072219,493011.824421499,72466.978202718,"Malawi","All","All",1,18841350.6633035,982
"244",244,1659162.35608161,9.69587736623112e-11,2.10162206359194e-10,0.00318852183317803,0.622670085582178,17139690.5912372,42497.0901260774,17182187.3072219,493011.824421499,72466.9782563488,"Malawi","All","All",1,18841350.6633035,982
"245",245,1659162.35608161,5.74138422569894e-11,2.08484548801893e-10,0.00286112190553423,0.578996361447913,17139690.6095982,42497.1157662701,17182187.3072219,493011.824421499,72466.9783044728,"Malawi","All","All",1,18841350.6633035,982
"246",246,1659162.35608161,6.48667016927516e-11,1.33664297052214e-10,0.00256733975049439,0.538384380132753,17139690.6266622,42497.1396080398,17182187.3072219,493011.824421499,72466.9783476553,"Malawi","All","All",1,18841350.6633035,982
"247",247,1659162.35608161,5.19516165846789e-11,1.08610297247194e-10,0.00230372338096523,0.500619651872703,17139690.6425211,42497.1617774693,17182187.3072219,493011.824421499,72466.9783864039,"Malawi","All","All",1,18841350.6633035,982
"248",248,1659162.35608161,2.74948488029918e-11,1.14585760299785e-10,0.00206717652079758,0.465502731928131,17139690.6572602,42497.1823917876,17182187.3072219,493011.824421499,72466.9784211735,"Malawi","All","All",1,18841350.6633035,982
"249",249,1659162.35608161,3.67873778543768e-11,6.5230825858159e-11,0.00185491842004937,0.432848067906147,17139690.6709589,42497.2015600496,17182187.3072219,493011.824421499,72466.9784523729,"Malawi","All","All",1,18841350.6633035,982
"250",250,1659162.35608161,3.15101424238394e-11,4.92425668143211e-11,0.00166445465289158,0.402483115529623,17139690.6836907,42497.2193836569,17182187.3072219,493011.824421499,72466.9784803689,"Malawi","All","All",1,18841350.6633035,982
"251",251,1659162.35608161,1.08818395150476e-11,6.68894756591323e-11,0.00149354778985062,0.374247432725874,17139690.695524,42497.2359568918,17182187.3072219,493011.824421499,72466.9785054902,"Malawi","All","All",1,18841350.6633035,982
"252",252,1659162.35608161,2.03813532766474e-11,3.23341748354371e-11,0.00134018971080153,0.347991800162283,17139690.7065225,42497.2513674356,17182187.3072219,493011.824421499,72466.9785280321,"Malawi","All","All",1,18841350.6633035,982
"253",253,1659162.35608161,1.87499351115441e-11,2.17989903186124e-11,0.00120257849654684,0.323577446141745,17139690.7167451,42497.2656968247,17182187.3072219,493011.824421499,72466.9785482593,"Malawi","All","All",1,18841350.6633035,982
"254",254,1659162.35608161,9.83271658419892e-13,4.39967160854164e-11,0.00107909725916288,0.300875316517809,17139690.7262466,42497.2790208807,17182187.3072219,493011.824421499,72466.9785664096,"Malawi","All","All",1,18841350.6633035,982
"255",255,1659162.35608161,1.10919372020085e-11,1.62871412166041e-11,0.000968295124441035,0.279765394901501,17139690.7350781,42497.2914101111,17182187.3072219,493011.824421499,72466.9785826962,"Malawi","All","All",1,18841350.6633035,982
"256",256,1659162.35608161,1.26290923867929e-11,6.28081362526399e-12,0.000868870196592089,0.26013607066169,17139690.7432869,42497.3029300809,17182187.3072219,493011.824421499,72466.9785973105,"Malawi","All","All",1,18841350.6633035,982
"257",257,1659162.35608161,-3.23168391195775e-12,3.0120623420735e-11,0.000779654259187076,0.241883550836514,17139690.7509169,42497.313641759,17182187.3072219,493011.824421499,72466.9786104242,"Malawi","All","All",1,18841350.6633035,982
"258",258,1659162.35608161,6.24912181741538e-12,7.77848237440084e-12,0.000699599050817284,0.224911313182053,17139690.7580092,42497.3236018402,17182187.3072219,493011.824421499,72466.9786221914,"Malawi","All","All",1,18841350.6633035,982
"259",259,1659162.35608161,9.28094454504257e-12,-1.6312267870623e-12,0.000627763939620211,0.20912959730001,17139690.7646015,42497.3328630445,17182187.3072219,493011.824421499,72466.9786327503,"Malawi","All","All",1,18841350.6633035,982
"260",260,1659162.35608161,-6.28710914707874e-12,2.43948613314173e-11,0.000563304864091418,0.194454931102031,17139690.7707293,42497.341474396,17182187.3072219,493011.824421499,72466.978642225,"Malawi","All","All",1,18841350.6633035,982
"261",261,1659162.35608161,1.07452375199513e-11,-9.83502119858659e-12,0.000505464469628073,0.180809692122712,17139690.7764253,42497.3494814808,17182187.3072219,493011.824421499,72466.9786507269,"Malawi","All","All",1,18841350.6633035,982
"262",262,1659162.35608161,9.04507979248377e-12,-8.63397788506904e-12,0.000453563158177165,0.168121696945161,17139690.78172,42497.3569266887,17182187.3072219,493011.824421499,72466.9786583558,"Malawi","All","All",1,18841350.6633035,982
"263",263,1659162.35608161,-1.53052980434762e-11,3.52183801777345e-11,0.000406991098144935,0.156323820103516,17139690.7866417,42497.3638494372,17182187.3072219,493011.824421499,72466.9786652013,"Malawi","All","All",1,18841350.6633035,982
"264",264,1659162.35608161,1.53719722525689e-11,-2.33170814517519e-11,0.000365201079228777,0.145353640361671,17139690.7912167,42497.3702863796,17182187.3072219,493011.824421499,72466.978671344,"Malawi","All","All",1,18841350.6633035,982
"265",265,1659162.35608161,7.5052037830378e-12,-9.67220929764912e-12,0.000327702075792044,0.135153111460539,17139690.7954695,42497.376271599,17182187.3072219,493011.824421499,72466.9786768559,"Malawi","All","All",1,18841350.6633035,982
"266",266,1659162.35608161,-2.69316923714805e-11,5.3758954676518e-11,0.000294053485219566,0.125668255672418,17139690.7994228,42497.3818367879,17182187.3072219,493011.824421499,72466.9786818018,"Malawi","All","All",1,18841350.6633035,982
"267",267,1659162.35608161,3.23386853255559e-11,-5.75289240331748e-11,0.000263859952834272,0.116848878966419,17139690.8030978,42497.3870114162,17182187.3072219,493011.824421499,72466.9786862399,"Malawi","All","All",1,18841350.6633035,982
"268",268,1659162.35608161,6.65653207981335e-11,-1.21948850875721e-10,0.000236766722132987,0.108648306358032,17139690.8065139,42497.3918228864,17182187.3072219,493011.824421499,72466.9786902223,"Malawi","All","All",1,18841350.6633035,982
"269",269,1659162.35608161,3.70802188704025e-11,-6.73621152883731e-11,0.000212455463450834,0.101023134762329,17139690.8096896,42497.3962966793,17182187.3072219,493011.824421499,72466.9786937958,"Malawi","All","All",1,18841350.6633035,982
"270",270,1659162.35608161,-4.27781269571823e-12,9.4672255160769e-12,0.000190640512063382,0.0939330030162735,17139690.8126418,42497.4004564889,17182187.3072219,493011.824421499,72466.9786970024,"Malawi","All","All",1,18841350.6633035,982
"271",271,1659162.35608161,-1.02829497340891e-11,2.03879645294521e-11,0.000171065526197586,0.0873403793962829,17139690.8153861,42497.4043243472,17182187.3072219,493011.824421499,72466.9786998797,"Malawi","All","All",1,18841350.6633035,982
"272",272,1659162.35608161,5.81084795765418e-12,-9.87801946603659e-12,0.000153500496384755,0.0812103642053824,17139690.8179373,42497.4079207407,17182187.3072219,493011.824421499,72466.9787024615,"Malawi","All","All",1,18841350.6633035,982
"273",273,1659162.35608161,1.14146299102264e-11,-2.05225130798138e-11,0.00013773904345539,0.0755105053419047,17139690.8203089,42497.4112647183,17182187.3072219,493011.824421499,72466.9787047783,"Malawi","All","All",1,18841350.6633035,982
"274",274,1659162.35608161,2.25326090802337e-12,-3.57567689531855e-12,0.000123595980976499,0.0702106263046485,17139690.8225137,42497.4143739927,17182187.3072219,493011.824421499,72466.9787068571,"Malawi","All","All",1,18841350.6633035,982
"275",275,1659162.35608161,-4.94249924782517e-12,9.73189860985193e-12,0.000110905132372961,0.0652826664888649,17139690.8245633,42497.417265034,17182187.3072219,493011.824421499,72466.9787087226,"Malawi","All","All",1,18841350.6633035,982
"276",276,1659162.35608161,-2.47695404907577e-12,5.03257491303084e-12,9.95173813470207e-05,0.0607005330290117,17139690.8264687,42497.4199531569,17182187.3072219,493011.824421499,72466.9787103964,"Malawi","All","All",1,18841350.6633035,982
"277",277,1659162.35608161,2.32194972650261e-12,-4.00244868662899e-12,8.92989244768593e-05,0.0564399630503975,17139690.82824,42497.4224526017,17182187.3072219,493011.824421499,72466.9787118984,"Malawi","All","All",1,18841350.6633035,982
"278",278,1659162.35608161,2.40699758575562e-12,-4.2250124857082e-12,8.01296994627068e-05,0.0524783953997423,17139690.8298868,42497.4247766095,17182187.3072219,493011.824421499,72466.9787132462,"Malawi","All","All",1,18841350.6633035,982
"279",279,1659162.35608161,-4.06289113881272e-13,9.73737031070313e-13,7.19019721207224e-05,0.0487948512740549,17139690.8314177,42497.4269374923,17182187.3072219,493011.824421499,72466.9787144556,"Malawi","All","All",1,18841350.6633035,982
"280",280,1659162.35608161,-1.44333493302087e-12,2.86753348558983e-12,6.45190693178451e-05,0.0453698232617393,17139690.8328409,42497.4289466984,17182187.3072219,493011.824421499,72466.9787155408,"Malawi","All","All",1,18841350.6633035,982
"281",281,1659162.35608161,-1.87886423511074e-13,4.91004003788963e-13,5.78942437865971e-05,0.0421851722212377,17139690.834164,42497.4308148727,17182187.3072219,493011.824421499,72466.9787165146,"Malawi","All","All",1,18841350.6633035,982
"282",282,1659162.35608161,8.20235044680468e-13,-1.41747834009947e-12,5.19496558305897e-05,0.0392240313844723,17139690.835394,42497.4325519133,17182187.3072219,493011.824421499,72466.9787173883,"Malawi","All","All",1,18841350.6633035,982
"283",283,1659162.35608161,4.21301349226939e-13,-6.94829329876911e-13,4.66154587858361e-05,0.0364707171456463,17139690.8365375,42497.4341670237,17182187.3072219,493011.824421499,72466.9787181724,"Malawi","All","All",1,18841350.6633035,982
"284",284,1659162.35608161,-3.06101778286722e-13,6.45040843580443e-13,4.18289778566439e-05,0.0339106460864492,17139690.8376007,42497.4356687616,17182187.3072219,493011.824421499,72466.978718876,"Malawi","All","All",1,18841350.6633035,982
"285",285,1659162.35608161,-3.26682470847776e-13,6.69213109715626e-13,3.75339734662457e-05,0.0315302578263735,17139690.838589,42497.4370650841,17182187.3072219,493011.824421499,72466.9787195073,"Malawi","All","All",1,18841350.6633035,982
"286",286,1659162.35608161,8.33939304069531e-14,-1.07578071879113e-13,3.36799806191288e-05,0.0293169432911422,17139690.8395079,42497.43836339,17182187.3072219,493011.824421499,72466.9787200738,"Malawi","All","All",1,18841350.6633035,982
"287",287,1659162.35608161,2.30383638159809e-13,-3.91168942157930e-13,3.02217161540775e-05,0.0272589780073161,17139690.8403621,42497.439570559,17182187.3072219,493011.824421499,72466.9787205821,"Malawi","All","All",1,18841350.6633035,982
"288",288,1659162.35608161,3.97271944543487e-14,-4.2841205410181e-14,2.71185466830483e-05,0.0253454600655267,17139690.8411563,42497.4406929879,17182187.3072219,493011.824421499,72466.9787210382,"Malawi","All","All",1,18841350.6633035,982
"289",289,1659162.35608161,-1.11909989216864e-13,2.34111123419695e-13,2.43340110541532e-05,0.0235662524295448,17139690.8418947,42497.4417366245,17182187.3072219,493011.824421499,72466.9787214475,"Malawi","All","All",1,18841350.6633035,982
"290",290,1659162.35608161,-5.42519968834917e-14,1.2163333555612e-13,2.18353918982326e-05,0.0219119292914405,17139690.8425811,42497.4427069993,17182187.3072219,493011.824421499,72466.9787218148,"Malawi","All","All",1,18841350.6633035,982
"291",291,1659162.35608161,5.18106988071778e-14,-8.02388897511257e-14,1.95933312497812e-05,0.0203737261892531,17139690.8432193,42497.4436092547,17182187.3072219,493011.824421499,72466.9787221443,"Malawi","All","All",1,18841350.6633035,982
"292",292,1659162.35608161,5.31844340187369e-14,-8.59771895050448e-14,1.75814856431981e-05,0.0189434936211871,17139690.8438127,42497.4444481722,17182187.3072219,493011.824421499,72466.9787224401,"Malawi","All","All",1,18841350.6633035,982
"293",293,1659162.35608161,-8.64606940316351e-15,2.6851467689419e-14,1.57762165825403e-05,0.0176136539104928,17139690.8443643,42497.4452281975,17182187.3072219,493011.824421499,72466.9787227054,"Malawi","All","All",1,18841350.6633035,982
"294",294,1659162.35608161,-3.09875380681011e-14,6.64783906876338e-14,1.41563127723706e-05,0.0163771610941795,17139690.8448771,42497.4459534646,17182187.3072219,493011.824421499,72466.9787229435,"Malawi","All","All",1,18841350.6633035,982
"295",295,1659162.35608161,-3.232937433327e-15,1.30128917735743e-14,1.27027408836368e-05,0.0152274636245384,17139690.8453539,42497.4466278173,17182187.3072219,493011.824421499,72466.9787231572,"Malawi","All","All",1,18841350.6633035,982
"296",296,1659162.35608161,1.8658602519469e-14,-2.91887367620093e-14,1.13984219285384e-05,0.0141584696862883,17139690.8457972,42497.4472548293,17182187.3072219,493011.824421499,72466.9787233489,"Malawi","All","All",1,18841350.6633035,982
"297",297,1659162.35608161,9.62047240319884e-15,-1.34082621894632e-14,1.02280305970357e-05,0.013164514945593,17139690.8462093,42497.4478378239,17182187.3072219,493011.824421499,72466.978723521,"Malawi","All","All",1,18841350.6633035,982
"298",298,1659162.35608161,-6.39836308153025e-15,1.5609614136284e-14,9.17781518769592e-06,0.0122403325603954,17139690.8465925,42497.448379891,17182187.3072219,493011.824421499,72466.9787236753,"Malawi","All","All",1,18841350.6633035,982
"299",299,1659162.35608161,-6.79552007608136e-15,1.56429088157286e-14,8.23543602414649e-06,0.0113810252937706,17139690.8469487,42497.4488839034,17182187.3072219,493011.824421499,72466.9787238139,"Malawi","All","All",1,18841350.6633035,982
"300",300,1659162.35608161,2.17236007877491e-15,-1.66463015765056e-15,7.38982046677809e-06,0.0105820395830553,17139690.8472799,42497.4493525326,17182187.3072219,493011.824421499,72466.9787239381,"Malawi","All","All",1,18841350.6633035,982
"301",301,1659162.35608161,5.28465971606594e-15,-7.9340035361285e-15,6.63103281557978e-06,0.00983914142764107,17139690.8475879,42497.4497882624,17182187.3072219,493011.824421499,72466.9787240497,"Malawi","All","All",1,18841350.6633035,982
"302",302,1659162.35608161,1.02020415565302e-15,-3.47601348847057e-16,5.95015757074195e-06,0.00914839396786214,17139690.8478742,42497.4501934023,17182187.3072219,493011.824421499,72466.9787241498,"Malawi","All","All",1,18841350.6633035,982
"303",303,1659162.35608161,-2.319156491794e-15,5.58414924782103e-15,5.3391946777701e-06,0.00850613663641474,17139690.8481403,42497.4505700996,17182187.3072219,493011.824421499,72466.9787242396,"Malawi","All","All",1,18841350.6633035,982
"304",304,1659162.35608161,-1.05249197145218e-15,2.97788760200774e-15,4.79096552827551e-06,0.00790896577210476,17139690.8483878,42497.4509203511,17182187.3072219,493011.824421499,72466.9787243202,"Malawi","All","All",1,18841350.6633035,982
"305",305,1659162.35608161,1.24847261625057e-15,-1.51186394787114e-15,4.299028613666e-06,0.00735371659343104,17139690.8486179,42497.4512460132,17182187.3072219,493011.824421499,72466.9787243925,"Malawi","All","All",1,18841350.6633035,982
"306",306,1659162.35608161,1.24133098286051e-15,-1.65638990141586e-15,3.85760384024899e-06,0.00683744643665699,17139690.8488318,42497.4515488122,17182187.3072219,493011.824421499,72466.9787244573,"Malawi","All","All",1,18841350.6633035,982
"307",307,1659162.35608161,-1.35066458738185e-16,7.8490547139383e-16,3.46150461536951e-06,0.00635741916969539,17139690.8490307,42497.451830353,17182187.3072219,493011.824421499,72466.9787245156,"Malawi","All","All",1,18841350.6633035,982
"308",308,1659162.35608161,-6.28431648969555e-16,1.60283054195802e-15,3.10607690643765e-06,0.00591109069935817,17139690.8492156,42497.452092128,17182187.3072219,493011.824421499,72466.9787245678,"Malawi","All","All",1,18841350.6633035,982
"309",309,1659162.35608161,-2.37236357507038e-17,3.91323719657362e-16,2.78714455735129e-06,0.00549609549531076,17139690.8493875,42497.4523355248,17182187.3072219,493011.824421499,72466.9787246147,"Malawi","All","All",1,18841350.6633035,982
"310",310,1659162.35608161,4.45159344800671e-16,-5.50690245973695e-16,2.5009602201064e-06,0.00511023405943979,17139690.8495473,42497.4525618337,17182187.3072219,493011.824421499,72466.9787246567,"Malawi","All","All",1,18841350.6633035,982
"311",311,1659162.35608161,2.35890035384221e-16,-2.14186762250318e-16,2.24416132487463e-06,0.00475146127433273,17139690.849696,42497.4527722541,17182187.3072219,493011.824421499,72466.9787246945,"Malawi","All","All",1,18841350.6633035,982
"312",312,1659162.35608161,-1.203794759486e-16,4.07082650942307e-16,2.01373057097383e-06,0.00441787556921389,17139690.8498341,42497.4529679016,17182187.3072219,493011.824421499,72466.9787247284,"Malawi","All","All",1,18841350.6633035,982
"313",313,1659162.35608161,-1.30600351882842e-16,3.90957431974562e-16,1.8069604745261e-06,0.00410770884600543,17139690.8499626,42497.4531498133,17182187.3072219,493011.824421499,72466.9787247588,"Malawi","All","All",1,18841350.6633035,982
"314",314,1659162.35608161,6.33993269436794e-17,4.99219620896327e-19,1.62142155638583e-06,0.00381931711220267,17139690.850082,42497.4533189534,17182187.3072219,493011.824421499,72466.9787247861,"Malawi","All","All",1,18841350.6633035,982
"315",315,1659162.35608161,1.27559236572962e-16,-1.42165131981806e-16,1.45493379659943e-06,0.00355117177098909,17139690.8501931,42497.4534762186,17182187.3072219,493011.824421499,72466.9787248105,"Malawi","All","All",1,18841350.6633035,982
"316",316,1659162.35608161,3.09186223033967e-17,1.96869672526735e-17,1.30554101993715e-06,0.00330185152249102,17139690.8502963,42497.4536224426,17182187.3072219,493011.824421499,72466.9787248325,"Malawi","All","All",1,18841350.6633035,982
"317",317,1659162.35608161,-4.36462196654867e-17,1.43910509975013e-16,1.17148791149104e-06,0.00307003483330336,17139690.8503923,42497.4537584005,17182187.3072219,493011.824421499,72466.9787248522,"Malawi","All","All",1,18841350.6633035,982
"318",318,1659162.35608161,-1.66488207427418e-17,8.14756303329218e-17,1.05119939229598e-06,0.00285449293442433,17139690.8504816,42497.453884813,17182187.3072219,493011.824421499,72466.9787248699,"Malawi","All","All",1,18841350.6633035,982
"319",319,1659162.35608161,3.25934464156518e-17,-2.01482194823898e-17,9.43262112675026e-07,0.002654083310532,17139690.8505645,42497.4540023503,17182187.3072219,493011.824421499,72466.9787248857,"Malawi","All","All",1,18841350.6633035,982
"320",320,1659162.35608161,3.10843776192879e-17,-2.51811436510186e-17,8.46407845863685e-07,0.00246774364613479,17139690.8506417,42497.4541116355,17182187.3072219,493011.824421499,72466.9787249,"Malawi","All","All",1,18841350.6633035,982
"321",321,1659162.35608161,2.43919148552431e-20,2.64496360647742e-17,7.594985867779e-07,0.00229448619654437,17139690.8507134,42497.4542132479,17182187.3072219,493011.824421499,72466.9787249127,"Malawi","All","All",1,18841350.6633035,982
"322",322,1659162.35608161,-1.1214668619113e-17,4.23120768995758e-17,6.81513180834469e-07,0.00213339255386743,17139690.8507801,42497.4543077262,17182187.3072219,493011.824421499,72466.9787249242,"Malawi","All","All",1,18841350.6633035,982
"323",323,1659162.35608161,1.67979307350694e-18,1.41219803605936e-17,6.11535325723735e-07,0.00198360878030269,17139690.8508421,42497.4543955712,17182187.3072219,493011.824421499,72466.9787249345,"Malawi","All","All",1,18841350.6633035,982
"324",324,1659162.35608161,1.14904872440531e-17,-7.51694548763641e-18,5.48742805165233e-07,0.00184434088297327,17139690.8508998,42497.4544772488,17182187.3072219,493011.824421499,72466.9787249437,"Malawi","All","All",1,18841350.6633035,982
"325",325,1659162.35608161,6.47728247138281e-18,-8.48388626405249e-19,4.92397828144954e-07,0.00171485060633197,17139690.8509534,42497.4545531918,17182187.3072219,493011.824421499,72466.978724952,"Malawi","All","All",1,18841350.6633035,982
"326",326,1659162.35608161,-1.59044628068944e-18,1.20391755045735e-17,4.41838360119717e-07,0.0015944515198573,17139690.8510032,42497.4546238028,17182187.3072219,493011.824421499,72466.9787249594,"Malawi","All","All",1,18841350.6633035,982
"327",327,1659162.35608161,-1.96569714661182e-18,1.09891886520899e-17,3.96470344332839e-07,0.00148250538032135,17139690.8510495,42497.4546894563,17182187.3072219,493011.824421499,72466.9787249661,"Malawi","All","All",1,18841350.6633035,982
"328",328,1659162.35608161,2.13451645564129e-18,1.92462993356167e-18,3.55760721846121e-07,0.00137841874936365,17139690.8510926,42497.4547505003,17182187.3072219,493011.824421499,72466.9787249721,"Malawi","All","All",1,18841350.6633035,982
"329",329,1659162.35608161,3.3746330380627e-18,-1.52973388305696e-18,3.19231168276753e-07,0.00128163984845661,17139690.8511327,42497.4548072583,17182187.3072219,493011.824421499,72466.9787249775,"Malawi","All","All",1,18841350.6633035,982
"330",330,1659162.35608161,1.12494867586201e-18,1.74868495846384e-18,2.86452473647078e-07,0.00119165563460481,17139690.8511699,42497.4548600314,17182187.3072219,493011.824421499,72466.9787249823,"Malawi","All","All",1,18841350.6633035,982
"331",331,1659162.35608161,-5.8938264527621e-19,4.20553081937144e-18,2.57039499311625e-07,0.00110798908128892,17139690.8512046,42497.4549090993,17182187.3072219,493011.824421499,72466.9787249866,"Malawi","All","All",1,18841350.6633035,982
"332",332,1659162.35608161,-5.48993447994998e-20,2.60881540842387e-18,2.30646652707178e-07,0.00103019665025168,17139690.8512368,42497.454954722,17182187.3072219,493011.824421499,72466.9787249905,"Malawi","All","All",1,18841350.6633035,982
"333",333,1659162.35608161,9.65531820974853e-19,2.20829929689906e-19,2.06963826756209e-07,0.000957865940733606,17139690.8512667,42497.4549971416,17182187.3072219,493011.824421499,72466.978724994,"Malawi","All","All",1,18841350.6633035,982
"334",334,1659162.35608161,8.76426700535069e-19,-3.1767110102951e-21,1.85712756213065e-07,0.000890613503705831,17139690.8512945,42497.4550365829,17182187.3072219,493011.824421499,72466.9787249971,"Malawi","All","All",1,18841350.6633035,982
"335",335,1659162.35608161,1.54893893958626e-19,1.02838966439645e-18,1.66643748140943e-07,0.000828082809521103,17139690.8513204,42497.455073255,17182187.3072219,493011.824421499,72466.9787249999,"Malawi","All","All",1,18841350.6633035,982
"336",336,1659162.35608161,-1.17892183673605e-19,1.28326453970169e-18,1.49532748103759e-07,0.000769942358216194,17139690.8513445,42497.4551073523,17182187.3072219,493011.824421499,72466.9787250024,"Malawi","All","All",1,18841350.6633035,982
"337",337,1659162.35608161,1.4297715173934e-19,5.91260275484183e-19,1.34178707601761e-07,0.000715883922454594,17139690.8513668,42497.4551390556,17182187.3072219,493011.824421499,72466.9787250047,"Malawi","All","All",1,18841350.6633035,982
"338",338,1659162.35608161,3.36579994257954e-19,6.43779597267145e-20,1.20401221819225e-07,0.000665620913800636,17139690.8513876,42497.4551685329,17182187.3072219,493011.824421499,72466.9787250067,"Malawi","All","All",1,18841350.6633035,982
"339",339,1659162.35608161,2.08334616274156e-19,1.7009032237502e-19,1.08038409928541e-07,0.000618886863669439,17139690.851407,42497.4551959407,17182187.3072219,493011.824421499,72466.9787250085,"Malawi","All","All",1,18841350.6633035,982
"340",340,1659162.35608161,1.8566615699593e-20,4.16402272259878e-19,9.6945013044903e-08,0.000575434010904349,17139690.851425,42497.4552214241,17182187.3072219,493011.824421499,72466.9787250101,"Malawi","All","All",1,18841350.6633035,982
"341",341,1659162.35608161,1.1565405524738e-21,3.61861060386849e-19,8.69906874832115e-08,0.000535031988498329,17139690.8514417,42497.4552451182,17182187.3072219,493011.824421499,72466.9787250116,"Malawi","All","All",1,18841350.6633035,982
"342",342,1659162.35608161,8.29456459437994e-20,1.3898352627008e-19,7.8058473263571e-08,0.000497466602500857,17139690.8514572,42497.4552671488,17182187.3072219,493011.824421499,72466.9787250129,"Malawi","All","All",1,18841350.6633035,982
"343",343,1659162.35608161,1.0265228392598e-19,4.55199008192625e-20,7.00434198708387e-08,0.000462538696640188,17139690.8514717,42497.4552876326,17182187.3072219,493011.824421499,72466.9787250141,"Malawi","All","All",1,18841350.6633035,982
"344",344,1659162.35608161,4.73757373001112e-20,1.02930928062024e-19,6.2851353121353e-08,0.000430063096644846,17139690.8514851,42497.4553066782,17182187.3072219,493011.824421499,72466.9787250151,"Malawi","All","All",1,18841350.6633035,982
"345",345,1659162.35608161,5.55902863439003e-21,1.44050006394152e-19,5.63977686479245e-08,0.000399867628670437,17139690.8514976,42497.4553243865,17182187.3072219,493011.824421499,72466.9787250161,"Malawi","All","All",1,18841350.6633035,982
"346",346,1659162.35608161,1.40072101082709e-20,9.84867194853861e-20,5.06068390019163e-08,0.000371792206630381,17139690.8515092,42497.4553408515,17182187.3072219,493011.824421499,72466.9787250169,"Malawi","All","All",1,18841350.6633035,982
"347",347,1659162.35608161,3.34567772357376e-20,3.81416439348452e-20,4.54105227062055e-08,0.000345687983594215,17139690.85152,42497.4553561605,17182187.3072219,493011.824421499,72466.9787250177,"Malawi","All","All",1,18841350.6633035,982
"348",348,1659162.35608161,2.89647844428042e-20,2.71173876338343e-20,4.07477647906971e-08,0.000321416562756527,17139690.8515301,42497.4553703946,17182187.3072219,493011.824421499,72466.9787250184,"Malawi","All","All",1,18841350.6633035,982
"349",349,1659162.35608161,1.12007536545377e-20,4.46067159814416e-20,3.65637794169468e-08,0.000298849263795158,17139690.8515394,42497.4553836293,17182187.3072219,493011.824421499,72466.978725019,"Malawi","All","All",1,18841350.6633035,982
"350",350,1659162.35608161,3.7896273447939e-21,4.57972014614827e-20,3.280940616297e-08,0.000277866440730783,17139690.8515481,42497.4553959348,17182187.3072219,493011.824421499,72466.9787250196,"Malawi","All","All",1,18841350.6633035,982
"351",351,1659162.35608161,8.34144359066377e-21,2.71009791183979e-20,2.94405324048045e-08,0.000258356847672817,17139690.8515561,42497.4554073763,17182187.3072219,493011.824421499,72466.9787250201,"Malawi","All","All",1,18841350.6633035,982
"352",352,1659162.35608161,1.15587005754264e-20,1.28637817421854e-20,2.64175750080044e-08,0.000240217049090349,17139690.8515637,42497.4554180144,17182187.3072219,493011.824421499,72466.9787250205,"Malawi","All","All",1,18841350.6633035,982
"353",353,1659162.35608161,7.89675101063628e-21,1.30534482139008e-20,2.37050152391144e-08,0.00022335087148267,17139690.8515706,42497.4554279056,17182187.3072219,493011.824421499,72466.9787250209,"Malawi","All","All",1,18841350.6633035,982
"354",354,1659162.35608161,3.09218744966568e-21,1.66575806400802e-20,2.12709814324889e-08,0.000207668893543355,17139690.8515771,42497.4554371024,17182187.3072219,493011.824421499,72466.9787250213,"Malawi","All","All",1,18841350.6633035,982
"355",355,1659162.35608161,2.21721267992726e-21,1.39628392627841e-20,1.90868745089316e-08,0.000193087972115817,17139690.8515832,42497.4554456534,17182187.3072219,493011.824421499,72466.9787250216,"Malawi","All","All",1,18841350.6633035,982
"356",356,1659162.35608161,3.59680023377317e-21,7.89558058619945e-21,1.71270319461267e-08,0.000179530801427893,17139690.8515888,42497.455453604,17182187.3072219,493011.824421499,72466.9787250219,"Malawi","All","All",1,18841350.6633035,982
"357",357,1659162.35608161,3.67449071289562e-21,4.93189336906884e-21,1.53684262526261e-08,0.000166925503269371,17139690.851594,42497.4554609964,17182187.3072219,493011.824421499,72466.9787250221,"Malawi","All","All",1,18841350.6633035,982
"358",358,1659162.35608161,2.17862820868324e-21,5.44871792095936e-21,1.37903944025643e-08,0.000155205245940352,17139690.8515988,42497.4554678697,17182187.3072219,493011.824421499,72466.9787250224,"Malawi","All","All",1,18841350.6633035,982
"359",359,1659162.35608161,1.04526892366094e-21,5.72796037782512e-21,1.2374395052049e-08,0.000144307889950759,17139690.8516033,42497.4554742605,17182187.3072219,493011.824421499,72466.9787250226,"Malawi","All","All",1,18841350.6633035,982
"360",360,1659162.35608161,1.05880447967519e-21,4.22106124026489e-21,1.11037906846016e-08,0.000134175658593132,17139690.8516075,42497.4554802025,17182187.3072219,493011.824421499,72466.9787250228,"Malawi","All","All",1,18841350.6633035,982
"361",361,1659162.35608161,1.34039730497034e-21,2.49979150184018e-21,9.96365212592998e-09,0.000124754831642587,17139690.8516114,42497.4554857274,17182187.3072219,493011.824421499,72466.9787250229,"Malawi","All","All",1,18841350.6633035,982
"362",362,1659162.35608161,1.12112729519068e-21,1.94397851523414e-21,8.94058313114812e-09,0.000115995460560442,17139690.851615,42497.4554908643,17182187.3072219,493011.824421499,72466.9787250231,"Malawi","All","All",1,18841350.6633035,982
"363",363,1659162.35608161,6.36496880734566e-22,2.06959817743089e-21,8.02256298340096e-09,0.000107851103691941,17139690.8516184,42497.4554956405,17182187.3072219,493011.824421499,72466.9787250232,"Malawi","All","All",1,18841350.6633035,982
"364",364,1659162.35608161,4.00254279653111e-22,1.88194266623225e-21,7.19880525448123e-09,0.000100278580054465,17139690.8516215,42497.4555000814,17182187.3072219,493011.824421499,72466.9787250233,"Malawi","All","All",1,18841350.6633035,982
"365",365,1659162.35608161,4.40210484199254e-22,1.30011336072428e-21,6.4596310679231e-09,9.32377404111757e-05,17139690.8516245,42497.4555042105,17182187.3072219,493011.824421499,72466.9787250235,"Malawi","All","All",1,18841350.6633035,982
