"","time","S","E","I","H","C","R","D","inci","hosp","crits","lvl2","lvl3","lvl4","ID","POP"
"1",1,95296.1442,0,1,0,0,0,0,0,0,0,"Malawi","Mulanje","TA Laston Njema","68",95297.1442
"2",2,95295.4067379087,0.607733447061894,0.794513788165948,0.00895619134605505,0.000102211908145667,0.326155150707698,1.30215871756542e-06,0.737462091348458,0.00955047137414545,0.000104422424681595,"Malawi","Mulanje","TA Laston Njema","68",95297.1442
"3",3,95294.7419800337,0.965699081247296,0.799136795366093,0.0159971721806707,0.000363881062315205,0.62101357664315,9.45978673901041e-06,1.40221996628626,0.0181594532330817,0.000379939792123527,"Malawi","Mulanje","TA Laston Njema","68",95297.1442
"4",4,95294.0273796002,1.25291355468606,0.901694970539458,0.0228280295605763,0.000755426158273528,0.938598738669101,2.96802254819808e-05,2.11682039983895,0.0274139907482258,0.000805810668497176,"Malawi","Mulanje","TA Laston Njema","68",95297.1442
"5",5,95293.1998950167,1.54343041352101,1.06251940369844,0.0302367646276697,0.00127391120905282,1.30677785218012,6.66380556842851e-05,2.94430498329197,0.0381305376794403,0.00138703453420907,"Malawi","Mulanje","TA Laston Njema","68",95297.1442
"6",6,95292.216133604,1.87197715902078,1.27054897545685,0.0386826260600297,0.00192920026627127,1.74480327564498,0.00012515962172854,3.92806639607064,0.050871108020321,0.00214166853893982,"Malawi","Mulanje","TA Laston Njema","68",95297.1442
"7",7,95291.0363568278,2.25942147853939,1.52658820828357,0.0485276966834605,0.00273904415671024,2.27035615700839,0.000210587531068167,5.10784317220259,0.0661504221330563,0.00309653300458029,"Malawi","Mulanje","TA Laston Njema","68",95297.1442
"8",8,95289.6175293231,2.72282871719054,1.83704074231588,0.0601322801891731,0.00372770083879127,2.90261219739972,0.00032903902083811,6.52667067695495,0.0845259378654352,0.00428627037929094,"Malawi","Mulanje","TA Laston Njema","68",95297.1442
"9",9,95287.9096829963,3.27964588953704,2.21170783647353,0.0738991560824081,0.00492603137168771,3.6638504457003,0.000487644520271659,8.23451700368525,0.106644956449428,0.0057538461850236,"Malawi","Mulanje","TA Laston Njema","68",95297.1442
"10",10,95285.8533670526,3.94968434222148,2.66319559191157,0.0902996039141691,0.00637230021228336,4.58058630555064,0.000694803601650477,10.2908329474118,0.13327767408626,0.00755178381128901,"Malawi","Mulanje","TA Laston Njema","68",95297.1442
"11",11,95283.3772735648,4.75633771074349,3.20699067763562,0.1098943025215,0.0081134135116134,5.68462985143351,0.000960479421476429,12.7669264352672,0.165347973103876,0.00974390264857642,"Malawi","Mulanje","TA Laston Njema","68",95297.1442
"12",12,95280.3956553864,5.72759072591197,3.86185782090712,0.133354362432716,0.0102065216731935,7.01423863761992,0.00129654507987873,15.7485446136248,0.203966920923647,0.0124075086189372,"Malawi","Mulanje","TA Laston Njema","68",95297.1442
"13",13,95276.8053176611,6.89706329391017,4.6504336510941,0.161485111243615,0.0127210006545874,8.61546208568325,0.001717196313963,19.3388823388997,0.250471818329161,0.0156360760568753,"Malawi","Mulanje","TA Laston Njema","68",95297.1442
"14",14,95272.4820506691,8.30519393290571,5.59998454129268,0.195253987480421,0.0157408551961701,10.543736570763,0.00223944328781774,23.6621493309258,0.306472521619764,0.0195424857902111,"Malawi","Mulanje","TA Laston Njema","68",95297.1442
"15",15,95267.2763297325,10.0006455858615,6.74333983799613,0.235824044961012,0.0193676428188608,12.8658094525744,0.00288370331673483,28.8678702675287,0.37390731415544,0.0242629553336597,"Malawi","Mulanje","TA Laston Njema","68",95297.1442
"16",16,95261.0081670569,12.0419773567529,8.12001884504389,0.28459400340886,0.0237239943633992,15.6620442335954,0.0036745099464442,35.1360329431109,0.455109843259975,0.0299617631457123,"Malawi","Mulanje","TA Laston Njema","68",95297.1442
"17",17,95253.4609488759,14.4996439020207,9.77757943565189,0.343246199178232,0.0289578400939769,19.0291823860267,0.00464136118319317,42.6832511241548,0.552889317035464,0.036836914669344,"Malawi","Mulanje","TA Laston Njema","68",95297.1442
"18",18,95244.3739810453,17.4584077131605,11.7732520972665,0.413804584862761,0.0352475373593655,23.083687276189,0.00581974592422234,51.7702189547624,0.670627602541923,0.0451270124393656,"Malawi","Mulanje","TA Laston Njema","68",95297.1442
"19",19,95233.4336121257,21.0202055843334,14.1758871274811,0.498703823021068,0.0428079939706306,27.9657309779471,0.00725236762258019,62.7105878743759,0.812394990334987,0.0551194567271177,"Malawi","Mulanje","TA Laston Njema","68",95297.1442
"20",20,95220.2624510516,25.3076300168398,17.0683128041919,0.600873309925632,0.0518981215895044,33.8440440630931,0.00899063275207003,75.8817489483919,0.983091016534752,0.0671604257148134,"Malawi","Mulanje","TA Laston Njema","68",95297.1442
"21",21,95204.406565912,30.4680467400395,20.5501407850158,0.723836992126681,0.0628297155545624,40.9216834320756,0.0110964232309511,91.7376340880431,1.18861193908912,0.0816667641499381,"Malawi","Mulanje","TA Laston Njema","68",95297.1442
"22",22,95185.3201143909,36.6785267113994,24.7411308905296,0.871833376840683,0.0759781503531201,49.4429722483657,0.0136442315840036,110.824085609072,1.43605224536704,0.0991403034221867,"Malawi","Mulanje","TA Laston Njema","68",95297.1442
"23",23,95162.346874761,44.1517658442274,29.7852198876695,1.04996003561126,0.0917952706701586,59.7018604640494,0.0167237368276905,133.797325239055,1.73394740618163,0.120185125379447,"Malawi","Mulanje","TA Laston Njema","68",95297.1442
"24",24,95134.698225282,53.1430996364985,35.8553366598361,1.26434615676573,0.11082484377557,72.0519245270931,0.0204428939951305,161.445974717964,2.09256421781266,0.145528259425964,"Malawi","Mulanje","TA Laston Njema","68",95297.1442
"25",25,95101.4268449654,63.9588385901058,43.1591494240673,1.52235911652301,0.133721114142725,86.9183551406905,0.0249316490961078,194.717355034626,2.5242488602348,0.17604454357684,"Malawi","Mulanje","TA Laston Njema","68",95297.1442
"26",26,95061.3953293695,76.966202849462,51.9458704535106,1.83285196079016,0.1612710515452,104.81232791056,0.0303464046516324,234.74887063052,3.04384413742983,0.212786453149861,"Malawi","Mulanje","TA Laston Njema","68",95297.1442
"27",27,95013.2389091795,92.6049955181358,62.5143702968779,2.20645823536846,0.194421019668607,126.348170368337,0.0368753821059374,282.905290820494,3.66918788860335,0.257019872492199,"Malawi","Mulanje","TA Laston Njema","68",95297.1442
"28",28,94955.321264322,111.40127926507,75.2228128071088,2.65594278271493,0.234308708957767,152.263847055243,0.0447450589297001,340.822935678024,4.42170770804016,0.31026695531509,"Malawi","Mulanje","TA Laston Njema","68",95297.1442
"29",29,94885.6821245471,133.983584362479,90.4998862918882,3.19662091731193,0.282301308607787,183.445454670403,0.0542279022284662,410.462075452919,5.32713207693779,0.37435742509167,"Malawi","Mulanje","TA Laston Njema","68",95297.1442
"30",30,94801.9758214685,161.101484844505,108.858106904646,3.84685235025813,0.3400410360434,220.956241775381,0.0656516206336067,494.168378531467,6.41633278507391,0.451489810346723,"Malawi","Mulanje","TA Laston Njema","68",95297.1442
"31",31,94701.3991632785,193.647090525923,130.90930860754,4.62862615078556,0.409499441719576,266.071101731322,0.0794102641930983,594.745036721483,7.72632618449932,0.54430459239233,"Malawi","Mulanje","TA Laston Njema","68",95297.1442
"32",32,94580.6073986673,232.679684541027,157.38246105688,5.56825001187438,0.493041914716701,320.317386305543,0.0959775026892108,715.53680133273,9.30145784725459,0.655971251908583,"Malawi","Mulanje","TA Laston Njema","68",95297.1442
"33",33,94435.6173383813,279.453056639617,189.144334617201,6.69715389681973,0.593504237462489,385.522889734644,0.11592249294324,860.526861618688,11.1947951895035,0.790291759659561,"Malawi","Mulanje","TA Laston Njema","68",95297.1442
"34",34,94261.6961629416,335.446099389574,227.222619237523,8.05282951426754,0.71428306006554,463.872277017122,0.139928839874792,1034.44803705843,13.4697650313617,0.951823238711923,"Malawi","Mulanje","TA Laston Njema","68",95297.1442
"35",35,94053.2363472733,402.39518186692,272.831940642915,9.67990761117613,0.859442208999205,557.972563276713,0.168817119936295,1242.90785272666,16.2020535062733,1.14602250841509,"Malawi","Mulanje","TA Laston Njema","68",95297.1442
"36",36,93803.6162970453,482.327981182377,327.402068356465,11.631392693392,1.03383730983905,670.929051718056,0.203571694502894,1492.52790295463,19.4818090711343,1.37941622497072,"Malawi","Mulanje","TA Laston Njema","68",95297.1442
"37",37,93505.0491330208,577.596267004348,392.607907563701,13.9700509857532,1.24326075356635,806.432208215374,0.24537245645512,1791.0950669792,23.4161621936564,1.65979974004981,"Malawi","Mulanje","TA Laston Njema","68",95297.1442
"38",38,93148.4232427145,690.904928875641,470.399759923636,16.7699488607693,1.49460911390863,968.856078169737,0.295632341826077,2147.72095728552,28.1320789766853,1.99646819709585,"Malawi","Mulanje","TA Laston Njema","68",95297.1442
"39",39,92723.1418051773,825.332357689389,563.031930185543,20.1181142323055,1.79607449829991,1163.36787679914,0.35604141795549,2573.00239482263,33.7795374928897,2.40048272538402,"Malawi","Mulanje","TA Laston Njema","68",95297.1442
"40",40,92216.9722730454,984.335675414095,673.086310936119,24.1162754285528,2.15736067077518,1396.04768601764,0.428618487430451,3079.17192695461,40.5349951895337,2.8849741646516,"Malawi","Mulanje","TA Laston Njema","68",95297.1442
"41",41,91615.9228513793,1171.73136649935,803.486210071236,28.8825916644416,2.58992321217243,1674.01548607063,0.515771102876561,3680.22134862071,48.6050659499599,3.46548510511435,"Malawi","Mulanje","TA Laston Njema","68",95297.1442
"42",42,90904.1703775918,1391.63883982287,957.493510660059,34.553240297102,3.10723077679505,2005.56063598411,0.620364867221456,4391.97382240816,58.2302637085084,4.16034878676056,"Malawi","Mulanje","TA Laston Njema","68",95297.1442
"43",43,90064.069774563,1648.37277089592,1138.68090894573,41.283673533414,3.7250408083332,2400.26622884062,0.745802412921211,5232.07442543694,69.6885913163948,4.99109888870268,"Malawi","Mulanje","TA Laston Njema","68",95297.1442
"44",44,89076.2927503449,1946.26174871775,1350.86642743395,49.2492398502903,4.46167959335153,2869.1162410463,0.896113013396821,6219.85144965504,83.2986215249045,5.9829017051056,"Malawi","Mulanje","TA Laston Njema","68",95297.1442
"45",45,87920.1422251849,2289.3773280499,1597.99615466345,58.6448106608947,5.33830834701885,3424.5693210324,1.07605206142639,7376.00197481509,99.4215990481884,7.16499110328803,"Malawi","Mulanje","TA Laston Njema","68",95297.1442
"46",46,86574.1041434906,2681.15104714415,1883.95900428698,69.6829058439492,6.37915013684104,4080.57673928442,1.29120981304988,8722.04005650939,118.461908128893,8.57108004876112,"Malawi","Mulanje","TA Laston Njema","68",95297.1442
"47",47,85016.6979131189,3123.86355946244,2212.31829874994,82.5896842466579,7.61164161194521,4852.5149756234,1.5481271867145,10279.4462868811,140.865045298636,10.2397089126428,"Malawi","Mulanje","TA Laston Njema","68",95297.1442
"48",48,83227.672310267,3618.01005319515,2585.94283009794,97.5981502023952,9.06646104733905,5756.99998011254,1.85441507762272,12068.471889733,167.112138208319,12.2144760613791,"Malawi","Mulanje","TA Laston Njema","68",95297.1442
"49",49,81189.5736427414,4161.55923811495,3006.53467577556,114.937794421512,10.7773727007552,6811.54260474829,2.21887149756466,14106.5705572586,197.709832437114,14.5440810676401,"Malawi","Mulanje","TA Laston Njema","68",95297.1442
"50",50,78889.6557821651,4749.16499822603,3474.06271993027,134.820072138179,12.7808174817192,8034.00822153462,2.65158852403283,16406.4884178349,233.17447333748,17.2820969338969,"Malawi","Mulanje","TA Laston Njema","68",95297.1442
"51",51,76322.0292654907,5371.43746183882,3986.12868417424,157.419401084372,15.1151699117556,9441.85017914596,3.16403835413372,18974.1149345093,274.009706660884,20.4863731358904,"Malawi","Mulanje","TA Laston Njema","68",95297.1442
"52",52,73489.8563934867,6014.41380098001,4537.33506733003,182.849754711968,17.8195882334392,11051.1004705836,3.76912467422187,21806.2878065132,320.677023906155,24.2179729356656,"Malawi","Mulanje","TA Laston Njema","68",95297.1442
"53",53,70407.2886012565,6659.42145762112,5118.74685532117,211.13789717632,20.9323970658029,12875.1358083153,4.48118324376699,24888.8555987435,373.559798449785,28.5395570281385,"Malawi","Mulanje","TA Laston Njema","68",95297.1442
"54",54,67100.7690387205,7283.52475150378,5717.572350788,242.195303261764,24.4889778935685,14923.2778638921,5.31591394030488,28195.3751612795,432.922543481561,33.5131586713032,"Malawi","Mulanje","TA Laston Njema","68",95297.1442
"55",55,63609.315314176,7860.68160310514,6317.21307585392,275.791817373345,28.5192036184259,17199.3329595212,6.29022635195581,31686.828885824,498.868478984303,39.1973561187022,"Malawi","Mulanje","TA Laston Njema","68",95297.1442
"56",56,59983.4651782615,8363.64842661706,6897.79174007439,311.535437244323,33.0445238078248,19700.2369099944,7.42198400048893,35312.6790217385,571.300256166886,45.6439236668123,"Malawi","Mulanje","TA Laston Njema","68",95297.1442
"57",57,56282.7870410962,8766.4704537477,7437.2235587302,348.862728471979,38.074903001657,22414.9958766705,8.72963828170529,39013.3571589037,649.88941100757,52.8941485468217,"Malawi","Mulanje","TA Laston Njema","68",95297.1442
"58",58,52572.1121283157,9047.22405735809,7912.80318638703,387.044097658887,43.6058947536264,25324.1230848707,10.2317506559082,42724.0320716842,734.060369255867,60.9750938468543,"Malawi","Mulanje","TA Laston Njema","68",95297.1442
"59",59,48916.9420330544,9190.55729008877,8303.13049130612,425.206917290312,49.6161903658628,28399.7448629008,11.9464149936825,46379.2021669456,822.994040093428,69.8961666332455,"Malawi","Mulanje","TA Laston Njema","68",95297.1442
"60",60,45378.716144271,9189.51260436117,8590.12864767621,462.37643423299,56.0660047163353,31606.4537608486,13.890603893712,49917.428055729,915.653222892896,79.6463941011895,"Malawi","Mulanje","TA Laston Njema","68",95297.1442
"61",61,42010.6503842361,9046.27236793107,8760.83245829854,497.531598666831,62.8965902850665,34902.8813250815,16.0794755008285,53285.4938157638,1010.82897350706,90.1927608702342,"Malawi","Mulanje","TA Laston Njema","68",95297.1442
"62",62,38854.777517763,8771.66374362189,8808.59854246561,529.670581878646,70.0311266738355,38243.8770002954,18.5256873016197,56441.366682237,1107.20455492262,101.479933618218,"Malawi","Mulanje","TA Laston Njema","68",95297.1442
"63",63,35940.4121384801,8383.64539952586,8733.61622816662,557.876700070633,77.3769075983288,41582.9780591405,21.2387670179956,59355.7320615199,1203.42772962359,113.431380115916,"Malawi","Mulanje","TA Laston Njema","68",95297.1442
"64",64,33284.1610050347,7904.96332082422,8542.64539936749,581.377816075861,84.8287891428457,44874.9432811528,24.2245884020128,62011.9831949652,1298.18472131486,125.951927602352,"Malawi","Mulanje","TA Laston Njema","68",95297.1442
"65",65,30891.0885433354,7360.65103452135,8247.9876551755,599.592565856537,92.273541482256,48078.0658678652,27.4849917637161,64405.0556566645,1390.26754144684,138.931470323011,"Malawi","Mulanje","TA Laston Njema","68",95297.1442
"66",66,28756.7032528039,6775.6065772166,7866.06846092476,612.157448302445,99.59473064938,51155.9961570185,31.0175730843529,66539.4409471961,1478.62682431222,152.249493300362,"Malawi","Mulanje","TA Laston Njema","68",95297.1442
"67",67,26869.2731521367,6172.73432848177,7415.70268408856,618.935276531683,106.677670751037,54079.0054295779,34.8156584323529,68426.8710478633,1562.40821480761,165.779981119026,"Malawi","Mulanje","TA Laston Njema","68",95297.1442
"68",68,25212.1458037889,5571.65679441078,6916.47226032699,620.004188848051,113.414053328371,56824.5826434612,38.8684558357288,70083.9983962111,1640.96919286957,179.396305101411,"Malawi","Mulanje","TA Laston Njema","68",95297.1442
"69",69,23765.7992526657,4988.06036511269,6387.32482300243,615.632177804972,119.705920168668,59377.4602960219,43.1613652236302,71530.3449473343,1713.87920664813,192.975722269627,"Malawi","Mulanje","TA Laston Njema","68",95297.1442
"70",70,22509.464579417,4433.61879473962,5845.48650017958,606.242716354052,125.468656601852,61729.1865326858,47.6764200221125,72786.679620583,1780.90660015703,206.40311828542,"Malawi","Mulanje","TA Laston Njema","68",95297.1442
"71",71,21422.3722840925,3916.2511924878,5305.75764793617,592.374752867598,130.633116483751,63877.3623894428,52.3928166893075,73873.7719159075,1841.99581772008,219.574031360923,"Malawi","Mulanje","TA Laston Njema","68",95297.1442
"72",72,20484.595451146,3440.63230442918,4780.17639065769,574.641890802866,135.146693399373,65824.6639597397,57.2875098252885,74811.548748854,1897.23842940064,232.396733707589,"Malawi","Mulanje","TA Laston Njema","68",95297.1442
"73",73,19677.565871089,3008.80263829014,4277.9618017537,553.695025048992,138.973497428456,67577.8095446563,62.3358217334534,75618.578328911,1946.84266238372,244.793443079997,"Malawi","Mulanje","TA Laston Njema","68",95297.1442
"74",74,18984.3593403187,2620.78672727171,3805.6836025168,530.189156924015,142.093770624571,69146.5195457409,67.5120566032301,76311.7848596813,1991.10282308642,256.700780878252,"Malawi","Mulanje","TA Laston Njema","68",95297.1442
"75",75,18389.7925995511,2275.14988492116,3367.55971616637,504.757516784422,144.502710668791,70542.5917051582,72.7900667499314,76906.3516004488,2030.37219555308,268.06955703822,"Malawi","Mulanje","TA Laston Njema","68",95297.1442
"76",76,17880.4092750397,1969.48862795039,2965.82478325949,477.991491931719,146.208871237627,71779.0773695942,78.1437809869118,77415.7349249603,2065.03897033539,278.864067352625,"Malawi","Mulanje","TA Laston Njema","68",95297.1442
"77",77,17444.3911537425,1700.81365666489,2601.13321237533,450.427016105839,147.232274976058,72869.5992174721,83.547668663342,77851.7530462575,2095.50637782021,289.060994184601,"Malawi","Mulanje","TA Laston Njema","68",95297.1442
"78",78,17071.4269731521,1465.83323578452,2272.91123906117,422.537537725752,147.602500444433,73827.8556063674,88.9771074646905,78224.7172268479,2122.17832242728,298.64811778474,"Malawi","Mulanje","TA Laston Njema","68",95297.1442
"79",79,16752.5692339508,1261.18319965494,1979.70076173372,394.729865087626,147.356696982584,74667.1957297274,94.4087128628762,78543.5749660492,2145.44711302631,307.622890422688,"Malawi","Mulanje","TA Laston Njema","68",95297.1442
"80",80,16480.08360716,1083.57004405256,1719.4441758122,367.344618275487,146.537708811838,75400.3434673588,99.8205785290551,78816.0605928399,2165.68556155175,315.990968608702,"Malawi","Mulanje","TA Laston Njema","68",95297.1442
"81",81,16247.3041151821,929.868271635681,1489.71636021088,340.659082803059,145.192349213533,76039.2115674862,105.192453468633,79048.8400848179,2183.24172611766,323.764787972755,"Malawi","Mulanje","TA Laston Njema","68",95297.1442
"82",82,16048.4979941145,797.179442480659,1287.90524314924,314.89187800712,143.369857939733,76594.7939249097,110.505859399064,79247.6462058854,2198.43593435831,330.962219933256,"Malawi","Mulanje","TA Laston Njema","68",95297.1442
"83",83,15878.7437987888,682.859760074881,1111.35084162534,290.208660318172,141.120566641625,77077.1164178821,115.744154669083,79417.4004012112,2211.55950902938,337.605345633361,"Malawi","Mulanje","TA Laston Njema","68",95297.1442
"84",84,15733.821658932,584.530143260416,957.442660074221,266.728425457516,138.494770649509,77495.2339883845,120.892553241881,79562.322541068,2222.87483277382,343.719359946394,"Malawi","Mulanje","TA Laston Njema","68",95297.1442
"85",85,15610.1172117019,500.070666962503,823.688837783226,244.529859443141,135.541808048534,77857.2577104695,125.938105591227,79686.0269882981,2232.61627347709,349.33161812125,"Malawi","Mulanje","TA Laston Njema","68",95297.1442
"86",86,15504.5367301796,427.60825897263,707.758416020726,223.657563916688,132.309323798683,78170.4042573693,130.869649742416,79791.6074698204,2240.99174861738,354.470816790546,"Malawi","Mulanje","TA Laston Njema","68",95297.1442
"87",87,15414.433966392,365.498219689295,607.505865620887,204.12785014053,128.842712402194,78441.0578479899,135.677737765297,79881.710233608,2248.18463725958,359.166311854201,"Malawi","Mulanje","TA Laston Njema","68",95297.1442
"88",88,15337.5465688526,312.303786501507,520.981708299444,185.934028898779,125.184709806414,78674.8388525663,140.35454507503,79958.5976311474,2254.35587117286,363.447556413209,"Malawi","Mulanje","TA Laston Njema","68",95297.1442
"89",89,15271.9409418072,266.775503459813,446.432168557788,169.05115902363,121.375115390097,78876.6755445926,144.893767168893,80024.2032581928,2259.6461035115,367.343647458565,"Malawi","Mulanje","TA Laston Njema","68",95297.1442
"90",90,15215.9651777002,227.830022472976,382.293627804402,153.44016346472,117.450627550886,79050.8740729024,149.290508104489,80080.1790222998,2264.17781176898,370.88297214176,"Malawi","Mulanje","TA Laston Njema","68",95297.1442
"91",91,15168.2082359287,194.531042582348,327.180992542457,139.051407263076,113.444769549761,79201.1865874048,153.541164728854,80127.9359640713,2268.05733524837,374.092937089069,"Malawi","Mulanje","TA Laston Njema","68",95297.1442
"92",92,15127.4652082462,166.07090778452,279.874924726098,125.82769822071,109.387890971857,79330.8742604674,157.643309583258,80168.6789917538,2271.37675277554,376.999771084072,"Malawi","Mulanje","TA Laston Njema","68",95297.1442
"93",93,15092.707325021,141.754347455089,239.307019993437,113.70681173757,105.307226579719,79442.7658942088,161.595575004355,80203.436874979,2274.21562276472,379.628387173537,"Malawi","Mulanje","TA Laston Njema","68",95297.1442
"94",94,15063.0563180971,120.983774876873,204.544895284204,102.62356118503,101.227000783024,79539.3111095547,165.397540219102,80233.0878819029,2276.64255735238,382.002295471902,"Malawi","Mulanje","TA Laston Njema","68",95297.1442
"95",95,15037.762584087,103.246141033779,174.777837498057,92.5114613836876,97.168566207707,79622.6279867688,169.049623020984,80258.381615913,2278.7166279595,384.143557842311,"Malawi","Mulanje","TA Laston Njema","68",95297.1442
"96",96,15016.1863342769,88.1015001269874,149.3028323576,83.3040693816286,93.1505642303815,79694.5459226941,172.552976932367,80279.9578657231,2280.48862616342,386.072773856044,"Malawi","Mulanje","TA Laston Njema","68",95297.1442
"97",97,14997.7815849326,75.172893435011,127.511820388734,74.9360169588542,89.1891021899225,79756.6433875263,175.909394568573,80298.3626150674,2282.00217112314,387.809093957062,"Malawi","Mulanje","TA Laston Njema","68",95297.1442
"98",98,14982.0824465457,64.1375823645564,108.879955828712,67.3437997214385,85.2979385382436,79810.2812591973,179.121217804078,80314.0617534543,2283.29468449318,389.370252112848,"Malawi","Mulanje","TA Laston Njema","68",95297.1442
"99",99,14968.6913733835,54.7193899011195,92.9550161098697,60.466361704532,81.48867143988,79856.6321328303,182.191254630881,80327.4528266165,2284.39824512777,390.77261327455,"Malawi","Mulanje","TA Laston Njema","68",95297.1442
"100",100,14957.2691843269,46.6821377427466,79.3479336271559,54.2455015168558,77.7709265578604,79896.7058130247,185.122703203736,80338.875015673,2285.34033012863,392.031232223687,"Malawi","Mulanje","TA Laston Njema","68",95297.1442
"101",101,14947.5265067543,39.8239140426835,67.7244312291254,48.6261433259893,74.1525404105499,79931.3715816538,187.919082583544,80348.6176932457,2286.14446023918,393.159919360462,"Malawi","Mulanje","TA Laston Njema","68",95297.1442
"102",102,14939.2164663361,33.9721713497889,57.7975997947009,43.5564949205342,70.6397371590601,79961.3775603015,190.584170138394,80356.9277336639,2286.83075924848,394.17131122453,"Malawi","Mulanje","TA Laston Njema","68",95297.1442
"103",103,14932.1284592296,28.9795063213663,49.3214173193397,38.9881143292093,67.2372970637481,79987.3674603986,193.121945338149,80364.0157407704,2287.41643630877,395.076943538407,"Malawi","Mulanje","TA Laston Njema","68",95297.1442
"104",104,14926.0828211377,24.7200103221879,42.0850940534798,34.8759077244915,63.9487154598767,80009.8951118201,195.53653948212,80370.0613788623,2287.91620290112,395.887324841901,"Malawi","Mulanje","TA Laston Njema","68",95297.1442
"105",105,14920.9262866611,21.0861735386724,35.9081331651605,31.178071970531,60.7763513883095,80029.4369920988,197.832191177464,80375.2179133389,2288.34263112953,396.612009543908,"Malawi","Mulanje","TA Laston Njema","68",95297.1442
"106",106,14916.5281230216,17.986213352015,30.6360806793781,27.8559964443329,57.721565403986,80046.403013963,200.013207135681,80379.6160769784,2288.70646107645,397.259669179867,"Malawi","Mulanje","TA Laston Njema","68",95297.1442
"107",107,14912.7768141272,15.3417714018455,26.1368384370827,24.87413702638,54.7848467549719,80061.1458645118,202.083927740747,80383.3673858728,2289.01686593381,397.838161140004,"Malawi","Mulanje","TA Laston Njema","68",95297.1442
"108",108,14909.5772364246,13.0859726327734,22.2974588518938,22.1998687259782,51.965929925257,80073.9690362838,204.048697155668,80386.5669635754,2289.28167908283,398.354594465674,"Malawi","Mulanje","TA Laston Njema","68",95297.1442
"109",109,14906.8482508057,11.1617458061016,19.0214065641408,19.8033252155975,49.2639008083048,80085.1337332827,205.91183751744,80389.2959491943,2289.50758856886,398.815392216825,"Malawi","Mulanje","TA Laston Njema","68",95297.1442
"110",110,14904.5206504469,9.52038227645031,16.2262125414336,17.6572307790611,46.6772929454755,80094.8648041505,207.677626860146,80391.623549553,2289.70030346595,399.22635023315,"Malawi","Mulanje","TA Laston Njema","68",95297.1442
"111",111,14902.5354032279,8.12032411080054,13.8414258006177,15.736730114431,44.2041743144577,80103.3558620276,209.350280404133,80393.608796772,2289.86469683535,399.592692159425,"Malawi","Mulanje","TA Laston Njema","68",95297.1442
"112",112,14900.8421568364,6.92611498148321,11.8068779805641,14.0192183635763,41.8422252360162,80110.7736717256,210.93393487642,80395.3020431636,2290.00492764897,399.919120734923,"Malawi","Mulanje","TA Laston Njema","68",95297.1442
"113",113,14899.3979657603,5.9074982628205,10.0712054795057,12.4841742716059,39.5888079892721,80117.2619126931,212.432635543422,80396.7462342397,2290.12454485909,400.209865395729,"Malawi","Mulanje","TA Laston Njema","68",95297.1442
"114",114,14898.1661988092,5.03866440567658,8.59055326341839,11.1129994198171,37.4410286903468,80122.9444297474,213.850325664135,80397.9780011908,2290.22657689576,400.468726249332,"Malawi","Mulanje","TA Laston Njema","68",95297.1442
"115",115,14897.1156112036,4.2975973511626,7.32748380154772,9.88886374646861,35.3957920780057,80127.9280137307,215.190838088481,80399.0285887964,2290.31360780966,400.699114597806,"Malawi","Mulanje","TA Laston Njema","68",95297.1442
"116",116,14896.2195553267,3.66551043206486,6.25005394957548,8.7965585595321,33.4498497841141,80132.304783198,216.457888750023,80399.9246446733,2290.38784212993,400.904090161633,"Malawi","Mulanje","TA Laston Njema","68",95297.1442
"117",117,14895.4553016774,3.12638057794673,5.33099862611931,7.82235852057356,31.5998426195221,80136.1542461528,217.655071825634,80400.6888983226,2290.45116073891,401.086395148758,"Malawi","Mulanje","TA Laston Njema","68",95297.1442
"118",118,14894.8034629345,2.66654187646935,4.54704810844115,6.95389187046965,29.8423374593789,80139.5450614005,218.785856350263,80401.3407370655,2290.50516831123,401.248485393187,"Malawi","Mulanje","TA Laston Njema","68",95297.1442
"119",119,14894.2475050118,2.27433245345906,3.87835526990865,6.18001914774417,28.1738592349618,80142.5365447848,219.853584097272,80401.8966949882,2290.55123362315,401.392558748539,"Malawi","Mulanje","TA Laston Njema","68",95297.1442
"120",120,14893.7733248442,1.93980710675616,3.30798241674741,5.49072113610259,26.5909184816152,80145.1799774597,220.86146855482,80402.3708751557,2290.59052438915,401.520580898301,"Malawi","Mulanje","TA Laston Njema","68",95297.1442
"121",121,14893.3688928938,1.65448497052031,2.82147515404461,4.87699493865807,25.0900349288359,80147.5197222724,221.812594841717,80402.7753071062,2290.62403677722,401.634308803081,"Malawi","Mulanje","TA Laston Njema","68",95297.1442
"122",122,14893.0239505396,1.41112795900054,2.4065091609327,4.33075796113524,23.6677575465913,80149.5941764082,222.709920424558,80403.1202494604,2290.65262040624,401.73531196431,"Malawi","Mulanje","TA Laston Njema","68",95297.1442
"123",123,14892.7297474038,1.20356409175276,2.05256753881817,3.84476019210731,22.320681402656,80151.4366028566,223.55627651431,80403.4144525962,2290.67700005583,401.824991652396,"Malawi","Mulanje","TA Laston Njema","68",95297.1442
"124",124,14892.478819395,1.02653111873232,1.75067501211929,3.41250360433918,21.0454617151601,80153.0758391242,224.354370030435,80403.665380605,2290.69779401801,401.904598293529,"Malawi","Mulanje","TA Laston Njema","68",95297.1442
"125",125,14892.2648016667,0.875536968612263,1.49318154037331,3.028168262153,19.8388254226032,80154.5369001045,225.106786035005,80403.8793983333,2290.71552956707,401.975247171791,"Malawi","Mulanje","TA Laston Njema","68",95297.1442
"126",126,14892.0822650635,0.746751581191991,1.27355908178599,2.68654538004221,18.6975805376612,80155.8415078036,225.81599055221,80404.0619349365,2290.7306564914,402.037932569302,"Malawi","Mulanje","TA Laston Njema","68",95297.1442
"127",127,14891.9265782389,0.636910238810673,1.08623564278608,2.38297622857888,17.6186235782674,80157.0085423769,226.484333695688,80404.2176217611,2290.74355850401,402.093540506186,"Malawi","Mulanje","TA Laston Njema","68",95297.1442
"128",128,14891.7937922811,0.54322515805067,0.926463871251094,2.11329642373646,16.5989453157975,80158.0544239127,227.114053037376,80404.3504077189,2290.75456279226,402.142860207648,"Malawi","Mulanje","TA Laston Njema","68",95297.1442
"129",129,14891.6805387267,0.463319665198277,0.790192509351421,1.87378579229885,15.6356350364732,80158.9934511094,227.707277160497,80404.4636612733,2290.76394846128,402.186594396852,"Malawi","Mulanje","TA Laston Njema","68",95297.1442
"130",130,14891.5839438704,0.395168559232874,0.673962678952259,1.6611228430837,14.7258835311737,80159.8380891717,228.26602934535,80404.5602561295,2290.77195362936,402.225368541646,"Malawi","Mulanje","TA Laston Njema","68",95297.1442
"131",131,14891.5015577636,0.337041673963586,0.574828948002042,1.47234340207004,13.8669849888734,80160.5992118793,228.792231344107,80404.6426422364,2290.77878130757,402.259739156018,"Malawi","Mulanje","TA Laston Njema","68",95297.1442
"132",132,14891.431290484,0.287464249452126,0.490277422571641,1.30480360587539,13.056337930124,80161.2863191002,229.287707207739,80404.712909516,2290.78460467817,402.290201230077,"Malawi","Mulanje","TA Laston Njema","68",95297.1442
"133",133,14891.3713588294,0.245180081902615,0.418160926486483,1.15614638263808,12.2914453433296,80161.9077213039,229.754187132248,80404.7728411705,2290.78957150999,402.317194895622,"Malawi","Mulanje","TA Laston Njema","68",95297.1442
"134",134,14891.3202430341,0.209115216337474,0.356652745205307,1.02427119389976,11.5699141165567,80162.4706923974,230.193311296449,80404.8239569659,2290.79380774388,402.341111372881,"Malawi","Mulanje","TA Laston Njema","68",95297.1442
"135",135,14891.276646088,0.178355396248112,0.30419156790189,0.907306967225311,10.8894539268297,80162.981612387,230.606633666776,80404.867553912,2290.7974208628,402.362298318754,"Malawi","Mulanje","TA Laston Njema","68",95297.1442
"136",136,14891.2394620318,0.152120279159954,0.259446781136829,0.803587641104349,10.2478756196327,80163.4460818921,230.995625755049,80404.9047379682,2290.80050251859,402.381064585435,"Malawi","Mulanje","TA Laston Njema","68",95297.1442
"137",137,14891.2077476728,0.129743989521441,0.221283949570571,0.711630248111693,9.64308921031518,80163.8690246228,231.361680306915,80404.9364523272,2290.80313087532,402.397684483225,"Malawi","Mulanje","TA Laston Njema","68",95297.1442
"138",138,14891.1806982596,0.110659310099621,0.188734206115769,0.630115290477805,9.07310155327093,80164.2547764656,231.706114914779,80404.9635017404,2290.80537262478,402.412401582951,"Malawi","Mulanje","TA Laston Njema","68",95297.1442
"139",139,14891.1576276898,0.09438175433388,0.160972410459207,0.557869082578598,8.53601376031667,80164.6071597665,232.03017553601,80404.9865723102,2290.8072846265,402.425432106766,"Malawi","Mulanje","TA Laston Njema","68",95297.1442
"140",140,14891.1379507109,0.080498594877307,0.137294153278437,0.49384810445694,8.03001844488439,80164.9295501031,232.335039888502,80405.0062492891,2290.80891538256,402.436967936583,"Malawi","Mulanje","TA Laston Njema","68",95297.1442
"141",141,14891.1211679604,0.0686574408393257,0.117098628355552,0.437124485667707,7.55339671326637,80165.2249339175,232.621820853906,80405.0230320396,2290.81030627725,402.447179382568,"Malawi","Mulanje","TA Laston Njema","68",95297.1442
"142",142,14891.1068538776,0.0585580856123572,0.09987371341366,0.386874043332267,7.1045152753813,80165.4959554832,232.891569521442,80405.0373461224,2290.81149257879,402.456217461014,"Malawi","Mulanje","TA Laston Njema","68",95297.1442
"143",143,14891.0946453914,0.0499443252550282,0.0851825628713447,0.342364456879857,6.68182324233721,80165.7449616258,233.145278395402,80405.0495546086,2290.81250437667,402.464216136894,"Malawi","Mulanje","TA Laston Njema","68",95297.1442
"144",144,14891.084232749,0.0425976142137165,0.0726524454196624,0.302945233082557,6.28384898055925,80165.974038612,233.383884365675,80405.059967251,2290.81336734178,402.47129422069,"Malawi","Mulanje","TA Laston Njema","68",95297.1442
"145",145,14891.0753517821,0.0363315978129229,0.0619654518529959,0.268038784466317,5.9091969639932,80166.1850438679,233.608271551817,80405.0688482179,2290.81410336721,402.477557048625,"Malawi","Mulanje","TA Laston Njema","68",95297.1442
"146",146,14891.0677773352,0.0309874025289261,0.0528506605196372,0.237132549278293,5.55654470807178,80166.3796333631,233.819273981192,80405.0764226648,2290.81473111288,402.483097962985,"Malawi","Mulanje","TA Laston Njema","68",95297.1442
"147",147,14891.0613171133,0.0264293478892451,0.0450766821004999,0.209771310422044,5.2246394523458,80166.5592877029,234.017678390974,80405.0828828867,2290.81526651544,402.487999751367,"Malawi","Mulanje","TA Laston Njema","68",95297.1442
"148",148,14891.0558070806,0.022541709805359,0.0384461138278647,0.185551112279084,4.91229519168712,80166.7253321457,234.20422664611,80405.0883929194,2290.81572316954,402.49233578257,"Malawi","Mulanje","TA Laston Njema","68",95297.1442
"149",149,14891.051107543,0.0192259205076354,0.032790861676292,0.164113807805602,4.61838974598127,80166.8789540575,234.379618063518,80405.093092457,2290.8161126525,402.496171021782,"Malawi","Mulanje","TA Laston Njema","68",95297.1442
"150",150,14891.0470992931,0.0163978699906839,0.027967480232436,0.145141687809341,4.34186173954179,80167.0212201489,234.544511780411,80405.0971007069,2290.8164448438,402.499563030425,"Malawi","Mulanje","TA Laston Njema","68",95297.1442
"151",151,14891.0436806358,0.0139858154047743,0.0238535859816651,0.128352991633943,4.0817077253292,80167.1530903073,234.699528938541,80405.1005193642,2290.81672817156,402.502562798296,"Malawi","Mulanje","TA Laston Njema","68",95297.1442
"152",152,14891.0407648498,0.0119285638490455,0.0203448288452784,0.113497907060623,3.83697940131254,80167.2754296893,234.845254759788,80405.1034351502,2290.81696982296,402.505215483393,"Malawi","Mulanje","TA Laston Njema","68",95297.1442
"153",153,14891.0382779644,0.0101739220261625,0.0173521985541678,0.100354981378318,3.60678091282944,80167.389019495,234.982240525822,80405.1059220356,2290.81717592842,402.507561074922,"Malawi","Mulanje","TA Laston Njema","68",95297.1442
"154",154,14891.0361568878,0.00867738327924046,0.014799764960464,0.0887279377927316,3.39026624316976,80167.4945663222,235.111005460827,80405.1080431122,2290.8173517168,402.509634979939,"Malawi","Mulanje","TA Laston Njema","68",95297.1442
"155",155,14891.0343478126,0.00740097863481415,0.0126227833627153,0.0784428405753261,3.18663669914207,80167.5927103658,235.232038519793,80405.1098521874,2290.81750164747,402.511468544693,"Malawi","Mulanje","TA Laston Njema","68",95297.1442
"156",156,14891.0328048456,0.00631232488497564,0.0107660304186921,0.0693455763504303,2.99513849200126,80167.6840326447,235.345800085994,80405.1113951544,2290.81762952392,402.51308951715,"Malawi","Mulanje","TA Laston Njema","68",95297.1442
"157",157,14891.0314888414,0.00538381004168872,0.00918239295178881,0.0612996157795786,2.81506041426147,80167.7690613444,235.452723581206,80405.1127111587,2290.81773859038,402.514522457272,"Malawi","Mulanje","TA Laston Njema","68",95297.1442
"158",158,14891.0303664131,0.00459187416697232,0.00783169815335267,0.0541840174965805,2.64573160181519,80167.8482773961,235.553216999075,80405.1138335869,2290.81783161386,402.515789102166,"Malawi","Mulanje","TA Laston Njema","68",95297.1442
"159",159,14891.029409078,0.00391641722063737,0.00667967458220795,0.0478916559948007,2.48651940089725,80167.9221194208,235.647664352399,80405.114790922,2290.81791095492,402.516908689901,"Malawi","Mulanje","TA Laston Njema","68",95297.1442
"160",160,14891.0285925627,0.00334031872328294,0.00569710670855163,0.0423277120226514,2.33682739101271,80167.9909879088,235.73642699998,80405.1156074373,2290.81797862526,402.517898234886,"Malawi","Mulanje","TA Laston Njema","68",95297.1442
"161",161,14891.0278961559,0.00284896522546265,0.00485907180634201,0.0374082116032768,2.19609336930412,80168.0552492354,235.819844990758,80405.1163038441,2290.81803634138,402.518772794007,"Malawi","Mulanje","TA Laston Njema","68",95297.1442
"162",162,14891.0273021895,0.0024298875319418,0.00414431221986416,0.0330588032340652,2.06378750470337,80168.1152390206,235.898238282174,80405.1168978105,2290.81808556754,402.519545689041,"Malawi","Mulanje","TA Laston Njema","68",95297.1442
"163",163,14891.026795605,0.00207246289654765,0.00353470490364938,0.0292136976953531,1.93941062211694,80168.171265043,235.971907864373,80405.117404395,2290.81812755175,402.520228699268,"Malawi","Mulanje","TA Laston Njema","68",95297.1442
"164",164,14891.0263635399,0.00176761678035943,0.00301477109161201,0.0258146174702421,1.8224923975198,80168.2236101215,236.041136935712,80405.1178364601,2290.81816336001,402.520832252084,"Malawi","Mulanje","TA Laston Njema","68",95297.1442
"165",165,14891.0259950246,0.00150760794795176,0.00257131167386466,0.0228099852879869,1.71258983248479,80168.27253435,236.106191887977,80405.1182049754,2290.81819390146,402.521365570007,"Malawi","Mulanje","TA Laston Njema","68",95297.1442
"166",166,14891.0256807159,0.00128584512095,0.00219308255521698,0.0201541886171112,1.60928577717419,80168.3182771358,236.16732325486,80405.1185192841,2290.81821995044,402.521836803788,"Malawi","Mulanje","TA Laston Njema","68",95297.1442
"167",167,14891.0254126408,0.00109670316630773,0.00187048914130223,0.0178068605099772,1.51218743665718,80168.3610592012,236.224766668488,80405.1187873592,2290.8182421677,402.522253162511,"Malawi","Mulanje","TA Laston Njema","68",95297.1442
"168",168,14891.0251839984,0.00093538257960085,0.00159534850664416,0.0157322834434306,1.42092500184086,80168.4010842559,236.278743729315,80405.1190160016,2290.8182611169,402.522621021228,"Malawi","Mulanje","TA Laston Njema","68",95297.1442
"169",169,14891.0249889884,0.000797791732578731,0.0013606797955175,0.0138988597477574,1.3351503536779,80168.4385405009,236.329462825722,80405.1192110116,2290.81827727875,402.522946016513,"Malawi","Mulanje","TA Laston Njema","68",95297.1442
"170",170,14891.0248226635,0.000680440248654054,0.00116052924578925,0.0122786378619681,1.2545358318158,80168.4736019877,236.377119909681,80405.1193773366,2290.81829106327,402.52323313185,"Malawi","Mulanje","TA Laston Njema","68",95297.1442
"171",171,14891.0246808043,0.000580350246902766,0.000989820660270665,0.0108468940678551,1.17877306811985,80168.5064298343,236.421899228257,80405.1195191957,2290.81830282013,402.523486772948,"Malawi","Mulanje","TA Laston Njema","68",95297.1442
"172",172,14891.024559812,0.000494983131846057,0.000844222454721516,0.00958176155177639,1.10757188247238,80168.537173325,236.463974013389,80405.119640188,2290.81831284762,402.52371083449,"Malawi","Mulanje","TA Laston Njema","68",95297.1442
"173",173,14891.024456617,0.00042217346650468,0.000720040576548806,0.00846390171985514,1.04065923804484,80168.565970897,236.503507132111,80405.119743383,2290.81832140011,402.523908759206,"Malawi","Mulanje","TA Laston Njema","68",95297.1442
"174",174,14891.0243686017,0.000360073434026352,0.000614125924922429,0.00747621317486264,0.97777825327139,80168.5929510331,236.540651699361,80405.1198313983,2290.81832869456,402.524083590147,"Malawi","Mulanje","TA Laston Njema","68",95297.1442
"175",175,14891.0242935331,0.000307108088946744,0.000523790796071125,0.0066035740755085,0.918687267856866,80168.6182330707,236.575551655417,80405.119906467,2290.81833491602,402.524238016928,"Malawi","Mulanje","TA Laston Njema","68",95297.1442
"176",176,14891.0242295066,0.000261934010063063,0.000446743078020589,0.00583261389140679,0.863158960211681,80168.6419279323,236.608342309901,80405.1199704934,2290.81834022235,402.52437441665,"Malawi","Mulanje","TA Laston Njema","68",95297.1442
"177",177,14891.0241748982,0.000223404538706911,0.000381029268720651,0.00515151134952354,0.810979513786327,80168.6641387886,236.639150854194,80405.1200251018,2290.81834474813,402.524494890111,"Malawi","Mulanje","TA Laston Njema","68",95297.1442
"178",178,14891.0241283225,0.000190542600890611,0.000324981654448881,0.00454981566546724,0.761947829864315,80168.6849616636,236.668096844026,80405.1200716775,2290.81834860818,402.524601293819,"Malawi","Mulanje","TA Laston Njema","68",95297.1442
"179",179,14891.0240885978,0.000162514781350247,0.00027717794534338,0.00401828820148476,0.715874784471459,80168.7044859829,236.695292653897,80405.1201114022,2290.81835190045,402.524695268326,"Malawi","Mulanje","TA Laston Njema","68",95297.1442
"180",180,14891.0240547165,0.000138609472962549,0.000236406400915699,0.0035487623393339,0.672582527135463,80168.7227950732,236.720843904919,80405.1201452835,2290.81835470843,402.524778263283,"Malawi","Mulanje","TA Laston Njema","68",95297.1442
"181",181,14891.024025819,0.000118220526546348,0.000201632185933307,0.00313401956449899,0.631903819321764,80168.7399666218,236.744849867581,80405.120174181,2290.81835710337,402.52485155959,"Malawi","Mulanje","TA Laston Njema","68",95297.1442
"182",182,14891.0240011722,0.000100830952221533,0.000171972689489845,0.0027676797257881,0.593681410472259,80168.7560730931,236.767403840845,80405.1201988279,2290.81835914603,402.524916288997,"Malawi","Mulanje","TA Laston Njema","68",95297.1442
"183",183,14891.0239801508,8.59990882979293e-05,0.000146676354890995,0.00244410394404073,0.557767449650583,80168.7711821112,236.788593508944,80405.1202198492,2290.81836088822,402.524973451428,"Malawi","Mulanje","TA Laston Njema","68",95297.1442
"184",184,14891.0239622216,7.3348906163779e-05,0.000125101039365347,0.0021583087983558,0.52402293088682,80168.7853568116,236.808501277136,80405.1202377784,2290.81836237413,402.5250239303,"Malawi","Mulanje","TA Laston Njema","68",95297.1442
"185",185,14891.0239469297,6.25597351736501e-05,0.000106698978511508,0.00190589033523186,0.492317170410743,80168.7986561633,236.82720458763,80405.1202530704,2290.81836364149,402.525068506067,"Malawi","Mulanje","TA Laston Njema","68",95297.1442
"186",186,14891.0239338871,5.33574181673809e-05,9.10041001982415e-05,0.00168295684980522,0.462527314036793,80168.8111352636,236.844776216832,80405.1202661129,2290.81836472241,402.525107868197,"Malawi","Mulanje","TA Laston Njema","68",95297.1442
"187",187,14891.0239227631,4.55086890825667e-05,7.76179279785975e-05,0.00148606950829675,0.434537873046584,80168.8228456127,236.861284554974,80405.1202772369,2290.81836564434,402.525142625756,"Malawi","Mulanje","TA Laston Njema","68",95297.1442
"188",188,14891.0239132753,3.88146770325565e-05,6.62004584587536e-05,0.0013121897678872,0.408240287003731,80168.8338353636,236.876793869165,80405.1202867247,2290.81836643066,402.525173316765,"Malawi","Mulanje","TA Laston Njema","68",95297.1442
"189",189,14891.0239051832,3.31051688464553e-05,5.64627166635262e-05,0.00115863287194746,0.383532512004278,80168.8441495532,236.891364550815,80405.1202948168,2290.81836710131,402.525200416471,"Malawi","Mulanje","TA Laston Njema","68",95297.1442
"190",190,14891.0238982814,2.82354628602166e-05,4.81574263633287e-05,0.00102302679591164,0.360318632940413,80168.8538303176,236.905053348342,80405.1203017186,2290.81836767331,402.52522434466,"Malawi","Mulanje","TA Laston Njema","68",95297.1442
"191",191,14891.0238923948,2.40822525404821e-05,4.10734967529088e-05,0.000903275890747416,0.338508498435462,80168.8629170891,236.917913586035,80405.1203076052,2290.81836816117,402.525245472114,"Malawi","Mulanje","TA Laston Njema","68",95297.1442
"192",192,14891.0238873741,2.05398312896628e-05,3.50318050399356e-05,0.000797528728397283,0.318017377169913,80168.8714467785,236.929995369862,80405.1203126259,2290.81836857727,402.525264126326,"Malawi","Mulanje","TA Laston Njema","68",95297.1442
"193",193,14891.023883092,1.75184371171734e-05,2.98789018713104e-05,0.000704149736345785,0.298765634383848,80168.8794539455,236.941345781009,80405.1203169081,2290.81836893216,402.52528059654,"Malawi","Mulanje","TA Laston Njema","68",95297.1442
"194",194,14891.0238794397,1.49416412355481e-05,2.54836885942214e-05,0.000621694074494967,0.280678427412462,80168.8869709556,236.95200905786,80405.1203205604,2290.81836923486,402.525295138217,"Malawi","Mulanje","TA Laston Njema","68",95297.1442
"195",195,14891.0238763246,1.27437733287564e-05,2.17351758806609e-05,0.000548885414108466,0.263685419165974,80168.8940281247,236.962026767097,80405.1203236754,2290.81836949302,402.525307976971,"Malawi","Mulanje","TA Laston Njema","68",95297.1442
"196",196,14891.0238736678,1.08691506714831e-05,1.85381414264679e-05,0.000484596351889006,0.247720508522297,80168.9006538554,236.971437964573,80405.1203263323,2290.81836971321,402.525319312052,"Malawi","Mulanje","TA Laston Njema","68",95297.1442
"197",197,14891.0238714017,9.27042376708677e-06,1.58111266108866e-05,0.000427831059153158,0.232721576663312,80168.9068747624,236.98027934655,80405.1203285983,2290.81836990101,402.525329319423,"Malawi","Mulanje","TA Laston Njema","68",95297.1442
"198",198,14891.023869469,7.90677464870692e-06,1.34853941769365e-05,0.000377709932067055,0.2186302484333,80168.9127157885,236.988585391874,80405.120330531,2290.81837006119,402.525338154476,"Malawi","Mulanje","TA Laston Njema","68",95297.1442
"199",199,14891.0238678207,6.74365870241914e-06,1.15018586776682e-05,0.000333456075896725,0.205391667847093,80168.9182003142,236.99638849564,80405.1203321794,2290.8183701978,402.525345954436,"Malawi","Mulanje","TA Laston Njema","68",95297.1442
"200",200,14891.0238664147,5.75176284681741e-06,9.80986976106833e-06,0.000294383328183699,0.192954286929755,80168.9233502586,237.003719094821,80405.1203335854,2290.81837031433,402.52535284048,"Malawi","Mulanje","TA Laston Njema","68",95297.1442
"201",201,14891.0238652156,4.90569930576315e-06,8.36688676160559e-06,0.000259885659100478,0.181269667110849,80168.9281861727,237.010605786373,80405.1203347845,2290.81837041371,402.525358919614,"Malawi","Mulanje","TA Laston Njema","68",95297.1442
"202",202,14891.0238641928,4.18403362982113e-06,7.13625322682629e-06,0.000229427849794814,0.170292292438057,80168.9327273283,237.017075438241,80405.1203358072,2290.81837049847,402.525364286325,"Malawi","Mulanje","TA Laston Njema","68",95297.1442
"203",203,14891.0238633205,3.56863781039515e-06,6.0864428645965e-06,0.000202537229103168,0.15997939392167,80168.9369917996,237.02315329369,80405.1203366796,2290.81837057076,402.525369024046,"Malawi","Mulanje","TA Laston Njema","68",95297.1442
"204",204,14891.0238625765,3.04370707385684e-06,5.19115231214521e-06,0.000178796355890429,0.150290784356847,80168.9409965385,237.02886306937,80405.1203374235,2290.81837063242,402.525373206449,"Malawi","Mulanje","TA Laston Njema","68",95297.1442
"205",205,14891.023861942,2.59593734653653e-06,4.42764733532232e-06,0.000157836593441168,0.141188703005802,80168.9447574473,237.034227047485,80405.1203380581,2290.81837068501,402.525376898581,"Malawi","Mulanje","TA Laston Njema","68",95297.1442
"206",206,14891.0238614008,2.21413502039648e-06,3.77627601612977e-06,0.000139332410937831,0.132637669562101,80168.9482894445,237.039266162409,80405.1203385993,2290.81837072987,402.525380157879,"Malawi","Mulanje","TA Laston Njema","68",95297.1442
"207",207,14891.0238609392,1.88844931684722e-06,3.22079513082875e-06,0.000122996332363488,0.124604346849475,80168.9516065263,237.044000082092,80405.1203390609,2290.81837076812,402.525383035054,"Malawi","Mulanje","TA Laston Njema","68",95297.1442
"208",208,14891.0238605455,1.61061777888358e-06,2.74711315548071e-06,0.000108574509479018,0.117057411737117,80168.954721826,237.048447284566,80405.1203394546,2290.81837080075,402.525385574881,"Malawi","Mulanje","TA Laston Njema","68",95297.1442
"209",209,14891.0238602097,1.37374414104927e-06,2.34295413729139e-06,9.5842793819954e-05,0.109967433787595,80168.9576476672,237.052625129834,80405.1203397904,2290.81837082858,402.525387816893,"Malawi","Mulanje","TA Laston Njema","68",95297.1442
"210",210,14891.0238599233,1.17167897856419e-06,1.9983042174345e-06,8.46032502846491e-05,0.103306761178669,80168.9603956149,237.056549927438,80405.1203400768,2290.81837085232,402.525389795992,"Malawi","Mulanje","TA Laston Njema","68",95297.1442
"211",211,14891.023859679,9.99285147317953e-07,1.70443749935473e-06,7.46810989162544e-05,0.0970494129953457,80168.9629765229,237.060237000223,80405.1203403211,2290.81837087256,402.525391542995,"Malawi","Mulanje","TA Laston Njema","68",95297.1442
"212",212,14891.0238594707,8.52319266248828e-07,1.45367226944999e-06,6.59219986542444e-05,0.0911709783222246,80168.965400579,237.063700744064,80405.1203405294,2290.81837088983,402.525393085112,"Malawi","Mulanje","TA Laston Njema","68",95297.1442
"213",213,14891.023859293,7.26965090028393e-07,1.23980455196563e-06,5.8189733529855e-05,0.0856485245088753,80168.9676773439,237.066954682143,80405.1203407071,2290.81837090455,402.525394446356,"Malawi","Mulanje","TA Laston Njema","68",95297.1442
"214",214,14891.0238591414,6.2000632199031e-07,1.05747190913641e-06,5.13640058715469e-05,0.0804605047009324,80168.9698157927,237.07001151965,80405.1203408587,2290.81837091711,402.525395647928,"Malawi","Mulanje","TA Laston Njema","68",95297.1442
"215",215,14891.0238590121,5.28805570004105e-07,9.01918064677127e-07,4.53385939496032e-05,0.0755866746999492,80168.9718243509,237.072883192953,80405.1203409879,2290.81837092783,402.525396708551,"Malawi","Mulanje","TA Laston Njema","68",95297.1442
"216",216,14891.0238589019,4.51032744411294e-07,7.69230154594323e-07,4.00197520759992e-05,0.0710080167012728,80168.9737109267,237.075580914686,80405.1203410982,2290.81837093696,402.525397644743,"Malawi","Mulanje","TA Laston Njema","68",95297.1442
"217",217,14891.0238588079,3.84679323986177e-07,6.56096985879183e-07,3.53246420024373e-05,0.0667066599358559,80168.9754829461,237.078115220659,80405.1203411922,2290.81837094476,402.525398471102,"Malawi","Mulanje","TA Laston Njema","68",95297.1442
"218",218,14891.0238587277,3.28091742125302e-07,5.59592974991709e-07,3.11801291371042e-05,0.0626658146144404,80168.977147381,237.080496008897,80405.1203412724,2290.8183709514,402.525399200513,"Malawi","Mulanje","TA Laston Njema","68",95297.1442
"219",219,14891.0238586593,2.79836855138099e-07,4.77268894634756e-07,2.75216893363265e-05,0.0588697086341574,80168.9787107763,237.08273257704,80405.1203413408,2290.81837095707,402.525399844342,"Malawi","Mulanje","TA Laston Njema","68",95297.1442
"220",220,14891.0238586009,2.38667387015535e-07,4.07076094903842e-07,2.42923447626621e-05,0.0553035238938362,80168.9801792771,237.084833659964,80405.1203413991,2290.81837096191,402.525400412628,"Malawi","Mulanje","TA Laston Njema","68",95297.1442
"221",221,14891.0238585512,2.03560296794758e-07,3.47197150393617e-07,2.14417905164131e-05,0.0519533387578522,80168.9815586538,237.086807463767,80405.1203414489,2290.81837096603,402.525400914231,"Malawi","Mulanje","TA Laston Njema","68",95297.1442
"222",222,14891.0238585087,1.73624654735962e-07,2.96113661328738e-07,1.8925616212356e-05,0.0488060740535045,80168.9828543242,237.088661697664,80405.1203414913,2290.81837096955,402.525401356972,"Malawi","Mulanje","TA Laston Njema","68",95297.1442
"223",223,14891.0238584725,1.48079836950488e-07,2.52565787884735e-07,1.67046139878023e-05,0.0458494421414031,80168.984071376,237.090403604056,80405.1203415276,2290.81837097255,402.525401747757,"Malawi","Mulanje","TA Laston Njema","68",95297.1442
"224",224,14891.0238584417,1.26297042889179e-07,2.15415954192706e-07,1.47441723094141e-05,0.043071899069323,80168.9852145866,237.09203998678,80405.1203415584,2290.81837097511,402.525402092681,"Malawi","Mulanje","TA Laston Njema","68",95297.1442
"225",225,14891.0238584153,1.0772544463916e-07,1.83718697165785e-07,1.3013735551663e-05,0.040462599605591,80168.9862884422,237.093577237654,80405.1203415847,2290.81837097729,402.525402397124,"Malawi","Mulanje","TA Laston Njema","68",95297.1442
"226",226,14891.0238583929,9.18747880952373e-08,1.56702492727147e-07,1.14863286863253e-05,0.0380113549865577,80168.9872971558,237.095021361415,80405.1203416072,2290.81837097915,402.525402665835,"Malawi","Mulanje","TA Laston Njema","68",95297.1442
"227",227,14891.0238583737,7.83591582116926e-08,1.33654349317671e-07,1.01381399651507e-05,0.0357085932148902,80168.9882446838,237.096377999152,80405.1203416264,2290.81837098074,402.525402903008,"Malawi","Mulanje","TA Laston Njema","68",95297.1442
"228",228,14891.0238583574,6.68383838502058e-08,1.13984951914032e-07,8.94814862906942e-06,0.0335453217548986,80168.9891347416,237.097652450318,80405.1203416427,2290.81837098209,402.525403112342,"Malawi","Mulanje","TA Laston Njema","68",95297.1442
"229",229,14891.0238583434,5.70028148491702e-08,9.72249575914247e-08,7.89779760718602e-06,0.0315130924805918,80168.9899708186,237.098849693412,80405.1203416566,2290.81837098325,402.525403297105,"Malawi","Mulanje","TA Laston Njema","68",95297.1442
"230",230,14891.0238583316,4.86165120509986e-08,8.29260289836191e-08,6.97070670434133e-06,0.0296039687407888,80168.990756192,237.09997440541,80405.1203416685,2290.81837098423,402.525403460179,"Malawi","Mulanje","TA Laston Njema","68",95297.1442
"231",231,14891.0238583214,4.14701836286394e-08,7.07195209391494e-08,6.15241607785281e-06,0.0278104944140122,80168.9914939395,237.101030980022,80405.1203416787,2290.81837098507,402.525403604111,"Malawi","Mulanje","TA Laston Njema","68",95297.1442
"232",232,14891.0238583128,3.53668475965806e-08,6.03225264736017e-08,5.43016079551429e-06,0.0261256648331056,80168.9921869517,237.102023544841,80405.1203416873,2290.81837098579,402.525403731146,"Malawi","Mulanje","TA Laston Njema","68",95297.1442
"233",233,14891.0238583054,3.01629840093183e-08,5.14519893234941e-08,4.79267386259467e-06,0.0245428994668517,80168.9928379434,237.102955977459,80405.1203416947,2290.8183709864,402.525403843268,"Malawi","Mulanje","TA Laston Njema","68",95297.1442
"234",234,14891.0238582991,2.57305654861109e-08,4.38760724182927e-08,4.23000945202165e-06,0.0230560162528715,80168.9934494644,237.103831920601,80405.120341701,2290.81837098692,402.525403942226,"Malawi","Mulanje","TA Laston Njema","68",95297.1442
"235",235,14891.0238582938,2.19430491701918e-08,3.74266285193594e-08,3.73338758869329e-06,0.0216592074820703,80168.9940239096,237.104654796349,80405.1203417063,2290.81837098737,402.525404029567,"Malawi","Mulanje","TA Laston Njema","68",95297.1442
"236",236,14891.0238582892,1.87137048953926e-08,3.19240883897175e-08,3.29505897856972e-06,0.0203470171409939,80168.9945635285,237.105427819506,80405.1203417109,2290.81837098775,402.525404106654,"Malawi","Mulanje","TA Laston Njema","68",95297.1442
"237",237,14891.0238582853,1.59649414456881e-08,2.72214685293618e-08,2.90818318640529e-06,0.0191143196243095,80168.9950704336,237.106154010143,80405.1203417148,2290.81837098807,402.525404174689,"Malawi","Mulanje","TA Laston Njema","68",95297.1442
"238",238,14891.023858282,1.36144124535115e-08,2.32209823604777e-08,2.56672159327816e-06,0.0179562997345935,80168.9955466094,237.106836205395,80405.1203417182,2290.81837098834,402.525404234737,"Malawi","Mulanje","TA Laston Njema","68",95297.1442
"239",239,14891.0238582791,1.16101532093927e-08,1.98080687005922e-08,2.26534472190366e-06,0.016868433891665,80168.9959939197,237.10747707054,80405.120341721,2290.81837098858,402.525404287734,"Malawi","Mulanje","TA Laston Njema","68",95297.1442
"240",240,14891.0238582767,9.90584581708134e-09,1.6888423775926e-08,1.99934827325544e-06,0.0158464724785948,80168.9964141153,237.108079109407,80405.1203417234,2290.81837098878,402.525404334508,"Malawi","Mulanje","TA Laston Njema","68",95297.1442
"241",241,14891.0238582746,8.44701555091306e-09,1.440714767414e-08,1.76457931206713e-06,0.0148864232556399,80168.9968088405,237.108644674152,80405.1203417255,2290.81837098895,402.52540437579,"Malawi","Mulanje","TA Laston Njema","68",95297.1442
"242",242,14891.0238582729,7.20286961173439e-09,1.22906917685277e-08,1.5573727992816e-06,0.0139845357775405,80168.99717964,237.109175974446,80405.1203417272,2290.8183709891,402.525404412224,"Malawi","Mulanje","TA Laston Njema","68",95297.1442
"243",243,14891.0238582714,6.14644670834545e-09,1.04775165652926e-08,1.37449371585257e-06,0.0131372867537072,80168.9975279647,237.109675086105,80405.1203417288,2290.81837098922,402.52540444438,"Malawi","Mulanje","TA Laston Njema","68",95297.1442
"244",244,14891.0238582701,5.24097433387768e-09,8.93863240966943e-09,1.21308612019579e-06,0.0123413662942389,80168.9978551772,237.110143959195,80405.12034173,2290.81837098933,402.52540447276,"Malawi","Mulanje","TA Laston Njema","68",95297.1442
"245",245,14891.023858269,4.4684602604952e-09,7.6265085502994e-09,1.07062974298283e-06,0.0115936649881796,80168.9981625576,237.110584425653,80405.1203417311,2290.81837098942,402.525404497808,"Malawi","Mulanje","TA Laston Njema","68",95297.1442
"246",246,14891.0238582681,3.8138857940634e-09,6.50004816594341e-09,9.44900089325728e-07,0.0108912617638381,80168.9984513085,237.110998206438,80405.1203417321,2290.8183709895,402.525404519913,"Malawi","Mulanje","TA Laston Njema","68",95297.1442
"247",247,14891.0238582673,3.25183224791873e-09,5.54570527712082e-09,8.33933241166056e-07,0.0102314124838267,80168.9987225593,237.111386918254,80405.1203417329,2290.81837098956,402.525404539423,"Malawi","Mulanje","TA Laston Njema","68",95297.1442
"248",248,14891.0238582666,2.77196869094898e-09,4.73257047175392e-09,7.35996223471956e-07,0.00961153923033713,80168.9989773708,237.111752079867,80405.1203417335,2290.81837098962,402.525404556642,"Malawi","Mulanje","TA Laston Njema","68",95297.1442
"249",249,14891.023858266,2.3666043331106e-09,4.03236989318657e-09,6.4955949906976e-07,0.00902922023903345,80168.9992167398,237.112095118033,80405.1203417341,2290.81837098967,402.525404571838,"Malawi","Mulanje","TA Laston Njema","68",95297.1442
"250",250,14891.0238582655,2.01769879894835e-09,3.44056992554537e-09,5.73272611919661e-07,0.00848218044227995,80168.9994416022,237.112417373077,80405.1203417346,2290.81837098971,402.52540458525,"Malawi","Mulanje","TA Laston Njema","68",95297.1442
"251",251,14891.0238582651,1.71944129740319e-09,2.93697154327532e-09,5.05943998529009e-07,0.00796828258479512,80168.9996528376,237.112720104126,80405.120341735,2290.81837098974,402.525404597087,"Malawi","Mulanje","TA Laston Njema","68",95297.1442
"252",252,14891.0238582647,1.46859571953327e-09,2.50141345493386e-09,4.46522027421953e-07,0.00748551887720703,80168.9998512719,237.113004494024,80405.1203417354,2290.81837098977,402.525404607533,"Malawi","Mulanje","TA Laston Njema","68",95297.1442
"253",253,14891.0238582644,1.25199905205409e-09,2.13444278846898e-09,3.94078109268086e-07,0.00703200315492764,80169.000037681,237.11327165396,80405.1203417357,2290.8183709898,402.525404616753,"Malawi","Mulanje","TA Laston Njema","68",95297.1442
"254",254,14891.0238582642,1.06645277497281e-09,1.82283351590578e-09,3.47792979656168e-07,0.00660596351171952,80169.0002127938,237.113522627803,80405.1203417359,2290.81837098982,402.525404624889,"Malawi","Mulanje","TA Laston Njema","68",95297.1442
"255",255,14891.0238582639,9.11386522431532e-10,1.5516250788191e-09,3.06943631951445e-07,0.00620573537932273,80169.0003772951,237.113758396183,80405.1203417362,2290.81837098984,402.52540463207,"Malawi","Mulanje","TA Laston Njema","68",95297.1442
"256",256,14891.0238582638,7.76930974528953e-10,1.3240605454026e-09,2.70891573100861e-07,0.00582975502611772,80169.0005318279,237.11397988032,80405.1203417363,2290.81837098985,402.525404638408,"Malawi","Mulanje","TA Laston Njema","68",95297.1442
"257",257,14891.0238582636,6.61351481028575e-10,1.13150781205441e-09,2.39073534449395e-07,0.00547655344938713,80169.0006769964,237.114187945624,80405.1203417365,2290.81837098987,402.525404644001,"Malawi","Mulanje","TA Laston Njema","68",95297.1442
"258",258,14891.0238582635,5.65366881484857e-10,9.62854407815456e-10,2.10992433124278e-07,0.00514475061234368,80169.0008133683,237.114383405092,80405.1203417366,2290.81837098988,402.525404648937,"Malawi","Mulanje","TA Laston Njema","68",95297.1442
"259",259,14891.0238582633,4.82468806708805e-10,8.20766385136855e-10,1.86209210525773e-07,0.00483305004791011,80169.0009414766,237.114567022483,80405.1203417368,2290.81837098989,402.525404653294,"Malawi","Mulanje","TA Laston Njema","68",95297.1442
"260",260,14891.0238582632,4.10666438921059e-10,7.0145213241084e-10,1.64336696536758e-07,0.00454023395601663,80169.0010618221,237.114739515214,80405.1203417369,2290.8183709899,402.525404657138,"Malawi","Mulanje","TA Laston Njema","68",95297.1442
"261",261,14891.0238582632,3.50551003207911e-10,5.97770454893388e-10,1.45033186116686e-07,0.00426515826353192,80169.0011748753,237.114901557263,80405.120341737,2290.8183709899,402.525404660532,"Malawi","Mulanje","TA Laston Njema","68",95297.1442
"262",262,14891.0238582631,2.99257898586393e-10,5.0937506277001e-10,1.27996925694717e-07,0.00400674817830291,80169.0012810781,237.115053781795,80405.120341737,2290.81837098991,402.525404663526,"Malawi","Mulanje","TA Laston Njema","68",95297.1442
"263",263,14891.023858263,2.54935911423046e-10,4.34975219085549e-10,1.12962304145246e-07,0.00376399540365888,80169.0013808451,237.115196782798,80405.1203417371,2290.81837098992,402.525404666169,"Malawi","Mulanje","TA Laston Njema","68",95297.1442
"264",264,14891.023858263,2.17367739321364e-10,3.71127712074394e-10,9.96940040055918e-08,0.00353595089244993,80169.0014745665,237.115331119357,80405.1203417372,2290.81837098992,402.525404668501,"Malawi","Mulanje","TA Laston Njema","68",95297.1442
"265",265,14891.0238582629,1.85508385836537e-10,3.16356745282061e-10,8.79840515710599e-08,0.00332172257871603,80169.001562609,237.115457316986,80405.1203417372,2290.81837098992,402.525404670559,"Malawi","Mulanje","TA Laston Njema","68",95297.1442
"266",266,14891.0238582629,1.58231383981066e-10,2.6981716583904e-10,7.76494217913455e-08,0.00312047333937713,80169.0016453168,237.115575868833,80405.1203417372,2290.81837098993,402.525404672376,"Malawi","Mulanje","TA Laston Njema","68",95297.1442
"267",267,14891.0238582628,1.34912924837279e-10,2.30194025621953e-10,6.8527572101146e-08,0.00293141429307471,80169.0017230143,237.115687239623,80405.1203417373,2290.81837098993,402.525404673979,"Malawi","Mulanje","TA Laston Njema","68",95297.1442
"268",268,14891.0238582628,1.15086219511725e-10,1.96296757547704e-10,6.0477297625976e-08,0.00275380969797892,80169.0017960039,237.115791862778,80405.1203417373,2290.81837098993,402.525404675394,"Malawi","Mulanje","TA Laston Njema","68",95297.1442
"269",269,14891.0238582628,9.81815730228937e-11,1.67381153070559e-10,5.33728682794445e-08,0.00258696591522999,80169.0018645707,237.115890146916,80405.1203417373,2290.81837098993,402.525404676643,"Malawi","Mulanje","TA Laston Njema","68",95297.1442
"270",270,14891.0238582628,8.37213928633673e-11,1.42790190403796e-10,4.71029455576706e-08,0.00243023057931727,80169.0019289829,237.11598247634,80405.1203417374,2290.81837098994,402.525404677745,"Malawi","Mulanje","TA Laston Njema","68",95297.1442
"271",271,14891.0238582628,7.14032812352159e-11,1.21790838947396e-10,4.15695264264634e-08,0.00228299123430218,80169.0019894923,237.116069211843,80405.1203417374,2290.81837098994,402.525404678717,"Malawi","Mulanje","TA Laston Njema","68",95297.1442
"272",272,14891.0238582627,6.09105020011744e-11,1.03857744743861e-10,3.66861080098898e-08,0.00214467256408358,80169.0020463354,237.116150692337,80405.1203417374,2290.81837098994,402.525404679576,"Malawi","Mulanje","TA Laston Njema","68",95297.1442
"273",273,14891.0238582627,5.1944559373136e-11,8.859090841281e-11,3.2376338133033e-08,0.00201473410392765,80169.0020997344,237.116227236205,80405.1203417374,2290.81837098994,402.525404680333,"Malawi","Mulanje","TA Laston Njema","68",95297.1442
"274",274,14891.0238582627,4.42996097473994e-11,7.5566180124288e-11,2.85728374254764e-08,0.00189266813402297,80169.0021498978,237.116299142537,80405.1203417374,2290.81837098994,402.525404681001,"Malawi","Mulanje","TA Laston Njema","68",95297.1442
"275",275,14891.0238582627,3.77882803937173e-11,6.44419099418801e-11,2.52161389978287e-08,0.0017779976942566,80169.0021970219,237.116366692306,80405.1203417374,2290.81837098994,402.525404681591,"Malawi","Mulanje","TA Laston Njema","68",95297.1442
"276",276,14891.0238582627,3.2228758531691e-11,5.49642256929787e-11,2.2253759472747e-08,0.00167027472086185,80169.0022412907,237.11643014946,80405.1203417374,2290.81837098994,402.525404682112,"Malawi","Mulanje","TA Laston Njema","68",95297.1442
"277",277,14891.0238582627,2.74853328931576e-11,4.68835885597822e-11,1.96393806121567e-08,0.00156907829584989,80169.0022828773,237.116489761954,80405.1203417374,2290.81837098994,402.525404682571,"Malawi","Mulanje","TA Laston Njema","68",95297.1442
"278",278,14891.0238582627,2.34442265267013e-11,3.99838028984643e-11,1.73321245148956e-08,0.00147401300244618,80169.0023219441,237.116545762724,80405.1203417374,2290.81837098994,402.525404682977,"Malawi","Mulanje","TA Laston Njema","68",95297.1442
"279",279,14891.0238582627,1.99960181271235e-11,3.41015910890821e-11,1.52959141546804e-08,0.00138470738015945,80169.0023586439,237.116598370592,80405.1203417374,2290.81837098994,402.525404683335,"Malawi","Mulanje","TA Laston Njema","68",95297.1442
"280",280,14891.0238582627,1.70532602211788e-11,2.90876678923856e-11,1.34989102647481e-08,0.00130081247343932,80169.0023931201,237.11664779112,80405.1203417374,2290.81837098994,402.525404683651,"Malawi","Mulanje","TA Laston Njema","68",95297.1442
"281",281,14891.0238582627,1.45452938253439e-11,2.48080130713039e-11,1.19130135454058e-08,0.00122200046825496,80169.0024255074,237.11669421742,80405.1203417374,2290.81837098994,402.525404683929,"Malawi","Mulanje","TA Laston Njema","68",95297.1442
"282",282,14891.0238582627,1.2406204101713e-11,2.11579563294242e-11,1.05134250393818e-08,0.0011479634112696,80169.0024559324,237.1167378309,80405.1203417374,2290.81837098995,402.525404684175,"Malawi","Mulanje","TA Laston Njema","68",95297.1442
"283",283,14891.0238582627,1.05806764970643e-11,1.80466817763135e-11,9.27825876659833e-09,0.00107841200660733,80169.002484514,237.11677880198,80405.1203417374,2290.81837098995,402.525404684392,"Malawi","Mulanje","TA Laston Njema","68",95297.1442
"284",284,14891.0238582627,9.02432515602033e-12,1.5391970395532e-11,8.18819966138019e-09,0.00101307448551257,80169.0025113638,237.116817290755,80405.1203417374,2290.81837098995,402.525404684584,"Malawi","Mulanje","TA Laston Njema","68",95297.1442
"285",285,14891.0238582627,7.69718617033347e-12,1.3127291260221e-11,7.22620141762436e-09,0.000951695544486502,80169.0025365869,237.116853447618,80405.1203417374,2290.81837098995,402.525404684753,"Malawi","Mulanje","TA Laston Njema","68",95297.1442
"286",286,14891.0238582627,6.56473461816275e-12,1.11966498289848e-11,6.37722007831731e-09,0.000894035347752603,80169.0025602817,237.116887413852,80405.1203417374,2290.81837098995,402.525404684902,"Malawi","Mulanje","TA Laston Njema","68",95297.1442
"287",287,14891.0238582627,5.5990046330342e-12,9.54976316561628e-12,5.62797892048487e-09,0.000839868590154363,80169.0025825409,237.11691932218,80405.1203417374,2290.81837098995,402.525404685034,"Malawi","Mulanje","TA Laston Njema","68",95297.1442
"288",288,14891.0238582627,4.77556373783404e-12,8.14473465596871e-12,4.96676079758158e-09,0.000788983616824547,80169.0026034514,237.116949297284,80405.1203417374,2290.81837098995,402.52540468515,"Malawi","Mulanje","TA Laston Njema","68",95297.1442
"289",289,14891.0238582627,4.07303642535489e-12,6.94674648480195e-12,4.38322495430426e-09,0.000741181596186833,80169.002623095,237.116977456291,80405.1203417374,2290.81837098995,402.525404685253,"Malawi","Mulanje","TA Laston Njema","68",95297.1442
"290",290,14891.0238582627,3.47383447879538e-12,5.9250058087767e-12,3.86824539990735e-09,0.000696275743059111,80169.0026415484,237.117003909233,80405.1203417374,2290.81837098995,402.525404685343,"Malawi","Mulanje","TA Laston Njema","68",95297.1442
"291",291,14891.0238582627,2.96290706781171e-12,5.05333430203368e-12,3.41376819108582e-09,0.000654090588823357,80169.0026588838,237.117028759475,80405.1203417374,2290.81837098995,402.525404685423,"Malawi","Mulanje","TA Laston Njema","68",95297.1442
"292",292,14891.0238582627,2.52706967305026e-12,4.30999733679159e-12,3.01268549345611e-09,0.000614461295810848,80169.0026751688,237.117052104119,80405.1203417374,2290.81837098995,402.525404685493,"Malawi","Mulanje","TA Laston Njema","68",95297.1442
"293",293,14891.0238582627,2.15530294948828e-12,3.67607236717644e-12,2.65872446892837e-09,0.00057723301322417,80169.0026904672,237.117074034384,80405.1203417374,2290.81837098995,402.525404685556,"Malawi","Mulanje","TA Laston Njema","68",95297.1442
"294",294,14891.0238582627,1.83828397475308e-12,3.13529155202188e-12,2.34634918530712e-09,0.000542260272079731,80169.0027048387,237.117094635963,80405.1203417374,2290.81837098995,402.525404685611,"Malawi","Mulanje","TA Laston Njema","68",95297.1442
"295",295,14891.0238582627,1.56788655579271e-12,2.67407790272808e-12,2.07067404370429e-09,0.000509406416806911,80169.0027183394,237.117113989357,80405.1203417374,2290.81837098995,402.525404685659,"Malawi","Mulanje","TA Laston Njema","68",95297.1442
"296",296,14891.0238582627,1.33723451233901e-12,2.28075834540363e-12,1.82738739344942e-09,0.000478543071283157,80169.0027310222,237.117132170189,80405.1203417374,2290.81837098995,402.525404685702,"Malawi","Mulanje","TA Laston Njema","68",95297.1442
"297",297,14891.0238582627,1.14053430114969e-12,1.94525551904624e-12,1.61268411073699e-09,0.000449549637218861,80169.0027429365,237.117149249501,80405.1203417374,2290.81837098995,402.525404685739,"Malawi","Mulanje","TA Laston Njema","68",95297.1442
"298",298,14891.0238582627,9.72772394171158e-13,1.65909757151144e-12,1.42320609055041e-09,0.00042231282293223,80169.002754129,237.117165294031,80405.1203417374,2290.81837098995,402.525404685773,"Malawi","Mulanje","TA Laston Njema","68",95297.1442
"299",299,14891.0238582627,8.2967199088817e-13,1.41506012824242e-12,1.25598973705587e-09,0.000396726200673058,80169.0027646433,237.117180366473,80405.1203417374,2290.81837098995,402.525404685802,"Malawi","Mulanje","TA Laston Njema","68",95297.1442
"300",300,14891.0238582627,7.07628028601411e-13,1.20690880103946e-12,1.10841962084511e-09,0.000372689790765862,80169.0027745207,237.117194525722,80405.1203417374,2290.81837098995,402.525404685828,"Malawi","Mulanje","TA Laston Njema","68",95297.1442
"301",301,14891.0238582627,6.03542070244772e-13,1.02936664279595e-12,9.78187575602932e-10,0.000350109670947588,80169.0027837995,237.117207827106,80405.1203417374,2290.81837098995,402.525404685851,"Malawi","Mulanje","TA Laston Njema","68",95297.1442
"302",302,14891.0238582627,5.14759927004818e-13,8.77952593532486e-13,8.63256602683759e-10,0.000328897609373546,80169.0027925162,237.1172203226,80405.1203417374,2290.81837098995,402.525404685871,"Malawi","Mulanje","TA Laston Njema","68",95297.1442
"303",303,14891.0238582627,4.39038191984732e-13,7.48810030771925e-13,7.61829016505822e-10,0.000308970719857674,80169.0028007048,237.117232061032,80405.1203417374,2290.81837098995,402.525404685889,"Malawi","Mulanje","TA Laston Njema","68",95297.1442
"304",304,14891.0238582627,3.74458681987025e-13,6.38657781696266e-13,6.72318329661545e-10,0.000290251138000115,80169.0028083972,237.117243088267,80405.1203417374,2290.81837098995,402.525404685905,"Malawi","Mulanje","TA Laston Njema","68",95297.1442
"305",305,14891.0238582627,3.19376179364345e-13,5.44713011356542e-13,5.93324441538214e-10,0.00027266571693667,80169.0028156236,237.117253447397,80405.1203417374,2290.81837098995,402.525404685918,"Malawi","Mulanje","TA Laston Njema","68",95297.1442
"306",306,14891.0238582627,2.72395468478652e-13,4.64588600993569e-13,5.23611742416228e-10,0.000256145741521377,80169.0028224121,237.117263178899,80405.1203417374,2290.81837098995,402.525404685931,"Malawi","Mulanje","TA Laston Njema","68",95297.1442
"307",307,14891.0238582627,2.32327420484989e-13,3.96247117287742e-13,4.6208978878652e-10,0.00024062665982546,80169.0028287894,237.117272320799,80405.1203417374,2290.81837098995,402.525404685942,"Malawi","Mulanje","TA Laston Njema","68",95297.1442
"308",308,14891.0238582627,1.98152670340777e-13,3.37959621305291e-13,4.07796248870052e-10,0.000226047830903551,80169.0028347802,237.11728090882,80405.1203417374,2290.81837098995,402.525404685951,"Malawi","Mulanje","TA Laston Njema","68",95297.1442
"309",309,14891.0238582627,1.69004216733418e-13,2.88247375314816e-13,3.598818521434e-10,0.000212352287841654,80169.0028404081,237.117288976519,80405.1203417374,2290.81837098995,402.52540468596,"Malawi","Mulanje","TA Laston Njema","68",95297.1442
"310",310,14891.0238582627,1.44144238343367e-13,2.45846354196312e-13,3.17597106603136e-10,0.000199486515161009,80169.002845695,237.117296555421,80405.1203417374,2290.81837098995,402.525404685967,"Malawi","Mulanje","TA Laston Njema","68",95297.1442
"311",311,14891.0238582627,1.2294109223889e-13,2.09682448520193e-13,2.80280567943354e-10,0.000187400239385142,80169.0028506616,237.11730367514,80405.1203417374,2290.81837098995,402.525404685974,"Malawi","Mulanje","TA Laston Njema","68",95297.1442
"312",312,14891.0238582627,1.04858134430206e-13,1.78841719737864e-13,2.4734999492913e-10,0.00017604629764977,80169.0028553273,237.11731036346,80405.1203417374,2290.81837098995,402.525404685979,"Malawi","Mulanje","TA Laston Njema","68",95297.1442
"313",313,14891.0238582627,8.943621507201e-14,1.52538896056447e-13,2.18289472825376e-10,0.000165380298707033,80169.0028597102,237.11731664653,80405.1203417374,2290.81837098995,402.525404685984,"Malawi","Mulanje","TA Laston Njema","68",95297.1442
"314",314,14891.0238582627,7.62824948261261e-14,1.30104157018897e-13,1.92643143495788e-10,0.00015536051678841,80169.0028638276,237.11732254893,80405.1203417374,2290.81837098995,402.525404685989,"Malawi","Mulanje","TA Laston Njema","68",95297.1442
"315",315,14891.0238582627,6.5063238554564e-14,1.10969051579317e-13,1.70009877044737e-10,0.000145947795978844,80169.0028676956,237.117328093725,80405.1203417374,2290.81837098995,402.525404685993,"Malawi","Mulanje","TA Laston Njema","68",95297.1442
"316",316,14891.0238582627,5.54940347263359e-14,9.46483075607996e-14,1.5003571557151e-10,0.000137105357020636,80169.0028713292,237.117333302582,80405.1203417374,2290.81837098995,402.525404685996,"Malawi","Mulanje","TA Laston Njema","68",95297.1442
"317",317,14891.0238582627,4.73322506338071e-14,8.07278906288596e-14,1.32408252180948e-10,0.000128798648653015,80169.0028747426,237.117338195853,80405.1203417374,2290.81837098995,402.525404685999,"Malawi","Mulanje","TA Laston Njema","68",95297.1442
"318",318,14891.0238582627,4.03708640835856e-14,6.88548147974407e-14,1.16851785397572e-10,0.000120995212965333,80169.0028779493,237.117342792659,80405.1203417374,2290.81837098995,402.525404686002,"Malawi","Mulanje","TA Laston Njema","68",95297.1442
"319",319,14891.0238582627,3.44333134062983e-14,5.87279909408058e-14,1.03123004203902e-10,0.000113664558551081,80169.0028809616,237.117347110961,80405.1203417374,2290.81837098995,402.525404686005,"Malawi","Mulanje","TA Laston Njema","68",95297.1442
"320",320,14891.0238582627,2.93690291854806e-14,5.00905694462049e-14,9.10071822847593e-11,0.000106778041361227,80169.0028837915,237.117351167633,80405.1203417374,2290.81837098995,402.525404686007,"Malawi","Mulanje","TA Laston Njema","68",95297.1442
"321",321,14891.0238582627,2.50495781240356e-14,4.27234921371617e-14,8.03148200396107e-11,0.000100308752780464,80169.0028864499,237.117354978527,80405.1203417374,2290.81837098995,402.525404686009,"Malawi","Mulanje","TA Laston Njema","68",95297.1442
"322",322,14891.0238582627,2.13654097077569e-14,3.64399300562978e-14,7.08786809385176e-11,9.4231414484133e-05,80169.0028889473,237.117358558532,80405.1203417374,2290.81837098995,402.52540468601,"Malawi","Mulanje","TA Laston Njema","68",95297.1442
"323",323,14891.0238582627,1.82230897564052e-14,3.10805249883682e-14,6.25511760387533e-11,8.85222796653267e-05,80169.0028912933,237.117361921638,80405.1203417374,2290.81837098995,402.525404686012,"Malawi","Mulanje","TA Laston Njema","68",95297.1442
"324",324,14891.0238582627,1.55429272476178e-14,2.65093540939012e-14,5.52020557639606e-11,8.31590402462337e-05,80169.0028934972,237.117365080986,80405.1203417374,2290.81837098995,402.525404686013,"Malawi","Mulanje","TA Laston Njema","68",95297.1442
"325",325,14891.0238582627,1.32569500614453e-14,2.26104882310944e-14,4.87163728475732e-11,7.81207397111584e-05,80169.0028955676,237.117368048921,80405.1203417374,2290.81837098995,402.525404686014,"Malawi","Mulanje","TA Laston Njema","68",95297.1442
"326",326,14891.0238582627,1.13071829639029e-14,1.92850487504125e-14,4.2992684586461e-11,7.33876912206289e-05,80169.0028975125,237.117370837039,80405.1203417374,2290.81837098995,402.525404686015,"Malawi","Mulanje","TA Laston Njema","68",95297.1442
"327",327,14891.0238582627,9.64417800133051e-15,1.64486986198969e-14,3.79414662918229e-11,6.89414006866357e-05,80169.0028993396,237.117373456235,80405.1203417374,2290.81837098995,402.525404686016,"Malawi","Mulanje","TA Laston Njema","68",95297.1442
"328",328,14891.0238582627,8.22575970717373e-15,1.40295048117157e-14,3.34837111268998e-11,6.47644945084282e-05,80169.002901056,237.117375916744,80405.1203417374,2290.81837098995,402.525404686017,"Malawi","Mulanje","TA Laston Njema","68",95297.1442
"329",329,14891.0238582627,7.01595540061285e-15,1.19661141522255e-14,2.95496944356719e-11,6.08406516865062e-05,80169.0029026684,237.11737822818,80405.1203417374,2290.81837098995,402.525404686017,"Malawi","Mulanje","TA Laston Njema","68",95297.1442
"330",330,14891.0238582627,5.98408314426285e-15,1.02061968916931e-14,2.60778832387447e-11,5.71545400495512e-05,80169.0029041831,237.117380399575,80405.1203417374,2290.81837098995,402.525404686018,"Malawi","Mulanje","TA Laston Njema","68",95297.1442
"331",331,14891.0238582627,5.10397359522571e-15,8.70511960458961e-15,2.30139738426131e-11,5.36917563451129e-05,80169.0029056061,237.117382439412,80405.1203417374,2290.81837098995,402.525404686019,"Malawi","Mulanje","TA Laston Njema","68",95297.1442
"332",332,14891.0238582627,4.35330624044364e-15,7.42481337897308e-15,2.03100425118739e-11,5.04387699599625e-05,80169.0029069428,237.117384355663,80405.1203417374,2290.81837098995,402.525404686019,"Malawi","Mulanje","TA Laston Njema","68",95297.1442
"333",333,14891.0238582627,3.71304334855138e-15,6.33280830796123e-15,1.79237959219824e-11,4.73828700502057e-05,80169.0029081986,237.117386155816,80405.1203417374,2290.81837098995,402.525404686019,"Malawi","Mulanje","TA Laston Njema","68",95297.1442
"334",334,14891.0238582627,3.16694717545234e-15,5.40140997979893e-15,1.58179096704693e-11,4.45121158745745e-05,80169.0029093783,237.117387846904,80405.1203417374,2290.81837098995,402.52540468602,"Malawi","Mulanje","TA Laston Njema","68",95297.1442
"335",335,14891.0238582627,2.7011681456265e-15,4.60699713910388e-15,1.39594445015877e-11,4.18152901368294e-05,80169.0029104865,237.117389435535,80405.1203417374,2290.81837098995,402.52540468602,"Malawi","Mulanje","TA Laston Njema","68",95297.1442
"336",336,14891.0238582627,2.30389360713465e-15,3.92942263539022e-15,1.23193311146459e-11,3.92818551549625e-05,80169.0029115275,237.117390927917,80405.1203417374,2290.81837098995,402.52540468602,"Malawi","Mulanje","TA Laston Njema","68",95297.1442
"337",337,14891.0238582627,1.96504825529159e-15,3.35150246131096e-15,1.08719154988061e-11,3.69019116859381e-05,80169.0029125055,237.117392329881,80405.1203417374,2290.81837098995,402.525404686021,"Malawi","Mulanje","TA Laston Njema","68",95297.1442
"338",338,14891.0238582627,1.67603861293081e-15,2.85857994682388e-15,9.59455768366206e-12,3.46661602450824e-05,80169.0029134242,237.117393646905,80405.1203417374,2290.81837098995,402.525404686021,"Malawi","Mulanje","TA Laston Njema","68",95297.1442
"339",339,14891.0238582627,1.42953508889564e-15,2.43815405356443e-15,8.46727763025292e-12,3.25658647689813e-05,80169.0029142873,237.117394884136,80405.1203417374,2290.81837098995,402.525404686021,"Malawi","Mulanje","TA Laston Njema","68",95297.1442
"340",340,14891.0238582627,1.21928609195804e-15,2.07956233502264e-15,7.4724427243828e-12,3.05928184799037e-05,80169.0029150981,237.117396046407,80405.1203417374,2290.81837098995,402.525404686021,"Malawi","Mulanje","TA Laston Njema","68",95297.1442
"341",341,14891.0238582627,1.0399594844027e-15,1.77371052460514e-15,6.59449198472628e-12,2.8739311818367e-05,80169.0029158597,237.11739713826,80405.1203417374,2290.81837098995,402.525404686021,"Malawi","Mulanje","TA Laston Njema","68",95297.1442
"342",342,14891.0238582627,8.87007353199998e-16,1.51284189564646e-15,5.81969267237934e-12,2.69981023185467e-05,80169.0029165752,237.117398163962,80405.1203417374,2290.81837098995,402.525404686022,"Malawi","Mulanje","TA Laston Njema","68",95297.1442
"343",343,14891.0238582627,7.56544230203178e-16,1.29032955950904e-15,5.13590486640543e-12,2.53623741872722e-05,80169.0029172474,237.117399127528,80405.1203417374,2290.81837098995,402.525404686022,"Malawi","Mulanje","TA Laston Njema","68",95297.1442
"344",344,14891.0238582627,6.45080572197795e-16,1.10022190024383e-15,4.5318199670369e-12,2.38253385305838e-05,80169.002917879,237.117400032956,80405.1203417374,2290.81837098995,402.525404686022,"Malawi","Mulanje","TA Laston Njema","68",95297.1442
"345",345,14891.0238582627,5.50016298288628e-16,9.38084330786074e-16,3.99869617899129e-12,2.2381382253884e-05,80169.0029184724,237.117400883554,80405.1203417374,2290.81837098995,402.525404686022,"Malawi","Mulanje","TA Laston Njema","68",95297.1442
"346",346,14891.0238582627,4.68968269917847e-16,7.99852271678283e-16,3.52830257119955e-12,2.10249403645811e-05,80169.0029190298,237.117401682599,80405.1203417374,2290.81837098995,402.525404686022,"Malawi","Mulanje","TA Laston Njema","68",95297.1442
"347",347,14891.0238582627,3.99863391222881e-16,6.81989939076141e-16,3.11324478700905e-12,1.97507068120812e-05,80169.0029195534,237.117402433218,80405.1203417374,2290.81837098995,402.525404686022,"Malawi","Mulanje","TA Laston Njema","68",95297.1442
"348",348,14891.0238582627,3.40941423683994e-16,5.81495145268072e-16,2.74701273709701e-12,1.85536992107832e-05,80169.0029200453,237.117403138344,80405.1203417374,2290.81837098995,402.525404686022,"Malawi","Mulanje","TA Laston Njema","68",95297.1442
"349",349,14891.0238582627,2.90701914461059e-16,4.95808781909482e-16,2.42386284505935e-12,1.74292372221186e-05,80169.0029205073,237.117403800736,80405.1203417374,2290.81837098995,402.525404686022,"Malawi","Mulanje","TA Laston Njema","68",95297.1442
"350",350,14891.0238582627,2.47865461067004e-16,4.22748754706051e-16,2.13872711973141e-12,1.63729241611349e-05,80169.0029209414,237.117404422983,80405.1203417374,2290.81837098995,402.525404686022,"Malawi","Mulanje","TA Laston Njema","68",95297.1442
"351",351,14891.0238582627,2.11341184012054e-16,3.60454506144526e-16,1.88713373822519e-12,1.53806298073554e-05,80169.0029213491,237.117405007518,80405.1203417374,2290.81837098995,402.525404686022,"Malawi","Mulanje","TA Laston Njema","68",95297.1442
"352",352,14891.0238582627,1.80198950942363e-16,3.07339642168276e-16,1.66513692025844e-12,1.44484742555899e-05,80169.0029217322,237.117405556628,80405.1203417374,2290.81837098995,402.525404686022,"Malawi","Mulanje","TA Laston Njema","68",95297.1442
"353",353,14891.0238582627,1.53645689421484e-16,2.62051532267791e-16,1.46925504751059e-12,1.35728127453813e-05,80169.002922092,237.117406072457,80405.1203417374,2290.81837098995,402.525404686022,"Malawi","Mulanje","TA Laston Njema","68",95297.1442
"354",354,14891.0238582627,1.31005190398449e-16,2.23436863137576e-16,1.29641606235242e-12,1.27502214098775e-05,80169.00292243,237.117406557025,80405.1203417374,2290.81837098995,402.525404686022,"Malawi","Mulanje","TA Laston Njema","68",95297.1442
"355",355,14891.0238582627,1.11700887775991e-16,1.90512268242505e-16,1.1439092894974e-12,1.1977483888402e-05,80169.0029227476,237.117407012225,80405.1203417374,2290.81837098995,402.525404686022,"Malawi","Mulanje","TA Laston Njema","68",95297.1442
"356",356,14891.0238582627,9.52411754984351e-17,1.62439285269397e-16,1.00934292501789e-12,1.12515787503814e-05,80169.0029230459,237.117407439837,80405.1203417374,2290.81837098995,402.525404686022,"Malawi","Mulanje","TA Laston Njema","68",95297.1442
"357",357,14891.0238582627,8.12068882434915e-17,1.38503003729109e-16,8.90606526065834e-13,1.05696676814535e-05,80169.0029233261,237.117407841533,80405.1203417374,2290.81837098995,402.525404686022,"Malawi","Mulanje","TA Laston Njema","68",95297.1442
"358",358,14891.0238582627,6.92406268998567e-17,1.18093858946569e-16,7.85837913055967e-13,9.92908438556629e-06,80169.0029235893,237.117408218885,80405.1203417374,2290.81837098995,402.525404686022,"Malawi","Mulanje","TA Laston Njema","68",95297.1442
"359",359,14891.0238582627,5.90376569917318e-17,1.00692108801977e-16,6.93393965264678e-13,9.32732415967298e-06,80169.0029238366,237.117408573366,80405.1203417374,2290.81837098995,402.525404686022,"Malawi","Mulanje","TA Laston Njema","68",95297.1442
"360",360,14891.0238582627,5.03381482682762e-17,8.58545979056922e-17,6.11824851853058e-13,8.76203410026093e-06,80169.0029240689,237.117408906364,80405.1203417374,2290.81837098995,402.525404686022,"Malawi","Mulanje","TA Laston Njema","68",95297.1442
"361",361,14891.0238582627,4.29205578302986e-17,7.32034721414371e-17,5.39851294196634e-13,8.23100390342113e-06,80169.0029242871,237.11740921918,80405.1203417374,2290.81837098995,402.525404686022,"Malawi","Mulanje","TA Laston Njema","68",95297.1442
"362",362,14891.0238582627,3.65959882879714e-17,6.24165561808179e-17,4.76344502940938e-13,7.73215722248655e-06,80169.0029244921,237.117409513038,80405.1203417374,2290.81837098995,402.525404686022,"Malawi","Mulanje","TA Laston Njema","68",95297.1442
"363",363,14891.0238582627,3.12033772736272e-17,5.3219148921598e-17,4.20308475147101e-13,7.26354354944749e-06,80169.0029246847,237.117409789086,80405.1203417374,2290.81837098995,402.525404686022,"Malawi","Mulanje","TA Laston Njema","68",95297.1442
"364",364,14891.0238582627,2.66053958051009e-17,4.53770279112204e-17,3.70864373902698e-13,6.82333058839995e-06,80169.0029248656,237.117410048405,80405.1203417374,2290.81837098995,402.525404686022,"Malawi","Mulanje","TA Laston Njema","68",95297.1442
"365",365,14891.0238582627,2.26849510467684e-17,3.86904846052515e-17,3.2723674543057e-13,6.40979709120711e-06,80169.0029250355,237.117410292007,80405.1203417374,2290.81837098995,402.525404686022,"Malawi","Mulanje","TA Laston Njema","68",95297.1442
