time,S_e,E_e,I_e,H_e,C_e,R_e,D_e,S_a,E_a,I_a,H_a,C_a,R_a,D_a,S_p,E_p,I_p,H_p,C_p,R_p,D_p,Elderly_Population,Adults_Population,Pediatrics_Population,new_E_e,new_I_e,new_H_e,new_C_e,new_D_e,new_E_a,new_I_a,new_H_a,new_C_a,new_D_a,new_E_p,new_I_p,new_H_p,new_C_p,new_D_p,S_all,E_all,I_all,H_all,C_all,R_all,D_all,new_E_all,new_I_all,new_H_all,new_C_all,new_D_all,UID,Lvl1,Lvl2,Lvl3,Lvl4,TA_Code,TA_Code2,Adults_Crit_of_Hosp,Adults_Critical_Care,Adults_FR_of_Crit,Adults_FR_of_Hosp,Adults_Hospitalization,Adults_IFR,Elderly_Crit_of_Hosp,Elderly_Critical_Care,Elderly_FR_of_Crit,Elderly_FR_of_Hosp,Elderly_Hospitalization,Elderly_IFR,Pediatrics_Crit_of_Hosp,Pediatrics_Critical_Care,Pediatrics_FR_of_Crit,Pediatrics_FR_of_Hosp,Pediatrics_Hospitalization,Pediatrics_IFR,start_day,start_date
30,1943.594,0,0,0,0,0,0,7603.004,1,0,0,0,0,0,11659.82,0,0,0,0,0,0,1943.594,7603.004,11659.82,0,0,0,0,0,0,0,0,0,0,0,0,0,0,0,21206.417999999998,1,0,0,0,0,0,0,0,0,0,0, 16,Sub-Saharan Africa,Malawi,Dowa,TA Mkukula,20405,MW20405,0.1440529,0.003529529,0.2040522,0.02939432,0.01225080,0.000720208,0.2906929,0.03251866,0.5957723,0.1731868,0.05593302,0.01937372,0.05,9.22e-06,0.1,0.2217238,9.22469e-05,4.09e-05,30,2020-04-02
31,1943.589850530642,0.003608533022754846,4.918104875879403e-4,2.5797178120013056e-6,4.76155522201016e-8,4.6497779804691854e-5,7.341384152392769e-10,7602.987708316888,0.7656486511206974,0.21663441677867407,3.82507395102647e-4,4.759923632359773e-6,0.033621316078055206,3.181821368207459e-8,11659.810206061076,0.008520713464836337,0.0011577655095204237,1.0000054597241539e-8,3.171807039523314e-11,1.1544991878490215e-4,8.203257755066426e-14,1943.594,7603.004,11659.82,0.004149469358026181,5.409363352713351e-4,2.7477570209922776e-6,4.884780497529174e-8,7.341384152392769e-10,0.016291683112285682,0.2506430319915883,4.1663274325037e-4,4.915855364189123e-6,3.181821368207459e-8,0.009793938923394307,0.0012732254585579705,1.065082237287167e-8,3.2538388781506586e-11,8.203257755066426e-14,21206.387764908606,0.7777778976082885,0.21828399277578242,3.8509711296924555e-4,4.80757090265027e-6,0.0337832637766448,3.2552434129891416e-8,0.03023509139370617,0.25245719378541764,4.1939115109373515e-4,4.9647357075531965e-6,3.2552434129891416e-8, 16,Sub-Saharan Africa,Malawi,Dowa,TA Mkukula,20405,MW20405,0.1440529,0.003529529,0.2040522,0.02939432,0.01225080,0.000720208,0.2906929,0.03251866,0.5957723,0.1731868,0.05593302,0.01937372,0.05,9.22e-06,0.1,0.2217238,9.22469e-05,4.09e-05,30,2020-04-02
32,1943.5857431004513,0.006279505679090316,0.0016347940171718867,1.687196400394592e-5,6.322010953499409e-7,3.2507561969989825e-4,2.0067655613779983e-8,7602.971462105201,0.589481694788677,0.3291246818397995,0.0011714024809533269,3.0239897669124404e-5,0.11272945170734652,4.2408906326791104e-7,11659.800339120564,0.014977343577422884,0.0038744755829987847,6.572837706656478e-8,4.2275272818826934e-10,8.089941222049557e-4,2.2493535272455655e-12,1943.594,7603.004,11659.82,0.004107430190742889,0.0014364575344074184,1.641488738127136e-5,6.170367229848416e-7,1.9333517198540706e-8,0.016246211686848255,0.19241316801886865,9.791194995547208e-4,2.7402378444866847e-5,3.9227084958583643e-7,0.009866940512438305,0.0034103103998517573,6.398247994693404e-8,4.127078738805397e-10,2.167320949694901e-12,21206.357544326216,0.6107385440451901,0.33463395143997016,0.0011883401733343393,3.087252151720253e-5,0.11386352144925138,4.441589682352183e-7,0.03022058239002945,0.19725993595312782,9.955983694159391e-4,2.8019827875725568e-5,4.1160653410532684e-7, 16,Sub-Saharan Africa,Malawi,Dowa,TA Mkukula,20405,MW20405,0.1440529,0.003529529,0.2040522,0.02939432,0.01225080,0.000720208,0.2906929,0.03251866,0.5957723,0.1731868,0.05593302,0.01937372,0.05,9.22e-06,0.1,0.2217238,9.22469e-05,4.09e-05,30,2020-04-02
33,1943.5819318789588,0.008026931643893736,0.0030339388812101976,4.644635851990987e-5,2.6561953659193654e-6,9.580172506195072e-4,1.3071143900031757e-7,7602.95627288878,0.4561681183565826,0.37571668801916114,0.0020199046218761585,8.115028773182874e-5,0.21373945689744617,1.793040327945305e-6,11659.791017753527,0.01934928738192104,0.007242464315791121,1.8190648266085668e-7,1.7834715551849024e-9,0.0023903110698257624,1.4699093236693814e-11,1943.594,7603.004,11659.82,0.0038112214924694854,0.0020637955276660656,3.717591886170447e-5,2.2097091564839154e-6,1.1064378338653758e-7,0.015189216420367302,0.14850279285246165,0.0012484886653748133,5.7619218808228865e-5,1.368951264677394e-6,0.009321367037046002,0.004949423232547847,1.458824301554966e-7,1.4852162280602347e-9,1.2449739709448249e-11,21206.329222521264,0.4835443373823974,0.38599309121616243,0.002066532886878729,8.380826656930329e-5,0.21708778521789143,1.923766466038859e-6,0.02832180494988279,0.15551601161267556,0.0012858104666666733,5.983041318094084e-5,1.4796074978036411e-6, 16,Sub-Saharan Africa,Malawi,Dowa,TA Mkukula,20405,MW20405,0.1440529,0.003529529,0.2040522,0.02939432,0.01225080,0.000720208,0.2906929,0.03251866,0.5957723,0.1731868,0.05593302,0.01937372,0.05,9.22e-06,0.1,0.2217238,9.22469e-05,4.09e-05,30,2020-04-02
34,1943.5784870067262,0.00902056617672773,0.0044179404147075205,8.939680704372691e-5,6.949961807235285e-6,0.0019776675920124636,4.7232134556714e-7,7602.94243744965,0.3548050152863739,0.3819474192127841,0.002754642588152517,1.5314958227754334e-4,0.32189757964790766,4.744035256947569e-6,11659.782437580401,0.021987305854085995,0.010626738634294027,3.5208609795265526e-7,4.6863781804944214e-9,0.004948018283138649,5.3293011356814035e-11,1943.594,7603.004,11659.82,0.003444872232648777,0.0024512376998147827,5.969374183535781e-5,4.867156488282388e-6,3.4160990656682246e-7,0.01383543913016183,0.11519854220037051,0.001334942859081463,8.646125540276446e-5,2.950994929002264e-6,0.00858017312566517,0.005942154653500214,2.3595653147446317e-7,3.2888458091332297e-9,3.859391812012022e-11,21206.30336203678,0.38581288731718766,0.3969920982617856,0.0028443914812941967,1.6010423046295912e-4,0.3288232655230588,5.216409895526066e-6,0.025860484488475777,0.12359193455368551,0.0013948725574482953,9.133170073685598e-5,3.2926434294872065e-6, 16,Sub-Saharan Africa,Malawi,Dowa,TA Mkukula,20405,MW20405,0.1440529,0.003529529,0.2040522,0.02939432,0.01225080,0.000720208,0.2906929,0.03251866,0.5957723,0.1731868,0.05593302,0.01937372,0.05,9.22e-06,0.1,0.2217238,9.22469e-05,4.09e-05,30,2020-04-02
35,1943.5754302221717,0.009429601134192816,0.005625463168586794,1.4125361007502136e-4,1.401263950632854e-5,0.0033582123395965464,1.234936065499331e-6,7602.930064164253,0.27736010775283615,0.36469472784041185,0.0033047822437500636,2.3847384611982156e-4,0.4283280249766213,9.719090504457162e-6,11659.77468257651,0.023251078743859056,0.013639424329761304,5.595855373289031e-7,9.490410540815933e-9,0.008426351197098215,1.3981768244090503e-10,1943.594,7603.004,11659.82,0.0030567845544737793,0.002647749597008694,8.055623682129474e-5,8.34272163677318e-6,7.626147199321911e-7,0.012373285397188738,0.08981819293072651,0.001311703989420402,1.0970555082375042e-4,4.975055247509594e-6,0.007755003891361412,0.006491231001588351,3.2088502099922015e-7,5.669279081148617e-9,8.652467108409099e-11,21206.280176962933,0.31004078763088805,0.38395961533875994,0.003446595439362414,2.524959760366909e-4,0.4401125885133161,1.0954166387638934e-5,0.02318507384302393,0.09895717352932357,0.0013925811112626958,1.1805394173960474e-4,5.7377564921128685e-6, 16,Sub-Saharan Africa,Malawi,Dowa,TA Mkukula,20405,MW20405,0.1440529,0.003529529,0.2040522,0.02939432,0.01225080,0.000720208,0.2906929,0.03251866,0.5957723,0.1731868,0.05593302,0.01937372,0.05,9.22e-06,0.1,0.2217238,9.22469e-05,4.09e-05,30,2020-04-02
36,1943.5727540281105,0.009406297701872323,0.006575355572753926,1.9687445505237532e-4,2.3948122426079696e-5,0.0050408650028502455,2.631034320118703e-6,7602.9191454801075,0.21789782439217284,0.3349284394135571,0.0036573849240280057,3.2896579295035085e-4,0.5280249524664211,1.6952906913723647e-5,11659.767766316703,0.02347145795610894,0.016075253926802802,7.846910619140875e-7,1.6292976929126697e-8,0.01268617012795496,2.9891591274212924e-10,1943.594,7603.004,11659.82,0.002676194061223214,0.0026994974935437063,9.786069645620171e-5,1.2278824921955538e-5,1.396098254619372e-6,0.01091868414550845,0.07038096750617176,0.001226884002984321,1.2594275995168975e-4,7.233816409266485e-6,0.006916259806530434,0.00669588059428055,3.929764983372111e-7,8.393548687601331e-9,1.590982303012242e-10,21206.25966582492,0.2507755800501541,0.3575790489131138,0.003855044070142295,3.529302083533597e-4,0.5457519875972263,1.9584240149755094e-5,0.020511138013262098,0.07977634559399602,0.00132513767593886,1.382299784223329e-4,8.630073762116158e-6, 16,Sub-Saharan Africa,Malawi,Dowa,TA Mkukula,20405,MW20405,0.1440529,0.003529529,0.2040522,0.02939432,0.01225080,0.000720208,0.2906929,0.03251866,0.5957723,0.1731868,0.05593302,0.01937372,0.05,9.22e-06,0.1,0.2217238,9.22469e-05,4.09e-05,30,2020-04-02
37,1943.5704344868782,0.009079160260327004,0.007241432234872048,2.5154080333407246e-4,3.650687941362334e-5,0.006952005744233965,4.867199488434058e-6,7602.909606636724,0.17201477691491374,0.2996289027412158,0.0038294556869834895,4.1757107840395633e-4,0.6184761728226689,2.6484035198665318e-5,11659.761659963866,0.022933480732404497,0.017856387464945358,1.0089158347887362e-6,2.4952565585750053e-8,0.017549133510283983,5.54907199247449e-10,1943.594,7603.004,11659.82,0.002319541232282063,0.0026466786738273823,1.1078105193297427e-4,1.631214593703034e-5,2.236165168315355e-6,0.00953884338377975,0.05542189086103885,0.0011114100644259337,1.3531455046079257e-4,9.531128284941671e-6,0.006106352837377926,0.006644330061082369,4.4861480333197667e-7,1.1219501522866403e-8,2.5599128650531977e-10,21206.241701087467,0.20402741790764523,0.3247267224410332,0.004082005406152351,4.541029103831654e-4,0.6429773120771868,3.135178959429862e-5,0.01796473745343974,0.0647128995959486,0.0012226397311622399,1.5163791589934577e-4,1.176754944454353e-5, 16,Sub-Saharan Africa,Malawi,Dowa,TA Mkukula,20405,MW20405,0.1440529,0.003529529,0.2040522,0.02939432,0.01225080,0.000720208,0.2906929,0.03251866,0.5957723,0.1731868,0.05593302,0.01937372,0.05,9.22e-06,0.1,0.2217238,9.22469e-05,4.09e-05,30,2020-04-02
38,1943.5684358594842,0.008555146818791532,0.0076329333049363415,3.0148352123512636e-4,5.117823780122022e-5,0.009015277589346938,8.12104365548361e-6,7602.901322388,0.13644712379757756,0.263098266203199,0.0038513336997634757,4.988979918287648e-4,0.6987437982399148,3.8192070188060695e-5,11659.756300998073,0.021881035393299032,0.018989265425602374,1.21712466378657e-6,3.514624197017804e-8,0.022827447905440675,9.291370240864545e-10,1943.594,7603.004,11659.82,0.0019986273939593957,0.0025226408354948673,1.1920108312262358e-4,2.0132915035517233e-5,3.253844167049552e-6,0.008284248723612109,0.04385190184094828,9.847504011730253e-4,1.3870455987794364e-4,1.1708034989395377e-5,0.005358965792765957,0.006411411131871422,4.869283215916982e-7,1.393597462969322e-8,3.7422982483900553e-10,21206.226059245557,0.16688330600966814,0.2897204649337377,0.0041540343456623885,5.501113758719552e-4,0.7305865237347025,4.6314042980568395e-5,0.015641841910337462,0.05278595380831457,0.0011044384126172406,1.5885141088809056e-4,1.4962253386269769e-5, 16,Sub-Saharan Africa,Malawi,Dowa,TA Mkukula,20405,MW20405,0.1440529,0.003529529,0.2040522,0.02939432,0.01225080,0.000720208,0.2906929,0.03251866,0.5957723,0.1731868,0.05593302,0.01937372,0.05,9.22e-06,0.1,0.2217238,9.22469e-05,4.09e-05,30,2020-04-02
39,1943.5667080611338,0.00792623165100672,0.0077821973832091764,3.4408437089862397e-4,6.729294892365555e-5,0.01115960681820544,1.2525693838595927e-5,7602.894104521979,0.10879275498215604,0.22788224609329835,0.003756871004735268,5.693047359182924e-4,0.7688424600730717,5.184113385864748e-5,11659.751583477911,0.020532848795751384,0.01953816393867723,1.398443106211952e-6,4.6435780815242076e-8,0.028344063032949122,1.4381332196944791e-9,1943.594,7603.004,11659.82,0.001727798350430021,0.0023567135182148338,1.2346931367326463e-4,2.3507888321544802e-5,4.404650183112316e-6,0.007217866021164809,0.03487223483658633,8.586371936984224e-4,1.372968029607484e-4,1.3649063670586785e-5,0.004717520161648281,0.006065706759195929,5.089084585991061e-7,1.637950080868621e-8,5.089961956080246e-10,21206.212396061026,0.13725183542891414,0.25520260741518475,0.004102353818740104,6.366441206227632e-4,0.8083461299242263,6.43682658304631e-5,0.013663184533243111,0.04329465511399709,9.82615415830286e-4,1.6082107078310188e-4,1.805422284989471e-5, 16,Sub-Saharan Africa,Malawi,Dowa,TA Mkukula,20405,MW20405,0.1440529,0.003529529,0.2040522,0.02939432,0.01225080,0.000720208,0.2906929,0.03251866,0.5957723,0.1731868,0.05593302,0.01937372,0.05,9.22e-06,0.1,0.2217238,9.22469e-05,4.09e-05,30,2020-04-02
40,1943.5652366846275,0.007231286634974043,0.007728362627131162,3.778309247144123e-4,8.412154017488281e-5,0.013323552074811248,1.816157033917552e-5,7602.887910368467,0.08712324182948901,0.1953572808733712,0.0035783393022382104,6.267019819896509e-4,0.82933694445397,6.71230933985603e-5,11659.747493881605,0.018974963931235652,0.019585610277202133,1.5462031150989943e-6,5.833278114090683e-8,0.03394393755239784,2.092562407899596e-9,1943.594,7603.004,11659.82,0.0014713765062879247,0.0021663215223206014,1.2418004552279535e-4,2.6288373961435816e-5,5.635876500579593e-6,0.006194153512296907,0.02786366666496394,7.398090514954237e-4,1.322896488008035e-4,1.5281959539912822e-5,0.004089596306585008,0.0056474811711007405,5.165858531971401e-7,1.844129221550489e-8,6.544291882051168e-10,21206.200640934698,0.1133294923956987,0.2226712537777045,0.003957716430067722,7.108818549456746e-4,0.876604434081179,8.528675630014372e-5,0.01175512632516984,0.03567746935838528,8.645056828714162e-4,1.5859646405445483e-4,2.091849046968062e-5, 16,Sub-Saharan Africa,Malawi,Dowa,TA Mkukula,20405,MW20405,0.1440529,0.003529529,0.2040522,0.02939432,0.01225080,0.000720208,0.2906929,0.03251866,0.5957723,0.1731868,0.05593302,0.01937372,0.05,9.22e-06,0.1,0.2217238,9.22469e-05,4.09e-05,30,2020-04-02
41,1943.5639881916145,0.006515844413069273,0.00751174984272129,4.0210498960014166e-4,1.0094902195341388e-4,0.015456105179746212,2.5054938028024082e-5,7602.882614975988,0.0700599985235639,0.16615393544896737,0.00334383646537205,6.702719175135134e-4,0.8810732883881682,8.369326832581944e-5,11659.743963145302,0.017319534687974154,0.019219436723687186,1.6571862004659303e-6,7.034909900722178e-8,0.039496152849014324,2.896945543238178e-9,1943.594,7603.004,11659.82,0.0012484930130085559,0.0019639352349133258,1.219646359757648e-4,2.839795541281856e-5,6.893367688848562e-6,0.0052953924787289,0.02235863578465401,6.316755193959258e-4,1.247755041367867e-4,1.6570174927259132e-5,0.0035307363032188732,0.005186165546480371,5.121860697233581e-7,2.0060149217821107e-8,8.043831353385821e-10,21206.190566312904,0.09389537762460733,0.19288512201537583,0.003747598641172658,7.712912885659345e-4,0.9360255464169288,1.0875110329938676e-4,0.010074621794956329,0.029508736566047706,7.54152341441414e-4,1.5319351969882307e-4,2.3464346999243034e-5, 16,Sub-Saharan Africa,Malawi,Dowa,TA Mkukula,20405,MW20405,0.1440529,0.003529529,0.2040522,0.02939432,0.01225080,0.000720208,0.2906929,0.03251866,0.5957723,0.1731868,0.05593302,0.01937372,0.05,9.22e-06,0.1,0.2217238,9.22469e-05,4.09e-05,30,2020-04-02
42,1943.5629317326213,0.005811775369907554,0.007172105914178276,4.16995781658713e-4,1.1712812818263811e-4,0.01751708112708759,3.3181057146439314e-5,7602.878101512392,0.0565594407173347,0.14045043244671898,0.0030764000016018454,7.001569789949232e-4,0.9250108583486568,1.0119911426794749e-4,11659.740925048873,0.015648330708124946,0.01852937681940311,1.7309770040463056e-6,8.203372297898562e-8,0.044895426734259766,3.849900382735894e-9,1943.594,7603.004,11659.82,0.0010564589931618684,0.0017605280363235873,1.174689605143229e-4,2.981874526509094e-5,8.126119118415232e-6,0.004513463595685607,0.018014021401914805,5.355746479705223e-4,1.1567607937847579e-4,1.750584594212805e-5,0.003038096429008874,0.004709300408858082,4.980742508703933e-7,2.1214172364500898e-8,9.529548394977158e-10,21206.181958293888,0.0780195467953672,0.16615191518030037,0.0034951267602646046,8.173671409005403e-4,0.9874233662100041,1.3438402131476954e-4,0.00860801901785635,0.024483849847096475,6.535416827357156e-4,1.4551603881593123e-4,2.5632918015382778e-5, 16,Sub-Saharan Africa,Malawi,Dowa,TA Mkukula,20405,MW20405,0.1440529,0.003529529,0.2040522,0.02939432,0.01225080,0.000720208,0.2906929,0.03251866,0.5957723,0.1731868,0.05593302,0.01937372,0.05,9.22e-06,0.1,0.2217238,9.22469e-05,4.09e-05,30,2020-04-02
43,1943.5620396818636,0.005140214191144884,0.0067457819684115855,4.231116825514054e-4,1.3211284214152775e-4,0.019476626835905488,4.247061577776558e-5,7602.874263854596,0.04582831783666381,0.11815435482361622,0.0027940618701801775,7.171750256789129e-4,0.9621229349916969,1.1930085585219177e-4,11659.738318159236,0.014018599164448302,0.01759991194030978,1.7692891989389002e-6,9.299715260002221e-8,0.05006146242117932,4.9447735658190835e-9,1943.594,7603.004,11659.82,8.920507577840908e-4,0.0015636119365467606,1.1130312350415592e-4,3.057717878387189e-5,9.289558631326268e-6,0.0038376577958842972,0.01456878067655519,4.516240060574496e-4,1.0572937439406556e-4,1.8101741584244284e-5,0.0026068896368087735,0.004236621180485418,4.765554241293549e-7,2.191216146183802e-8,1.0948731830831897e-9,21206.174621695696,0.06498713119225699,0.1425000487323376,0.0032189428419305216,8.493808649730406e-4,1.0316610242487816,1.6177641640352316e-4,0.0073365981904771616,0.020369013793587368,5.634036849857349e-4,1.363284653393993e-4,2.7392395088753635e-5, 16,Sub-Saharan Africa,Malawi,Dowa,TA Mkukula,20405,MW20405,0.1440529,0.003529529,0.2040522,0.02939432,0.01225080,0.000720208,0.2906929,0.03251866,0.5957723,0.1731868,0.05593302,0.01937372,0.05,9.22e-06,0.1,0.2217238,9.22469e-05,4.09e-05,30,2020-04-02
44,1943.561287706541,0.004514177795664237,0.006264238149778083,4.2140621409555214e-4,1.454757421677256e-4,0.02131417756904999,5.281798789233008e-5,7602.8710072865715,0.0372605309744851,0.09902492037547148,0.0025103072112812003,7.22578807922501e-4,0.9933366905070944,1.376855529396612e-4,11659.73608658938,0.012468521848369466,0.016506162867710818,1.775321587668385e-6,1.0292523631830299e-7,0.05493684147982751,6.1705041996394355e-9,1943.594,7603.004,11659.82,7.519753226006287e-4,0.001378011718081276,1.0401055702617843e-4,3.0730898023845694e-5,1.0347372114564498e-5,0.003256568024880835,0.011824354887059546,3.792086823877207e-4,9.550179190603858e-5,1.8384697087469432e-5,0.002231569855212001,0.0037816471712908365,4.49740189770478e-7,2.2185390052049657e-8,1.225730633820352e-9,21206.168381582494,0.0542432306185188,0.12179532139296037,0.0029334887469644206,8.681574753265449e-4,1.0695877095559718,1.905097113361909e-4,0.006240113202693465,0.016984013776431658,4.836689796036696e-4,1.262548753199363e-4,2.873329493266775e-5, 16,Sub-Saharan Africa,Malawi,Dowa,TA Mkukula,20405,MW20405,0.1440529,0.003529529,0.2040522,0.02939432,0.01225080,0.000720208,0.2906929,0.03251866,0.5957723,0.1731868,0.05593302,0.01937372,0.05,9.22e-06,0.1,0.2217238,9.22469e-05,4.09e-05,30,2020-04-02
45,1943.5606543959937,0.003940940760372215,0.005753534943543891,4.130268413333326e-4,1.5691241463561766e-4,0.023017098747017267,6.409029890969744e-5,7602.868247322689,0.0303917829635998,0.08274979967030834,0.002234764058068004,7.178610711941175e-4,1.0195023938591221,1.5607568793877763e-4,11659.734179506882,0.011022482181568392,0.015312102763495788,1.7531822090790516e-6,1.1158436424519752e-7,0.05948403588674883,7.512605640042608e-9,1943.594,7603.004,11659.82,6.333105473004252e-4,0.001206547582592447,9.60510227164562e-5,3.0357174509843144e-5,1.127231101736736e-5,0.0027599638824540307,0.009628711893339328,3.1734267239773403e-4,8.540692254814876e-5,1.8390134999116424e-5,0.0019070824982918566,0.0033531221650929307,4.1946346807862446e-7,2.2080142333397894e-8,1.3421014404031727e-9,21206.163081225564,0.04535520590554041,0.10381543737734801,0.0026495440816104157,8.748850701939803e-4,1.1020035284928882,2.201734994541151e-4,0.0053003569280463125,0.014188381641024705,4.1381315858226886e-4,1.157861772003253e-4,2.9663788117924187e-5, 16,Sub-Saharan Africa,Malawi,Dowa,TA Mkukula,20405,MW20405,0.1440529,0.003529529,0.2040522,0.02939432,0.01225080,0.000720208,0.2906929,0.03251866,0.5957723,0.1731868,0.05593302,0.01937372,0.05,9.22e-06,0.1,0.2217238,9.22469e-05,4.09e-05,30,2020-04-02
46,1943.5600956517828,0.0034456414841556814,0.005237566902928911,3.992125420530612e-4,1.6623607779835974e-4,0.02457955475625547,7.613645371963309e-5,7602.865797695252,0.024961482347228527,0.06900680131536466,0.0019739320568696282,7.046090106287972e-4,1.0413812467421126,1.7423327561032082e-4,11659.732473274282,0.009761961845406807,0.014079831059519375,1.7075045310189606e-6,1.1881994980565982e-7,0.06368309752853643,8.95417050519605e-9,1943.594,7603.004,11659.82,5.587442108208052e-4,0.001054043487037339,8.781548617640768e-5,2.9543057060779856e-5,1.204615480993565e-5,0.0024496274372722837,0.007879928053643556,2.648981468463205e-4,7.573295244326785e-5,1.8157587671543192e-5,0.0017062326005543582,0.002966752936715944,3.873470061274839e-7,2.1651234209378747e-8,1.441564865153441e-9,21206.158366621316,0.03816908567679102,0.08832419927781295,0.0023748521034537085,8.709639083769626e-4,1.1296438990269044,2.503786835004591e-4,0.004714604248647447,0.011900724477396839,3.5310098002885567e-4,1.0529766073825708e-4,3.0205184046343994e-005, 16,Sub-Saharan Africa,Malawi,Dowa,TA Mkukula,20405,MW20405,0.1440529,0.003529529,0.2040522,0.02939432,0.01225080,0.000720208,0.2906929,0.03251866,0.5957723,0.1731868,0.05593302,0.01937372,0.05,9.22e-06,0.1,0.2217238,9.22469e-05,4.09e-05,30,2020-04-02
47,1943.5596246074447,0.002997376605439602,0.004732906448354353,3.812296190512616e-4,1.7336815151590006e-4,0.026001716170418986,8.879556037996074e-5,7602.863720809398,0.02055738263797827,0.05746850349382829,0.0017318776593907978,6.84399672429524e-4,1.0596450662657988,1.9196087071712522e-4,11659.731015547535,0.008599074336781296,0.012853287081838997,1.643213614345533e-6,1.245522753471735e-7,0.06753031279617015,1.0476834637833954e-8,1943.594,7603.004,11659.82,4.7104433815547964e-4,9.19309216871559e-4,7.96469241123891e-5,2.8380303384180143e-5,1.2659106660327653e-5,0.0020768858539668145,0.006480985563217072,2.2075063688993743e-4,6.666840733542069e-5,1.77275951068044e-5,0.0014577267465938348,0.002620614255219346,3.5488842079447753e-7,2.095896687339526e-8,1.5226641326379052e-9,21206.154360964378,0.032153833580199166,0.07505469702402164,0.002114750492056405,8.578923762207712e-4,1.1531770952323879,2.807669079317238e-4,0.004005656938716129,0.010020909035307977,3.00752449423121e-4,9.506966968647422e-5,3.038822443126469e-5, 16,Sub-Saharan Africa,Malawi,Dowa,TA Mkukula,20405,MW20405,0.1440529,0.003529529,0.2040522,0.02939432,0.01225080,0.000720208,0.2906929,0.03251866,0.5957723,0.1731868,0.05593302,0.01937372,0.05,9.22e-06,0.1,0.2217238,9.22469e-05,4.09e-05,30,2020-04-02
48,1943.559228137912,0.0025959184886630723,0.004248376316324441,3.602283635842974e-4,1.7832182924409969e-4,0.02728711266570447,1.0190442450838312e-4,7602.861963476061,0.01697061204040985,0.04781327685272459,0.0015107577657110527,6.587284929453548e-4,1.0748740486707162,2.0910011467164646e-4,11659.729773172085,0.007538577686879022,0.011655827313202308,1.5648548391487521e-6,1.28766696944995e-7,0.07103071722239727,1.2061660172406719e-8,1943.594,7603.004,11659.82,3.964695326885703e-4,7.979276494651001e-4,7.173173674151612e-5,2.6956822430760546e-5,1.310886412842238e-5,0.0017573333370819455,0.005344103934650367,1.8375379901744792e-4,5.832322956673948e-5,1.7139243954521243e-5,0.0012423754506016849,0.0023028721005039585,3.2289476389943037e-7,2.006267695481056e-8,1.5848255345727644e-9,21206.15096478606,0.027105108215951943,0.06371748048225134,0.0018725509841344989,8.371790888863995e-4,1.173191878558818,3.11016600840202e-4,0.0033961783203722007,0.008444903684619426,2.5580843052286345e-4,8.530011467445484e-5,3.0249692908478195e-5, 16,Sub-Saharan Africa,Malawi,Dowa,TA Mkukula,20405,MW20405,0.1440529,0.003529529,0.2040522,0.02939432,0.01225080,0.000720208,0.2906929,0.03251866,0.5957723,0.1731868,0.05593302,0.01937372,0.05,9.22e-06,0.1,0.2217238,9.22469e-05,4.09e-05,30,2020-04-02
49,1943.5588945111595,0.0022397805579013785,0.0037904455764984713,3.3721060478549724e-4,1.8118339515631573e-4,0.028441565187664507,1.1530351858692395e-4,7602.860477439729,0.014040417614747128,0.03975444559802358,0.001311284598665923,6.289625123081852e-4,1.0875619203228812,2.2552962242114948e-4,11659.728715438898,0.00658159033683502,0.010505934114835592,1.4764486607768254e-6,1.3150141529107456e-7,0.07419541500080153,1.3689848263475278e-8,1943.594,7603.004,11659.82,3.336267525355652e-4,6.897646832972589e-4,6.419407105546002e-5,2.5351859734641472e-5,1.3399094078540827e-5,0.0014860363316984149,0.004416230757361136,1.5282948969737087e-4,5.075021938146175e-5,1.642950774950302e-5,0.0010577331868262263,0.002014720536870228,2.919258067730289e-7,1.9016599257247783e-8,1.6281880910685589e-9,21206.148087389785,0.022861788509483526,0.054050825289357646,0.0016499716521121972,8.10277408879792e-4,1.1901989005113474,3.408468308563369e-4,0.0028773962710602063,0.007120715977528623,2.1731548655960393e-4,7.612109571536047e-5,2.9830230016134917e-5, 16,Sub-Saharan Africa,Malawi,Dowa,TA Mkukula,20405,MW20405,0.1440529,0.003529529,0.2040522,0.02939432,0.01225080,0.000720208,0.2906929,0.03251866,0.5957723,0.1731868,0.05593302,0.01937372,0.05,9.22e-06,0.1,0.2217238,9.22469e-05,4.09e-05,30,2020-04-02
50,1943.5586137889604,0.001926321010851192,0.0033634286254517025,3.1303317470831855e-4,1.8209140883727144e-4,0.029472494850991293,1.2884196869056232e-4,7602.859221419167,0.011639177253789459,0.03304142130048016,0.001133205931885918,5.963128253447154e-4,1.098127302776977,2.4116074201449927e-4,11659.727815730846,0.005725489881091631,0.009417193530260385,1.3815039401179618e-6,1.3283362038034144e-7,0.07704005605133063,1.534335553579596e-8,1943.594,7603.004,11659.82,2.807221990224207e-4,5.941817460726072e-4,5.7118727149952e-5,2.3632215703210576e-5,1.3538450103638366e-5,0.0012560205623231013,0.0036572609232807703,1.2704429018327296e-4,4.395384680713539e-5,1.563111959334979e-5,8.997080512926914e-4,0.00175580850703608,2.6240083559895725e-7,1.7867277812891047e-8,1.6535072723206817e-9,21206.145650938975,0.019290988145732282,0.04582204345619225,0.0014476206105343546,7.785370678023672e-4,1.2046398536792988,3.7001805406059737e-4,0.0024364508126382134,0.006007251176389458,1.8442541816882392e-4,6.760392978815886e-5,2.9171223204260476e-5, 16,Sub-Saharan Africa,Malawi,Dowa,TA Mkukula,20405,MW20405,0.1440529,0.003529529,0.2040522,0.02939432,0.01225080,0.000720208,0.2906929,0.03251866,0.5957723,0.1731868,0.05593302,0.01937372,0.05,9.22e-06,0.1,0.2217238,9.22469e-05,4.09e-05,30,2020-04-02
51,1943.5583775858017,0.0016521997952554585,0.0029698232503962353,2.8841013198488733e-4,1.8122182265055886e-4,0.0303883785281598,1.4238066995625538e-4,7602.8581602426375,0.009665861850554382,0.02745758852459128,9.756008487501213e-4,5.618279959953459e-4,1.1069229445083764,2.559336318756455e-4,11659.727051076343,0.004965120365646184,0.008398845108179677,1.2830136430442732e-6,1.3286968260708734e-7,0.07958352528409357,1.7005291914381224e-8,1943.594,7603.004,11659.82,2.362031586926605e-4,5.10324374288394e-4,5.0559520748645175e-5,2.1855037405131957e-5,1.3538701265693062e-5,0.001061176529219665,0.003034491932454742,1.0558137233697606e-4,3.79127721515738e-5,1.477288986114625e-5,7.646545036550378e-4,0.001525024019100485,2.3461822324439736e-7,1.6655426015904294e-8,1.6619363785852649e-9,21206.143588904783,0.016283182011456024,0.038826256883167196,0.0012652939943780528,7.431826883285118e-4,1.2168948483206297,3.983313071238153e-4,0.0020620341915673635,0.005069840325843621,1.5637551130886563e-4,5.978446498272166e-5,2.8313253063217898e-5, 16,Sub-Saharan Africa,Malawi,Dowa,TA Mkukula,20405,MW20405,0.1440529,0.003529529,0.2040522,0.02939432,0.01225080,0.000720208,0.2906929,0.03251866,0.5957723,0.1731868,0.05593302,0.01937372,0.05,9.22e-06,0.1,0.2217238,9.22469e-05,4.09e-05,30,2020-04-02
52,1943.5581788331267,0.0014137605778213101,0.0026106393051143436,2.6392135300757664e-4,1.7877395933138635e-4,0.03119827712545335,1.5579455268170363e-4,7602.857263986916,0.008040050799328784,0.022817695486286503,8.371322710569462e-4,5.263949099377425e-4,1.1142449265464778,2.6981306863533606e-4,11659.726401691492,0.0042938313382598,0.007456366600324148,1.1834758166297537e-6,1.3173566038772374e-7,0.08184677668558309,1.866022722691399e-8,1943.594,7603.004,11659.82,1.9875267503266514e-4,4.3719189246681353e-4,4.4543705660315083e-5,2.0067253153516887e-5,1.3413882725448254e-5,8.962557212726097e-4,0.0025220667724982077,8.773973725018521e-5,3.2585963771704384e-5,1.3879436759690542e-5,6.493848504760535e-4,0.0013206738778624378,2.0876879181008676e-7,1.5415330911230314e-8,1.6549353125327671e-9,21206.141844511534,0.013747642715409894,0.032884701391724995,0.0011022370998811527,7.053006049295165e-4,1.2272899803575141,4.256262815442666e-4,0.0017443932467813283,0.0042799325428274585,1.324922117023104e-4,5.2668632256132504e-5,2.7294974420451327e-5, 16,Sub-Saharan Africa,Malawi,Dowa,TA Mkukula,20405,MW20405,0.1440529,0.003529529,0.2040522,0.02939432,0.01225080,0.000720208,0.2906929,0.03251866,0.5957723,0.1731868,0.05593302,0.01937372,0.05,9.22e-06,0.1,0.2217238,9.22469e-05,4.09e-05,30,2020-04-02
53,1943.5580115842567,0.0012072862366065973,0.002285698762215869,2.4002373808148744e-4,1.749592129867316e-4,0.031911473912035394,1.6897388142840403e-4,7602.856507253687,0.006697459672871559,0.018964923142081862,7.162275660335974e-4,4.907460023609834e-4,1.1203406053369085,2.827845899753936e-4,11659.725850585944,0.0037042046884413434,0.006592071097854514,1.0849252868846438e-6,1.2956948721451282e-7,0.08385190346842299,2.0294385141792303e-8,1943.594,7603.004,11659.82,1.6724886995689303e-4,3.737232111716059e-4,3.907837372967689e-5,1.8306672772711748e-5,1.3179328746700398e-5,7.567332295366214e-4,0.002099324355993846,7.291794625479162e-5,2.792071500230483e-5,1.2971521340057518e-5,5.511055478564231e-4,0.0011407321976748797,1.8495758975246092e-7,1.4175405974878541e-8,1.6341579148783114e-9,21206.140369423887,0.0116089505979195,0.027842693002152245,9.573362294019695e-4,6.658347848349295e-4,1.2361039827173668,4.517787657889394e-4,0.0014750876473499375,0.003613779764840332,1.1218127757422098e-4,4.624156318099146e-5,2.6152484244672796e-5, 16,Sub-Saharan Africa,Malawi,Dowa,TA Mkukula,20405,MW20405,0.1440529,0.003529529,0.2040522,0.02939432,0.01225080,0.000720208,0.2906929,0.03251866,0.5957723,0.1731868,0.05593302,0.01937372,0.05,9.22e-06,0.1,0.2217238,9.22469e-05,4.09e-05,30,2020-04-02
54,1943.5578708313483,0.0010291737004327374,0.0019939608926906097,2.1706390425860775e-4,1.6999121181443695e-4,0.03253715409564817,1.818248470612335e-4,7602.85586848024,0.005586341016630619,0.015767114208924293,6.112217039415266e-4,4.554723404231585e-4,1.1254165199681732,2.948505193589744e-4,11659.725383178897,0.0031885891578428472,0.005805821473855023,9.88969507637711e-7,1.265140529291955e-7,0.08562127308239428,2.1895756846994253e-8,1943.594,7603.004,11659.82,1.4075290846449207e-4,3.1886544463835195e-4,3.415288738317955e-5,1.6602262554280856e-5,1.2850965632829462e-5,6.387734465533867e-4,0.0017498921027943272,6.061329585123948e-5,2.3857919997291885e-5,1.2065929383580796e-5,4.6740704783587717e-4,9.830225784343734e-4,1.6320987593069647e-7,1.2958282758881462e-8,1.6013717052019502e-9,21206.139122490484,0.009804103874906203,0.023566896575469926,8.292745777077721e-4,6.255900662905247e-4,1.2435749471462156,4.7669726217705485e-4,0.001246933402853756,0.0030517801258670525,9.492939311034973e-5,4.047314083433162e-5,2.491849638811546e-5, 16,Sub-Saharan Africa,Malawi,Dowa,TA Mkukula,20405,MW20405,0.1440529,0.003529529,0.2040522,0.02939432,0.01225080,0.000720208,0.2906929,0.03251866,0.5957723,0.1731868,0.05593302,0.01937372,0.05,9.22e-06,0.1,0.2217238,9.22469e-05,4.09e-05,30,2020-04-02
55,1943.557752362927,8.760228017168305e-4,0.0017337761261088738,1.9529219322748684e-4,1.6407878246174626e-4,0.03308419777721789,1.9426939264045198e-4,7602.855329392089,0.0046650019599190195,0.013113396890096211,5.204428760253109e-4,4.210390309255258e-4,1.1296447005410117,3.060266122200721e-4,11659.724986985053,0.0027394116353450966,0.00509562719767779,8.968328490956549e-7,1.2271204794037267e-7,0.08717693310353991,2.3454121179159805e-8,1943.594,7603.004,11659.82,1.1846842130580626e-4,2.716193200217132e-4,2.9745408612072452e-5,1.4975660908726841e-5,1.2444545579218486e-5,5.39088151526812e-4,0.0014604272082384111,5.040156177218619e-5,2.0337444557744395e-5,1.117609286109772e-5,3.9619384369871113e-4,8.453713661964618e-4,1.43496108255482e-7,1.1781638339876906e-8,1.5583643321655519e-9,21206.138068740067,0.008280436396980947,0.019942800213882877,7.166319021018933e-4,5.852405254352125e-4,1.2499058314217695,5.003194589817033e-4,0.0010537504165313294,0.0025774178944565863,8.029046649251412e-5,3.5324887104811114e-5,2.3622196804648372e-5, 16,Sub-Saharan Africa,Malawi,Dowa,TA Mkukula,20405,MW20405,0.1440529,0.003529529,0.2040522,0.02939432,0.01225080,0.000720208,0.2906929,0.03251866,0.5957723,0.1731868,0.05593302,0.01937372,0.05,9.22e-06,0.1,0.2217238,9.22469e-05,4.09e-05,30,2020-04-02
56,1943.557652638063,7.446968363106823e-4,0.0015030933621105907,1.748771926130638e-4,1.5742035677964746e-4,0.03356102953450522,2.0624465483724114e-4,7602.854874513681,0.0038996898451054388,0.010911163327423217,4.422753995004374e-4,3.8780086759564533e-4,1.1331682178378635,3.163390397102082e-4,11659.72465132892,0.0023494109494586204,0.004458147666944672,8.094055992239755e-7,1.1830170982263955e-7,0.0885401597841818,2.496101675309228e-8,1943.594,7603.004,11659.82,9.972486395781743e-5,2.3105082936396564e-4,2.5826154312202525e-5,1.344197542497007e-5,1.1975262196789162e-5,4.548784072540002e-4,0.001220190522067581,4.192743297733984e-5,1.7300019989031383e-5,1.0312427490136123e-5,3.3565613375685643e-4,7.256568196433327e-4,1.257451025995414e-7,1.0658617623561037e-8,1.5068955739324763e-9,21206.137178480665,0.006993797630874742,0.01687240435647848,6.179619977127251e-4,5.453395260851154e-4,1.2552694071565504,5.226086555642025e-4,8.902594049686741e-4,0.002176898171074879,6.78793323921419e-5,3.0752654031625014e-5,2.2289196582499217e-5, 16,Sub-Saharan Africa,Malawi,Dowa,TA Mkukula,20405,MW20405,0.1440529,0.003529529,0.2040522,0.02939432,0.01225080,0.000720208,0.2906929,0.03251866,0.5957723,0.1731868,0.05593302,0.01937372,0.05,9.22e-06,0.1,0.2217238,9.22469e-05,4.09e-05,30,2020-04-02
57,1943.5575686800323,6.323506211396139e-4,0.0012996280202177577,1.5591933246198922e-4,1.502001134748679e-4,0.03397551984224154,2.1770203833562963e-4,7602.854490748951,0.003262970352635436,0.009083303411516521,3.7519995096474965e-4,3.5601777580134334e-4,1.1361059377711766,3.2582178574475876e-4,11659.724367094832,0.002011780215135723,0.00388912131385952,7.27291472446099e-7,1.1341372565350963e-7,0.08973113651262934,2.640966589954362e-8,1943.594,7603.004,11659.82,8.395803070015972e-5,1.9630424587122812e-4,2.2360320347798984e-5,1.2010901711941002e-5,1.145738349838849e-5,3.837647300315439e-4,0.0010204842225015466,3.489449437081169e-5,1.4689065988515675e-5,9.482746034550544e-6,2.84234087303048e-4,6.218648216259454e-4,1.0985601910445715e-7,9.598507294116685e-9,1.4486491464513374e-9,21206.136426523815,0.005907101188910773,0.014272052745593799,5.31846574899185e-4,5.063313030018648e-4,1.2598125941260476,5.435502337462879e-4,7.519568480347516e-4,0.0018386532899987201,5.7364670737715134e-5,2.6709566207750795e-5,2.0941578182085486e-5, 16,Sub-Saharan Africa,Malawi,Dowa,TA Mkukula,20405,MW20405,0.1440529,0.003529529,0.2040522,0.02939432,0.01225080,0.000720208,0.2906929,0.03251866,0.5957723,0.1731868,0.05593302,0.01937372,0.05,9.22e-06,0.1,0.2217238,9.22469e-05,4.09e-05,30,2020-04-02
58,1943.5574979864805,5.36434879805326e-4,0.0011209952837157636,1.384636240448373e-4,1.425854572856567e-4,0.0343349282264043,2.2860604849334835e-4,7602.85416702174,0.0027324809405981035,0.007565726169340013,3.1781606757176866e-4,3.2586972991140487e-4,1.138556570939846,3.3451441260691153e-4,11659.724126508312,0.0017202411374369218,0.003383723272944072,6.508536609504396e-7,1.0816904038625853e-7,0.0907687404473251,2.7794865179880594e-8,1943.594,7603.004,11659.82,7.069355183375592e-5,1.6660929316804373e-4,1.931042935037482e-5,1.0687655209441872e-5,1.0904010157718717e-5,3.237272112528444e-4,8.542166232901769e-4,2.905637228705926e-5,1.2451969507451271e-5,8.692626862152766e-6,2.405865197943058e-4,5.321255974931069e-4,9.570833931991015e-8,8.607307540778478e-9,1.385199280336975e-9,21206.13579151653,0.004989156957840351,0.012070444725999848,4.5693054527755643e-4,4.685633562374478e-4,1.2636602396135754,5.631482559654398e-4,6.350072828809061e-4,0.0015529515139513276,4.8462509976753994e-5,2.3148232024433923e-5,1.959802221915182e-5, 16,Sub-Saharan Africa,Malawi,Dowa,TA Mkukula,20405,MW20405,0.1440529,0.003529529,0.2040522,0.02939432,0.01225080,0.000720208,0.2906929,0.03251866,0.5957723,0.1731868,0.05593302,0.01937372,0.05,9.22e-06,0.1,0.2217238,9.22469e-05,4.09e-05,30,2020-04-02
59,1943.5574384278175,4.547116739803484e-4,9.648100401758984e-4,1.2251128246877383e-4,1.3472560722260673e-4,0.034645880592856684,2.3893298620010408e-4,7602.853893849673,0.0022900393623228894,0.006305272027635269,2.6885266943767097e-4,2.974703707781026e-4,1.1406020556967038,3.424601992495055e-4,11659.723922856723,0.0014691578587837195,0.0029368499156834484,5.802585404396605e-7,1.0267743330196718e-7,0.09167042344155593,2.9112854309944487e-8,1943.594,7603.004,11659.82,5.955866299700574e-5,1.4128186882198337e-4,1.6638233945077526e-5,9.473848910909491e-6,1.0326937706755732e-5,2.731720669544302e-4,7.156136452296444e-4,2.420841124417581e-5,1.0540611339187497e-5,7.945786642593979e-6,2.0365158889035229e-4,4.547348675435546e-4,8.317056375268854e-8,7.688284213173381e-9,1.317989130063893e-9,21206.135255134213,0.004213908895086957,0.010206931983494616,3.9194421044688445e-4,4.322986554340113e-4,1.2669183597311164,5.814222983039195e-4,5.363823188417882e-4,0.0013116303815951824,4.0929815753006026e-5,2.0022148534310162e-5,1.8274042338479776e-5, 16,Sub-Saharan Africa,Malawi,Dowa,TA Mkukula,20405,MW20405,0.1440529,0.003529529,0.2040522,0.02939432,0.01225080,0.000720208,0.2906929,0.03251866,0.5957723,0.1731868,0.05593302,0.01937372,0.05,9.22e-06,0.1,0.2217238,9.22469e-05,4.09e-05,30,2020-04-02
60,1943.5573871596278,3.861476321053442e-4,8.28868629258213e-4,1.0803007048297046e-4,1.2675110788230574e-4,0.03491437336302096,2.48669569790546e-4,7602.853658377683,0.0019250365923098975,0.005258422954963679,2.2717036597331302e-4,2.70879234777786e-4,1.1423104085592588,3.497046092657233e-4,11659.723746802765,0.0012566688357376625,0.0025437145254354676,5.155160241288836e-7,9.703676059794942e-8,0.09245217094574434,3.0361171193732556e-8,1943.594,7603.004,11659.82,5.126818973621994e-5,1.1983223161122418e-4,1.430619226304235e-5,8.368294024569283e-6,9.736583590441912e-6,2.3547198998130625e-4,6.004747599942981e-4,2.0181034809223262e-5,8.911593281990367e-6,7.24441001621781e-6,1.760539580573095e-4,3.885429811033665e-4,7.21074065542106e-8,6.842496143249379e-9,1.2483168837880697e-9,21206.134792340075,0.003567853060152904,0.00863100610965736,3.3571595248041235e-4,3.977273794206897e-4,1.269676952868024,5.98404540227463e-4,4.627941377748357e-4,0.0011088499727088888,3.455933447881982e-5,1.72867298027029e-5,1.698224192354351e-5, 16,Sub-Saharan Africa,Malawi,Dowa,TA Mkukula,20405,MW20405,0.1440529,0.003529529,0.2040522,0.02939432,0.01225080,0.000720208,0.2906929,0.03251866,0.5957723,0.1731868,0.05593302,0.01937372,0.05,9.22e-06,0.1,0.2217238,9.22469e-05,4.09e-05,30,2020-04-02
61,1943.5573430860359,3.2840051767385237e-4,7.110703628673352e-4,9.496827819373636e-5,1.1877418218527869e-4,0.03514588907435431,2.578115490066295e-4,7602.853455714395,0.001622367435932732,0.004389182181671673,1.91763402073061e-4,2.461125851575453e-4,1.1437385659487522,3.5629405099795537e-4,11659.723594881401,0.001076112019910839,0.002199572190653051,4.565442270188039e-7,9.133285947613258e-8,0.09312885495884478,3.15385010162668e-8,1943.594,7603.004,11659.82,4.407359188007831e-5,1.0182070631157013e-4,1.2283952392545473e-5,7.3678280242060814e-6,9.14197921608349e-6,2.0266328829166014e-4,5.053324446688257e-4,1.683962157859456e-5,7.52627215332574e-6,6.589441732232052e-6,1.519213637948269e-4,3.3247817962165044e-4,6.241614493018053e-8,6.0693971020130115e-9,1.1773298225342466e-9,21206.13439368183,0.0030268799735174235,0.007299824735192059,2.871882244938162e-4,3.6497810020230014e-4,1.2720133099819513,6.141371385056011e-4,3.9865824396656535e-4,9.396313306020462e-4,2.9185990116070213e-5,1.4900169574633835e-5,1.5732598278138075e-5, 16,Sub-Saharan Africa,Malawi,Dowa,TA Mkukula,20405,MW20405,0.1440529,0.003529529,0.2040522,0.02939432,0.01225080,0.000720208,0.2906929,0.03251866,0.5957723,0.1731868,0.05593302,0.01937372,0.05,9.22e-06,0.1,0.2217238,9.22469e-05,4.09e-05,30,2020-04-02
62,1943.5573061891616,2.787150857983527e-4,6.093884586488836e-4,8.324848659518079e-5,1.1088955414624814e-4,0.03534520685941607,2.6636239388294045e-4,7602.853285879261,0.0013661454696305656,0.0036675120217604103,1.6173891979102186e-4,2.231527754843095e-4,1.1449332966503736,3.6227490062664417e-4,11659.723467253689,9.191305866898216e-4,0.0018996226731435467,4.0312282665829824e-7,8.563981152652539e-8,0.09371347163168656,3.264453143633628e-8,1943.594,7603.004,11659.82,3.689687423502619e-5,8.658230611052585e-5,1.0530185841614901e-5,6.46791046701773e-6,8.550844876310966e-6,1.698351334198378e-4,4.260570997220042e-4,1.4060577112315221e-5,6.35058065242899e-6,5.980849628688795e-6,1.2762771257257555e-4,2.846091457935929e-4,5.392372455785448e-8,5.367256245918007e-9,1.1060304200694794e-9,21206.13405932211,0.00256399114211874,0.00617652315355284,2.4539052921286093e-4,3.3412796944208415e-4,1.273991975141476,6.286699390410209e-4,3.3435972022743954e-4,7.97248551626123e-4,2.4644686678487976e-5,1.2823858375692639e-5,1.453280053541983e-5, 16,Sub-Saharan Africa,Malawi,Dowa,TA Mkukula,20405,MW20405,0.1440529,0.003529529,0.2040522,0.02939432,0.01225080,0.000720208,0.2906929,0.03251866,0.5957723,0.1731868,0.05593302,0.01937372,0.05,9.22e-06,0.1,0.2217238,9.22469e-05,4.09e-05,30,2020-04-02
63,1943.557274992229,2.3645586256120773e-4,5.21616741553733e-4,7.278680261325882e-5,1.0317530844548323e-4,0.03551664111113021,2.7433194487718414e-4,7602.853142162019,0.0011510477616762612,0.0030670140886939748,1.3632106414051566e-4,2.019560751536576e-4,1.1459338062633428,3.676927265604998e-4,11659.723359014975,7.844185101500351e-4,0.0016381599072803326,3.5499331534587085e-7,8.002018747194594e-8,0.09421793790069644,3.3679794332253393e-8,1943.594,7603.004,11659.82,3.119693269582058e-5,7.345615593296555e-5,9.01796184663908e-6,5.662594736877314e-6,7.969550994243698e-6,1.4371724228112726e-4,3.588149502354316e-4,1.1752350270754513e-5,5.354475956554777e-6,5.417825933855616e-6,1.082387134374585e-4,2.42950789977245e-4,4.653058684425925e-8,4.733004907834332e-9,1.035262895917111e-9,21206.133776169223,0.002171922134387504,0.005226790737528041,2.0946286006912036e-4,3.0521140378661276e-4,1.2756683852751696,6.420583512320162e-4,2.8315288841440633e-4,6.752218961456422e-4,2.081684270423785e-5,1.1021803698339925e-5,1.3388412190995231e-5, 16,Sub-Saharan Africa,Malawi,Dowa,TA Mkukula,20405,MW20405,0.1440529,0.003529529,0.2040522,0.02939432,0.01225080,0.000720208,0.2906929,0.03251866,0.5957723,0.1731868,0.05593302,0.01937372,0.05,9.22e-06,0.1,0.2217238,9.22469e-05,4.09e-05,30,2020-04-02
64,1943.5572486546494,2.0053411329711078e-4,4.45882896355165e-4,6.349405163023437e-5,9.569374600561139e-5,0.035664005188750535,2.817353546251337e-4,7602.853020747278,9.702909104558667e-4,0.002566352412637786,1.1483715448265522e-4,1.824591039771281e-4,1.1467727214055243,3.7259173448070057e-4,11659.723267387684,6.689459897154728e-4,0.0014103536959833402,3.1185965043582417e-7,7.452527388355366e-8,0.09465289158721307,3.4645547678027186e-8,1943.594,7603.004,11659.82,2.6337579583923798e-5,6.225932884802076e-5,7.718374963811333e-6,4.945013533750937e-6,7.403409747949556e-6,1.2141474144300446e-4,3.02171592663399e-4,9.835349808429925e-6,4.51163015197158e-6,4.899007920200786e-6,9.162729111267254e-5,2.0709981154723488e-4,4.011873239870915e-8,4.162619865437792e-9,9.657533457737921e-10,21206.13353678961,0.0018397710134684503,0.004422589004976291,1.7864306576332543e-4,2.7822737525662306e-4,1.277089618181488,6.543617346535123e-4,2.393796121396008e-4,5.715307330586546e-4,1.759384350463997e-5,9.460806305587955e-6,1.2303383421496115e-5, 16,Sub-Saharan Africa,Malawi,Dowa,TA Mkukula,20405,MW20405,0.1440529,0.003529529,0.2040522,0.02939432,0.01225080,0.000720208,0.2906929,0.03251866,0.5957723,0.1731868,0.05593302,0.01937372,0.05,9.22e-06,0.1,0.2217238,9.22469e-05,4.09e-05,30,2020-04-02
65,1943.5572264204154,1.69951059723986e-4,3.8084060086716637e-4,5.5262888555210435e-5,8.849422468951601e-5,0.035790438963093016,2.8859184782998313e-4,7602.852918191692,8.179626459944906e-4,0.002149390709346666,9.669040615179213e-5,1.6458505531698282e-4,1.1474761651718586,3.7701431875484354e-4,11659.723189850229,5.698479220560879e-4,0.0012129361089141893,2.733110728788933e-7,6.919723967934876e-8,0.09502698767575016,3.554362018539562e-8,1943.594,7603.004,11659.82,2.2234233938434045e-5,5.281728751155881e-5,6.592242413105906e-6,4.30905872922038e-6,6.856493204849428e-6,1.0255558572680457e-4,2.548838501881806e-4,8.230645506564212e-6,3.799740076723532e-6,4.422584274142976e-6,7.753745558147784e-5,1.766355232408627e-4,3.4505239861456804e-8,3.6526908709193824e-9,8.980725073684363e-10,21206.133334462334,0.0015577616277745645,0.0037431674191280217,1.5222660577988146e-4,2.531484772461782e-4,1.2782935918107017,6.656417102050121e-4,2.0232727524671645e-4,4.8433666094060214e-4,1.4857393159531575e-5,8.11245149681483e-6,1.1279975551499773e-5, 16,Sub-Saharan Africa,Malawi,Dowa,TA Mkukula,20405,MW20405,0.1440529,0.003529529,0.2040522,0.02939432,0.01225080,0.000720208,0.2906929,0.03251866,0.5957723,0.1731868,0.05593302,0.01937372,0.05,9.22e-06,0.1,0.2217238,9.22469e-05,4.09e-05,30,2020-04-02
66,1943.5572076373,1.4398414663982254e-4,3.249723445356669e-4,4.800117789325567e-5,8.161299834059215e-5,0.03589886823320772,2.9492379933410227e-4,7602.852831516095,6.897583985489017e-4,0.0018013987885106134,8.138029242105585e-5,1.4824739290387822e-4,1.1480666982553207,3.8100077723708626e-4,11659.723124209007,4.850889243694066e-4,0.0010418436682463983,2.3900818354350064e-7,6.406841514798211e-8,0.09534851893640016,3.637630059224362e-8,1943.594,7603.004,11659.82,1.878311536529509e-5,4.475002844945856e-5,5.627884535019021e-6,3.74691380763438e-6,6.3319515041191385e-6,8.667559723107843e-5,2.1487984467666733e-4,6.895629424943231e-6,3.1988016982307858e-6,3.986458482242716e-6,6.564122122654226e-5,1.5040021891322356e-4,2.965670121910389e-8,3.197979527724829e-9,8.326804068479989e-10,21206.133163362403,0.0013188314695581308,0.003168214801292679,1.2962047849785502e-4,2.2992445965961837e-4,1.2793140854249285,6.759609528717808e-4,1.7109993382291577e-4,4.100300920393495e-4,1.2553170661181355e-5,6.9489134853928905e-6,1.0319242666768703e-5, 16,Sub-Saharan Africa,Malawi,Dowa,TA Mkukula,20405,MW20405,0.1440529,0.003529529,0.2040522,0.02939432,0.01225080,0.000720208,0.2906929,0.03251866,0.5957723,0.1731868,0.05593302,0.01937372,0.05,9.22e-06,0.1,0.2217238,9.22469e-05,4.09e-05,30,2020-04-02
67,1943.5571914341574,1.2225004999635565e-4,2.770730785555747e-4,4.16177264512012e-5,7.507494460485658e-5,0.035991794036766646,3.0075600619714133e-4,7602.852756720174,5.831910734443481e-4,0.00151079960710965,6.847629606655772e-5,1.333536186904028e-4,1.1485628700865702,3.845891441921938e-4,11659.7230674775,4.1372571236356515e-4,8.938988429574846e-4,2.0860102744549504e-7,5.916244995548495e-8,0.09562459302279047,3.7146251852680795e-8,1943.594,7603.004,11659.82,1.6203142649828806e-5,3.7937239293295695e-5,4.801094966186509e-6,3.251268230596154e-6,5.8322068630390625e-6,7.479592113668332e-5,1.8136324624123696e-4,5.781917308559067e-6,2.691760052313012e-6,3.588366955107529e-6,5.673150735674426e-5,1.280947193625857e-4,2.5463792271512403e-8,2.7935474184759005e-9,7.699512604371745e-10,21206.133015631833,0.0011191668358042689,0.0026817715286227093,1.1030262354520442e-4,2.0848772574521486e-4,1.2801792571461272,6.853822966411877e-4,1.4773057114325638e-4,3.473952048971184e-4,1.0608476067017089e-5,5.945821830327641e-6,9.421343769407028e-6, 16,Sub-Saharan Africa,Malawi,Dowa,TA Mkukula,20405,MW20405,0.1440529,0.003529529,0.2040522,0.02939432,0.01225080,0.000720208,0.2906929,0.03251866,0.5957723,0.1731868,0.05593302,0.01937372,0.05,9.22e-06,0.1,0.2217238,9.22469e-05,4.09e-05,30,2020-04-02
68,1943.5571774830037,1.0396201098935297e-4,2.3613675185891623e-4,3.6020965981275774e-5,6.889726290483464e-5,0.0360713853809668,3.061146237196735e-4,7602.852692303686,4.940943438618842e-4,0.0012682631762640476,5.760543894311507e-5,1.1980925497089687e-4,1.1489801090374603,3.878150617574935e-4,11659.723018551344,3.5332100006607684e-4,7.664484503073026e-4,1.8172155353099094e-7,5.4497420296105887e-8,0.09586140511800616,3.785636387463681e-8,1943.594,7603.004,11659.82,1.395115373270528e-5,3.2239192739707957e-5,4.092927792144673e-6,2.816723580997117e-6,5.358617522532145e-6,6.441648747568252e-5,1.535132170581464e-4,4.851925026539247e-6,2.2649123647731264e-6,3.2259175652997116e-6,4.892615652352106e-5,1.0933086882100937e-4,2.1842337348806844e-8,2.4360905631655474e-9,7.101120219560142e-10,21206.132888338034,9.513773549173141e-4,0.0022708483784302665,9.380812647792184e-5,1.8876101529602762e-4,1.2809128995364332,6.939675418410416e-4,1.2729379773190885e-4,2.9508327861886373e-4,8.966695156032727e-6,5.084072036333409e-6,8.585245199853812e-6, 16,Sub-Saharan Africa,Malawi,Dowa,TA Mkukula,20405,MW20405,0.1440529,0.003529529,0.2040522,0.02939432,0.01225080,0.000720208,0.2906929,0.03251866,0.5957723,0.1731868,0.05593302,0.01937372,0.05,9.22e-06,0.1,0.2217238,9.22469e-05,4.09e-05,30,2020-04-02
69,1943.5571657574112,8.82745349115108e-5,2.012132341498052e-4,3.112793553040984e-5,6.308799429333979e-5,0.036139512010929596,3.1102687896982265e-4,7602.85263815335,4.1817350591926035e-4,0.0010658168112710029,4.845500037088189e-5,1.0751895200416336e-4,1.149331170741884,3.9071163679318553e-4,11659.722977369449,3.0115967168595464e-4,6.568855848716383e-4,1.580328625893974e-7,5.00840655704608e-8,0.09606433865555326,3.850973009035512e-8,1943.594,7603.004,11659.82,1.172559245787852e-5,2.7413068535720695e-5,3.486673525163898e-6,2.4359204499336414e-6,4.912255250149179e-6,5.415033592726104e-5,1.300711738698849e-4,4.0736058651019775e-6,1.9049619509269982e-6,2.8965750356920307e-6,4.118189463042654e-5,9.334322301054874e-5,1.8717457650288973e-8,2.120307429594126e-9,6.533662157183112e-10,21206.132781280212,0.00080760771251672575,0.0019239156302924463,7.974096876388113e-5,1.706570303630736e-4,1.281535021408367,7.017770254930985e-4,1.070578230155661e-4,2.508274654161543e-4,7.578996847916164e-6,4.343002708290234e-6,7.809483652056927e-6, 16,Sub-Saharan Africa,Malawi,Dowa,TA Mkukula,20405,MW20405,0.1440529,0.003529529,0.2040522,0.02939432,0.01225080,0.000720208,0.2906929,0.03251866,0.5957723,0.1731868,0.05593302,0.01937372,0.05,9.22e-06,0.1,0.2217238,9.22469e-05,4.09e-05,30,2020-04-02
70,1943.5571558291074,7.493620973761992e-5,1.7137639888712596e-4,2.6862101820258274e-5,5.764926872968892e-5,0.03619782660078439,3.155203128006469e-4,7602.852592297962,3.5396959370981247e-4,8.9635245984919e-4,4.075709091516787e-5,9.638885918044112e-5,1.149626924343998,3.9330968900279096e-4,11659.722942455866,2.5655662662259644e-4,5.625687270387472e-4,1.3721998488708024e-7,4.592841679049868e-8,0.09623819650985202,3.910953735766744e-8,1943.594,7603.004,11659.82,9.92830382529064e-6,2.326662899918152e-5,2.970237128627943e-6,2.1034744167302485e-6,4.493433830824237e-6,4.585538863466354e-5,1.1005930084411142e-4,3.4243883591793855e-6,1.602199254899059e-6,2.5980522096054315e-6,3.4913582567241974e-5,7.951662763060018e-5,1.6035600150202133e-8,1.8424238926259642e-9,5.998072673123221e-10,21206.132690582934,6.854624300700288e-4,0.0016302975857750632,6.775641272031323e-5,1.5408405632692053e-4,1.2820629474546346,7.088691113407955e-4,9.069727502719616e-5,2.1284255747389312e-4,6.41066108795753e-6,3.7075160955219334e-6,7.0920858476969805e-6, 16,Sub-Saharan Africa,Malawi,Dowa,TA Mkukula,20405,MW20405,0.1440529,0.003529529,0.2040522,0.02939432,0.01225080,0.000720208,0.2906929,0.03251866,0.5957723,0.1731868,0.05593302,0.01937372,0.05,9.22e-06,0.1,0.2217238,9.22469e-05,4.09e-05,30,2020-04-02
71,1943.5571474195324,6.360782731667308e-5,1.4588518382286218e-4,2.315184934790675e-5,5.257785167460304e-5,0.036247735337423426,3.196224179101416e-4,7602.85255345486,2.996963534617557e-4,7.542694627230833e-4,3.428382709030398e-5,8.632777880029516e-5,1.1498763300683243,3.956376479019649e-4,11659.722912850639,2.184770819363747e-4,4.8139578173611445e-4,1.1898084643858916e-7,4.203213212811484e-8,0.096387075812813,3.96590198308293e-8,1943.594,7603.004,11659.82,8.409575002588099e-6,1.9737957423534934e-5,2.529804209343495e-6,1.813940172966302e-6,4.1021051094946985e-6,3.88431017199764e-5,9.311634196803318e-5,2.8813800633744888e-6,1.3475635805680142e-6,2.3279588991739243e-6,2.9605227609863505e-5,6.768477229608525e-5,1.373166298955718e-8,1.5985400719024133e-9,5.494824731618575e-10,21206.132613725033,5.817812627148034e-4,0.0013815504282820598,5.7554657284649314e-5,1.3894766260702632e-4,1.2825111412185608,7.152997248319373e-4,7.6857904332428e-5,1.8053907168765336e-4,5.424915935707541e-6,3.1631022936062185e-6,6.430613491141785e-6, 16,Sub-Saharan Africa,Malawi,Dowa,TA Mkukula,20405,MW20405,0.1440529,0.003529529,0.2040522,0.02939432,0.01225080,0.000720208,0.2906929,0.03251866,0.5957723,0.1731868,0.05593302,0.01937372,0.05,9.22e-06,0.1,0.2217238,9.22469e-05,4.09e-05,30,2020-04-02
72,1943.5571403002905,5.397061285336539e-5,1.241521846939803e-4,1.9929734898196945e-5,4.7866316192540404e-5,0.03629042057105967,3.233602898080369e-4,7602.852520571333,2.5371812914088267e-4,6.351701460530384e-4,2.883982898284053e-5,7.724810501258625e-5,1.1500867307710918,3.9772168442596325e-4,11659.72288776412,1.8592463649494013e-4,4.117144174600363e-4,1.030232944321003e-7,3.83933558467051e-8,0.09651441523726853,4.0161409747988636e-8,1943.594,7603.004,11659.82,7.119241899999906e-6,1.6756456363307604e-5,2.1528314838337438e-6,1.5624586207649812e-6,3.7378718978953217e-6,3.2883526728255674e-5,7.886175104912871e-5,2.425181448414052e-6,1.133578135644866e-6,2.08403652399836e-6,2.5086519599426538e-5,5.76389650408611e-5,1.1744905686466764e-8,1.3851228846477813e-9,5.023899171593361e-10,21206.132548635742,4.936133784891882e-4,0.001171036748207055,4.887258717546958e-5,1.2515281456097337e-4,1.28289156657942,7.211221356437481e-4,6.508928822768212e-5,1.5325717245329742e-4,4.589757837934262e-6,2.6974218792944948e-6,5.822410811810841e-6, 16,Sub-Saharan Africa,Malawi,Dowa,TA Mkukula,20405,MW20405,0.1440529,0.003529529,0.2040522,0.02939432,0.01225080,0.000720208,0.2906929,0.03251866,0.5957723,0.1731868,0.05593302,0.01937372,0.05,9.22e-06,0.1,0.2217238,9.22469e-05,4.09e-05,30,2020-04-02
73,1943.557134269113,4.578465912323726e-5,1.0562162078300665e-4,1.713693680014059e-5,4.350365526114896e-5,0.03632692367450766,3.2676034036852e-4,7602.852492714251,2.1480636447877163e-4,5.351975381263179e-4,2.4262505732091326e-5,6.906645278279112e-5,1.1502643671268145,3.9958576006341763e-4,11659.722866494116,1.5815175151628674e-4,3.5190740865177463e-4,8.909174869176506e-8,3.500710850615739e-8,0.0966232819923797,4.0619897538012166e-8,1943.594,7603.004,11659.82,6.031177463228232e-6,1.421713119335636e-5,1.8316774852243931e-6,1.344302218283072e-6,3.400050560483075e-6,2.785708238661755e-5,6.676884704872858e-5,2.0427162166132314e-6,9.536358833880143e-7,1.8640756374543833e-6,2.1270003344397992e-5,4.9042888323051385e-5,1.0041065575682523e-8,1.198630565800888e-9,4.5848779002353e-10,21206.13249347748,4.187427751182956e-4,9.927265675610992e-4,4.148853428092368e-5,1.1260511515244624e-4,1.2832145727937019,7.263867203294756e-4,5.515826319424377e-5,1.3002886656513632e-4,3.884434767413307e-6,2.299136732236887e-6,5.264584685727482e-6, 16,Sub-Saharan Africa,Malawi,Dowa,TA Mkukula,20405,MW20405,0.1440529,0.003529529,0.2040522,0.02939432,0.01225080,0.000720208,0.2906929,0.03251866,0.5957723,0.1731868,0.05593302,0.01937372,0.05,9.22e-06,0.1,0.2217238,9.22469e-05,4.09e-05,30,2020-04-02
74,1943.5571290529933,3.8929118540254685e-5,8.983656271569804e-5,1.4720688672325107e-5,3.947623936706475e-5,0.036358136327788386,3.2984806954350614e-4,7602.852468623175,1.8231219278770842e-4,4.512423835306294e-4,2.0414616624689617e-5,6.170415373741035e-5,1.1504144517083634,4.0125176856701985e-4,11659.722848085335,1.3480982120735744e-4,3.0064253163974644e-4,7.695387016241577e-8,3.1866019011132294e-8,0.09671631244113316,4.103759787814763e-8,1943.594,7603.004,11659.82,5.216119689066545e-6,1.207166027204912e-5,1.5581103840096627e-6,1.1553178014421358e-6,3.0877291749861584e-6,2.4091075829346664e-5,5.658524752040988e-5,1.7217323582438979e-6,8.023201240285e-7,1.6660085036022216e-6,1.8408780306344852e-5,4.1750710615274156e-5,8.580399610296997e-9,1.0359139069823145e-9,4.1770034013546466e-10,21206.132445761505,3.560511325353205e-4,8.417214778860738e-4,3.521225916717714e-5,1.0121225912348624e-4,1.283488900477285,7.311408757084041e-4,4.771597582475806e-5,1.1040761840773315e-4,3.2884231418638577e-6,1.958673839377618e-6,4.754155378928516e-6, 16,Sub-Saharan Africa,Malawi,Dowa,TA Mkukula,20405,MW20405,0.1440529,0.003529529,0.2040522,0.02939432,0.01225080,0.000720208,0.2906929,0.03251866,0.5957723,0.1731868,0.05593302,0.01937372,0.05,9.22e-06,0.1,0.2217238,9.22469e-05,4.09e-05,30,2020-04-02
75,1943.557124565745,3.314742334997988e-5,7.640872688853278e-5,1.2633692995133855e-5,3.5768742884298504e-5,0.03638482778818387,3.3264788067882955e-4,7602.852447900172,1.5498267703522282e-4,3.8074072062248054e-4,1.718028214007666e-5,5.508757806436005e-5,1.1505413689103987,4.0273965823831644e-4,11659.722832239204,1.1505423332787907e-4,2.567769887922266e-4,6.63985144626888e-8,2.896109314243491e-8,0.0967957927822842,4.141752028581372e-8,1943.594,7603.004,11659.82,4.487248361328966e-6,1.026894355160377e-5,1.3254324349282754e-6,9.919686239535507e-7,2.7998111353234032e-6,2.0723003217426594e-5,4.805251896991219e-5,1.45238357135175e-6,6.751353274440783e-7,1.4878896712965887e-6,1.584613164595794e-5,3.56017195254363e-5,7.330608605391848e-9,8.942982152559406e-10,3.799224076660874e-10,21206.13240470512,3.0318433371308176e-4,7.139264363032399e-4,2.9880373649673206e-5,9.088528204180099e-5,1.2837219894808667,7.354289564374319e-4,4.10563832247135e-5,9.392318204695226e-5,2.7851466148854172e-6,1.667998249612885e-6,4.288080729027658e-6, 16,Sub-Saharan Africa,Malawi,Dowa,TA Mkukula,20405,MW20405,0.1440529,0.003529529,0.2040522,0.02939432,0.01225080,0.000720208,0.2906929,0.03251866,0.5957723,0.1731868,0.05593302,0.01937372,0.05,9.22e-06,0.1,0.2217238,9.22469e-05,4.09e-05,30,2020-04-02
76,1943.5571207638052,2.819171954348827e-5,6.497810419191841e-5,1.0831148036002675e-5,3.23634089049045e-5,0.03640768739195077,3.351844221884996e-4,7602.852430343863,1.3161994420765805e-4,3.2140788903536644e-4,1.4456302875107664e-5,4.914399761553726e-5,1.150648959371354,4.0406862948185075e-4,11659.72281880615,9.805963488065016e-5,2.192339334158324e-4,5.722259197363039e-8,2.628125765448505e-8,0.09686377500058937,4.17627338824627e-8,1943.594,7603.004,11659.82,3.801939783443231e-6,8.757643589934843e-6,1.1291907019708827e-6,8.522347413591758e-7,2.536541509670035e-6,1.7556309103383683e-5,4.091904193094845e-5,1.2281656520950806e-6,5.693179365233399e-7,1.328971243534313e-6,1.3433053027256392e-5,3.0427651474485305e-5,6.270086997802396e-9,7.723004743430404e-10,3.4521359664898153e-10,21206.13236991382,2.578712986317965e-4,6.056199266431172e-4,2.5344673503083968e-5,8.153368777809624e-5,1.2839204217638942,7.392948144042328e-4,3.4791301914083306e-5,8.01043369953686e-5,2.3636264410637657e-6,1.4223249783568587e-6,3.8658579668009975e-006, 16,Sub-Saharan Africa,Malawi,Dowa,TA Mkukula,20405,MW20405,0.1440529,0.003529529,0.2040522,0.02939432,0.01225080,0.000720208,0.2906929,0.03251866,0.5957723,0.1731868,0.05593302,0.01937372,0.05,9.22e-06,0.1,0.2217238,9.22469e-05,4.09e-05,30,2020-04-02
77,1943.5571175492803,2.3978705726273576e-5,5.529209820485618e-5,9.282463851442936e-6,2.924608674281986e-5,0.03642717574066756,3.3747562450924266e-4,7602.852415501875,1.1180791869145855e-4,2.717011651225823e-4,1.2175171563865565e-5,4.3821437638958905e-5,1.150739740289111,4.0525214046268525e-4,11659.722807443039,8.356197681943779e-5,1.8724417233390047e-4,4.928615748993228e-8,2.3817365934475813e-8,0.09692163562102923,4.207548788848406e-8,1943.594,7603.004,11659.82,3.214524895156501e-6,7.4275387123711955e-6,9.57212237944304e-7,7.284462981573253e-7,2.291202320743081e-6,1.4841987649560906e-5,3.4654013165760403e-5,1.0334865178018336e-6,4.774803106654829e-7,1.1835109808345005e-6,1.1363112207618542e-5,2.586077026883091e-5,5.336532180460686e-9,6.636483332079399e-10,3.1275400602135727e-10,21206.132340494194,2.1934860123716993e-4,5.142374356613389e-4,2.1506921572798434e-5,7.309134174771324e-5,1.2840885516508078,7.427698404598164e-4,2.941962475233595e-5,6.794232214696252e-5,1.9960352879265984e-6,1.206590257156016e-6,3.4750260555836027e-6, 16,Sub-Saharan Africa,Malawi,Dowa,TA Mkukula,20405,MW20405,0.1440529,0.003529529,0.2040522,0.02939432,0.01225080,0.000720208,0.2906929,0.03251866,0.5957723,0.1731868,0.05593302,0.01937372,0.05,9.22e-06,0.1,0.2217238,9.22469e-05,4.09e-05,30,2020-04-02
78,1943.5571148109564,2.0380425127806678e-5,4.701414796046365e-5,7.946391059589704e-6,2.6394560270414852e-5,0.03644390607480765,3.3954744427311606e-4,7602.852402860155,9.491920158978826e-5,2.2961865784587766e-4,1.0249607359907947e-5,3.904603927203099e-5,1.1508169973763214,4.063089597338832e-4,11659.722797759749,7.114554408309616e-5,1.5977190820642598e-4,4.239884097808984e-8,2.1554625364931976e-8,0.09697121647363528,4.235906283823153e-8,1943.594,7603.004,11659.82,2.738323928497266e-6,6.336604526964164e-6,8.174361843173892e-7,6.260097694590688e-7,2.071819763873402e-6,1.2641719877137803e-5,2.9530436978808102e-5,8.773158574854352e-7,4.0376300120305004e-7,1.0568192711979591e-6,9.683290045359172e-6,2.2099722781700803e-5,4.572862119212002e-9,5.730089315527224e-10,2.835749497474721e-10,21206.13231543086,1.864451708006911e-4,4.364047140127673e-4,1.823839726047574e-5,6.546215416781078e-5,1.2842321199247644,7.458987630698375e-4,2.506333385099424e-5,5.7966764287473065e-5,1.6993249039220364e-6,1.0303457795936715e-6,3.1289226100211084e-6, 16,Sub-Saharan Africa,Malawi,Dowa,TA Mkukula,20405,MW20405,0.1440529,0.003529529,0.2040522,0.02939432,0.01225080,0.000720208,0.2906929,0.03251866,0.5957723,0.1731868,0.05593302,0.01937372,0.05,9.22e-06,0.1,0.2217238,9.22469e-05,4.09e-05,30,2020-04-02
79,1943.557112492243,1.732359461981623e-5,3.9985827072107176e-5,6.800105326835271e-6,2.3794670430775853e-5,0.036458188496908586,3.4141506265148927e-4,7602.852392157086,8.059941426113683e-5,1.9422713167342167e-4,8.634680690875463e-6,3.477562344354321e-5,1.150882356488323,4.072495725859162e-4,11659.7227895574,6.0567956470569486e-5,1.363305536654823e-4,3.645310967945605e-8,1.948332738491496e-8,0.09701344552473552,4.261539520849492e-8,1943.594,7603.004,11659.82,2.318713313798071e-6,5.37554382178852e-6,6.937856129098342e-7,5.348956756780483e-7,1.867618378373207e-6,1.0703069165174384e-5,2.5022856493825806e-5,7.401245191680849e-7,3.3925195330873765e-7,9.406128520330118e-7,8.202348908525892e-6,1.8779936521052566e-5,3.894783214466863e-9,4.920257256550326e-10,2.563323702633922e-10,21206.132294206727,1.5849096535152255e-4,3.7054351241101117e-4,1.547123912739019e-5,5.858977720170398e-5,1.2843539905099672,7.48707250632614e-4,2.1224131387498346e-5,4.917833683666689e-5,1.437804915292386e-6,8.74639654712441e-7,2.808487562776482e-6, 16,Sub-Saharan Africa,Malawi,Dowa,TA Mkukula,20405,MW20405,0.1440529,0.003529529,0.2040522,0.02939432,0.01225080,0.000720208,0.2906929,0.03251866,0.5957723,0.1731868,0.05593302,0.01937372,0.05,9.22e-06,0.1,0.2217238,9.22469e-05,4.09e-05,30,2020-04-02
80,1943.5571105193676,1.4714908800108915e-5,3.3989109532609534e-5,5.813566215870479e-6,2.1425897871668836e-5,0.03647043751238327,3.430996375564124e-4,7602.852383051628,6.839794061876563e-5,1.642686125749395e-4,7.272221442999458e-6,3.095207940033371e-5,1.1509379692304806,4.0808828459586925e-4,11659.722782576575,5.152011895940448e-5,1.1624265059339341e-4,3.1307038346893035e-8,1.758920277953784e-8,0.09704956889865737,4.284719623173799e-8,1943.594,7603.004,11659.82,1.972875452338485e-6,4.581561272045799e-6,5.916750803316355e-7,4.58775660089113e-7,1.6845749049231528e-6,9.105458047997672e-6,2.1306931690368873e-5,6.280427845240564e-7,2.867375902231228e-7,8.387120099530255e-7,6.980824764468707e-6,1.602866227563371e-5,3.3316411919748317e-9,4.238856262268923e-10,2.3180102324307157e-10,21206.13227614757,1.3463296837827902e-4,3.1450037270094243e-4,1.3117094697216831e-5,5.239556647478208e-5,1.2844579756415213,7.512307693485134e-4,1.8059158264804864e-5,4.191715523804838e-5,1.2230495060476668e-6,7.459371359384627e-7,2.5235187158994214e-6, 16,Sub-Saharan Africa,Malawi,Dowa,TA Mkukula,20405,MW20405,0.1440529,0.003529529,0.2040522,0.02939432,0.01225080,0.000720208,0.2906929,0.03251866,0.5957723,0.1731868,0.05593302,0.01937372,0.05,9.22e-06,0.1,0.2217238,9.22469e-05,4.09e-05,30,2020-04-02
81,1943.5571088760212,1.248653787400911e-5,2.8908371179634607e-5,4.970754900899886e-6,1.927588182704949e-5,0.03648086919054628,3.446132425172785e-4,7602.852375468192,5.79927576747023e-5,1.3909353699944723e-4,6.132526510974639e-6,2.754282225340885e-5,1.1509849371660443,4.088329949758818e-4,11659.72277676024,4.377176224312782e-5,9.914456965546169e-5,2.688416971252565e-8,1.5863501141485762e-8,0.09708023760950955,4.3056023466616166e-8,1943.594,7603.004,11659.82,1.643346422497416e-6,3.871717348597221e-6,5.00737883805149e-7,3.905602128847968e-7,1.5136049608660941e-6,7.58343594498001e-6,1.7988618889043344e-5,5.287897881461328e-7,2.4035006254631414e-7,7.447103800125232e-7,5.816335033159703e-6,1.3564691749436365e-5,2.8285457258143754e-9,3.625707180090881e-10,2.0882723487817302e-10,21206.132261104452,1.1425105779183923e-4,2.6714647783454353e-4,1.1130165581587052e-5,4.683456758159982e-5,1.2845460439661,7.534892935166269e-4,1.504311740063713e-5,3.542502798707693e-5,1.032356217677096e-6,6.3127284614912e-7,2.2585241681134957e-6, 16,Sub-Saharan Africa,Malawi,Dowa,TA Mkukula,20405,MW20405,0.1440529,0.003529529,0.2040522,0.02939432,0.01225080,0.000720208,0.2906929,0.03251866,0.5957723,0.1731868,0.05593302,0.01937372,0.05,9.22e-06,0.1,0.2217238,9.22469e-05,4.09e-05,30,2020-04-02
82,1943.5571074933257,1.058086602393512e-5,2.4574113062295402e-5,4.247289857087304e-6,1.7324666009168492e-5,0.036489804882712897,3.459748567349912e-4,7602.852369088448,4.910550384995445e-5,1.1775735991732285e-4,5.171508693961225e-6,2.4497117996684742e-5,1.1510248841521682,4.0949590703056275e-4,11659.722771865529,3.713271358820328e-5,8.450183298139847e-5,2.306733897387383e-8,1.4291970504141063e-8,0.09710641930744185,4.324433418795609e-8,1943.594,7603.004,11659.82,1.3826954727846896e-6,3.28836732285868e-6,4.263564611990971e-7,3.3424494777420967e-7,1.3616142177126775e-6,6.379744263540488e-6,1.5266998088288334e-5,4.484181783776921e-7,2.030333425004755e-7,6.629120546809805e-7,4.894711310043931e-6,1.153375996496847e-5,2.414700667811093e-9,3.115765703231456e-10,1.8831072133992262e-10,21206.132248447302,9.681908346209285e-5,2.268333059610167e-4,9.441865890022403e-6,4.183607597635738e-5,1.284621108342323,7.555140080997419e-4,1.2657151046369108e-5,3.0089125376115485e-5,8.771893402446003e-7,5.375898668450082e-7,2.0247145831149978e-6, 16,Sub-Saharan Africa,Malawi,Dowa,TA Mkukula,20405,MW20405,0.1440529,0.003529529,0.2040522,0.02939432,0.01225080,0.000720208,0.2906929,0.03251866,0.5957723,0.1731868,0.05593302,0.01937372,0.05,9.22e-06,0.1,0.2217238,9.22469e-05,4.09e-05,30,2020-04-02
83,1943.5571063163359,8.966639116440432e-6,2.0875702641666556e-5,3.6264979888982977e-6,1.5556022617945065e-5,0.03649745985925538,3.471989425249311e-4,7602.852363658551,4.158549513547543e-5,9.966265363386301e-5,4.36087989495089e-6,2.177726694479392e-5,1.151058869244204,4.100859057797385e-4,11659.722767698324,3.1499770038926765e-5,7.19609779567912e-5,1.977522333859824e-8,1.286277887450461e-8,0.0971287648624241,4.3414018370609975e-8,1943.594,7603.004,11659.82,1.1769898264901713e-6,2.791216733984859e-6,3.6298444543155144e-7,2.8597678955766926e-7,1.224085789939904e-6,5.4298961913445964e-6,1.294990490582362e-5,3.8032132275767376e-7,1.715598187960348e-7,5.899987491757601e-7,4.167204679106362e-6,9.800148228382877e-6,2.0608882929782567e-9,2.6765019641269244e-10,1.6968418265388635e-10,21206.13223767321,8.205190429084262e-5,1.9249933423232078e-4,8.007153107187786e-6,3.734615234161349e-5,1.2846850939658836,7.573282623230402e-4,1.077409069694113e-5,2.5541269868191357e-5,7.453666564822034e-7,4.5780425855011674e-7,1.814254223298318e-6, 16,Sub-Saharan Africa,Malawi,Dowa,TA Mkukula,20405,MW20405,0.1440529,0.003529529,0.2040522,0.02939432,0.01225080,0.000720208,0.2906929,0.03251866,0.5957723,0.1731868,0.05593302,0.01937372,0.05,9.22e-06,0.1,0.2217238,9.22469e-05,4.09e-05,30,2020-04-02
84,1943.5571053216547,7.603963595137293e-6,1.773724538231274e-5,3.0965023830820934e-6,1.395767437717601e-5,0.036503986740175784,3.4829621954258696e-4,7602.852359070355,3.524422541892296e-5,8.440022717653125e-5,3.680801757621133e-6,1.9355589087752117e-5,1.151087639321675,4.106094767032361e-4,11659.722764176044,2.6736748284352737e-5,6.127937717364932e-5,1.6949606311191474e-8,1.1566906942217509e-8,0.09714773573417088,4.356648183886892e-8,1943.594,7603.004,11659.82,9.94681158772437e-7,2.3573566800755757e-6,3.0739747099038305e-7,2.434242219368296e-7,1.097277017655864e-6,4.588196134136524e-6,1.0929465850688994e-5,3.2087163428710064e-7,1.4418971735574608e-7,5.235709234976006e-7,3.522280167089775e-6,8.285301921663803e-6,1.7496379771199394e-9,2.2876275022633522e-10,1.5246346825894328e-10,21206.132228568054,6.958493729841299e-5,1.6341684973249332e-4,6.794253747014418e-6,3.3324830371870346e-5,1.2847393617960217,7.58949262727662e-4,9.105157459998736e-6,2.1572124452428373e-5,6.300187432546036e-7,3.87842702042802e-7,1.6210004046217235e-6, 16,Sub-Saharan Africa,Malawi,Dowa,TA Mkukula,20405,MW20405,0.1440529,0.003529529,0.2040522,0.02939432,0.01225080,0.000720208,0.2906929,0.03251866,0.5957723,0.1731868,0.05593302,0.01937372,0.05,9.22e-06,0.1,0.2217238,9.22469e-05,4.09e-05,30,2020-04-02
85,1943.557104474924,6.443958006485355e-6,1.5059090351629345e-5,2.6413439738172714e-6,1.2511826295945304e-5,0.03650958703232129,3.4928182508034444e-4,7602.852355165096,2.9850727652907557e-5,7.143798093616396e-5,3.1053110721291586e-6,1.7193490686046004e-5,1.15111217180028,4.1107559006333376e-4,11659.722761177343,2.2676747791047943e-5,5.2136737531025087e-5,1.4511627540741084e-8,1.0391160384290188e-8,0.09716394055124306,4.37037190057375e-8,1943.594,7603.004,11659.82,8.467306997772539e-7,2.0067362884291917e-6,2.620401198497506e-7,2.0848452030404953e-7,9.85605537757474e-7,3.9052592910593376e-6,9.298757057074739e-6,2.7271509919630283e-7,1.2218650308112194e-7,4.661133600976407e-7,2.9987004381837323e-6,7.058700931488526e-6,1.4945234438061226e-9,1.9662511071282566e-10,1.3723716686858355e-10,21206.132220817362,5.897143345044085e-5,1.3863380881881838e-4,5.761166673487171e-6,2.97157081423756e-5,1.2847856993838442,7.60401118862684e-4,7.750690429020324e-6,1.836419427699246e-5,5.362497424898596e-7,3.308676484958843e-7,1.4518561350219833e-6, 16,Sub-Saharan Africa,Malawi,Dowa,TA Mkukula,20405,MW20405,0.1440529,0.003529529,0.2040522,0.02939432,0.01225080,0.000720208,0.2906929,0.03251866,0.5957723,0.1731868,0.05593302,0.01937372,0.05,9.22e-06,0.1,0.2217238,9.22469e-05,4.09e-05,30,2020-04-02
86,1943.5571037585144,5.462943151212226e-6,1.2786623139410832e-5,2.252770516621421e-6,1.120800948360441e-5,0.03651436678489844,3.5016435459059124e-4,7602.852351861326,2.529343168663761e-5,6.049237433223143e-5,2.621472646034064e-6,1.526943374867367e-5,1.151132972766381,4.114891925665888e-4,11659.722758639902,1.9238615646505012e-5,4.435472879225442e-5,1.2420158322235631e-8,9.327683146393392e-9,0.09717770116494506,4.382686954703137e-8,1943.594,7603.004,11659.82,7.164096587075619e-7,1.6974245139806909e-6,2.2204803331933462e-7,1.7750333188018156e-7,8.825295102468027e-7,3.303770427010022e-6,7.861066393279968e-6,2.3039678955425092e-7,1.0288765409641361e-7,4.136025032550213e-7,2.537441105232574e-6,5.975573249775505e-6,1.26909428993922e-9,1.6802817542223362e-10,1.2315054129386584e-10,21206.132214259742,4.999499048435485e-5,1.1763372626389668e-4,4.886663320977721e-6,2.648677091542447e-5,1.2848250407162245,7.61697374026727e-4,6.557621190950158e-6,1.5534064157036164e-5,4.5371391716352477e-7,2.805590141520174e-7,1.2962551640431178e-6, 16,Sub-Saharan Africa,Malawi,Dowa,TA Mkukula,20405,MW20405,0.1440529,0.003529529,0.2040522,0.02939432,0.01225080,0.000720208,0.2906929,0.03251866,0.5957723,0.1731868,0.05593302,0.01937372,0.05,9.22e-06,0.1,0.2217238,9.22469e-05,4.09e-05,30,2020-04-02
87,1943.5571031494114,4.628886856338515e-6,1.0849726708390068e-5,1.919753151740407e-6,1.0031625198983747e-5,0.03651846496876813,3.5095562809069465e-4,7602.8523490527305,2.1421631795450108e-5,5.120027161452972e-5,2.2122936767438333e-6,1.3554043956555285e-5,1.151150702024922,4.11857000919179e-4,11659.722756482357,1.6312297862800074e-5,3.770412789933692e-5,1.0619902149784458e-8,8.36546110010028e-9,0.09718943828067395,4.393750537210639e-8,1943.594,7603.004,11659.82,6.09102926318883e-7,1.4431592211925943e-6,1.8905672039636283e-7,1.5176322986412802e-7,7.912735001034104e-7,2.8085951271350496e-6,6.6803950183225535e-6,1.95675875264486e-7,8.713109443715618e-8,3.6780835259024635e-7,2.157545168302022e-6,5.08386295200696e-6,1.0824679128563625e-9,1.441362042653768e-10,1.1063582507502058e-10,21206.1322086845,4.2362816514588695e-5,9.975412622225671e-5,4.142666730634025e-6,2.3594034616639133e-5,1.2848586052743642,7.628565665152458e-4,5.5752432217559544e-6,1.3207417191522108e-5,3.858150635737052e-7,2.390384605055496e-7,1.1591924885187318e-6, 16,Sub-Saharan Africa,Malawi,Dowa,TA Mkukula,20405,MW20405,0.1440529,0.003529529,0.2040522,0.02939432,0.01225080,0.000720208,0.2906929,0.03251866,0.5957723,0.1731868,0.05593302,0.01937372,0.05,9.22e-06,0.1,0.2217238,9.22469e-05,4.09e-05,30,2020-04-02
88,1943.55710263915,3.9222592916355715e-6,9.211461870746385e-6,1.6364849684754644e-6,8.974326870674774e-6,0.036521954064328364,3.5166225292591587e-4,7602.852346700183,1.8143903289902582e-5,4.337301980384819e-5,1.8690905707059409e-6,1.2031112056083536e-5,1.1511656999949837,4.121826928497828e-4,11659.722754674785,1.3830176109651555e-5,3.2063213815625905e-5,9.081495224191464e-9,7.498146077829008e-9,0.09719937119496064,4.4036509247778086e-8,1943.594,7603.004,11659.82,5.10261543240631e-7,1.216889107943574e-6,1.5969738274161095e-7,1.2876694498258647e-7,7.066248352212185e-7,2.35254719882505e-6,5.630275704372576e-6,1.6486547808142483e-7,7.318875294128161e-8,3.2569193060376367e-7,1.8075716070597991e-6,4.289693360208318e-6,9.160677518184822e-10,1.227237338705738e-10,9.900387567169771e-11,21206.132204014117,3.589633869118971e-5,8.464769549022049e-5,3.514657034405597e-6,2.101293707283614e-5,1.2848870252542728,7.638889822849464e-4,4.67038034912548e-6,1.1136858172524467e-5,3.2547892857485426e-7,2.0207842165773867e-7,1.0324157697006538e-6, 16,Sub-Saharan Africa,Malawi,Dowa,TA Mkukula,20405,MW20405,0.1440529,0.003529529,0.2040522,0.02939432,0.01225080,0.000720208,0.2906929,0.03251866,0.5957723,0.1731868,0.05593302,0.01937372,0.05,9.22e-06,0.1,0.2217238,9.22469e-05,4.09e-05,30,2020-04-02
89,1943.5571022080815,3.32092427450874e-6,7.816956527386736e-6,1.3942214868357938e-6,8.022978437734576e-6,0.03652494233203939,3.522945059261567e-4,7602.85234471296,1.5356257435719172e-5,3.67319654185504e-5,1.5789940203610765e-6,1.0675603298976032e-5,1.1511784722914977,4.1247192549992895e-4,11659.72275314767,1.1716015640125535e-5,2.725060981719009e-5,7.760507772167618e-9,6.715703365248429e-9,0.09720782709117382,4.412525767811748e-8,1943.594,7603.004,11659.82,4.310684289521305e-7,1.0324034460789622e-6,1.3574433785784562e-7,1.0988418927240952e-7,6.322530002408509e-7,1.987223186006304e-6,4.7748690401897135e-6,1.3985419470096232e-7,6.193565168101197e-8,2.892326501461608e-7,1.5271161828422919e-6,3.6412766523683126e-6,7.798442830066633e-10,1.0504158675152544e-10,8.874843033939093e-11,21206.13220006871,3.0393197350353448e-5,7.179953176312722e-5,2.980976014969038e-6,1.8705297440075856e-5,1.2849112417147108,7.648105566837637e-4,3.945407797800726e-6,9.448549138636988e-6,2.763783768418146e-7,1.7192488254017302e-7,9.215743988173511e-7, 16,Sub-Saharan Africa,Malawi,Dowa,TA Mkukula,20405,MW20405,0.1440529,0.003529529,0.2040522,0.02939432,0.01225080,0.000720208,0.2906929,0.03251866,0.5957723,0.1731868,0.05593302,0.01937372,0.05,9.22e-06,0.1,0.2217238,9.22469e-05,4.09e-05,30,2020-04-02
90,1943.5571018417602,2.811582497642182e-6,6.629824547739546e-6,1.1870854957899883e-6,7.167542396801047e-6,0.036527502198912494,3.528600062454761e-4,7602.852343024385,1.299635223487016e-5,3.109563473782458e-5,1.333728506008307e-6,9.46930353749496e-6,1.1511893518221388,4.127287705682673e-4,11659.722751849864,9.923853835983309e-6,2.3144798878038636e-5,6.626699972494091e-9,6.010379353444072e-9,0.09721502462829902,4.420477805913996e-8,1943.594,7603.004,11659.82,3.663212737592403e-7,8.75663050625798e-7,1.1537835568415965e-7,9.375263074253909e-8,5.655003193193999e-7,1.6885751392692327e-006,4.0484803401182455e-6,1.186466828541564e-7,5.242260735302959e-8,2.5684506833835094e-7,1.2978052836842835e-6,3.089967087826509e-6,6.637882160768335e-10,8.987980078751803e-11,7.952038102248229e-11,21206.132196716007,2.573178856849565e-5,6.0870258163602764e-5,2.5274407017707893e-6,1.6642856313649452e-5,1.2849318786493502,7.656329815918026e-4,3.3527016967127565e-6,8.014110478570553e-6,2.346888267543929e-7,1.462651178963562e-7,8.224249080387733e-7, 16,Sub-Saharan Africa,Malawi,Dowa,TA Mkukula,20405,MW20405,0.1440529,0.003529529,0.2040522,0.02939432,0.01225080,0.000720208,0.2906929,0.03251866,0.5957723,0.1731868,0.05593302,0.01937372,0.05,9.22e-06,0.1,0.2217238,9.22469e-05,4.09e-05,30,2020-04-02
91,1943.5571015324201,2.382032227919047e-6,5.6247650682023204e-6,1.0108967396148058e-6,6.400574944196864e-6,0.036529684960113724,3.5336435116948536e-4,7602.85234159861,1.1007232145930466e-5,2.6338062592791706e-5,1.1274714047145223e-6,8.398920958248587e-6,1.1511985735091017,4.129561902104359e-4,11659.722750753881,8.411243555949793e-6,1.9661173488313576e-5,5.6584772373449556e-9,5.376400609389129e-9,0.09722111837647979,4.42758269878961e-8,1943.594,7603.004,11659.82,3.0934006645111367e-7,7.388903361742486e-7,9.75443799211862e-8,7.957227915794809e-8,5.043449240092431e-7,1.4257748262025416e-6,3.414894915142235e-6,1.0011925946079327e-7,4.413440325814314e-8,2.2741964216861253e-7,1.09598295239266e-6,2.608593232426176e-6,5.619882820157229e-10,7.651055085824293e-11,7.104892875613839e-11,21206.13219388491,2.1800507929799306e-5,5.1624001149307604e-5,2.144026621566673e-6,1.4804872303054839e-5,1.2849493768456952,7.663648172069092e-4,2.8310978450463153e-6,6.76237848374266e-6,1.9822562766399518e-7,1.2378319296694947e-7,7.318356151066119e-7, 16,Sub-Saharan Africa,Malawi,Dowa,TA Mkukula,20405,MW20405,0.1440529,0.003529529,0.2040522,0.02939432,0.01225080,0.000720208,0.2906929,0.03251866,0.5957723,0.1731868,0.05593302,0.01937372,0.05,9.22e-06,0.1,0.2217238,9.22469e-05,4.09e-05,30,2020-04-02
92,1943.5571012692772,2.0168069394204513e-6,4.7684774036450194e-6,8.6007806797395e-7,5.711556198894307e-6,0.03653155845354305,3.53815350903481e-4,7602.852340385864,9.316730506867272e-6,2.2294294355768676e-5,9.525877612921109e-7,7.446077139958899e-6,1.1512064461804168,4.131582623190815e-4,11659.722749821545,7.124339883911279e-6,1.668798652379608e-5,4.826856017497412e-9,4.805564121246815e-9,0.09722631214128163,4.4339463668810614e-8,1943.594,7603.004,11659.82,2.631429651955841e-7,6.2836825369418e-7,8.304128916867846e-8,6.798143020160985e-8,4.5099973399565863e-7,1.2127457011956722e-6,2.9032473402588658e-6,8.510649843416504e-8,3.745233390585122e-8,2.0207210864558837e-7,9.323357517132536e-7,2.2192394237517674e-6,4.78985237796036e-10,6.553032288217897e-11,6.36366809145161e-11,21206.13219147669,1.8457877330199e-5,4.3750758283209775e-5,1.8174926852835583e-6,1.3162438902974452e-5,1.2849643167752414,7.670179526862314e-4,2.40822441810451e-6,5.750855017704813e-6,1.6862677284063953e-7,1.0549929443034325e-7,6.531354793221616e-7, 16,Sub-Saharan Africa,Malawi,Dowa,TA Mkukula,20405,MW20405,0.1440529,0.003529529,0.2040522,0.02939432,0.01225080,0.000720208,0.2906929,0.03251866,0.5957723,0.1731868,0.05593302,0.01937372,0.05,9.22e-06,0.1,0.2217238,9.22469e-05,4.09e-05,30,2020-04-02
93,1943.5571010464168,1.7077010078067304e-6,4.0420362261140525e-6,7.315434994926697e-7,5.0940495210950085e-6,0.036533160558225766,3.5421769477973547e-4,7602.852339358854,7.886618111267987e-6,1.887176162704268e-5,8.049714007539899e-7,6.599885226432231e-6,1.1512131405195876,4.133373860080117e-4,11659.722749031911,6.034506644682287e-6,1.4161208283795283e-5,4.115661838589008e-9,4.292812243134622e-9,0.09723071955468518,4.43963271403351e-8,1943.594,7603.004,11659.82,2.228603079856839e-7,5.319662395994048e-7,7.038652723050142e-8,5.782495018363541e-8,4.023438762544443e-7,1.0270105121890083e-6,2.4571229077882937e-6,7.203048527180926e-8,3.164076511477331e-8,1.7912368893019132e-7,7.896342140156776e-7,1.8794674532446697e-6,4.064625058402452e-10,5.588283423743249e-11,5.68634715244857e-11,21206.132189437183,1.5628825763757005e-5,3.707500613695202e-5,1.5406305620852486e-6,1.1698227559770375e-5,1.2849770206324984,7.675994771148875e-4,2.0395050341903698e-6,4.868556600632368e-6,1.4282347500815093e-7,8.952159813264615e-8,5.815244286561602e-7, 16,Sub-Saharan Africa,Malawi,Dowa,TA Mkukula,20405,MW20405,0.1440529,0.003529529,0.2040522,0.02939432,0.01225080,0.000720208,0.2906929,0.03251866,0.5957723,0.1731868,0.05593302,0.01937372,0.05,9.22e-06,0.1,0.2217238,9.22469e-05,4.09e-05,30,2020-04-02
94,1943.557100857478,1.446194327159563e-6,3.4258809857805947e-6,6.220378836235903e-7,4.541051096912314e-6,0.036534530905100955,3.545764528607656e-4,7602.852338488232,6.677212645183174e-6,1.597493314573092e-5,6.803298103681652e-7,5.848633895168704e-6,1.1512188345182066,4.1349613643353766e-4,11659.722748362447,5.111994380526614e-6,1.2014588695791786e-5,3.507776173479191e-9,3.832625641854165e-9,0.09723445916625197,4.444710959745074e-8,1943.594,7603.004,11659.82,1.88938884093659e-7,4.504455647408263e-7,5.965820416223603e-8,4.9174721419981146e-8,3.587580810301321e-7,8.706219887244515e-7,2.080027454809265e-6,6.097046670223145e-8,2.6737955098500045e-8,1.5875042552596693e-7,6.694644980598241e-7,1.5919767622154974e-6,3.4487392365901654e-10,4.7637979438441674e-11,5.0782457115638474e-11,21206.132187708157,1.323540135286935e-5,3.14154028273033e-5,1.3058754701652348e-6,1.0393517617722871e-5,1.2849878245895596,7.681170364039007e-4,1.7290253708779346e-6,4.122449781765589e-6,1.209735447881265e-7,7.596031449791964e-8,5.175592890132146e-7, 16,Sub-Saharan Africa,Malawi,Dowa,TA Mkukula,20405,MW20405,0.1440529,0.003529529,0.2040522,0.02939432,0.01225080,0.000720208,0.2906929,0.03251866,0.5957723,0.1731868,0.05593302,0.01937372,0.05,9.22e-06,0.1,0.2217238,9.22469e-05,4.09e-05,30,2020-04-02
95,1943.55710069383,1.2278684732799709e-6,2.9038765961579052e-6,5.287773161912967e-7,4.0461769022047395e-6,0.03653570327732892,3.5489619340306326e-4,7602.852337734205,5.667831285410015e-6,1.352536049420535e-5,5.750607305148534e-7,5.181865739121585e-6,1.151223678869101,4.136368033651923e-4,11659.722747782585,4.34147701280063e-6,1.0193327619740353e-5,2.9884673881016977e-9,3.419948337637433e-9,0.09723763169215377,4.449243674123966e-8,1943.594,7603.004,11659.82,1.6364788280043285e-7,3.819737366800251e-7,5.056222661805226e-8,4.1808265088597795e-8,3.1974054229765795e-7,7.540265869465657e-7,1.7634079467197245e-6,5.1612382712983434e-8,2.2599229638916277e-8,1.4066693165463258e-7,5.798610800411552e-7,1.3503784477671392e-6,2.9257391398973947e-10,4.0594134968361635e-11,4.532714378892475e-11,21206.13218621062,1.1237176771490616e-5,2.662256471010361e-5,1.1068265140942517e-6,9.231462589663962e-6,1.2849970138385838,7.685774892049968e-4,1.4975355497881537e-6,3.4957601311668887e-6,1.0246718324502543e-7,6.444808886248243e-8,4.6045280109607944e-7, 16,Sub-Saharan Africa,Malawi,Dowa,TA Mkukula,20405,MW20405,0.1440529,0.003529529,0.2040522,0.02939432,0.01225080,0.000720208,0.2906929,0.03251866,0.5957723,0.1731868,0.05593302,0.01937372,0.05,9.22e-06,0.1,0.2217238,9.22469e-05,4.09e-05,30,2020-04-02
96,1943.5571005536813,1.0436528763522535e-6,2.461812956540282e-6,4.4939907013448427e-7,3.6036189473111524e-6,0.03653670680606758,3.551810287152784e-4,7602.852337088497,4.81643263058482e-6,1.1454448114858296e-5,4.86155457040757e-7,4.590247376242618e-6,1.151227802792894,4.1376142256039446e-4,11659.722747285981,3.6910616349487515e-6,8.64891285342221e-6,2.545168307397009e-9,3.050158994953791e-9,0.09724032389879878,4.453287355312377e-8,1943.594,7603.004,11659.82,1.4014881344337482e-7,3.243644103710922e-7,4.2868635448579826e-8,3.553630050075883e-8,2.848353122151485e-7,6.457084964495152e-7,1.4971071512747104e-6,4.3711093665741116e-8,1.91037722739583e-8,1.246191952021655e-7,4.966041160514578e-7,1.1470194939033362e-6,2.4827646705922474e-10,3.457877738819568e-11,4.0436811884109786e-11,21206.13218492816,9.551147141885824e-6,2.256517392482079e-5,9.380996954826382e-7,8.196916482548724e-6,1.2850048334977604,7.68986984149226e-4,1.2824614259443479e-6,2.968491055549139e-6,8.682800558138017e-8,5.467465155210532e-8,4.0949494422919805e-7, 16,Sub-Saharan Africa,Malawi,Dowa,TA Mkukula,20405,MW20405,0.1440529,0.003529529,0.2040522,0.02939432,0.01225080,0.000720208,0.2906929,0.03251866,0.5957723,0.1731868,0.05593302,0.01937372,0.05,9.22e-06,0.1,0.2217238,9.22469e-05,4.09e-05,30,2020-04-02
97,1943.5571004348055,8.86841283808207e-7,2.087682524405651e-6,3.8185988212388715e-7,3.2081017768249177e-6,0.036537566050597256,3.5543465847899736e-4,7602.852336540832,4.0919268445897e-6,9.704473698234986e-6,4.1105773383708546e-7,4.065449108359619e-6,1.1512313144513804,4.138718045331447e-4,11659.722746864749,3.1371726494126317e-6,7.340231441737293e-6,2.1669414647487267e-9,2.7190416170176143e-9,0.09724260837479455,4.456892979373066e-8,1943.594,7603.004,11659.82,1.1887573236890603e-7,2.756873249129525e-7,3.634626960129763e-8,3.019876494102876e-8,2.536297637189557e-7,5.476649675983936e-7,1.272170753593513e-6,3.7023696051292256e-8,1.6151415595793373e-8,1.1038197275024765e-7,4.212324711261317e-7,9.751214566622515e-7,2.1067373481613452e-10,2.9445028873220844e-11,3.605624060688771e-11,21206.132183840386,8.115940777810539e-6,1.913238766437793e-5,7.950845574257213e-7,7.276269926801554e-6,1.2850114888767723,7.693510319419358e-4,1.0877731710934313e-6,2.522979535168717e-6,7.358063938740602e-8,4.637962556569535e-8,3.6404779270981024e-7, 16,Sub-Saharan Africa,Malawi,Dowa,TA Mkukula,20405,MW20405,0.1440529,0.003529529,0.2040522,0.02939432,0.01225080,0.000720208,0.2906929,0.03251866,0.5957723,0.1731868,0.05593302,0.01937372,0.05,9.22e-06,0.1,0.2217238,9.22469e-05,4.09e-05,30,2020-04-02
98,1943.5571003339596,7.534117962798545e-7,1.7708832651400487e-6,3.2441645310435953e-7,2.8548416783697836e-6,0.03653830207966272,3.556604076863503e-4,7602.852336076258,3.475636571272893e-6,8.224746310946539e-6,3.4761712213244644e-7,3.6000417119756863e-6,1.1512343061361692,4.139695588079928e-4,11659.722746507401,2.6657004847135874e-6,6.230833694651505e-6,1.8444094323809672e-9,2.4227572998073265e-9,0.09724454718000954,4.4601064858869807e-8,1943.594,7603.004,11659.82,1.008459094009595e-7,2.3427539692931207e-7,3.082326976644327e-8,2.5658502643520356e-8,2.2574920735291427e-7,4.6457353164441884e-7,1.0808638049612262e-6,3.136929057801229e-8,1.3657641372532542e-8,9.775427484810199e-8,3.573477442841977e-7,8.28819908983242e-7,1.787945702976342e-10,2.5066330133269687e-11,3.213506513914635e-11,21206.13218291762,6.894748852266335e-6,1.6226463270738093e-5,6.738779846691869e-7,6.457306147645277e-6,1.2850171553958414,7.696745675592019e-4,9.22767185329576e-7,2.1439591108737804e-6,6.23713549147532e-8,3.9341210346186166e-8,3.235356172661554e-7, 16,Sub-Saharan Africa,Malawi,Dowa,TA Mkukula,20405,MW20405,0.1440529,0.003529529,0.2040522,0.02939432,0.01225080,0.000720208,0.2906929,0.03251866,0.5957723,0.1731868,0.05593302,0.01937372,0.05,9.22e-06,0.1,0.2217238,9.22469e-05,4.09e-05,30,2020-04-02
99,1943.5571002483964,6.399610027980534e-7,1.5024107360861462e-6,2.755801115205188e-7,2.5395064651467523e-6,0.03653893288354864,3.5586126195726357e-4,7602.85233568211,2.9517677157178504e-6,6.9723632733942706e-6,2.94021934037487e-7,3.18740245950154e-6,1.1512368562144046,4.1405611571850265e-4,11659.722746204205,2.264692569211167e-6,5.289682777983753e-6,1.5695260838689934e-9,2.1578155420254476e-9,0.09724619304761772,4.4629692346531903e-8,1943.594,7603.004,11659.82,8.55632151797181e-8,1.990140086615192e-7,2.6147933863767435e-8,2.179739648426401e-8,2.008542709132908e-7,3.941486284020357e-7,9.180174839570781e-7,2.65891427089067e-8,1.1550785386856252e-8,8.655691050984005e-8,3.0319642974063754e-7,7.0420434524305775e-007,1.5177892230996024e-10,2.1333113541096708e-11,2.8627487662096752e-11,21206.132182134712,5.856421287727071e-6,1.376445678746417e-5,5.711715716418748e-7,5.729066740190318e-6,1.285021982145571,7.699620073681128e-4,7.829082733223913e-7,1.8212358378616552e-6,5.288885549498409e-8,3.336951498466136e-8,2.8743980891079296e-7, 16,Sub-Saharan Africa,Malawi,Dowa,TA Mkukula,20405,MW20405,0.1440529,0.003529529,0.2040522,0.02939432,0.01225080,0.000720208,0.2906929,0.03251866,0.5957723,0.1731868,0.05593302,0.01937372,0.05,9.22e-06,0.1,0.2217238,9.22469e-05,4.09e-05,30,2020-04-02
100,1943.5571001757928,5.435298169560741e-7,1.2748020989620743e-6,2.34072495915958e-7,2.258179198495846e-6,0.036539473723997795,3.560398997486444e-4,7602.852335347677,2.506599318392377e-6,5.9118530892667735e-6,2.4873752320855323e-7,2.821631144147428e-6,1.1512390307519138,4.1413274589551956e-4,11659.722745946929,1.9237445754794117e-6,4.491010680503912e-6,1.33534725154352e-9,1.9210485188015105e-9,0.0972475903897851,4.465518423997309e-8,1943.594,7603.004,11659.82,7.26035978004802e-8,1.6903478364245952e-7,2.218546438660282e-8,1.8515126132563324e-8,1.7863779138083602e-7,3.3443302527302876e-7,7.79601422598502e-7,2.2542839271678867e-8,9.770712076018543e-9,7.663017701691009e-8,2.572760422481224e-7,5.982240359798779e-7,1.2885933793364536e-10,1.815190851295594e-11,2.549189344118387e-11,21206.1321814704,4.9738737108278625e-6,1.167766586873276e-5,4.841453663760548e-7,5.0817313911620756e-6,1.2850260948656966,7.70217300828404e-4,6.643126653216314e-7,1.5468602422208394e-6,4.485716299621533e-8,2.8303990117094824e-8,2.552934602911873e-7, 16,Sub-Saharan Africa,Malawi,Dowa,TA Mkukula,20405,MW20405,0.1440529,0.003529529,0.2040522,0.02939432,0.01225080,0.000720208,0.2906929,0.03251866,0.5957723,0.1731868,0.05593302,0.01937372,0.05,9.22e-06,0.1,0.2217238,9.22469e-05,4.09e-05,30,2020-04-02
101,1943.5571001141245,4.616332564311819e-7,1.0817952802597634e-6,1.9880053597416964e-7,2.0073229197733763e-6,0.03653993760184952,3.561987219315696e-4,7602.852335063627,2.128614807142351e-6,5.0135287502821965e-6,2.1046754874828556e-7,2.497473839276655e-6,1.1512408857066603,4.142005777176137e-4,11659.722745728399,1.6341123098735034e-6,3.813153133772371e-6,1.1359087101812507e-9,1.709585422821117e-9,0.0972487767968243,4.4677874775079104e-8,1943.594,7603.004,11659.82,6.16682882537134e-8,1.4356484877860556e-7,1.8825469808643447e-8,1.5725738736699296e-8,1.5882218292519743e-7,2.8404974727891386e-7,6.6203425852894e-7,1.9115641106418594e-8,8.266564340666299e-9,6.783182209414013e-8,2.185297489631921e-7,5.081620145691004e-7,1.0940662786934415e-10,1.544225846158067e-11,2.2690535106016902e-11,21206.132180906152,4.224360373447036e-6,9.908477164314331e-6,4.104039934326365e-7,4.506506344472852e-6,1.285029600105334,7.704439775239584e-4,5.642477844958194e-7,1.313761121876646e-6,3.8050517542931386e-8,2.4007745335827176e-8,2.2667669555444356e-7, 16,Sub-Saharan Africa,Malawi,Dowa,TA Mkukula,20405,MW20405,0.1440529,0.003529529,0.2040522,0.02939432,0.01225080,0.000720208,0.2906929,0.03251866,0.5957723,0.1731868,0.05593302,0.01937372,0.05,9.22e-06,0.1,0.2217238,9.22469e-05,4.09e-05,30,2020-04-02
102,1943.5571000606435,3.930271881956941e-7,9.182525925564937e-7,1.6883256830301877e-7,1.783747483085967e-6,0.0365403356179438,3.5633987889376956e-4,7602.852334817299,1.8120288191444011e-6,4.253077121738531e-6,1.7811917024365868e-7,2.21025419310836e-6,1.151242468605039,4.1426061292560454e-4,11659.722745538882,1.3914336320432812e-6,3.2383123877207477e-6,9.661063078603642e-10,1.520828023308798e-9,0.09724978417169952,4.4698064007020654e-8,1943.594,7603.004,11659.82,5.34810169483535e-8,1.2208708518384132e-7,1.597613579949024e-8,1.335562467578073e-8,1.4115696219996242e-7,2.463275450281799e-7,5.629135330261297e-7,1.6212281921359248e-8,6.995303960278538e-9,6.003520799084281e-8,1.895168679766357e-7,4.3219554580685786e-7,9.289597611144015e-11,1.3134918921616335e-11,2.0189231941549847e-11,21206.132180416826,3.5964896393833764e-6,8.409642102015772e-6,3.479178448545378e-7,3.995522504217636e-6,1.2850325883946825,7.706451898833811e-4,4.893254299531691e-7,1.117196164016829e-6,3.2281313696960924e-8,2.0364063554980884e-8,2.0121235942274678e-7, 16,Sub-Saharan Africa,Malawi,Dowa,TA Mkukula,20405,MW20405,0.1440529,0.003529529,0.2040522,0.02939432,0.01225080,0.000720208,0.2906929,0.03251866,0.5957723,0.1731868,0.05593302,0.01937372,0.05,9.22e-06,0.1,0.2217238,9.22469e-05,4.09e-05,30,2020-04-02
103,1943.5571000147645,3.34950429092228e-7,7.796807980002034e-7,1.433799755901124e-7,1.5845791849358904e-6,0.03654067735001704,3.5646529523136977e-4,7602.852334605993,1.5440810440641092e-6,3.6093032431424425e-6,1.5077603062207347e-7,1.9558119287462373e-6,1.1512438202908528,4.143137405688747e-4,11659.7227453763,1.1859591138550238e-6,2.7508826305059867e-6,8.216046952295763e-10,1.3524281996254167e-9,0.09725063995061962,4.471602107617595e-8,1943.594,7603.004,11659.82,4.587900548358448e-8,1.0395576458705056e-7,1.3565298816115666e-8,1.1342224040456851e-8,1.2541633760020836e-7,2.113065420417115e-7,4.792543171220034e-7,1.3757993820103198e-8,5.920737465562197e-9,5.312764327016113e-8,1.6258127288892865e-7,3.6805579107718604e-7,7.891588982473241e-11,1.1170875122776014e-11,1.795706915529369e-11,21206.132179997057,3.064990587011361e-6,7.139866671648632e-6,2.949776109074154e-7,3.541743541881753e-6,1.2850351375914895,7.708237518213206e-4,4.1976682041422464e-7,9.512658727862401e-7,2.7402208526043598e-8,1.7274132381141823e-8,1.7856193793952478e-7, 16,Sub-Saharan Africa,Malawi,Dowa,TA Mkukula,20405,MW20405,0.1440529,0.003529529,0.2040522,0.02939432,0.01225080,0.000720208,0.2906929,0.03251866,0.5957723,0.1731868,0.05593302,0.01937372,0.05,9.22e-06,0.1,0.2217238,9.22469e-05,4.09e-05,30,2020-04-02
104,1943.5570999757686,2.853595386243711e-7,6.623060182758754e-7,1.2176449100378201e-7,1.407232225030789e-6,0.03654097087712918,3.5657669227586e-4,7602.852334426394,1.31532683770602e-6,3.064440775533096e-6,1.2765854021591433e-7,1.7304474508208124e-6,1.151244974979998,4.1436074946585977e-4,11659.72274523811,1.0104740995918118e-6,2.3377358483113635e-6,6.986592605238243e-10,1.2022665377969783e-9,0.09725136702935724,4.473198720472804e-8,1943.594,7603.004,11659.82,3.899594958056696e-8,8.858684004842387e-8,1.152005539798173e-8,9.632266211105638e-9,1.113970444902349e-7,1.795988282538019e-7,4.0835303461189117e-7,1.1677652474611938e-8,5.012341237889428e-9,4.7008896985072015e-8,1.3819044397678226e-7,3.1367545823999427e-7,6.704709853114811e-11,9.499626661845007e-12,1.5966128552093362e-11,21206.132179640274,2.611160475922203e-6,6.064482642120335e-6,2.5012169048022015e-7,3.1388819423893985e-6,1.2850373128864845,7.709821737289245e-4,3.5678522181115113e-7,8.106153329003093e-7,2.3264754971124817e-8,1.4654107075656911e-8,1.5842190760385902e-7, 16,Sub-Saharan Africa,Malawi,Dowa,TA Mkukula,20405,MW20405,0.1440529,0.003529529,0.2040522,0.02939432,0.01225080,0.000720208,0.2906929,0.03251866,0.5957723,0.1731868,0.05593302,0.01937372,0.05,9.22e-06,0.1,0.2217238,9.22469e-05,4.09e-05,30,2020-04-02
105,1943.5570999426168,2.430390452924355e-7,5.628096532633136e-7,1.0341028171202938e-7,1.2493823001580496e-6,0.03654122313370145,3.566756084917873e-4,7602.852334273715,1.1201426321615818e-6,2.6029089914017653e-6,1.0811055816840531e-7,1.530872152476104e-6,1.1512459619079942,4.1440233931009827e-4,11659.72274512063,8.606914322807945e-7,1.987301947311374e-6,5.940804146342086e-10,1.0684323527295344e-9,0.09725198495045057,4.4746178420571915e-8,1943.594,7603.004,11659.82,3.3151764000649564e-8,7.547225733258517e-8,9.786523453003547e-9,8.180311209698133e-9,9.89162159273165e-8,1.52678694576025e-7,3.478629001204631e-7,9.915732397831874e-9,4.244333510623248e-9,4.1589844238497115e-8,1.1747943062800914e-7,2.6726209793902645e-7,5.6980541044527516e-11,8.077969346707159e-12,1.4191215843874424e-11,21206.132179336964,2.223873109734812e-6,5.153020591976453e-6,2.121149202950689e-7,2.781322884986883e-6,1.2850391699921462,7.711226939803061e-4,3.033098892046837e-7,6.905972553920747e-7,1.975923639187995e-8,1.2432722689668088e-8,1.4052025138165748e-7, 16,Sub-Saharan Africa,Malawi,Dowa,TA Mkukula,20405,MW20405,0.1440529,0.003529529,0.2040522,0.02939432,0.01225080,0.000720208,0.2906929,0.03251866,0.5957723,0.1731868,0.05593302,0.01937372,0.05,9.22e-06,0.1,0.2217238,9.22469e-05,4.09e-05,30,2020-04-02
106,1943.557099914428,2.0695421279057025e-7,4.7838182356393e-7,8.78280134440414e-8,1.1089418879883734e-6,0.0365414400480445,3.567634180902107e-4,7602.852334143898,9.53743056183057e-7,2.211538477249622e-6,9.157909484957771e-8,1.3541636984803222e-6,1.1512468059439778,4.1443913059270723e-4,11659.722745020737,7.329594964959181e-7,1.6897705442979013e-6,5.05148998921294e-10,9.492047488683614e-10,0.09725251030206025,4.4758788058129505e-8,1943.594,7603.004,11659.82,2.8188878786750138e-8,6.427371128861538e-8,8.317326266112567e-9,6.9474424439418364e-9,8.78095984233637e-8,1.2981763575226068e-7,2.962172117307856e-7,8.423499712246585e-9,3.5948347940190267e-9,3.6791282608959665e-8,9.98934410745278e-8,2.2762537685940417e-7,4.844408495725529e-11,6.868775033508495e-12,1.2609637557589254e-11,21206.132179079064,1.8936567654695452e-6,4.379690845111453e-6,1.7991225729254041e-7,2.464054791217564e-6,1.2850407562940824,7.712473074709761e-4,2.578999556135386e-7,5.881162998788051e-7,1.6789270063316407e-8,1.0549146012994371e-8,1.2461349066988097e-7, 16,Sub-Saharan Africa,Malawi,Dowa,TA Mkukula,20405,MW20405,0.1440529,0.003529529,0.2040522,0.02939432,0.01225080,0.000720208,0.2906929,0.03251866,0.5957723,0.1731868,0.05593302,0.01937372,0.05,9.22e-06,0.1,0.2217238,9.22469e-05,4.09e-05,30,2020-04-02
107,1943.5570998904566,1.761997829175745e-7,4.0669953738081434e-7,7.459952200796159e-8,9.840380831714096e-7,0.03654162665878785,3.56841347815293e-4,7602.852334033504,8.119435541813202e-7,1.879454834801161e-6,7.759550764332159e-8,1.1977262632822632e-6,1.1512475280985301,4.1447167343359244e-4,11659.722744935789,6.240817861448095e-7,1.437023260325882e-6,4.295336017601924e-10,8.430356424055523e-10,0.0972529570463835,4.476998902097713e-8,1943.594,7603.004,11659.82,2.3971324480953626e-8,5.4725754353949384e-8,7.070383459520473e-9,5.900738810139243e-9,7.792972508231452e-8,1.1039355740649626e-7,2.5219305940823294e-7,7.157857019105984e-9,3.0454863508516652e-9,3.254284088521431e-8,8.494862413499504e-8,1.938263344861037e-7,4.119503192454463e-11,5.8405214542823115e-12,1.1200962847626602e-11,21206.13217885975,1.6122251232437043e-6,3.7231776325078576e-6,1.5262456325304337e-7,2.1826073820960785e-6,1.2850421118037014,7.713577912379064e-4,2.1931350602244493e-7,5.00745148248286e-7,1.4269435510551001e-008,8.95206568244519e-9,1.1048376693037646e-7, 16,Sub-Saharan Africa,Malawi,Dowa,TA Mkukula,20405,MW20405,0.1440529,0.003529529,0.2040522,0.02939432,0.01225080,0.000720208,0.2906929,0.03251866,0.5957723,0.1731868,0.05593302,0.01937372,0.05,9.22e-06,0.1,0.2217238,9.22469e-05,4.09e-05,30,2020-04-02
108,1943.5570998700941,1.4997529481195808e-7,3.458107456055212e-7,6.336883676033172e-8,8.729919275153417e-7,0.036541787266945146,0.00035691049214654107,7602.852333939734,6.910457291787115e-7,1.5975325378144242e-6,6.576380325679854e-8,1.059254788901144e-6,1.1512481462103539,4.1450045545157575e-4,11659.722744863631,5.312303516906558e-7,1.2222303683674636e-6,3.652436659163037e-10,7.48533734904672e-10,0.09725333699895082,4.47799358399864e-8,1943.594,7603.004,11659.82,2.0362449504318647e-8,4.658693760993506e-8,6.011442121218557e-9,5.012164007019918e-9,6.914433124807296e-8,9.376981324749067e-8,2.1466763825009946e-7,6.083623978599434e-9,2.580755005448152e-9,2.878201798330862e-8,7.215749064926058e-8,1.6500892510341424e-7,3.503554023832117e-11,4.966273804110494e-12,9.946819009266602e-12,21206.13217867346,1.3722513756813254e-6,3.165573651787409e-6,1.2949788368304656e-7,1.9329952501513905e-6,1.2850432704762498,7.714557275339568e-4,1.862897534010699e-7,4.2626350096344873e-7,1.2130101640056312e-8,7.59788528627218e-9,9.793629605039084e-8, 16,Sub-Saharan Africa,Malawi,Dowa,TA Mkukula,20405,MW20405,0.1440529,0.003529529,0.2040522,0.02939432,0.01225080,0.000720208,0.2906929,0.03251866,0.5957723,0.1731868,0.05593302,0.01937372,0.05,9.22e-06,0.1,0.2217238,9.22469e-05,4.09e-05,30,2020-04-02
109,1943.5570998532664,1.272199904125602e-7,2.940045287978462e-7,5.3833565886824346e-8,7.742994515366522e-7,0.036541925549183264,3.569718270490004e-4,7602.852333862241,5.861553073683263e-7,1.357787775946218e-6,5.5749858357332006e-8,9.367030074307306e-7,1.1512486754502411,4.1452590877493373e-4,11659.722744803996,4.506526729678554e-7,1.0393966111092423e-6,3.1058362974450636e-10,6.644497073497097e-10,0.09725366017454742,4.4788766542736946e-8,1943.594,7603.004,11659.82,1.682769834587816e-8,3.9583002745276046e-008,5.111675045039602e-9,4.257763185205583e-9,6.133490245931921e-8,7.749349606456235e-8,1.823839178749475e-7,5.171414029797428e-9,2.1874949913013693e-9,2.5453323357978348e-8,5.96355675952509e-8,1.4021324631805132e-7,2.980008463420007e-11,4.22300604029987e-12,8.830702750548495e-12,21206.132178519503,1.164027970748742e-6,2.6911889158533064e-6,1.0989400787390086e-7,1.7116669086747326e-6,1.2850442611739719,7.715425245904768e-4,1.5395676200569142e-7,3.6218016693827486e-7,1.031288915947123e-8,6.4494811825472525e-9,8.67970565200481e-8, 16,Sub-Saharan Africa,Malawi,Dowa,TA Mkukula,20405,MW20405,0.1440529,0.003529529,0.2040522,0.02939432,0.01225080,0.000720208,0.2906929,0.03251866,0.5957723,0.1731868,0.05593302,0.01937372,0.05,9.22e-06,0.1,0.2217238,9.22469e-05,4.09e-05,30,2020-04-02
110,1943.5570998391622,1.0775525668814217e-7,2.4990140073202295e-7,4.573477630065123e-8,6.866144188009058e-7,0.036542044609768766,3.570262223644122e-4,7602.852333797292,4.96442443119546e-7,1.1537871093302126e-6,4.726956011872978e-8,8.282548984280682e-7,1.1512491285333522,4.145484162783201e-4,11659.722744754014,3.817207458080543e-7,8.836857522025659e-7,2.64097394429035e-10,5.896626733064146e-10,0.09725393491319495,4.479660434394022e-8,1943.594,7603.004,11659.82,1.4104216461419128e-8,3.3568950185837154e-8,4.344433906291686e-9,3.617156722372722e-9,5.439531541179005e-8,6.494883564300835e-8,1.5466169989178864e-7,4.393900919613682e-9,1.854565723918561e-9,2.2507503386396104e-8,4.9982190830633044e-8,1.1891411799043415e-7,2.533330278133007e-11,3.590976904840072e-12,7.837801203276856e-12,21206.132178390468,9.859184456157426e-7,2.2873742622648015e-6,9.326843381381005e-8,1.5154589799022803e-6,1.2850451080563159,7.716194352470762e-4,1.2903524293506052e-7,3.071447680680599e-7,8.763668128686698e-9,5.475313423196123e-9,7.691065659938943e-8, 16,Sub-Saharan Africa,Malawi,Dowa,TA Mkukula,20405,MW20405,0.1440529,0.003529529,0.2040522,0.02939432,0.01225080,0.000720208,0.2906929,0.03251866,0.5957723,0.1731868,0.05593302,0.01937372,0.05,9.22e-06,0.1,0.2217238,9.22469e-05,4.09e-05,30,2020-04-02
111,1943.5570998271885,9.129510364130414e-8,2.1232398285484342e-7,3.885555771190056e-8,6.087327087297928e-7,0.03654214715138992,3.570744529617389e-4,7602.852333742155,4.205844575232262e-7,9.800463668019564e-7,4.008605277210354e-8,7.322992583491922e-7,1.1512495165073937,4.145683171285387e-4,11659.72274471158,3.234248362411608e-7,7.509657966474264e-7,2.245628376295699e-10,5.231678704804391e-10,0.09725416846068405,4.480355917146959e-8,1943.594,7603.004,11659.82,1.1973725122516043e-8,2.843387816935407e-8,3.692211141996685e-9,3.0730395655771665e-9,4.82305973267122e-8,5.5137206800282e-8,1.3099519239660181e-7,3.733258991577451e-9,1.5725918496406219e-9,1.990085021855983e-8,4.243338480591774e-8,1.0072929437281124e-7,2.1534969613178685e-11,3.0534763206321886e-12,6.9548275293650256e-12,21206.132178280925,8.353043974056911e-7,1.943336146304226e-6,7.916617332163367e-8,1.3415551349494656e-6,1.2850458321194678,7.716875736494491e-4,1.0954431672871578e-7,2.601583649387671e-7,7.447005103187315e-9,4.648684891538421e-9,6.81384023728014e-8, 16,Sub-Saharan Africa,Malawi,Dowa,TA Mkukula,20405,MW20405,0.1440529,0.003529529,0.2040522,0.02939432,0.01225080,0.000720208,0.2906929,0.03251866,0.5957723,0.1731868,0.05593302,0.01937372,0.05,9.22e-06,0.1,0.2217238,9.22469e-05,4.09e-05,30,2020-04-02
112,1943.5570998170251,7.737002126916435e-8,1.8032930541108316e-7,3.301124668982861e-8,5.395780557763201e-7,0.036542235477646005,3.5711720881533054e-4,7602.852333695355,3.564148490297058e-7,8.321751347971786e-7,3.3998846807819566e-8,6.474069817818567e-7,1.1512498487331602,4.145859117231524e-4,11659.722744675562,2.741039401134096e-7,6.379261835545335e-7,1.9093701133976338e-10,4.640653476439696e-10,0.097254366924965,4.4809729051534323e-8,1943.594,7603.004,11659.82,1.016337591863703e-8,2.408845829077682e-8,3.136899152702577e-9,2.610774031214714e-9,4.275585359164117e-8,4.679986886912957e-8,1.1096947736265001e-7,3.1710057623184846e-9,1.3336722480310917e-9,1.7594594613722092e-8,3.6017809179611504e-8,8.53387053073627e-8,1.8299784899636538e-11,2.5962805594721533e-12,6.169880064735231e-12,21206.13217818794,7.078888104122797e-7,1.6504306237627952e-6,6.720103050898794e-8,1.1874491029058207e-6,1.285046451135771,7.717479302675345e-4,9.29810539673781e-8,2.2039664096078953e-7,6.326204699920698e-9,3.9470425598052774e-9,6.035661808542799e-8, 16,Sub-Saharan Africa,Malawi,Dowa,TA Mkukula,20405,MW20405,0.1440529,0.003529529,0.2040522,0.02939432,0.01225080,0.000720208,0.2906929,0.03251866,0.5957723,0.1731868,0.05593302,0.01937372,0.05,9.22e-06,0.1,0.2217238,9.22469e-05,4.09e-05,30,2020-04-02
113,1943.5570998084,6.55794806452081e-8,1.5311824705433873e-7,2.804495390959001e-8,4.781892359363977e-7,0.03654231156435866,3.571551040241701e-4,7602.852333655638,3.020857879926952e-7,7.064564393279069e-7,2.8838494171087227e-8,5.723108690021151e-7,1.1512501331995983,4.146014660731614e-4,11659.722744644996,2.3234081223561064e-7,5.417589716236674e-7,1.62331872651474e-10,4.1154977561183155e-10,0.09725453549725582,4.4815201350895603e-8,1943.594,7603.004,11659.82,8.625193004263565e-9,2.0415733628219813e-8,2.663910308630845e-9,2.2180458634924173e-9,3.789520883955245e-8,3.9716724131722e-8,9.40457851687326e-8,2.6922906994000627e-9,1.1311960452355474e-9,1.5554350009004073e-8,3.056629793718457e-8,7.232942581498354e-8,1.554329249247762e-11,2.20742155903835e-12,5.4722993612799704e-12,21206.132178109034,6.00006080873514e-7,1.401333658005913e-6,5.704577995332871e-8,1.0509116547141247e-6,1.2850469802612128,7.718013852986824e-4,7.890821507317014e-8,1.8679094461193597e-7,5.371744300523385e-9,3.351449330287003e-9,5.3455031147917805e-8, 16,Sub-Saharan Africa,Malawi,Dowa,TA Mkukula,20405,MW20405,0.1440529,0.003529529,0.2040522,0.02939432,0.01225080,0.000720208,0.2906929,0.03251866,0.5957723,0.1731868,0.05593302,0.01937372,0.05,9.22e-06,0.1,0.2217238,9.22469e-05,4.09e-05,30,2020-04-02
114,1943.557099801081,5.5592649303989356e-8,1.2998836462330966e-7,2.3824462247596668e-8,4.2370819680404226e-7,0.036542377120668545,3.571886849464693e-4,7602.852333621937,2.560711815930799e-7,5.996269994787728e-7,2.4462817706044373e-8,5.058875025251733e-7,1.1512503767944502,4.146152157029445e-4,11659.722744619059,1.9696467166648532e-7,4.5999331106456495e-7,1.379976545440352e-10,3.649009098506793e-10,0.09725467864254435,4.482005390160615e-8,1943.594,7603.004,11659.82,7.318931238842197e-9,1.7305762580060947e-8,2.2616877411181978e-9,1.884323529010762e-9,3.358092229922881e-8,3.3701326174195856e-8,7.971593257381113e-8,2.2853300484790167e-9,9.595373051917149e-10,1.3749629783094564e-8,2.5936969905160367e-8,6.131311047428569e-8,1.319857308363985e-11,1.876639559553932e-12,4.8525507105456904e-12,21206.132178042077,5.086285025635546e-7,1.1896086751666474e-6,4.842527760818508e-8,9.299606002390663e-7,1.285047432557663,7.718487207033154e-4,6.695722731819842e-8,1.5833480562815776e-7,4.5602163626808544e-9,2.845737473762031e-9,4.733540463303392e-8, 16,Sub-Saharan Africa,Malawi,Dowa,TA Mkukula,20405,MW20405,0.1440529,0.003529529,0.2040522,0.02939432,0.01225080,0.000720208,0.2906929,0.03251866,0.5957723,0.1731868,0.05593302,0.01937372,0.05,9.22e-06,0.1,0.2217238,9.22469e-05,4.09e-05,30,2020-04-02
115,1943.557099794871,4.7131576862635994e-8,1.1033481627358548e-7,2.023781446284545e-8,3.7536944812427934e-7,0.03654243361823841,3.572184374926577e-4,7602.852333593342,2.1708906446204783e-7,5.088795343166971e-7,2.0751954438962978e-8,4.47141168351896e-7,1.1512505854228576,4.1462736911324576e-4,11659.722744597051,1.6699174391406844e-7,3.9049997662453134e-7,1.1729827868598086e-10,3.234750543297317e-10,0.09725480017432743,4.4824356012018715e-8,1943.594,7603.004,11659.82,6.210029823705554e-9,1.4671102265058916e-8,1.919881369329675e-9,1.6007089287343214e-9,2.9752546188365446e-8,2.8594513423740864e-8,6.757663055477294e-8,1.939596831807969e-9,8.139651635792997e-10,1.2153410301253033e-8,2.2007952793501318e-008,5.1980880545918196e-8,1.1205619762387599e-11,1.5952497810220976e-12,4.302110412566015e-12,21206.132177985266,4.3121238523875225e-7,1.009714327214814e-6,4.1107067180494407e-8,8.228340915305051e-7,1.2850478192154235,7.718906309619154e-4,5.6812496040947735e-8,1.3422861336575005e-7,3.8706838209000314e-9,2.4162693420946433e-9,4.1910258600031045e-8, 16,Sub-Saharan Africa,Malawi,Dowa,TA Mkukula,20405,MW20405,0.1440529,0.003529529,0.2040522,0.02939432,0.01225080,0.000720208,0.2906929,0.03251866,0.5957723,0.1731868,0.05593302,0.01937372,0.05,9.22e-06,0.1,0.2217238,9.22469e-05,4.09e-05,30,2020-04-02
116,1943.557099789602,3.996166314638705e-8,9.364047238469706e-8,1.718991050767026e-8,3.3249048432941714e-7,0.03654248232206159,3.5724479365663824e-4,7602.852333569081,1.840575663951762e-7,4.318157236716775e-7,1.760452426713286e-8,3.951895453763082e-7,1.1512507641362593,4.1463811085489156e-4,11659.72274457838,1.415915790372962e-7,3.314572978909095e-7,9.96924285476699e-11,2.866973250043349e-10,0.09725490333988755,4.482816937439275e-8,1943.594,7603.004,11659.82,5.2689301810460165e-9,1.2438843897294959e-8,1.6295071751083508e-9,1.3596902059544e-9,2.635616398055391e-8,2.4261680664494634e-8,5.7293178731366277e-8,1.6459806054522286e-9,6.905047233587764e-10,1.0741741645801071e-8,1.8671926227398217e-8,4.407209110417045e-8,9.512017861749843e-12,1.35589340000304e-12,3.813362374036778e-12,21206.132177937063,3.6561080857885943e-7,8.569134939472841e-7,3.489412720335079e-8,7.279667270307297e-7,1.2850481497982085,7.719277326809042e-4,4.820253707293887e-8,1.138041137328317e-7,3.2849997984223292e-9,2.0515508227131792e-9,3.710171898872902e-8, 16,Sub-Saharan Africa,Malawi,Dowa,TA Mkukula,20405,MW20405,0.1440529,0.003529529,0.2040522,0.02939432,0.01225080,0.000720208,0.2906929,0.03251866,0.5957723,0.1731868,0.05593302,0.01937372,0.05,9.22e-06,0.1,0.2217238,9.22469e-05,4.09e-05,30,2020-04-02
117,1943.557099785132,3.3884812864853754e-8,7.946357186593461e-8,1.459994958919639e-8,2.944630829841507e-7,0.03654252431949197,3.572681373718012e-4,7602.852333548498,1.560632825210873e-7,3.6638820908471166e-7,1.493473520517785e-8,3.492509408586464e-7,1.1512509172553942,4.146476042581476e-4,11659.722744562538,1.2006286655735162e-7,2.813081688525447e-7,8.471936664671803e-11,2.540545814623799e-10,0.09725499090321278,4.4831548880879685e-8,1943.594,7603.004,11659.82,4.469939085538499e-9,1.0546789367071797e-8,1.3828706408581645e-9,1.1548739271937512e-9,2.334371516297647e-8,2.058277459582314e-8,4.857705846991204e-8,1.3966472236051994e-9,5.857819396001763e-10,9.49340325605676e-9,1.5841578715480864e-8,3.737029119542545e-8,8.073395206364426e-12,1.1523228553658145e-12,3.3795064869326417e-12,21206.13217789617,3.100109619432927e-7,7.271599498031909e-7,2.9619404161020955e-8,6.439680784242595e-7,1.2850484324780989,7.719605731788297e-4,4.08942923968425e-8,9.649413903240929e-8,2.7875912596697284e-9,1.7418081896492934e-9,3.284049792552016e-8, 16,Sub-Saharan Africa,Malawi,Dowa,TA Mkukula,20405,MW20405,0.1440529,0.003529529,0.2040522,0.02939432,0.01225080,0.000720208,0.2906929,0.03251866,0.5957723,0.1731868,0.05593302,0.01937372,0.05,9.22e-06,0.1,0.2217238,9.22469e-05,4.09e-05,30,2020-04-02
118,1943.55709978134,2.8733656381361233e-8,6.742711341507309e-8,1.2399267536731516e-8,2.607454646314005e-7,0.03654256054517069,3.5728880975184244e-4,7602.8523335310365,1.3233457703094225e-7,3.1085084923692715e-7,1.2669954043287915e-8,3.086329368948601e-7,1.1512510484755059,4.146559938546334e-4,11659.722744549099,1.0181301042326073e-7,2.38723033793257e-7,7.198690740218312e-11,2.2508903508867246e-10,0.09725506521583635,4.483454335550765e-8,1943.594,7603.004,11659.82,3.792138159042224e-9,8.943294642534746e-9,1.1734609493679956e-9,9.808394142175021e-10,2.0672380041228313e-8,1.746138877933845e-8,4.119009426948349e-8,1.1849886948998267e-9,4.969493522031497e-10,8.389596485786684e-9,1.3438693713396788e-8,3.168854984748768e-8,6.851517184226817e-12,9.791988214380866e-13,2.994474627965166e-12,21206.132177861477,2.628812438355642e-7,6.170009964452573e-7,2.5141208487421616e-8,5.696034905613492e-7,1.2850486742365128,7.719896381498313e-4,3.469222065177746e-8,8.182193875950591e-8,2.3653011614520493e-9,1.47876796524209e-9,2.9064971001642963e-8, 16,Sub-Saharan Africa,Malawi,Dowa,TA Mkukula,20405,MW20405,0.1440529,0.003529529,0.2040522,0.02939432,0.01225080,0.000720208,0.2906929,0.03251866,0.5957723,0.1731868,0.05593302,0.01937372,0.05,9.22e-06,0.1,0.2217238,9.22469e-05,4.09e-05,30,2020-04-02
119,1943.557099778123,2.4366680428362e-8,5.720973770004816e-8,1.052949576707488e-8,2.3085524294604558e-7,0.03654259180243005,3.5730711377630984e-4,7602.8523335162245,1.1221909603528543e-7,2.6371604520822207e-7,1.074865399586763e-8,2.727222990274438e-7,1.1512511609562919,4.146634075256122e-4,11659.7227445377,8.634091507597494e-8,2.025680237543802e-7,6.116114561285611e-11,1.993924829264433e-10,0.0972551282773093,4.4837196210037995e-8,1943.594,7603.004,11659.82,3.216882760170847e-9,7.583858713170078e-9,9.9567680129692e-10,8.329655548913448e-10,1.830402446739753e-8,1.481203071307391e-8,3.4927511708730724e-8,1.0053290176361784e-9,4.2158940404567224e-10,7.4136709788210665e-9,1.1399606592021883e-8,2.6871701939307676e-8,5.8140187971803865e-12,8.319890293253699e-13,2.652854530345239e-12,21206.132177832045,2.2292669153962236e-7,5.234938066626504e-7,2.1339310908555365e-8,5.037769344564158e-7,1.2850488810360312,7.720153584981321e-4,2.942852006526664e-8,6.938307236120848e-8,2.006819837730279e-9,1.2553869479663423e-9,2.572034830074894e-8, 16,Sub-Saharan Africa,Malawi,Dowa,TA Mkukula,20405,MW20405,0.1440529,0.003529529,0.2040522,0.02939432,0.01225080,0.000720208,0.2906929,0.03251866,0.5957723,0.1731868,0.05593302,0.01937372,0.05,9.22e-06,0.1,0.2217238,9.22469e-05,4.09e-05,30,2020-04-02
120,1943.5570997753941,2.0664161199174246e-8,4.853777597662742e-8,8.941007243721728e-9,2.0436308852288063e-7,0.03654261878175354,3.573233184776292e-4,7602.852333503659,9.51649899448204e-8,2.2371759452383625e-7,9.118693317833037e-9,2.4097600825789565e-7,1.1512512573992277,4.146699584072089e-4,11659.722744528028,7.322260473466321e-8,1.718771238810678e-7,5.195776308881462e-11,1.7660110870247392e-10,0.09725518178713112,4.483954603127566e-8,1943.594,7603.004,11659.82,2.728938852669671e-9,6.431458081857426e-9,8.447798820370199e-10,7.073338492412448e-10,1.620470131935255e-8,1.2565578799694777e-8,2.9619684890159804e-8,8.528778552966434e-10,3.5766009095811143e-10,6.550881596672966e-9,9.671566658653319e-9,2.2789876999965045e-8,4.933435876151535e-12,7.068409200096512e-13,2.34982123766829e-12,21206.13217780708,1.8905175587865785e-7,4.441324943815315e-7,1.811165832464358e-8,4.4551569788947876e-7,1.2850490579681124,7.720381164308694e-4,2.4966084311017767e-8,5.884101997198228e-8,1.7025911732098149e-9,1.065700781119366e-9,2.2757932737263184e-8, 16,Sub-Saharan Africa,Malawi,Dowa,TA Mkukula,20405,MW20405,0.1440529,0.003529529,0.2040522,0.02939432,0.01225080,0.000720208,0.2906929,0.03251866,0.5957723,0.1731868,0.05593302,0.01937372,0.05,9.22e-06,0.1,0.2217238,9.22469e-05,4.09e-05,30,2020-04-02
121,1943.5570997730795,1.7524760951552617e-8,4.117834642626554e-8,7.591602999151239e-9,1.808870398237125e-7,0.03654264207667962,3.5733766268040865e-4,7602.852333493001,8.070520262349032e-8,1.8977849126449337e-7,7.735869276866897e-9,2.1291329429499905e-7,1.1512513401139501,4.1467574657967133e-4,11659.722744519824,6.209918630783326e-8,1.458279743541757e-7,4.4134661969248866e-11,1.5639080081547615e-10,0.09725522718926635,4.4841627106630995e-8,1943.594,7603.004,11659.82,2.3146640160121024e-9,5.454064263633732e-9,7.166974057680926e-10,6.006010804317083e-10,1.4344202779455022e-8,1.0657458915375173e-8,2.5117246236705255e-8,7.234875264061865e-10,3.0342028958352896e-10,5.788172462433284e-9,8.203642209991813e-9,1.9327060636821767e-8,4.1858147213510985e-12,6.004457920458425e-13,2.0810753553315502e-12,21206.132177785905,1.603291498828762e-7,3.767848120449346e-7,1.5371606937987385e-8,3.9395672491952705e-7,1.2850492093798962,7.720582508871866e-4,2.1175765141379088e-8,4.989837113716076e-8,1.4443707468956301e-9,9.04621815807283e-10,2.0134456317243637e-8, 16,Sub-Saharan Africa,Malawi,Dowa,TA Mkukula,20405,MW20405,0.1440529,0.003529529,0.2040522,0.02939432,0.01225080,0.000720208,0.2906929,0.03251866,0.5957723,0.1731868,0.05593302,0.01937372,0.05,9.22e-06,0.1,0.2217238,9.22469e-05,4.09e-05,30,2020-04-02
122,1943.5570997711159,1.4862671227109483e-8,3.493339444752618e-8,6.445399079587699e-9,1.6008740045992464e-7,0.036542662197482687,3.573503583389068e-4,7602.85233348396,6.84442864620133e-8,1.609831666153533e-7,6.5627000648003706e-9,1.881085608949645e-7,1.1512514110751448,4.146808605648142e-4,11659.722744512865,5.266674356706043e-8,1.2372095529264853e-7,3.748570608884107e-11,1.384729410234333e-10,0.09725526571021363,4.484346989409835e-8,1943.594,7603.004,11659.82,1.963599061127752e-9,4.625688785570886e-9,6.080277672829806e-10,5.099426963213067e-10,1.269565849817229e-8,9.04128683032468e-9,2.1302202991801697e-8,6.137347916236495e-10,2.5740870375318054e-10,5.113985142855045e-9,6.959453457966447e-9,1.6391896198739273e-8,3.5514055861222725e-12,5.100180733265032e-13,1.842787467351931e-12,21206.13217776794,1.3597370125618323e-7,3.19637516355528e-7,1.3045584850476912e-8,3.483344342959126e-7,1.2850493389828412,7.720760623736151e-4,1.796433934941888e-8,4.2319787976111854e-8,1.2253139644927523e-9,7.678614181478138e-10,1.7811486428494687e-8, 16,Sub-Saharan Africa,Malawi,Dowa,TA Mkukula,20405,MW20405,0.1440529,0.003529529,0.2040522,0.02939432,0.01225080,0.000720208,0.2906929,0.03251866,0.5957723,0.1731868,0.05593302,0.01937372,0.05,9.22e-06,0.1,0.2217238,9.22469e-05,4.09e-05,30,2020-04-02
123,1943.5570997694506,1.2605210110320996e-8,2.963456661742351e-8,5.471881915072051e-9,1.4166216647113376e-7,0.03654267958293141,3.57361593514226e-4,7602.85233347629,5.80473150791285e-8,1.365536405879673e-7,5.567396907143208e-9,1.6618510544439352e-7,1.1512514719712452,4.1468537865314815e-4,11659.722744506962,4.466783594067544e-8,1.0496117880831655e-7,3.183539617952623e-11,1.2259062049197591e-10,0.09725529839151009,4.4845101442263415e-8,1943.594,7603.004,11659.82,1.6652847989462316e-9,3.922745915734719e-9,5.157904687573976e-10,4.3293115490827813e-10,1.1235175319170704e-8,7.669768820051104e-9,1.8066740202935908e-8,5.206132583344276e-10,2.18372155881195e-10,4.5180883339614696e-9,5.902620614506304e-9,1.3901528240891296e-8,3.0129041108571993e-12,4.3316070100860216e-13,1.6315481650683506e-12,21206.132177752705,1.1532036113012494e-7,2.7114938601370736e-7,1.1071114218394785e-8,3.0796986253601923e-7,1.2850494499456868,7.720918172688163e-4,1.523767423350364e-8,3.5891014359561924e-8,1.0394166312026823e-9,6.517364714904817e-10,1.5754895201297242e-8, 16,Sub-Saharan Africa,Malawi,Dowa,TA Mkukula,20405,MW20405,0.1440529,0.003529529,0.2040522,0.02939432,0.01225080,0.000720208,0.2906929,0.03251866,0.5957723,0.1731868,0.05593302,0.01937372,0.05,9.22e-06,0.1,0.2217238,9.22469e-05,4.09e-05,30,2020-04-02
124,1943.5570997680377,1.0690798330965076e-8,2.513881343302213e-8,4.64510586189701e-9,1.2534293184618107e-7,0.03654269461038858,3.573715350287777e-4,7602.852333469786,4.923054583553076e-8,1.1582908539472416e-7,4.7229955785710795e-9,1.4680954526181433e-7,1.1512515242460868,4.1468937007983796e-4,11659.722744501954,3.788433652576069e-8,8.904302732613789e-8,2.7034335715455073e-11,1.085152430465329e-10,0.09725532611745201,4.484654576543094e-8,1943.594,7603.004,11659.82,1.412900019204244e-9,3.327311798560164e-9,4.3756765015328763e-10,3.6753573771725153e-10,9.941514551685404e-9,6.504706107079983e-9,1.5321475350677726e-8,4.4159271098746567e-10,1.8525117078127426e-10,3.991426689815489e-9,5.007677827961743e-9,1.1791177242876497e-8,2.55609967596729e-12,3.6785800700192234e-13,1.4443231675245384e-12,21206.13217773978,9.780568069225652e-8,2.3001092615388418e-7,9.395135776183544e-9,2.7226099235104193e-7,1.2850495449739274,7.72105751654381e-4,1.292528395424597e-8,3.043996439211438e-8,8.817164608167206e-10,5.531547665055277e-10,1.3934385564668418e-8, 16,Sub-Saharan Africa,Malawi,Dowa,TA Mkukula,20405,MW20405,0.1440529,0.003529529,0.2040522,0.02939432,0.01225080,0.000720208,0.2906929,0.03251866,0.5957723,0.1731868,0.05593302,0.01937372,0.05,9.22e-06,0.1,0.2217238,9.22469e-05,4.09e-05,30,2020-04-02
125,1943.5570997668392,9.06725232978304e-9,2.1324625345284746e-8,3.943011035527127e-9,1.1089122498707105e-7,0.03654270760448256,3.5738033083187624e-4,7602.852333464268,4.175354601003596e-8,9.824834802874962e-8,4.006621853040468e-9,1.2968687244270593e-7,1.1512515691345164,4.146928960665166e-4,11659.722744497707,3.213139084126177e-8,7.553690813482648e-8,2.295536770510205e-11,9.604347866082321e-11,0.09725534963871285,4.484782417848243e-8,1943.594,7603.004,11659.82,1.1984866432612762e-9,2.8220326444433117e-9,3.711838669374775e-10,3.1199449586572706e-10,8.795803098566625e-9,5.517904355656356e-9,1.2994904181151152e-8,3.7457606946552736e-10,1.5715448172359931e-10,3.5259866786301747e-9,4.247340257279575e-9,1.0000285941778491e-8,2.1683930036716313e-12,3.1236805070123277e-13,1.2784130514911685e-12,21206.132177728814,8.295218918108078e-8,1.9510988150886084e-7,7.972588256272697e-9,2.406741409084378e-7,1.2850496263777118,7.721180747225714e-4,1.0963731256197207e-8,2.5817222767372956e-8,7.479283294066765e-10,4.694613456400276e-10,1.232306819024829e-8, 16,Sub-Saharan Africa,Malawi,Dowa,TA Mkukula,20405,MW20405,0.1440529,0.003529529,0.2040522,0.02939432,0.01225080,0.000720208,0.2906929,0.03251866,0.5957723,0.1731868,0.05593302,0.01937372,0.05,9.22e-06,0.1,0.2217238,9.22469e-05,4.09e-05,30,2020-04-02
126,1943.5570997658228,7.690343140073853e-9,1.808881648884063e-8,3.34684310898234e-9,9.80952330122139e-8,0.036542718844550084,3.5738811210694985e-4,7602.8523334595875,3.54125461806618e-8,8.333502806553655e-8,3.3988697247245106e-9,1.1455606748251581e-7,1.1512516076928236,4.146960107440983e-4,11659.722744494104,2.7252315680744722e-8,6.407792727904971e-8,1.9490281876198062e-11,8.499453327389417e-11,0.09725536959245006,4.4848955595629746e-8,1943.594,7603.004,11659.82,1.0163603292312473e-9,2.3932695189404345e-9,3.148513533519516e-10,2.648268364290947e-10,7.781275073608963e-9,4.680259735323489e-9,1.1021259564697652e-8,3.177193468805287e-10,1.333168498693319e-10,3.114677581714069e-9,3.6034180084243417e-9,8.48249316894139e-9,1.8395391602107736e-12,2.65231249455738e-13,1.131417147315139e-12,21206.132177719515,7.035520500148037e-8,1.6550177183342688e-7,6.765203115583049e-9,2.1273629502800362e-7,1.285049696129824,7.721289718066438e-4,9.300038072979078e-9,2.1897022252579476e-8,6.34410239392691e-10,3.9840891754788234e-10,1.0897084072470348e-8, 16,Sub-Saharan Africa,Malawi,Dowa,TA Mkukula,20405,MW20405,0.1440529,0.003529529,0.2040522,0.02939432,0.01225080,0.000720208,0.2906929,0.03251866,0.5957723,0.1731868,0.05593302,0.01937372,0.05,9.22e-06,0.1,0.2217238,9.22469e-05,4.09e-05,30,2020-04-02
127,1943.5570997649606,6.52257864672061e-9,1.534378025136009e-8,2.8406596719301287e-9,8.676687471450288e-8,0.036542728571023246,3.57394995147792e-4,7602.852333455618,3.003482466565024e-8,7.06847538000752e-8,2.8832747495660945e-9,1.011862094627171e-7,1.1512516408247309,4.14698761970049e-4,11659.72274449105,2.3114288134992134e-8,5.435621894582596e-8,1.6547007446420466e-11,7.520770392835604e-11,0.09725538651941155,4.4849956796825295e-8,1943.594,7603.004,11659.82,8.62200977280736e-10,2.0299654706339794e-9,2.670802660400036e-10,2.2478226831661487e-10,6.8830408421483025e-9,3.969944373238832e-9,9.347665888250392e-9,2.694923652350917e-10,1.1309410813697195e-10,2.7512259506722904e-9,3.054083208553493e-9,7.192110754306081e-9,1.560247377985456e-12,2.251760903881526e-13,1.0012011955488168e-12,21206.132177711628,5.967169144736299e-8,1.4038475299726125e-7,5.7404814289426435e-9,1.8802829188114833e-7,1.2850497559151657,7.721386070746378e-4,7.88622855907306e-9,1.8569742113190453e-8,5.381328786530808e-10,3.38101552543975e-10,9.635267994016142e-9, 16,Sub-Saharan Africa,Malawi,Dowa,TA Mkukula,20405,MW20405,0.1440529,0.003529529,0.2040522,0.02939432,0.01225080,0.000720208,0.2906929,0.03251866,0.5957723,0.1731868,0.05593302,0.01937372,0.05,9.22e-06,0.1,0.2217238,9.22469e-05,4.09e-05,30,2020-04-02
128,1943.5570997642294,5.532173877258486e-9,1.3015150092349131e-8,2.410910153886618e-9,7.673918662948653e-8,0.03654273699091003,3.5740108302849676e-4,7602.852333452251,2.5473959705092182e-8,5.995434423441878e-8,2.4458677343572876e-9,8.937302735521246e-8,1.1512516693035948,4.1470119205207055e-4,11659.722744488456,1.960469987762274e-8,4.610869819523065e-8,1.4047219689619407e-11,6.654019095029608e-11,0.09725540087848197,4.48508426652184e-8,1943.594,7603.004,11659.82,7.312337402254343e-10,1.7216385096875582e-9,2.2654375845168744e-10,1.9077979579489095e-10,6.087880704760962e-9,3.3669493859633803e-9,7.927814346521437e-9,2.285781695033086e-10,9.593709721481591e-11,2.4300820215686705e-9,2.5938788894563913e-9,6.103467146825785e-9,1.323834145474614e-12,1.911810951137837e-13,8.85868393107352e-13,21206.132177704934,5.061083345997341e-8,1.1907819252199856e-7,4.870825107933525e-9,1.6617875417564928e-7,1.2850498071729868,7.721471259232325e-4,6.692062015645206e-9,1.575292000303478e-8,4.5644576210047063e-10,2.8690807410482064e-10,8.51884859472274e-9, 16,Sub-Saharan Africa,Malawi,Dowa,TA Mkukula,20405,MW20405,0.1440529,0.003529529,0.2040522,0.02939432,0.01225080,0.000720208,0.2906929,0.03251866,0.5957723,0.1731868,0.05593302,0.01937372,0.05,9.22e-06,0.1,0.2217238,9.22469e-05,4.09e-05,30,2020-04-02
129,1943.5570997636091,4.692179792339386e-9,1.1039807578798663e-8,2.0460783151769402e-9,6.786399003097853e-8,0.0365427442824967,3.574064670891957e-4,7602.852333449395,2.1605812957164004e-8,5.085258517299516e-8,2.0747963712020213e-9,7.893584306299807e-8,1.1512516937913626,4.147033383888229e-4,11659.722744486256,1.6628072320444192e-8,3.911203433191713e-8,1.1924299351463759e-11,5.886514143842808e-11,0.09725541305904646,4.4851626398710184e-8,1943.594,7603.004,11659.82,6.202753866091371e-10,1.4602694715282367e-9,1.9216415387364694e-10,1.6191478037242518e-10,5.384060698958217e-9,2.8558133635669947e-9,6.7239601114951735e-9,1.938777204435935e-10,8.13825538447582e-11,2.1463367523718267e-9,2.1991581888869405e-9,5.175785746065489e-9,1.1228707418714244e-12,1.6228955400135364e-013,7.837334917820086e-13,21206.13217769926,4.2926065069947585e-8,1.0100442708371095e-7,4.132798985730426e-9,1.4685869823541504e-7,1.2850498511329058,7.721546571044174e-4,5.675246939063072e-9,1.33600153290889e-8,3.8716474505911185e-10,2.434596237711847e-10,7.531181184821826e-9, 16,Sub-Saharan Africa,Malawi,Dowa,TA Mkukula,20405,MW20405,0.1440529,0.003529529,0.2040522,0.02939432,0.01225080,0.000720208,0.2906929,0.03251866,0.5957723,0.1731868,0.05593302,0.01937372,0.05,9.22e-06,0.1,0.2217238,9.22469e-05,4.09e-05,30,2020-04-02
130,1943.557099763082,3.978362204492568e-9,9.360941015027441e-9,1.735783852239583e-9,6.000134117542743e-8,0.03654275060889339,3.574112334604172e-4,7602.852333446967,1.831875709813496e-8,4.311741265608205e-8,1.7593949952785068e-9,6.970461277884228e-8,1.1512517148895436,4.147052361558276e-4,11659.72274448439,1.4098542745776419e-8,3.3165178691888053e-8,1.0118150428437263e-011,5.2062635839165996e-11,0.09725542341151591,4.48523204512803e-8,1943.594,7603.004,11659.82,5.270521796774119e-10,1.24086976752423e-9,1.633096706130751e-10,1.3767335903376247e-10,4.766371221483472e-9,2.4274413590319455e-9,5.7144972180609895e-9,1.647692139892207e-10,6.916996597164025e-11,1.897767004687464e-9,1.8662831280380487e-9,4.395812702705822e-9,9.54079092345432e-13,1.3801140076859643e-13,6.940525701167236e-13,21206.13217769444,3.6395662048403945e-8,8.564353236299755e-8,3.505296997946527e-9,1.2975801659010887e-7,1.2850498889099529,7.721613219366961e-4,4.820776666747406e-9,1.1351179688291041e-8,3.2903296369464124e-10,2.069813364061713e-10,6.664832278741053e-9, 16,Sub-Saharan Africa,Malawi,Dowa,TA Mkukula,20405,MW20405,0.1440529,0.003529529,0.2040522,0.02939432,0.01225080,0.000720208,0.2906929,0.03251866,0.5957723,0.1731868,0.05593302,0.01937372,0.05,9.22e-06,0.1,0.2217238,9.22469e-05,4.09e-05,30,2020-04-02
131,1943.5570997626335,3.3710737161306795e-9,7.9324592450788125e-009,1.471594033564154e-9,5.3032360892799544e-8,0.036542756104581124,3.574154552047085e-4,7602.852333444903,1.5522296137182078e-8,3.6536251496484895e-8,1.4910115242838013e-9,6.153534775358724e-8,1.1512517330908136,4.147069151217952e-4,11659.722744482799,1.1946497787786592e-8,2.8104998276689128e-8,8.579917915783458e-12,4.6030714411600666e-11,0.09725543222013912,4.485293539421855e-8,1943.594,7603.004,11659.82,4.4860826164949685e-10,1.0558967500113856e-9,1.3895879344449388e-10,1.1719243918811553e-10,4.2217442912861544e-9,2.064552973024547e-9,4.861013933977429e-9,1.4017579863636348e-10,5.885414761223744e-11,1.6789659676116377e-9,1.5916157281026244e-9,3.7436606860924516e-9,8.121270496867156e-13,1.1751797811702602e-13,6.149429382499094e-13,21206.132177690335,3.083986764109935e-8,7.257370901825283e-8,2.971185475763739e-9,1.1461373936079838e-7,1.285049921415534,7.721672232618979e-4,4.104776962776668e-9,9.660571370081266e-9,2.7994671913054407e-10,1.7616410477847e-10,5.901325201836042e-9, 16,Sub-Saharan Africa,Malawi,Dowa,TA Mkukula,20405,MW20405,0.1440529,0.003529529,0.2040522,0.02939432,0.01225080,0.000720208,0.2906929,0.03251866,0.5957723,0.1731868,0.05593302,0.01937372,0.05,9.22e-06,0.1,0.2217238,9.22469e-05,4.09e-05,30,2020-04-02
132,1943.5570997622365,2.8336134224053374e-9,6.668124662658878e-9,1.237647193235998e-9,4.6665608783487434e-8,0.0365427610490605,3.5741931015454684e-4,7602.852333443075,1.3047408146054518e-8,3.07115923856256e-8,1.2534535696253352e-9,5.4080746627981755e-8,1.1512517493783476,4.147084468792265e-4,11659.722744481393,1.0041890351755678e-8,2.3626130973637858e-8,7.217475976680643e-12,4.051827317289629e-11,0.09725544001665688,4.48534970436632e-8,1943.594,7603.004,11659.82,3.969944373238832e-10,9.344547310492252e-10,1.2298492664605676e-10,1.0375753044385813e-10,3.854949838348349e-9,1.8280843505635858e-9,4.302972341691145e-9,1.2407158739890494e-10,5.2093784259036266e-11,1.5317574312894919e-9,1.406078808940947e-9,3.310686244971861e-9,7.18562167189135e-13,1.0405020531459749e-13,5.616494446486744e-13,21206.132177686704,2.5922911920215533e-8,6.100584802192234e-8,2.498318238838014e-9,1.0078687368464208e-7,1.2850499504440651,7.72172610530817e-4,3.631157596828416e-9,8.548113317712231e-9,2.4777507621215086e-10,1.5595536490820899e-10,5.3872689190824895e-9, 16,Sub-Saharan Africa,Malawi,Dowa,TA Mkukula,20405,MW20405,0.1440529,0.003529529,0.2040522,0.02939432,0.01225080,0.000720208,0.2906929,0.03251866,0.5957723,0.1731868,0.05593302,0.01937372,0.05,9.22e-06,0.1,0.2217238,9.22469e-05,4.09e-05,30,2020-04-02
133,1943.557099761941,2.433670608432593e-9,5.727134872100804e-9,1.0633374002371254e-9,4.1549231059150965e-8,0.03654276488183715,3.574224043896657e-4,7602.852333441714,1.1205800426051184e-8,2.6376971946650916e-8,1.0766232004392455e-9,4.810623937886511e-8,1.15125176183894,4.147096739022239e-4,11659.722744480345,8.624586084023102e-9,2.0292454328959542e-8,6.2018472973008026e-12,3.60851522345171e-11,0.09725544581949866,4.485394810806614e-8,1943.594,7603.004,11659.82,2.955857780762017e-10,6.955285920489459e-10,9.153541542472611e-11,7.727931458776035e-11,3.0942351188873937e-9,1.3606040738523006e-9,3.2022117938556354e-9,9.233222431795765e-11,3.877365216577919e-11,1.227022997367811e-9,1.0477378964424133e-9,2.465042164174989e-9,5.3491383408841e-13,7.752712567341254e-14,4.5106440294064284e-13,21206.132177684,2.226405711850688e-8,5.239656114771126e-8,2.1461624479736717e-9,8.96915555902506e-8,1.2850499725402758,7.721769322399976e-4,2.7039277483709157e-9,6.3627825500795704e-9,1.8440255357677218e-10,1.1613049387921296e-10,4.3217091806581455e-9, 16,Sub-Saharan Africa,Malawi,Dowa,TA Mkukula,20405,MW20405,0.1440529,0.003529529,0.2040522,0.02939432,0.01225080,0.000720208,0.2906929,0.03251866,0.5957723,0.1731868,0.05593302,0.01937372,0.05,9.22e-06,0.1,0.2217238,9.22469e-05,4.09e-05,30,2020-04-02
134,1943.5570997616871,2.090178824594518e-9,4.9189224165652994e-9,9.135568199261783e-10,3.6991664159008006e-8,0.03654276823976493,3.574251592157702e-4,7602.852333440546,9.624145189252223e-9,2.265412155219305e-8,9.247342432275893e-10,4.2790704036090003e-8,1.151251772687528,4.1471076534438617e-4,11659.722744479444,7.407324659090441e-9,1.742909217889852e-8,5.328970346400351e-12,3.213490165606775e-11,0.09725545080366074,4.485434979433688e-8,1943.594,7603.004,11659.82,2.53749021794647e-10,5.972408056327221e-10,7.861124536598765e-11,6.639188214232262e-11,2.7548261044845097e-9,1.1677911970764399e-9,2.7494464338754006e-9,7.929081398454516e-11,3.330211646214927e-11,1.0914421622889268e-9,9.00399754755199e-10,2.1176611796878603e-9,4.594839609970122e-13,6.66180455948732e-14,4.0168627073809886e-13,21206.132177681677,1.912164867293718e-8,4.500213614765687e-8,1.8436200335001678e-9,7.981450309675407e-8,1.2850499917309537,7.721807789099507e-4,2.3219399736262858e-9,5.464348419195983e-9,1.5836154331152982e-10,9.976061665006676e-11,3.846669953044175e-9, 16,Sub-Saharan Africa,Malawi,Dowa,TA Mkukula,20405,MW20405,0.1440529,0.003529529,0.2040522,0.02939432,0.01225080,0.000720208,0.2906929,0.03251866,0.5957723,0.1731868,0.05593302,0.01937372,0.05,9.22e-06,0.1,0.2217238,9.22469e-05,4.09e-05,30,2020-04-02
135,1943.5570997614693,1.795169519852965e-9,4.2247551057260365e-9,7.848576415875916e-10,3.293217981731471e-8,0.03654277118251128,3.574276117258344e-4,7602.852333439543,8.265745061879223e-9,1.9456704550974675e-8,7.942697251755451e-10,3.8061607333208214e-8,1.1512517821353285,4.1471173616372526e-4,11659.722744478673,6.36186963042534e-9,1.4969709389317195e-8,4.578812685455498e-12,2.8615232723521196e-11,0.09725545508463271,4.4854707484745954e-8,1943.594,7603.004,11659.82,2.1782398107461631e-10,5.128332858161694e-10,6.751118851274023e-11,5.703696055007609e-11,2.4525100641731995e-9,1.0031726560555398e-9,2.3615727834285393e-9,6.810207205375244e-11,2.8604093147851314e-11,9.708193390899414e-10,7.712515071034431e-10,1.8167065357685443e-9,3.9445598438661685e-13,5.723068226657348e-14,3.576904090755903e-13,21206.132177679687,1.6422784212157528e-8,3.865116904601791e-8,1.5837061794485921e-9,7.102240238324645e-8,1.2850500084024725,7.721842025970444e-4,1.9922481442335993e-9,4.691112605013253e-9,1.3600771655087929e-10,8.569828438019398e-11,3.4236870936722165e-9, 16,Sub-Saharan Africa,Malawi,Dowa,TA Mkukula,20405,MW20405,0.1440529,0.003529529,0.2040522,0.02939432,0.01225080,0.000720208,0.2906929,0.03251866,0.5957723,0.1731868,0.05593302,0.01937372,0.05,9.22e-06,0.1,0.2217238,9.22469e-05,4.09e-05,30,2020-04-02
136,1943.5570997612822,1.5417991452824373e-9,3.6285426696778914e-9,6.74275907565088e-10,2.931660588588392e-8,0.03654277376214071,3.574297949785489e-4,7602.852333438682,7.099084201200884e-9,1.6710566692574296e-8,6.822084225719341e-10,3.3854378540568765e-8,1.1512517903655588,4.14712599671278e-4,11659.722744478007,5.463970706227379e-9,1.2857323014411092e-8,3.9341468778687916e-12,2.5479475163470285e-11,0.09725545876161551,4.485502597818553e-8,1943.594,7603.004,11659.82,1.8712853488977998e-10,4.4049890946030765e-10,5.79863964225512e-11,4.900155868665124e-11,2.1832527145209703e-9,8.61291482578963e-10,2.0279523432573023e-9,5.848642424246791e-11,2.4567894640585518e-11,8.635075527340351e-10,6.657501216977835e-10,1.5636490458957446e-9,3.3910287185916596e-13,4.9188433972293635e-014,3.184934395749262e-13,21206.132177677973,1.4104854052710701e-8,3.3196432376663277e-8,1.3604184770148909e-9,6.319646390161615e-8,1.285050022889315,7.721872496758051e-4,1.7141701391665265e-9,4.032100298613355e-9,1.1681192353687828e-10,7.361864176120905e-11,3.0470787606945803e-9, 16,Sub-Saharan Africa,Malawi,Dowa,TA Mkukula,20405,MW20405,0.1440529,0.003529529,0.2040522,0.02939432,0.01225080,0.000720208,0.2906929,0.03251866,0.5957723,0.1731868,0.05593302,0.01937372,0.05,9.22e-06,0.1,0.2217238,9.22469e-05,4.09e-05,30,2020-04-02
137,1943.5570997611217,1.3241902782299602e-9,3.116464360128826e-9,5.792637577469314e-10,2.6096624756362988e-8,0.03654277602409661,3.5743173843431794e-4,7602.8523334379415,6.09709642357921e-9,1.4352017741422256e-8,5.859550121418288e-10,3.011153837318425e-8,1.151251797537188,4.1471336771198433e-4,11659.722744477438,4.6928008700365375e-9,1.1042984759344535e-8,3.380158899284914e-12,2.2685979688172762e-11,0.09725546191981793,4.4855309552931656e-8,1943.594,7603.004,11659.82,1.6052581486292183e-10,3.7813468191539893e-10,4.9792301055841703e-11,4.209362575747013e-11,1.9434557690370044e-9,7.403286872431636e-10,1.7423164648648376e-9,5.023888203853956e-11,2.1102639557756457e-11,7.680407063375555e-10,5.693436833098531e-10,1.3405135195006943e-9,2.9102529616332784e-13,4.225066373736028e-14,2.8357474612733595e-13,21206.1321776765,1.2114087571845708e-8,2.8511466860895617e-8,1.168598928788045e-9,5.623084910923541e-8,1.2850500354811025,7.721899614558552e-4,1.4701981854159385e-9,3.460964666280931e-9,1.0032220839054459e-10,6.323851597896395e-11,2.7117800501206872e-9, 16,Sub-Saharan Africa,Malawi,Dowa,TA Mkukula,20405,MW20405,0.1440529,0.003529529,0.2040522,0.02939432,0.01225080,0.000720208,0.2906929,0.03251866,0.5957723,0.1731868,0.05593302,0.01937372,0.05,9.22e-06,0.1,0.2217238,9.22469e-05,4.09e-05,30,2020-04-02
138,1943.5570997609834,1.1372951964378781e-9,2.676648990129067e-9,4.976311345950115e-10,2.3229145969289268e-8,0.036542778008054666,3.5743346834453307e-4,7602.852333437306,5.236536776222188e-9,1.2326355302575612e-8,5.032800585565732e-10,2.6781922765150206e-8,1.1512518037881805,4.1471405082576694e-4,11659.722744476949,4.030473028131906e-9,9.484648818421363e-9,2.9041109941653483e-12,2.019758317790851e-11,0.09725546463242957,4.48555620227214e-8,1943.594,7603.004,11659.82,1.382431946694851e-10,3.251382764615672e-10,4.2786167606594283e-11,3.616765910008567e-11,1.7299102151300573e-9,6.357367965392768e-10,1.4962964438962988e-9,4.314681388070724e-11,1.8124990486597596e-11,6.831137826083557e-10,4.893081495538354e-10,1.1516359914584668e-9,2.499865098492158e-13,3.6301720748439067e-14,2.5246978974549033e-13,21206.132177675237,1.0404305000791972e-8,2.4487653111126043e-8,1.0038153041457501e-9,5.003126631761738e-8,1.2850500464286647,7.721923747323228e-4,1.2632881407625973e-9,2.9730707118163327e-9,8.618296799715074e-11,5.432895130743171e-11,2.4132764675281585e-9, 16,Sub-Saharan Africa,Malawi,Dowa,TA Mkukula,20405,MW20405,0.1440529,0.003529529,0.2040522,0.02939432,0.01225080,0.000720208,0.2906929,0.03251866,0.5957723,0.1731868,0.05593302,0.01937372,0.05,9.22e-06,0.1,0.2217238,9.22469e-05,4.09e-05,30,2020-04-02
139,1943.5570997608647,9.767787263298773e-10,2.2989000423684937e-9,4.2749563276282837e-10,2.067574529361499e-8,0.03654277974866489,3.57435008099074e-4,7602.85233343676,4.497441912533043e-9,1.0586596769620935e-8,4.3226845366405067e-10,2.381999124080052e-8,1.1512518092383004,4.14714658390969e-4,11659.72274447653,3.461624935242902e-9,8.146199066042474e-9,2.495051449363878e-12,1.7981130062781294e-011,0.09725546696231577,4.485578678684721e-8,1943.594,7603.004,11659.82,1.1868905858136714e-10,2.7920552868936794e-10,3.6745447870364104e-11,3.106953322378759e-11,1.539754540937164e-9,5.456968210637569e-10,1.2847916847529026e-9,3.705315980709201e-11,1.556704274279711e-11,6.075652020875143e-10,4.18367562815547e-10,9.87215655704551e-10,2.1453542433293232e-13,3.1179748456720135e-14,2.2476412581097617e-13,21206.132177674153,8.935845574105822e-9,2.1031695878031903e-8,8.622591378762429e-10,4.451371766447829e-8,1.285050055949281,7.721945222768299e-4,1.082753442460671e-9,2.5512128691468216e-9,7.401314310178904e-11,4.6667755715041425e-11,2.147544507150489e-9, 16,Sub-Saharan Africa,Malawi,Dowa,TA Mkukula,20405,MW20405,0.1440529,0.003529529,0.2040522,0.02939432,0.01225080,0.000720208,0.2906929,0.03251866,0.5957723,0.1731868,0.05593302,0.01937372,0.05,9.22e-06,0.1,0.2217238,9.22469e-05,4.09e-05,30,2020-04-02
140,1943.557099760763,8.389176397852532e-10,1.9744595082466934e-9,3.672393595455257e-10,1.8402163343982545e-8,0.036542781276197,3.5743637853647147e-4,7602.852333436292,3.862666708789175e-9,9.092390087860866e-9,3.712751178106429e-10,2.1185210715433844e-8,1.1512518139915389,4.1471519875207585e-4,11659.722744476168,2.9730627449125093e-9,6.99661321642026e-9,2.1435647892897645e-12,1.6007044108711034e-11,0.09725546896347362,4.4855986874898594e-8,1943.594,7603.004,11659.82,1.0163603292312473e-10,2.394971194677488e-10,3.154273605697732e-11,2.668532022306735e-11,1.3704373974608025e-9,4.68389771413058e-10,1.1031649751569253e-9,3.18198806945587e-11,1.3370013002062558e-11,5.403611068256937e-10,3.6197889130562544e-10,8.505410816360182e-10,1.8450550901508497e-13,2.679960845445992e-14,2.0008805138193516e-13,21206.132177673222,7.674647093486938e-9,1.806346281252782e-8,7.406580421454584e-10,3.96033811035251e-8,1.2850500642312095,7.721964332754222e-4,9.320046956418082e-10,2.1932031762606923e-9,6.354712226055111e-11,4.008213283358437e-11,1.910998592337878e-9, 16,Sub-Saharan Africa,Malawi,Dowa,TA Mkukula,20405,MW20405,0.1440529,0.003529529,0.2040522,0.02939432,0.01225080,0.000720208,0.2906929,0.03251866,0.5957723,0.1731868,0.05593302,0.01937372,0.05,9.22e-06,0.1,0.2217238,9.22469e-05,4.09e-05,30,2020-04-02
141,1943.5570997606753,7.205142599009678e-10,1.6958050084301546e-9,3.154718294890733e-10,1.637785751024173e-8,0.036542782617101845,3.5743759822070117e-4,7602.85233343589,3.31748634052703e-9,7.809078142656003e-9,3.1888694101506925e-10,1.8841506544296045e-8,1.1512518181382152,4.1471567933343354e-4,11659.72274447586,2.5534548981658056e-9,6.009244700838432e-9,1.8415567904162017e-12,1.42489453940326e-11,0.09725547068228266,4.485616498671603e-8,1943.594,7603.004,11659.82,8.776623872108757e-11,2.0616961860537296e-10,2.711767711217516e-11,2.293136963894912e-11,1.2196842296991611e-9,4.019966581836343e-10,9.471770264457797e-10,2.73252742938977e-11,1.1482953798446512e-11,4.805813576952422e-10,3.092281986027956e-10,7.288360453494993e-10,1.5831455051177606e-13,2.3016127469266947e-14,1.7811181743859114e-13,21206.132177672425,6.5914554985938034e-9,1.551412785192459e-8,6.362003272945587e-10,3.523361299993181e-8,1.2850500714375996,7.721981337191215e-4,7.989910955075175e-10,1.882182690400652e-9,5.4601265956584635e-11,3.44373395648649e-11,1.700443699211842e-9, 16,Sub-Saharan Africa,Malawi,Dowa,TA Mkukula,20405,MW20405,0.1440529,0.003529529,0.2040522,0.02939432,0.01225080,0.000720208,0.2906929,0.03251866,0.5957723,0.1731868,0.05593302,0.01937372,0.05,9.22e-06,0.1,0.2217238,9.22469e-05,4.09e-05,30,2020-04-02
142,1943.5570997606003,6.188222675058797e-10,1.4564755102888155e-9,2.709980519290129e-10,1.4575601611081543e-8,0.03654278379449992,3.5743868368816307e-4,7602.852333435544,2.849254564299991e-9,6.706895124081608e-9,2.738900855815428e-10,1.6756773519419496e-8,1.1512518217567937,4.1471610674049625e-4,11659.722744475592,2.1930692371234013e-9,5.161205708546035e-9,1.5820694843007831e-12,1.2683307788728325e-11,0.09725547215857946,4.48563235280634e-8,1943.594,7603.004,11659.82,7.503331289626658e-11,1.7672530529135477e-10,2.3271201641496934e-11,1.9692984464540392e-11,1.085467461899546e-9,3.4560798667371273e-10,8.138397629007515e-10,2.347281189129572e-11,9.863254140175875e-12,4.274070627041833e-10,2.673914423212409e-10,6.277771033636452e-10,1.3613945979437343e-13,1.9781338295489603e-14,1.5854134736992979e-13,21206.132177671738,5.661146068929272e-9,1.3324576342916459e-8,5.464702069948564e-10,3.1345058438289766e-8,1.2850500777098732,7.721996467521874e-4,6.880327418912202e-10,1.6183421715557513e-9,4.688015299258703e-11,2.957601994301175e-11,1.5130330659510993e-9, 16,Sub-Saharan Africa,Malawi,Dowa,TA Mkukula,20405,MW20405,0.1440529,0.003529529,0.2040522,0.02939432,0.01225080,0.000720208,0.2906929,0.03251866,0.5957723,0.1731868,0.05593302,0.01937372,0.05,9.22e-06,0.1,0.2217238,9.22469e-05,4.09e-05,30,2020-04-02
143,1943.5570997605357,5.314829844075272e-10,1.2509216155126834e-9,2.3279108699499842e-10,1.2971128257753005e-8,0.036542784828606546,3.5743964966802747e-4,7602.852333435247,2.4471102607176745e-9,5.760276264558342e-9,2.3524189532944166e-10,1.490244030091199e-8,1.151251824915459,4.1471648684996234e-4,11659.72274447536,1.8835472366592924e-9,4.432837158932347e-9,1.3591219843621498e-12,1.1289152722932202e-11,0.09725547342658035,4.485646464247245e-8,1943.594,7603.004,11659.82,6.45741238258779e-11,1.5191340692423036e-10,1.9994225735352407e-11,1.69186728991312e-11,9.659798644030652e-10,2.9740476747974753e-10,6.995490710620643e-10,2.0166874084014765e-11,8.472480581304073e-12,3.801094660923522e-10,2.3101165425032377e-10,5.405336547144327e-10,1.170522947524357e-13,1.6999989734553448e-14,1.4111440904652146e-13,21206.132177671145,4.8621404817844945e-9,1.1444035039003372e-8,4.693921043088022e-10,2.7884857711387925e-8,1.285050083170646,7.722009929826323e-4,5.929905455559492e-10,1.3919961327007274e-9,4.027815211411961e-11,2.5408153470169828e-11,1.346230444904464e-9, 16,Sub-Saharan Africa,Malawi,Dowa,TA Mkukula,20405,MW20405,0.1440529,0.003529529,0.2040522,0.02939432,0.01225080,0.000720208,0.2906929,0.03251866,0.5957723,0.1731868,0.05593302,0.01937372,0.05,9.22e-06,0.1,0.2217238,9.22469e-05,4.09e-05,30,2020-04-02
144,1943.5570997604805,4.564706532400679e-10,1.0743769571132055e-9,1.9996844626491827e-10,1.1542809430675598e-8,0.036542785737102096,3.5744050927879285e-4,7602.852333434992,2.1017254188990518e-9,4.94726496466585e-9,2.0204676282090993e-10,1.3253081472236691e-8,1.1512518276734771,4.147168248900163e-4,11659.722744475166,1.6177101109097614e-9,3.807253370220477e-9,1.167573546638099e-12,1.0047775459608736e-11,0.09725547451567434,4.48565902396657e-8,1943.594,7603.004,11659.82,5.525180313270539e-11,1.302641343001647e-10,1.716074233824496e-11,1.4529814575942324e-11,8.596107653816021e-10,2.546585164964199e-10,6.000433583150426e-10,1.7311050006768866e-11,7.275562059258345e-12,3.3804005395658004e-10,1.9463186617940664e-10,4.6046899192893764e-10,1.0018500225049457e-13,1.458667199872727e-14,1.2559719325078316e-13,21206.13217767064,4.175906183048881e-9,9.828895291999532e-9,4.031827826324663e-10,2.4805938678371896e-8,1.2850500879262536,7.722021907590488e-4,5.045421858085319e-10,1.190776484544145e-9,3.457197734726432e-11,2.1819963307199396e-11,1.197776416531433e-9, 16,Sub-Saharan Africa,Malawi,Dowa,TA Mkukula,20405,MW20405,0.1440529,0.003529529,0.2040522,0.02939432,0.01225080,0.000720208,0.2906929,0.03251866,0.5957723,0.1731868,0.05593302,0.01937372,0.05,9.22e-06,0.1,0.2217238,9.22469e-05,4.09e-05,30,2020-04-02
145,1943.557099760433,3.920454430929006e-10,9.227477316751513e-10,1.7177180099224458e-10,1.0271371236715413e-8,0.036542786535454334,3.57441274203601e-4,7602.852333434773,1.8050887072247802e-9,4.249003573387268e-9,1.7353539723450777e-10,1.1786072036789275e-8,1.151251830082377,4.1471712551175734e-4,11659.722744474999,1.3893922927382341e-9,3.269950908332382e-9,1.0030057709681462e-12,8.942500472502824e-12,0.09725547545110409,4.485670202092162e-8,1943.594,7603.004,11659.82,4.75210981676355e-11,1.1194630831480279e-10,1.4742575600909223e-11,1.2482126639482348e-11,7.649248081730703e-10,2.191882231272757e-10,5.158249348015473e-10,1.4873528763542448e-11,6.249719847303135e-12,3.00621741042284e-10,1.673470251262188e-10,3.956648432977461e-10,8.606334170474775e-14,1.2531555868735026e-14,1.1178125592112611e-13,21206.132177670206,3.586526443055915e-9,8.441702213394802e-9,3.463102039977205e-10,2.206638577397719e-8,1.2850500920689356,7.722032564173793e-4,4.3405634642113e-10,1.0234360864140962e-9,2.970216770615642e-11,1.874437804265422e-11,1.0656583304712754e-9, 16,Sub-Saharan Africa,Malawi,Dowa,TA Mkukula,20405,MW20405,0.1440529,0.003529529,0.2040522,0.02939432,0.01225080,0.000720208,0.2906929,0.03251866,0.5957723,0.1731868,0.05593302,0.01937372,0.05,9.22e-06,0.1,0.2217238,9.22469e-05,4.09e-05,30,2020-04-02
146,1943.557099760392,3.367130897559378e-10,7.925178111625931e-10,1.4754953557173852e-10,9.139639233080463e-9,0.03654278723719928,3.5744195484658684e-4,7602.852333434585,1.5503196032768706e-9,3.6492960238416222e-9,1.490470139642056e-10,1.048127973360203e-8,1.1512518321869727,4.147173928527809e-4,11659.722744474853,1.1932984205686792e-9,2.808472577524657e-9,8.616212771802039e-13,7.958462878497311e-12,0.09725547625455076,4.4856801501707616e-8,1943.594,7603.004,11659.82,4.092726157978177e-11,9.625961491674456e-11,1.2668243714957903e-11,1.072380908306451e-11,6.806429858207015e-10,1.8826540326699615e-10,4.4303450721490573e-10,1.2774424388962161e-11,5.3678155054592384e-12,2.673410235591936e-10,1.4551915228366852e-10,3.4161302445322344e-10,7.40826879396212e-14,1.0773359086378176e-14,9.948078599424487e-14,21206.13217766983,3.0803311136014878e-9,7.250286412528872e-9,2.974581708131243e-10,1.962887742956099e-8,1.2850500956787227,7.722042045008694e-4,3.7471181713044643e-10,8.809071465848737e-10,2.5516750791859684e-11,1.6102397947610128e-11,9.480834901658893e-10, 16,Sub-Saharan Africa,Malawi,Dowa,TA Mkukula,20405,MW20405,0.1440529,0.003529529,0.2040522,0.02939432,0.01225080,0.000720208,0.2906929,0.03251866,0.5957723,0.1731868,0.05593302,0.01937372,0.05,9.22e-06,0.1,0.2217238,9.22469e-05,4.09e-05,30,2020-04-02
147,1943.557099760357,2.8919023363580404e-10,6.806672383049422e-10,1.267417483007663e-10,8.13231107963382e-9,0.03654278785418586,3.5744256047229637e-4,7602.852333434423,1.3315087665635156e-9,3.134232188347941e-9,1.2801403442406872e-10,9.320791050405866e-9,1.1512518340262483,4.147176305937709e-4,11659.72274447473,1.0248805132378358e-9,2.4121187852946686e-9,7.401565601673151e-13,7.0824131869872205e-12,0.09725547694463654,4.485689003187246e-8,1943.594,7603.004,11659.82,3.501554601825774e-11,8.25384021383915e-11,1.0872762426233138e-11,9.209310865074746e-12,6.056257095213985e-10,1.6189005691558123e-10,3.8070089362893624e-10,1.097383454353536e-11,4.6106743885138305e-12,2.3774098998046583e-10,1.2369127944111824e-10,2.921091867719616e-10,6.350857557769498e-14,9.248664629529188e-15,8.853016484511593e-14,21206.132177669508,2.6455795134371554e-9,6.227018211947552e-9,2.5549593928500235e-10,1.7460184543226672e-8,1.2850500988250708,7.722050479560991e-4,3.205968823749572e-10,7.553484825392893e-10,2.1910105545346194e-11,1.3829233918218105e-11,8.434552296667094e-10, 16,Sub-Saharan Africa,Malawi,Dowa,TA Mkukula,20405,MW20405,0.1440529,0.003529529,0.2040522,0.02939432,0.01225080,0.000720208,0.2906929,0.03251866,0.5957723,0.1731868,0.05593302,0.01937372,0.05,9.22e-06,0.1,0.2217238,9.22469e-05,4.09e-05,30,2020-04-02
148,1943.5570997603268,2.483746507902228e-10,5.84602218793739e-10,1.0886735696026902e-10,7.235753619101736e-9,0.036542788396789226,3.5744309932999327e-4,7602.852333434283,1.1435809477126407e-9,2.691865245518189e-9,1.0994894246086839e-10,8.288667258936126e-9,1.1512518356341264,4.147178420088695e-4,11659.722744474624,8.802324824705522e-10,2.071699606746521e-9,6.358070462247741e-13,6.302542911060605e-12,0.09725547753735615,4.485696881365886e-8,1943.594,7603.004,11659.82,3.0240698833949864e-11,7.105628167953113e-11,9.347599081927364e-12,7.913239339666846e-12,5.388576969074348e-10,1.4006218407303095e-10,3.2799000292390585e-10,9.437488871038914e-12,3.961826526656583e-12,2.114150986437871e-10,1.0550138540565968e-10,2.5014941617294334e-10,5.4478122100377e-14,7.941381802145898e-15,7.878178640138582e-14,21206.132177669235,2.2721880809734157e-9,5.348167071058449e-9,2.1945210646736218e-10,1.5530723420948924e-8,1.2850501015682718,7.722057983076765e-4,2.758042683126405e-10,6.491957007763803e-10,1.8839566075066655e-11,1.1883007248125574e-11,7.503515773376233e-10, 16,Sub-Saharan Africa,Malawi,Dowa,TA Mkukula,20405,MW20405,0.1440529,0.003529529,0.2040522,0.02939432,0.01225080,0.000720208,0.2906929,0.03251866,0.5957723,0.1731868,0.05593302,0.01937372,0.05,9.22e-06,0.1,0.2217238,9.22469e-05,4.09e-05,30,2020-04-02
149,1943.557099760301,2.1331968619222083e-10,5.020949892722074e-10,9.351301451040746e-11,6.437821787896734e-9,0.03654278887409663,3.5744357876447996e-4,7602.8523334341635,9.82177251565349e-10,2.3119345797948055e-9,9.443299355220556e-11,7.370727195988257e-9,1.1512518370401337,4.14718030010507e-4,11659.722744474531,7.559995352138662e-10,1.7793218129499614e-9,5.461626476115489e-13,5.608328839154432e-12,0.09725547804644757,4.485703891776935e-8,1943.594,7603.004,11659.82,2.5693225325085223e-11,6.074818992308717e-11,8.012708240904254e-12,6.792635729745717e-12,4.794344866856232e-10,1.191438059322536e-10,2.8054750207954535e-10,8.09138593812012e-12,3.4007050459501394e-12,1.880016374782717e-10,9.276845958083868e-11,2.1700140683752468e-10,4.6988652182972324e-14,6.831652539809879e-15,7.01041104896048e-14,21206.132177668995,1.9514964729714358e-9,4.593351382016974e-9,1.8849217071022458e-10,1.3814157312724146e-8,1.2850501039606779,7.722064658139047e-4,2.376054908381775e-10,5.582970988401573e-10,1.6151082831207345e-11,1.0200172428235667e-11,6.675062282743845e-10, 16,Sub-Saharan Africa,Malawi,Dowa,TA Mkukula,20405,MW20405,0.1440529,0.003529529,0.2040522,0.02939432,0.01225080,0.000720208,0.2906929,0.03251866,0.5957723,0.1731868,0.05593302,0.01937372,0.05,9.22e-06,0.1,0.2217238,9.22469e-05,4.09e-05,30,2020-04-02
150,1943.5570997602786,1.832122959267161e-10,4.3123216848193283e-010,8.032358133248356e-11,5.727697032482222e-9,0.03654278929406961,3.574440053148843e-4,7602.852333434062,8.435540212570728e-10,1.9856277886646436e-9,8.110651574168922e-11,6.554353869427645e-9,1.151251838269977,4.1471819718929783e-4,11659.722744474451,6.493003637732633e-10,1.5282059352498106e-9,4.691523489993345e-13,4.990393994153704e-12,0.0972554784837104,4.485710129769429e-8,1943.594,7603.004,11659.82,2.2509993868879974e-11,5.26173841343847e-11,6.9066207716550645e-12,5.841780201159562e-12,4.265504043184619e-10,1.0186340659856796e-10,2.404866369068441e-10,6.943672928195752e-12,2.919973997348618e-12,1.6717879083036694e-10,8.003553375601768e-11,1.8673470519662053e-10,4.039035893542018e-14,5.8700328773817264e-15,6.237992493537726e-14,21206.13217766879,1.6760666809570522e-9,3.945065892396387e-9,1.618992494231721e-10,1.2287041295904021e-8,1.285050106047757,7.722070596054799e-4,2.0440893422346562e-10,4.798387262378494e-10,1.3890684058786237e-11,8.767624231385561e-12,5.937915750737642e-10, 16,Sub-Saharan Africa,Malawi,Dowa,TA Mkukula,20405,MW20405,0.1440529,0.003529529,0.2040522,0.02939432,0.01225080,0.000720208,0.2906929,0.03251866,0.5957723,0.1731868,0.05593302,0.01937372,0.05,9.22e-06,0.1,0.2217238,9.22469e-05,4.09e-05,30,2020-04-02
151,1943.5570997602595,1.573541888167209e-10,3.703703951827743e-10,6.89939358670223e-11,5.09574315045452e-9,0.03654278966368542,3.5744438480271134e-4,7602.852333433973,7.24495996442141e-10,1.7053762789864187e-9,6.966057801941892e-11,5.828322285710822e-9,1.1512518393460447,4.1471834584954595e-4,11659.722744474382,5.576603185405511e-10,1.312529131446178e-9,4.0299656346430456e-13,4.440383512101694e-12,0.09725547885927939,4.48571568024882e-8,1943.594,7603.004,11659.82,1.9099388737231493e-11,4.495749584722669e-11,5.918791297550149e-12,5.013998103106399e-12,3.794878270673742e-10,8.822098607197404e-11,2.072790108869058e-10,5.972638901339304e-12,2.509196476503172e-12,1.4866024811979392e-10,6.912159733474255e-11,1.6076164256745482e-10,3.4725279718549075e-14,5.0440532626789525e-15,5.5504793911498994e-14,21206.132177668616,1.4395105037994129e-9,3.3882758056153707e-9,1.3905751044990553e-10,1.0928505819677443e-8,1.2850501078690095,7.722075878090598e-4,1.7644197214394808e-10,4.129981493015873e-10,1.1926155478608001e-11,7.52823863287225e-12,5.282035799810796e-10, 16,Sub-Saharan Africa,Malawi,Dowa,TA Mkukula,20405,MW20405,0.1440529,0.003529529,0.2040522,0.02939432,0.01225080,0.000720208,0.2906929,0.03251866,0.5957723,0.1731868,0.05593302,0.01937372,0.05,9.22e-06,0.1,0.2217238,9.22469e-05,4.09e-05,30,2020-04-02
152,1943.557099760243,1.3514562992820852e-10,3.1809822509165825e-10,5.926193598839998e-11,4.533377694598351e-9,0.03654278998906048,3.574447224103183e-4,7602.852333433898,6.222417303044859e-10,1.464679712358909e-9,5.982983344129972e-11,5.182646178577777e-9,1.15125184028784,4.1471847804084027e-4,11659.722744474326,4.789540130031692e-10,1.1272902161589238e-9,3.4616617144497245e-13,3.950853857041918e-12,0.09725547918185928,4.485720618816141e-8,1943.594,7603.004,11659.82,1.6370904631912708e-11,3.8579463520425094e-11,5.081606239827002e-12,4.306210122029775e-12,3.3760760696386824e-10,7.548806024715304e-11,1.7774232638480815e-10,5.1262111905153045e-12,2.15459285364353e-12,1.321912943149338e-10,5.638867150992155e-11,1.3509497704730338e-10,2.954980853279669e-14,4.3190100276064405e-015,4.9385673211141936e-14,21206.132177668467,1.2363413732358635e-9,2.910068153609491e-9,1.1943793560114468e-10,9.719974727033171e-9,1.2850501094587599,7.722080576573467e-4,1.482476363889873e-10,3.5141676695253665e-10,1.0237367238875103e-11,6.4651219857009114e-12,4.698482869520132e-10, 16,Sub-Saharan Africa,Malawi,Dowa,TA Mkukula,20405,MW20405,0.1440529,0.003529529,0.2040522,0.02939432,0.01225080,0.000720208,0.2906929,0.03251866,0.5957723,0.1731868,0.05593302,0.01937372,0.05,9.22e-06,0.1,0.2217238,9.22469e-05,4.09e-05,30,2020-04-02
153,1943.5570997602292,1.1607153019308727e-10,2.7320340397726455e-10,5.0902369700780065e-11,4.03295727462787e-9,0.036542790275558054,3.5744502275084723e-4,7602.852333433833,5.344195346208635e-10,1.2579552282321354e-9,5.138637142153307e-11,4.608441571112794e-9,1.1512518411123585,4.147185955861704e-4,11659.722744474275,4.1135602960840924e-10,9.681937301919043e-10,2.973473075113372e-13,3.515173954081253e-12,0.09725547945892662,4.485725012783584e-8,1943.594,7603.004,11659.82,1.3869794202037156e-11,3.294389393715841e-11,4.353754405752765e-12,3.695672060986516e-12,3.0034052892272123e-10,6.45741238258779e-11,1.5239631950950026e-10,4.399517141187262e-12,1.8500683927749783e-12,1.17545330131745e-10,5.093170329928398e-11,1.1852968669404397e-10,2.5610153786847866e-14,3.7214508860241564e-15,4.3939674433401603e-14,21206.132177668336,1.0618470944223601e-9,2.4993523624013043e-9,1.0258608842982447e-10,8.644914019694745e-9,1.285050110846843,7.722084755871454e-4,1.2937562132719904e-10,3.038699001407026e-10,8.778881700726875e-12,5.549461904647518e-12,4.1792979872889964e-10, 16,Sub-Saharan Africa,Malawi,Dowa,TA Mkukula,20405,MW20405,0.1440529,0.003529529,0.2040522,0.02939432,0.01225080,0.000720208,0.2906929,0.03251866,0.5957723,0.1731868,0.05593302,0.01937372,0.05,9.22e-06,0.1,0.2217238,9.22469e-05,4.09e-05,30,2020-04-02
154,1943.5570997602172,9.96894994265702e-11,2.3464475851007746e-10,4.3721756328653085e-11,3.5876752673129493e-9,0.03654279052788234,3.574452899305405e-4,7602.852333433777,4.589924665919566e-10,1.0804079478003983e-9,4.4134436953968345e-11,4.09780532849921e-9,1.151251841834414,4.1471870010694443e-4,11659.722744474231,3.5329858304692805e-10,8.315503641017408e-10,2.5541109020924803e-13,3.1274369713098594e-12,0.09725547969690301,4.485728922079798e-8,1943.594,7603.004,11659.82,1.2050804798491299e-11,2.8432835565008368e-11,3.7470358484034095e-12,3.176590042098718e-12,2.671796932459357e-10,5.638867150992155e-11,1.3181573953882847e-10,3.789944485055405e-12,1.5906146845738925e-12,1.0452077403447571e-10,4.3655745685100555e-11,1.0171319224658175e-10,2.1987653601233907e-14,3.196193545166154e-15,3.909296213978231e-14,21206.132177668223,9.119805490654548e-10,2.1466030704122166e-9,8.811160437283067e-11,7.688608032783468e-9,1.2850501120591993,7.722088473267057e-4,1.120952219935134e-10,2.619617673504186e-10,7.558967987060048e-12,4.770400920217776e-12,3.717395602425512e-10, 16,Sub-Saharan Africa,Malawi,Dowa,TA Mkukula,20405,MW20405,0.1440529,0.003529529,0.2040522,0.02939432,0.01225080,0.000720208,0.2906929,0.03251866,0.5957723,0.1731868,0.05593302,0.01937372,0.05,9.22e-06,0.1,0.2217238,9.22469e-05,4.09e-05,30,2020-04-02
155,1943.557099760207,8.561958557273695e-11,2.0152805340303334e-10,3.755387881240729e-11,3.1914706034248418e-9,0.0365427907501606,3.5744552760426325e-4,7602.85233343373,3.942110810418741e-10,9.279197551296322e-10,3.7905894556517593e-11,3.6437070595931783e-9,1.1512518424669225,4.1471879304524965e-4,11659.722744474195,3.0343515894581765e-10,7.141914295728784e-10,2.1938760255939664e-13,2.782381614536775e-12,0.097255479901304,4.485732400056817e-8,1943.594,7603.004,11659.82,1.0231815394945443e-11,2.4301729248778698e-11,3.2115864371929246e-12,2.726543577070567e-12,2.376737227708682e-10,4.729372449219227e-11,1.120751100422748e-10,3.2411121088769208e-12,1.3641311936345696e-12,9.293830521795929e-11,3.637978807091713e-11,8.624321217202753e-11,1.8781666866502318e-14,2.7402577258176856e-15,3.477977018424762e-14,21206.132177668132,7.832658255604287e-10,1.843639238105544e-9,7.567916097148428e-11,6.837960044632557e-9,1.2850501131183871,7.722091779735135e-4,9.390532795805484e-11,2.2262005146308103e-10,6.471480212936347e-12,4.093415028430955e-12,3.3064680775901174e-10, 16,Sub-Saharan Africa,Malawi,Dowa,TA Mkukula,20405,MW20405,0.1440529,0.003529529,0.2040522,0.02939432,0.01225080,0.000720208,0.2906929,0.03251866,0.5957723,0.1731868,0.05593302,0.01937372,0.05,9.22e-06,0.1,0.2217238,9.22469e-05,4.09e-05,30,2020-04-02
156,1943.557099760198,7.353546226410135e-11,1.7308525536369348e-10,3.2255944435217207e-11,2.838946441760272e-9,0.03654279094601492,3.5744573902496966e-4,7602.852333433689,3.385728515779181e-10,7.969537765129762e-10,3.2556331950051704e-11,3.2398929050032745e-9,1.151251843021149,4.14718875683659e-4,11659.722744474164,2.6060928446171414e-10,6.133953972832086e-10,1.8844352752011963e-13,2.475321918791594e-12,0.09725548007686688,4.485735494209215e-8,1943.594,7603.004,11659.82,8.86757334228605e-12,2.0951696650921645e-11,2.762783259400291e-12,2.3431933858616014e-12,2.1142070640847374e-10,4.092726157978177e-11,9.656549104373777e-11,2.787442528515552e-12,1.1721591870089682e-12,8.263840935336664e-11,3.092281986027956e-11,7.374869434438306e-11,1.6101209943338818e-14,2.352264249130792e-15,3.094152398194619e-14,21206.13217766805,6.727175983037336e-10,1.5834344291598782e-9,6.500071991278903e-11,6.081314668682338e-9,1.2850501140440307,7.722094720635708e-4,8.071765478234738e-11,1.9126588203904248e-10,5.5663269978591815e-12,3.5177048371197003e-12,2.940900572858223e-10, 16,Sub-Saharan Africa,Malawi,Dowa,TA Mkukula,20405,MW20405,0.1440529,0.003529529,0.2040522,0.02939432,0.01225080,0.000720208,0.2906929,0.03251866,0.5957723,0.1731868,0.05593302,0.01937372,0.05,9.22e-06,0.1,0.2217238,9.22469e-05,4.09e-05,30,2020-04-02
157,1943.5570997601903,6.315686012473744e-11,1.486567230810987e-10,2.7705285713752863e-11,2.5252976660125263e-9,0.0365427911186249,3.5744592708776947e-4,7602.852333433653,2.9078731957904535e-10,6.844723415961626e-10,2.7961713278808424e-11,2.8807999079981427e-9,1.151251843506921,4.1471894916285385e-4,11659.722744474137,2.2382770659126617e-10,5.268247993149541e-10,1.61862925933623e-13,2.2020846269988073e-12,0.09725548022766055,4.4857382468149987e-8,1943.594,7603.004,11659.82,7.73070496506989e-12,1.8109307104433798e-11,2.3792698211914566e-12,2.0144810248573884e-12,1.880627998164866e-10,3.54702933691442e-11,8.325582536801694e-11,2.3979380282974023e-12,1.0072980709832641e-12,7.347919484240045e-11,2.7284841053187847e-11,6.406641892363582e-11,1.3895797833524519e-14,2.023819971001058e-15,2.7526057837533605e-14,21206.13217766798,5.777718862950489e-10,1.3599538639922152e-9,5.582886191849491e-11,5.408299658637668e-9,1.2850501148532065,7.722097336330915e-4,7.048583938740194e-11,1.6543155139608656e-10,4.791103647322383e-12,3.0238029158116537e-12,2.615695207167246e-10, 16,Sub-Saharan Africa,Malawi,Dowa,TA Mkukula,20405,MW20405,0.1440529,0.003529529,0.2040522,0.02939432,0.01225080,0.000720208,0.2906929,0.03251866,0.5957723,0.1731868,0.05593302,0.01937372,0.05,9.22e-06,0.1,0.2217238,9.22469e-05,4.09e-05,30,2020-04-02
158,1943.5570997601837,5.4243066348608934e-11,1.276759104676338e-10,2.3796525545079546e-11,2.2462462544920343e-9,0.0365427912707825,3.5744609436918166e-4,7602.852333433623,2.4974616230685587e-10,5.878665239397233e-10,2.401550438708035e-11,2.5614798078044305e-9,1.1512518439328148,4.147190144973026e-4,11659.722744474113,1.9223735599347445e-10,4.524720341008726e-10,1.3903071618310253e-13,1.9589533430732757e-12,0.09725548035717975,4.485740695506678e-8,1943.594,7603.004,11659.82,6.59383658785373e-12,1.5507630363982238e-11,2.0409088108264102e-12,1.7295265296908163e-12,1.6728141219229595e-10,3.001332515850663e-11,7.105448243069611e-11,2.053972804307478e-12,8.643435738408397e-13,6.533444873437974e-11,2.3646862246096134e-11,5.523721284388785e-11,1.1954273746915689e-14,1.7393241748718078e-15,2.4486916791500527e-14,21206.13217766792,4.962265846489392e-10,1.1680144685082296e-9,4.7951060648343e-11,4.809685015639538e-9,1.285050115560777,7.722099662734393e-4,6.02540239924565e-11,1.417993256385662e-10,4.106835888880804e-12,2.595609427706528e-12,2.326403478434672e-10, 16,Sub-Saharan Africa,Malawi,Dowa,TA Mkukula,20405,MW20405,0.1440529,0.003529529,0.2040522,0.02939432,0.01225080,0.000720208,0.2906929,0.03251866,0.5957723,0.1731868,0.05593302,0.01937372,0.05,9.22e-06,0.1,0.2217238,9.22469e-05,4.09e-05,30,2020-04-02
159,1943.557099760178,4.658734175091085e-11,1.096562285252207e-10,2.0439141357205764e-11,1.9979836736370786e-9,0.0365427914049399,3.5744624316209775e-4,7602.852333433597,2.144974858126198e-10,5.048956265467161e-10,2.0626203588977314e-11,2.277531221271668e-9,1.1512518443063167,4.147190725892096e-4,11659.722744474095,1.6510556205883536e-10,3.8861281806445063e-10,1.194184764460068e-13,1.7426187324745807e-12,0.09725548046842614,4.485742873780094e-8,1943.594,7603.004,11659.82,5.6843418860808015e-12,1.3340066483778884e-11,1.7540454359171654e-12,1.4858563004856994e-12,1.4879291608494924e-10,2.637534635141492e-11,6.162402284565099e-11,1.7714034488597532e-12,7.434144128173061e-13,5.809190704430395e-11,1.8189894035458565e-11,4.532168797009765e-11,1.0071599933799017e-14,1.4841919835447378e-15,2.1782734163453e-14,21206.13217766787,4.2619038962236603e-10,1.0031646731363874e-9,4.1184763422629087e-11,4.277257513641221e-9,1.2850501161796828,7.722101731800451e-4,5.0249582272954285e-11,1.2028577729952752e-10,3.5355204847107176e-12,2.2307549052865504e-12,2.0690660586341664e-10, 16,Sub-Saharan Africa,Malawi,Dowa,TA Mkukula,20405,MW20405,0.1440529,0.003529529,0.2040522,0.02939432,0.01225080,0.000720208,0.2906929,0.03251866,0.5957723,0.1731868,0.05593302,0.01937372,0.05,9.22e-06,0.1,0.2217238,9.22469e-05,4.09e-05,30,2020-04-02
160,1943.5570997601733,4.0012125796075e-11,9.417976124747066e-11,1.755537216582529e-11,1.7771195370446977e-9,0.03654279152325148,3.5744637550692203e-4,7602.852333433574,1.842237462931693e-10,4.336352086856018e-10,1.77152207498365e-11,2.025039292013387e-9,1.1512518446339637,4.14719124240925e-4,11659.722744474077,1.4180306034810774e-10,3.337662052153382e-10,1.0257224350958751e-13,1.5501341204643923e-12,0.09725548056397787,4.485744811447744e-8,1943.594,7603.004,11659.82,4.774847184307873e-12,1.1350063139143724e-11,1.5004888623387272e-12,1.2744726879839902e-12,1.3234482428145164e-10,2.2737367544323206e-11,5.301110706377372e-11,1.522425597549818e-12,6.38645342189752e-13,5.165171534839835e-11,1.8189894035458565e-11,4.1492395746186186e-11,8.886974891989653e-15,1.2866603914204466e-15,1.937667650068654e-14,21206.132177667823,3.6603893243735204e-10,8.615811751484107e-10,3.537316515917138e-11,3.803708963178549e-9,1.285050116721193,7.722103571959615e-4,4.5702108764089644e-11,1.0585356594910363e-10,3.0318014347805348e-12,1.9144046905651625e-12,1.8401591630635068e-10, 16,Sub-Saharan Africa,Malawi,Dowa,TA Mkukula,20405,MW20405,0.1440529,0.003529529,0.2040522,0.02939432,0.01225080,0.000720208,0.2906929,0.03251866,0.5957723,0.1731868,0.05593302,0.01937372,0.05,9.22e-06,0.1,0.2217238,9.22469e-05,4.09e-05,30,2020-04-02
161,1943.5570997601692,3.436491838488682e-11,8.088757394071785e-11,1.5078420314596788e-11,1.5806358528889723e-9,0.03654279162761047,3.574464932193042e-4,7602.852333433555,1.5822278773297806e-10,3.7243244845072456e-10,1.5215055558357588e-11,1.8005219868825166e-9,1.1512518449214655,4.1471917016598403e-4,11659.722744474062,1.2178939829158013e-10,2.866602481011939e-10,8.810202778431247e-14,1.3788759073909457e-12,0.09725548064604929,4.485746535042628e-8,1943.594,7603.004,11659.82,4.092726157978177e-12,9.739933569166355e-12,1.2882560775952042e-12,1.0945192119327569e-12,1.1771238215933788e-10,1.9099388737231493e-11,4.510034729742272e-11,1.3022981097567005e-12,5.477558656865635e-13,4.592505905729946e-11,1.4551915228366852e-11,3.456557728489446e-11,7.533945866554686e-15,1.100208079591487e-15,1.7235948838153057e-14,21206.132177667787,3.1437710440944503e-10,7.399802704926363e-10,3.038157790073869e-11,3.3825367156788797e-9,1.2850501171951252,7.722105208506386e-4,3.774403012357652e-11,8.940585815148353e-11,2.5980881332184595e-12,1.6433752856989119e-12,1.636546771654755e-10, 16,Sub-Saharan Africa,Malawi,Dowa,TA Mkukula,20405,MW20405,0.1440529,0.003529529,0.2040522,0.02939432,0.01225080,0.000720208,0.2906929,0.03251866,0.5957723,0.1731868,0.05593302,0.01937372,0.05,9.22e-06,0.1,0.2217238,9.22469e-05,4.09e-05,30,2020-04-02
162,1943.5570997601656,2.9514742881539576e-11,6.947138925750245e-11,1.2950906448033439e-11,1.4058462551531835e-9,0.036542791719681014,3.5744659791483633e-4,7602.852333433539,1.3589155596819806e-10,3.198678056569187e-10,1.3067732793405377e-11,1.6008823094152076e-9,1.1512518451738103,4.1471921099892864e-4,11659.722744474051,1.046004006652531e-10,2.4620250420938385e-10,7.567280344190641e-14,1.2265082821656633e-12,0.09725548071654233,4.485748068177981e-8,1943.594,7603.004,11659.82,3.637978807091713e-12,8.48815431043896e-12,1.1133097910188493e-12,9.420844274111762e-13,1.0469553213742974e-10,1.6370904631912708e-11,3.870213639669271e-11,1.1180910585069596e-12,4.703923309693816e-13,4.08329446101828e-11,1.0913936421275139e-11,2.8102934047602175e-11,6.324510001809168e-15,9.37686717210761e-16,1.533135352664422e-14,21206.132177667754,2.7000669951499073e-10,6.35541699123805e-10,2.609431204488072e-11,3.007955072850557e-9,1.2850501176100337,7.722106663944467e-4,3.092281986027956e-11,7.529322475473384e-11,2.237725359527618e-12,1.4134144450977687e-12,1.455438081011392e-10, 16,Sub-Saharan Africa,Malawi,Dowa,TA Mkukula,20405,MW20405,0.1440529,0.003529529,0.2040522,0.02939432,0.01225080,0.000720208,0.2906929,0.03251866,0.5957723,0.1731868,0.05593302,0.01937372,0.05,9.22e-06,0.1,0.2217238,9.22469e-05,4.09e-05,30,2020-04-02
163,1943.5570997601626,2.534910834377676e-11,5.966643794042277e-11,1.1123542088789008e-11,1.2503596789756512e-9,0.03654279180092631,3.574466910310441e-4,7602.852333433524,1.1671211139953378e-10,2.7472209580484346e-10,1.1223458338534045e-11,1.423365779868676e-9,1.1512518453953582,4.1471924730404353e-4,11659.72274447404,8.983740413416104e-11,2.1145470417793253e-10,6.499676640486624e-14,1.0909517704422592e-12,0.09725548077709056,4.485749431867694e-8,1943.594,7603.004,11659.82,2.9558577807620168e-12,7.121492318524832e-12,9.4674711039914e-13,8.064145080339515e-13,9.311620777826407e-11,1.4551915228366852e-11,3.373135979703113e-11,9.663072048572724e-13,4.048724387707187e-13,3.630511489311969e-11,1.0913936421275139e-11,2.5676932952367194e-11,5.573994301085009e-15,8.125015669062593e-16,1.3636897130094601e-14,21206.13217766773,2.3189862387747157e-10,5.458432379231988e-10,2.241199719372792e-11,2.6748164106147693e-9,1.285050117973375,7.722107958294063e-4,2.8421709430404007e-11,6.652978506792316e-11,1.9186283095574973e-12,1.2120994483715764e-12,1.2943495956851385e-10, 16,Sub-Saharan Africa,Malawi,Dowa,TA Mkukula,20405,MW20405,0.1440529,0.003529529,0.2040522,0.02939432,0.01225080,0.000720208,0.2906929,0.03251866,0.5957723,0.1731868,0.05593302,0.01937372,0.05,9.22e-06,0.1,0.2217238,9.22469e-05,4.09e-05,30,2020-04-02
164,1943.55709976016,2.1771400498437572e-11,5.1245318506363985e-11,9.55398919745116e-12,1.1120479983976179e-9,0.03654279187263313,3.574467738469683e-4,7602.852333433512,1.0023961590610041e-10,2.3594821136821333e-10,9.639464808039727e-12,1.2655226027457472e-9,1.1512518455899199,4.147192795831274e-4,11659.722744474031,7.715801118362671e-11,1.8161099461098685e-10,5.5826681987712303e-14,9.703552035275097e-13,0.09725548082909705,4.485750644811698e-8,1943.594,7603.004,11659.82,2.5011104298755527e-12,6.078818275214741e-12,8.110253058915501e-13,6.920171798293857e-13,8.281592420297454e-11,1.1823431123048067e-11,2.8295926616481434e-11,8.216588412494592e-13,3.4654120054156913e-13,3.2279083865462826e-11,9.094947017729282e-12,2.1774339968263617e-11,4.761605053669498e-15,6.965844735411717e-16,1.212944004510908e-14,21206.132177667703,1.991690275881647e-10,4.688045244855641e-10,1.92492806874786e-11,2.3785409563468926e-9,1.28505011829165,7.722109109365438e-4,2.3419488570652902e-11,5.614908485995979e-11,1.6374457521946788e-12,1.039254964844496e-12,1.1510713750848247e-10, 16,Sub-Saharan Africa,Malawi,Dowa,TA Mkukula,20405,MW20405,0.1440529,0.003529529,0.2040522,0.02939432,0.01225080,0.000720208,0.2906929,0.03251866,0.5957723,0.1731868,0.05593302,0.01937372,0.05,9.22e-06,0.1,0.2217238,9.22469e-05,4.09e-05,30,2020-04-02
165,1943.5570997601578,1.8698640949418088e-11,4.4012723491556583e-11,8.205880397052489e-12,9.890171966249715e-10,0.036542791935933475,3.5744684750059957e-4,7602.852333433502,8.609201530964682e-11,2.0264683445369534e-10,8.279020038809144e-12,1.1251740061878652e-9,1.1512518457608287,4.1471930828240636e-4,11659.722744474024,6.626814899849929e-11,1.559792511306758e-10,4.795016899558071e-14,8.630707383474788e-13,0.09725548087376693,4.4857517236501206e-8,1943.594,7603.004,11659.82,2.2737367544323206e-12,5.346496303451805e-12,7.035865662860186e-13,5.964132760581358e-13,7.365363126256991e-11,1.000444171950221e-11,2.4152042315955805e-11,7.038503483086883e-13,2.973676981373729e-13,2.8699278955927887e-11,7.275957614183426e-12,1.816581979931084e-11,4.040189440098953e-15,5.958351216115275e-16,1.0788384223738003e-14,21206.132177667685,1.710588052575642e-10,4.0263880907592773e-10,1.6532850604857212e-11,2.1150542735511842e-9,1.2850501185705292,7.722110133002424e-4,1.9554136088117957e-11,4.766435841871845e-11,1.4114771040348058e-12,8.943768093171202e-13,1.0236369860272153e-10, 16,Sub-Saharan Africa,Malawi,Dowa,TA Mkukula,20405,MW20405,0.1440529,0.003529529,0.2040522,0.02939432,0.01225080,0.000720208,0.2906929,0.03251866,0.5957723,0.1731868,0.05593302,0.01937372,0.05,9.22e-06,0.1,0.2217238,9.22469e-05,4.09e-05,30,2020-04-02
166,1943.5570997601558,1.6059562646039726e-11,3.78009099684817e-11,7.047977244640753e-12,8.795816852198914e-10,0.03654279199182336,3.5744691300440003e-4,7602.852333433492,7.394117807068616e-11,1.7404557746885934e-10,7.1105754738544296e-12,1.0003822941738062e-9,1.151251845911,4.1471933379868235e-4,11659.722744474017,5.6915249115889134e-11,1.3396502845138791e-10,4.118478859032109e-14,7.67631598404897e-13,0.09725548091213525,4.485752683189619e-8,1943.594,7603.004,11659.82,2.0463630789890885e-12,4.68544138236745e-12,6.095163765712041e-13,5.137763083966848e-13,6.550380046320067e-11,1.000444171950221e-11,2.2155278958462867e-11,6.218081705341657e-13,2.5789109828010607e-13,2.551627599533049e-11,7.275957614183426e-12,1.6628857496793584e-11,3.5647043526949695e-15,5.165042378977294e-16,9.595394982711003e-15,21206.132177667663,1.4691598983261503e-10,3.4581151588872895e-10,1.4199737507085504e-11,1.8807316109921026e-9,1.2850501188149586,7.722111043299143e-4,1.9326762412674725e-11,4.34695778376239e-11,1.2348892514580647e-12,7.721839109146885e-13,9.102967185351387e-11, 16,Sub-Saharan Africa,Malawi,Dowa,TA Mkukula,20405,MW20405,0.1440529,0.003529529,0.2040522,0.02939432,0.01225080,0.000720208,0.2906929,0.03251866,0.5957723,0.1731868,0.05593302,0.01937372,0.05,9.22e-06,0.1,0.2217238,9.22469e-05,4.09e-05,30,2020-04-02
167,1943.557099760154,1.3792956975238768e-11,3.246580930172864e-11,6.053447112968518e-12,7.822414300033419e-10,0.03654279204117936,3.5744697125912204e-4,7602.852333433485,6.350528467797385e-11,1.494810679504688e-10,6.107034703384244e-12,8.894242028365859e-10,1.1512518460429841,4.14719356484803e-4,11659.722744474011,4.888238967066016e-11,1.150577753809862e-10,3.5373824726596415e-14,6.827322410794539e-13,0.09725548094509108,4.4857535366049203e-8,1943.594,7603.004,11659.82,1.8189894035458565e-12,4.085595074346815e-12,5.269279633008542e-13,4.422770658562027e-13,5.825472200980675e-11,7.275957614183426e-12,1.7711851006895738e-11,5.179192375231773e-13,2.1917072638546707e-13,2.268612066865655e-11,5.4569682106375694e-12,1.3489827655866545e-11,2.988530266047996e-15,4.399747064886336e-16,8.534153014689366e-15,21206.13217766765,1.2618063132387278e-10,2.9700465263318363e-10,1.2195855641079359e-11,1.6723483650810072e-9,1.2850501190292545,7.722111852792911e-4,1.4551915228366852e-11,3.5287273737109094e-11,1.0478357310900796e-12,6.618877669481584e-13,8.094937683147799e-11, 16,Sub-Saharan Africa,Malawi,Dowa,TA Mkukula,20405,MW20405,0.1440529,0.003529529,0.2040522,0.02939432,0.01225080,0.000720208,0.2906929,0.03251866,0.5957723,0.1731868,0.05593302,0.01937372,0.05,9.22e-06,0.1,0.2217238,9.22469e-05,4.09e-05,30,2020-04-02
168,1943.5570997601524,1.1846254141036706e-11,2.7883685931322144e-11,5.1992419794244775e-12,6.956615783947e-10,0.0365427920847732,3.5744702306610935e-4,7602.852333433478,5.4542291204295314e-11,1.283835619988831e-10,5.245125212463413e-12,7.907671970781339e-10,1.1512518461590142,4.1471937665452633e-4,11659.722744474006,4.198326437793593e-11,9.881899515119998e-11,3.038265886126109e-14,6.07210688280384e-13,0.09725548097339799,4.485754295618281e-8,1943.594,7603.004,11659.82,1.5916157281026244e-12,3.5383185623046866e-12,4.542008410311732e-13,3.8034432712659507e-13,5.1806987302546736e-11,7.275957614183426e-12,1.6238951087861964e-11,4.574014678988653e-13,1.900505696197579e-13,2.0169723313409604e-11,5.4569682106375694e-12,1.2356093503361798e-11,2.637788457774332e-15,3.8144771615548296e-16,7.590133603834366e-15,21206.132177667634,1.0837180972326795e-10,2.550862430814052e-10,1.0474749850749152e-11,1.4870359861611143e-9,1.2850501192171855,7.722112572635919e-4,1.432454155292362e-11,3.213336315352845e-11,9.142400973878127e-13,5.707763444625085e-13,7.198430074956018e-11, 16,Sub-Saharan Africa,Malawi,Dowa,TA Mkukula,20405,MW20405,0.1440529,0.003529529,0.2040522,0.02939432,0.01225080,0.000720208,0.2906929,0.03251866,0.5957723,0.1731868,0.05593302,0.01937372,0.05,9.22e-06,0.1,0.2217238,9.22469e-05,4.09e-05,30,2020-04-02
169,1943.5570997601512,1.017430390557426e-11,2.3948267702206818e-11,4.465564769329704e-12,6.186543159069317e-10,0.036542792123284366,3.574470691382475e-4,7602.852333433472,4.6844315417865137e-11,1.1026372941845987e-10,4.5048587751173045e-12,7.030483836197189e-10,1.1512518462610448,4.1471939458684754e-4,11659.722744474002,3.605786157095443e-11,8.487207657189781e-11,2.6095655310692966e-14,5.400327857527366e-13,0.09725548099771186,4.485754970659263e-8,1943.594,7603.004,11659.82,1.1368683772161603e-12,2.8088186126786053e-12,3.772255341567968e-13,3.2293154034444723e-13,4.607213812931124e-11,5.4569682106375694e-12,1.3154943997067747e-11,3.8314103289552645e-13,1.6183010396997122e-13,1.7932321209543356e-11,3.637978807091713e-12,9.563381614073216e-12,2.16875231090828e-15,3.2278779307382015e-16,6.750409822995931e-15,21206.132177667627,9.307648089439382e-11,2.190840736925645e-10,8.9965191997577e-12,1.3222427323124034e-9,1.285050119382041,7.722113212748017e-4,1.0231815394945443e-11,2.5527144223819568e-11,7.625353193632315e-13,4.850844321074923e-13,6.401120974867759e-11, 16,Sub-Saharan Africa,Malawi,Dowa,TA Mkukula,20405,MW20405,0.1440529,0.003529529,0.2040522,0.02939432,0.01225080,0.000720208,0.2906929,0.03251866,0.5957723,0.1731868,0.05593302,0.01937372,0.05,9.22e-06,0.1,0.2217238,9.22469e-05,4.09e-05,30,2020-04-02
170,1943.55709976015,8.738328413110016e-12,2.0568281192512606e-11,3.835410920509846e-12,5.501627089725434e-10,0.03654279215731132,3.5744711010971024e-4,7602.852333433468,4.0232815237917225e-11,9.4701304039111e-11,3.869067988440289e-12,6.250557522104125e-10,1.1512518463507877,4.147194105298477e-4,11659.722744473996,3.0968753080506124e-11,7.289356023539788e-11,2.2413485384526708e-14,4.802781816177669e-13,0.09725548101859603,4.485755571006991e-8,1943.594,7603.004,11659.82,1.1368683772161603e-12,2.5728438696804047e-12,3.32959780666168e-13,2.7997029398481846e-13,4.097146276763053e-11,4.547473508864641e-12,1.1158973688812552e-11,3.2735851570423196e-13,1.3874445014099556e-13,1.5943000175253075e-11,5.4569682106375694e-12,1.0546076701085874e-11,2.0778238814788744e-15,2.879996903822566e-16,6.0034772773018985e-15,21206.132177667616,7.993989673153336e-11,1.8816314546702147e-10,7.726892394334662e-12,1.1756987393645737e-9,1.285050119526695,7.72211378195268e-4,1.1141310096718371e-11,2.4277894259578832e-11,6.623961202518788e-13,4.1900274381619626e-13,5.6920466420160905e-11, 16,Sub-Saharan Africa,Malawi,Dowa,TA Mkukula,20405,MW20405,0.1440529,0.003529529,0.2040522,0.02939432,0.01225080,0.000720208,0.2906929,0.03251866,0.5957723,0.1731868,0.05593302,0.01937372,0.05,9.22e-06,0.1,0.2217238,9.22469e-05,4.09e-05,30,2020-04-02
171,1943.5570997601494,7.505022809596542e-12,1.766533488433388e-11,3.2941745719468623e-12,4.892463175715007e-10,0.03654279218738126,3.574471465446358e-4,7602.852333433463,3.4554447701783064e-11,8.133533595908629e-11,3.323008204379827e-12,5.557114884028615e-10,1.1512518464297425,4.147194247041167e-4,11659.722744473993,2.6597906885866696e-11,6.260563726447275e-11,1.925082852869909e-14,4.2712783731042865e-13,0.09725548103653432,4.485756104916787e-8,1943.594,7603.004,11659.82,6.821210263296962e-13,1.9154266298431705e-12,2.6950614990983744e-13,2.3567708803430985e-13,3.643492555186964e-11,4.547473508864641e-12,1.0225841044998803e-11,2.8901853522883803e-13,1.2029545362074966e-013,1.4174268963412784e-11,3.637978807091713e-12,8.00882500173114e-12,1.6878182805588255e-15,2.4252375681932216e-16,5.339097965545589e-15,21206.132177667605,6.86573773972463e-11,1.6160630810789293e-10,6.636433604855388e-12,1.0453849338116727e-9,1.2850501196536581,7.722114288098017e-4,8.86757334228605e-12,2.0150092676573116e-11,5.602125034192343e-13,3.562150654118788e-13,5.061453361324797e-11, 16,Sub-Saharan Africa,Malawi,Dowa,TA Mkukula,20405,MW20405,0.1440529,0.003529529,0.2040522,0.02939432,0.01225080,0.000720208,0.2906929,0.03251866,0.5957723,0.1731868,0.05593302,0.01937372,0.05,9.22e-06,0.1,0.2217238,9.22469e-05,4.09e-05,30,2020-04-02
172,1943.5570997601485,6.445782798333174e-12,1.517210108670274e-11,2.829310271148694e-12,4.35068384602876e-10,0.03654279221395873,3.5744717894484727e-4,7602.85233343346,2.967751239530272e-11,6.985581960723045e-11,2.854015632207176e-12,4.940571295203442e-10,1.151251846499223,4.147194373057972e-4,11659.72274447399,2.2843949614632277e-11,5.376970667187239e-11,1.6534397396773796e-14,3.7985290424682655e-13,0.09725548105194234,4.4857565797329174e-8,1943.594,7603.004,11659.82,9.094947017729282e-13,1.968734713036296e-12,2.495713739465319e-13,2.076813781549937e-13,3.2400211474273993e-11,2.7284841053187847e-12,7.60541941179913e-12,2.338057310533843e-13,1.0124013369478974e-13,1.2601680495546302e-11,3.637978807091713e-12,7.391936078326132e-12,1.4969703940062891e-15,2.106700762965792e-16,4.748161300608008e-15,21206.132177667598,5.896724480826816e-11,1.3879762736580556e-10,5.6998603007526436e-12,9.29505367027467e-10,1.285050119765124,7.722114738164418e-4,7.275957614183426e-12,1.6966090203161558e-11,4.848740753939225e-13,3.0913218192608e-13,4.5006640131120904e-11, 16,Sub-Saharan Africa,Malawi,Dowa,TA Mkukula,20405,MW20405,0.1440529,0.003529529,0.2040522,0.02939432,0.01225080,0.000720208,0.2906929,0.03251866,0.5957723,0.1731868,0.05593302,0.01937372,0.05,9.22e-06,0.1,0.2217238,9.22469e-05,4.09e-05,30,2020-04-02
173,1943.5570997601478,5.536041215955498e-12,1.3030754447992397e-11,2.43004237693637e-12,3.868844298863366e-10,0.03654279223745315,3.574472077567256e-4,7602.852333433456,2.5488896854187155e-11,5.999650343448789e-11,2.4512136863313426e-12,4.392403605578536e-10,1.151251846560381,4.1471944850929245e-4,11659.722744473987,1.961981540198101e-11,4.6180841941621984e-11,1.4201241235200147e-14,3.378048175649798e-13,0.09725548106517702,4.485757001988939e-8,1943.594,7603.004,11659.82,6.821210263296962e-13,1.591862608707372e-12,2.0880966750000005e-13,1.7676382983908444e-13,2.88118783388705e-11,4.547473508864641e-12,8.736089049980205e-12,2.27808590302532e-13,9.084127650704848e-14,1.1203495271262798e-11,1.8189894035458565e-12,5.0431236161971234e-12,1.1652617657959106e-15,1.7492089636847799e-16,4.222560217654423e-15,21206.13217766759,5.0644753472123664e-11,1.1920809982410228e-10,4.895457304502912e-12,8.264625952617551e-10,1.285050119863011,7.722115138360379e-4,7.048583938740194e-12,1.53710752748847e-11,4.3778351956832794e-13,2.677800272425014e-13,4.001959617035095e-11, 16,Sub-Saharan Africa,Malawi,Dowa,TA Mkukula,20405,MW20405,0.1440529,0.003529529,0.2040522,0.02939432,0.01225080,0.000720208,0.2906929,0.03251866,0.5957723,0.1731868,0.05593302,0.01937372,0.05,9.22e-06,0.1,0.2217238,9.22469e-05,4.09e-05,30,2020-04-02
174,1943.5570997601471,4.7546982426732495e-12,1.119163084579286e-11,2.0871154359597734e-12,3.440320953731281e-10,0.036542792258225425,3.5744723337732473e-4,7602.852333433453,2.189145308985219e-11,5.152871445974566e-11,2.1052607721276067e-12,3.905032691350648e-10,1.151251846614226,4.147194584696738e-4,11659.722744473986,1.6850726580203146e-11,3.9663038523790724e-11,1.2197288384424939e-14,3.0040647436831857e-13,0.09725548107654497,4.4857573774970325e-8,1943.594,7603.004,11659.82,6.821210263296962e-13,1.463463999611945e-12,1.847236983838737e-13,1.533842945425492e-13,2.5620599120989435e-11,2.7284841053187847e-12,6.325927869653749e-12,1.8123486631732622e-13,7.594292862862251e-14,9.960381369515658e-12,1.8189894035458565e-12,4.58807822532372e-12,1.0244831533479532e-15,1.5142180020615807e-16,3.7550809341197615e-15,21206.132177667587,4.3496877912728587e-11,1.0238338382932925e-10,4.204573496471805e-12,7.348357709825612e-10,1.2850501199489965,7.722115494207735e-4,5.229594535194337e-12,1.2377470094589415e-11,3.6698304785454786e-13,2.2947864497137784e-13,3.558473557143921e-11, 16,Sub-Saharan Africa,Malawi,Dowa,TA Mkukula,20405,MW20405,0.1440529,0.003529529,0.2040522,0.02939432,0.01225080,0.000720208,0.2906929,0.03251866,0.5957723,0.1731868,0.05593302,0.01937372,0.05,9.22e-06,0.1,0.2217238,9.22469e-05,4.09e-05,30,2020-04-02
175,1943.5570997601465,4.083632032608564e-12,9.61207555310023e-12,1.7925797579362482e-12,3.059221048214692e-10,0.036542792276593766,3.574472561598142e-4,7602.85233343345,1.8801744393738292e-11,4.425605443711774e-11,1.8081336628177765e-12,3.4717189853345767e-10,1.1512518466616442,4.1471946732482253e-4,11659.722744473984,1.4472459365351318e-11,3.406513204054521e-11,1.0476094213286602e-14,2.671443782588672e-13,0.09725548108630952,4.485757711427505e-8,1943.594,7603.004,11659.82,6.821210263296962e-13,1.3531872363943817e-12,1.6403714653427438e-13,1.3330386423189798e-13,2.2782489490866947e-11,2.7284841053187847e-12,5.818192801432683e-12,1.6037341977700164e-13,6.59042779664925e-14,8.855148710650018e-12,1.8189894035458565e-12,4.1972566183976846e-12,9.035734311209703e-16,1.3123838011296536e-16,3.33930472697396e-15,21206.13217766758,3.7357835791698175e-11,8.793326203076318e-11,3.611189514967311e-12,6.533611477331857e-10,1.2850501200245474,7.72211581061751e-4,5.229594535194337e-12,1.1368636656224749e-11,3.25314139742397e-13,1.9933938057850343e-13,3.164097750624394e-11, 16,Sub-Saharan Africa,Malawi,Dowa,TA Mkukula,20405,MW20405,0.1440529,0.003529529,0.2040522,0.02939432,0.01225080,0.000720208,0.2906929,0.03251866,0.5957723,0.1731868,0.05593302,0.01937372,0.05,9.22e-06,0.1,0.2217238,9.22469e-05,4.09e-05,30,2020-04-02
176,1943.557099760146,3.507278408123764e-12,8.255453964577123e-12,1.5396072286423163e-12,2.720302160383259e-10,0.03654279229283882,3.574472764183227e-4,7602.852333433448,1.6148110144231023e-11,3.8009844587417814e-11,1.5529414456046347e-12,3.086469555155807e-10,1.1512518467034119,4.147194751973339e-4,11659.722744473982,1.2429854319197435e-11,2.9257292543827055e-11,8.997765552830062e-15,2.37561644732536e-13,0.09725548109469682,4.485758008379562e-8,1943.594,7603.004,11659.82,4.547473508864641e-13,1.031100975371264e-12,1.3355253392075513e-13,1.1236009154856067e-13,2.0258508466684116e-11,2.7284841053187847e-12,5.382118354826054e-12,1.4245632316800687e-13,5.728242542267157e-14,7.872511345076438e-12,1.8189894035458565e-12,3.8615944496997395e-12,7.997284063118167e-16,1.1390285333841788e-16,2.9695205692143845e-15,21206.132177667576,3.2085242871552224e-11,7.552259109582199e-11,3.1015464397997812e-12,5.809147331986391e-10,1.2850501200909474,7.722116091957404e-4,5.002220859751105e-12,1.0274813779897058e-11,2.7680858549507384e-13,1.6975641982457065e-13,2.813398933232977e-11, 16,Sub-Saharan Africa,Malawi,Dowa,TA Mkukula,20405,MW20405,0.1440529,0.003529529,0.2040522,0.02939432,0.01225080,0.000720208,0.2906929,0.03251866,0.5957723,0.1731868,0.05593302,0.01937372,0.05,9.22e-06,0.1,0.2217238,9.22469e-05,4.09e-05,30,2020-04-02
177,1943.5570997601455,3.0122698785541612e-12,7.090301944816283e-12,1.3223330974721894e-12,2.418900571095915e-10,0.03654279230720813,3.5744729443224713e-4,7602.852333433446,1.3869003753288468e-11,3.2645213285073265e-11,1.333765723207483e-12,2.7439554552321263e-10,1.1512518467402106,4.147194821962107e-4,11659.722744473978,1.067553703772951e-11,2.5128013539822186e-11,7.728036752825409e-15,2.1125177350069631e-13,0.0972554811019012,4.485758272444279e-8,1943.594,7603.004,11659.82,4.547473508864641e-13,9.49755880456067e-13,1.1829318588099024e-13,9.754703653880869e-14,1.8013924444996998e-11,1.8189894035458565e-12,4.098095794488412e-12,1.1592597711788122e-13,4.8272371610069085e-14,6.998876846998903e-12,3.637978807091713e-12,5.3922960885596375e-12,8.783357854062889e-16,1.0740322927054712e-16,2.640647169747461e-15,21206.13217766757,2.755681066957214e-11,6.486352876971174e-11,2.663826857432498e-12,5.164968544063048e-10,1.28505012014932,7.722116342111823e-4,5.9117155615240335e-12,1.0440147763504116e-11,2.3509749878427775e-13,1.4592681137814833e-13,2.5015441939165648e-11, 16,Sub-Saharan Africa,Malawi,Dowa,TA Mkukula,20405,MW20405,0.1440529,0.003529529,0.2040522,0.02939432,0.01225080,0.000720208,0.2906929,0.03251866,0.5957723,0.1731868,0.05593302,0.01937372,0.05,9.22e-06,0.1,0.2217238,9.22469e-05,4.09e-05,30,2020-04-02
178,1943.5570997601453,2.5871256057573843e-12,6.089596091138438e-12,1.1357200781068996e-12,2.1508674982198158e-10,0.0365427923199201,3.5744731045008805e-4,7602.852333433444,1.191156519032128e-11,2.8037735925641254e-11,1.1455233661569555e-12,2.439438217847228e-10,1.1512518467726391,4.147194884183699e-4,11659.722744473976,9.168819397279515e-12,2.158152595031461e-11,6.637476001521626e-15,1.878531039533337e-13,0.09725548110808949,4.4857585072606586e-8,1943.594,7603.004,11659.82,2.2737367544323206e-13,6.52517948240009e-13,9.246979997714739e-14,8.112739409482915e-14,1.6017840916496273e-11,1.8189894035458565e-12,3.776427966513044e-12,1.0270954736708767e-13,4.19124655918803e-14,6.222159181119846e-12,1.8189894035458565e-12,3.3257070439958512e-12,6.339386511373271e-16,8.622497012205551e-17,2.3481637946196846e-15,21206.132177667565,2.366751019335818e-11,5.5708857967094304e-11,2.2878809202653768e-12,4.592184247106577e-10,1.2850501202006488,7.722116564535306e-4,3.865352482534945e-12,7.754652958748904e-12,1.9581328599537238e-13,1.2312608465683151e-13,2.224234826141074e-11, 16,Sub-Saharan Africa,Malawi,Dowa,TA Mkukula,20405,MW20405,0.1440529,0.003529529,0.2040522,0.02939432,0.01225080,0.000720208,0.2906929,0.03251866,0.5957723,0.1731868,0.05593302,0.01937372,0.05,9.22e-06,0.1,0.2217238,9.22469e-05,4.09e-05,30,2020-04-02
179,1943.557099760145,2.2219851270610634e-12,5.2301269875346264e-012,9.754416162953567e-13,1.9125123405288984e-10,0.03654279233116744,3.574473246928615e-4,7602.852333433443,1.0230394977903116e-11,2.4080549044035144e-11,9.838486336341921e-13,2.16870447414762e-10,1.1512518468012227,4.147194939499814e-4,11659.722744473975,7.87475587473727e-12,1.85355770426761e-11,5.700803550175554e-15,1.6704387910656751e-13,0.09725548111340503,4.485758716065507e-8,1943.594,7603.004,11659.82,2.2737367544323206e-13,5.925141541395529e-13,8.121380859502475e-14,7.020008841206934e-14,1.4242773464529651e-11,9.094947017729282e-13,2.590664914191093e-12,8.021642277995238e-14,3.484512240570658e-14,5.531611518665158e-12,1.8189894035458565e-12,3.113052926088101e-12,5.681488262555955e-16,7.524106388008337e-17,2.088048486552031e-15,21206.13217766756,2.032713597970145e-11,4.784625307424587e-11,1.9649910534797246e-12,4.082887253467584e-10,1.2850501202457951,7.722116762300036e-4,2.9558577807620168e-12,6.296231994418747e-12,1.6199838020123272e-13,1.05120451881656e-13,1.977647303168136e-11, 16,Sub-Saharan Africa,Malawi,Dowa,TA Mkukula,20405,MW20405,0.1440529,0.003529529,0.2040522,0.02939432,0.01225080,0.000720208,0.2906929,0.03251866,0.5957723,0.1731868,0.05593302,0.01937372,0.05,9.22e-06,0.1,0.2217238,9.22469e-05,4.09e-05,30,2020-04-02
180,1943.5570997601449,1.9083796598146456e-12,4.49196091429957e-12,8.377816222035604e-13,1.7005521630646187e-10,0.03654279234112026,3.574473373571349e-4,7602.852333433442,8.786501223772761e-12,2.0681871746923802e-11,8.449919296996625e-13,1.9280078070633023e-10,1.1512518468264226,4.147194988676593e-4,11659.722744473975,6.7633330553349185e-12,1.5919522821588158e-11,4.896306070743524e-15,1.4853785149330957e-13,0.0972554811179709,4.485758901737821e-8,1943.594,7603.004,11659.82,2.2737367544323206e-13,5.409791426896499e-13,7.154645494522093e-14,6.081482936927277e-14,1.2664273384317692e-11,9.094947017729282e-13,2.3533884559032825e-12,7.046740712703155e-14,3.015374523833996e-14,4.917677864316877e-12,0,1.1114228194023522e-12,3.4384820180640414e-16,5.741728406192169e-17,1.8567231401472813e-15,21206.13217766756,1.7458213938922325e-11,4.109335548281153e-11,1.6876698579739663e-12,3.6300453486428543e-10,1.2850501202855138,7.722116938138116e-4,1.1368683772161603e-12,4.005790417995284e-12,1.423577102740589e-13,9.102599189167466e-14,1.7583807971774717e-11, 16,Sub-Saharan Africa,Malawi,Dowa,TA Mkukula,20405,MW20405,0.1440529,0.003529529,0.2040522,0.02939432,0.01225080,0.000720208,0.2906929,0.03251866,0.5957723,0.1731868,0.05593302,0.01937372,0.05,9.22e-06,0.1,0.2217238,9.22469e-05,4.09e-05,30,2020-04-02
181,1943.5570997601446,1.639035683384996e-12,3.857977529301132e-12,7.195483456921745e-13,1.5120667395991717e-10,0.03654279234992872,3.5744734861772843e-4,7602.852333433441,7.546395266978653e-12,1.7762876970407945e-11,7.257328474084541e-13,1.7140170371789357e-10,1.1512518468486441,4.147195032395211e-4,11659.722744473975,5.808773530446254e-12,1.3672689644336997e-11,4.2053335966836826e-15,1.3208037169874754e-13,0.09725548112189289,4.485759066838286e-8,1943.594,7603.004,11659.82,2.2737367544323206e-13,4.967176518728817e-13,6.3243523709344225e-014,5.2754017338884666e-14,1.1260593531844248e-11,9.094947017729282e-13,2.149600658567036e-12,6.20943489561135e-14,2.6124487696127346e-14,4.371861813540212e-12,0,9.545595248886643e-13,2.9531855245502226e-16,4.9314551325743195e-17,1.6510046452943234e-15,21206.13217766756,1.4994204480809903e-11,3.529354414404608e-11,1.4494865266973121e-12,3.227404580495095e-10,1.2850501203204658,7.722117094479179e-4,1.1368683772161603e-12,3.600877835328582e-12,1.2563319121791274e-13,7.892781958633776e-14,1.5634106350029755e-11, 16,Sub-Saharan Africa,Malawi,Dowa,TA Mkukula,20405,MW20405,0.1440529,0.003529529,0.2040522,0.02939432,0.01225080,0.000720208,0.2906929,0.03251866,0.5957723,0.1731868,0.05593302,0.01937372,0.05,9.22e-06,0.1,0.2217238,9.22469e-05,4.09e-05,30,2020-04-02
182,1943.5570997601442,1.4077062430492826e-12,3.3134727987216925e-12,6.180004001310864e-13,1.344458542593126e-10,0.03654279235772541,3.5744735863011795e-4,7602.85233343344,6.481314962950548e-12,1.525586318822915e-11,6.233054845511672e-13,1.523770230711586e-10,1.1512518468682433,4.1471950712612947e-4,11659.722744473975,4.988938040845723e-12,1.1742967064545027e-11,3.6118674056998274e-15,1.1744490670169414e-13,0.09725548112526178,4.485759213644419e-8,1943.594,7603.004,11659.82,4.547473508864641e-13,6.860767912221775e-13,6.883014087056028e-14,4.95277000412665e-14,1.0012389517737724e-11,9.094947017729282e-13,1.974575005801034e-12,5.4903047923783293e-14,2.2663901931204424e-14,3.8866083745467406e-12,0,8.198354896005316e-13,2.536382082714431e-16,4.235521996276491e-17,1.4680613311458167e-15,21206.132177667558,1.2877959246845553e-11,3.031230305149587e-11,1.2449177520879535e-12,2.869403222371729e-10,1.2850501203512306,7.722117233483839e-4,1.3642420526593924e-12,3.480487286623743e-12,1.23986827002615e-13,7.223395719243369e-14,1.390046595361561e-11, 16,Sub-Saharan Africa,Malawi,Dowa,TA Mkukula,20405,MW20405,0.1440529,0.003529529,0.2040522,0.02939432,0.01225080,0.000720208,0.2906929,0.03251866,0.5957723,0.1731868,0.05593302,0.01937372,0.05,9.22e-06,0.1,0.2217238,9.22469e-05,4.09e-05,30,2020-04-02
183,1943.557099760144,1.2090260631952313e-12,2.8458179683459682e-12,5.307832215045814e-13,1.1954171376669084e-10,0.0365427923646274,3.574473675325731e-4,7602.852333433439,5.566557592713485e-12,1.3102684164646886e-11,5.353342992675487e-13,1.354633797179418e-10,1.1512518468855333,4.147195105813296e-4,11659.722744473975,4.284811999441894e-12,1.0085599271236313e-11,3.102148843422173e-15,1.0442994094271625e-13,0.0972554811281556,4.485759344181845e-8,1943.594,7603.004,11659.82,2.2737367544323206e-13,4.260538552972834e-13,4.998782578992205e-14,3.9884520628323984e-14,8.902455161940992e-12,1.8189894035458565e-12,2.7337467737829195e-12,5.986875055836138e-14,2.129677149385114e-14,3.4552001017262857e-12,0,7.041260414038287e-13,2.178404856213445e-16,3.637795239494996e-17,1.30537426068297e-15,21206.132177667558,1.106039565535061e-11,2.6034101404229166e-11,1.0692196696155524e-12,2.5510952342557535e-10,1.2850501203783162,7.722117357073445e-4,2.0463630789890885e-12,3.863926670484032e-12,1.1007441683390478e-13,6.121767007457008e-14,1.235896063792796e-11, 16,Sub-Saharan Africa,Malawi,Dowa,TA Mkukula,20405,MW20405,0.1440529,0.003529529,0.2040522,0.02939432,0.01225080,0.000720208,0.2906929,0.03251866,0.5957723,0.1731868,0.05593302,0.01937372,0.05,9.22e-06,0.1,0.2217238,9.22469e-05,4.09e-05,30,2020-04-02
184,1943.5570997601437,1.0383871094503662e-12,2.444166666146952e-12,4.558744910927512e-13,1.0628874989860365e-10,0.03654279237073812,3.5744737544805974e-4,7602.852333433438,4.780906924052689e-12,1.125340033137977e-11,4.597790181462253e-13,1.2042661141379923e-10,1.151251846900789,4.1471951365299397e-4,11659.722744473975,3.680064484484569e-12,8.662147095489127e-12,2.664360496256252e-15,9.285621817550365e-14,0.09725548113064135,4.485759460252118e-8,1943.594,7603.004,11659.82,2.2737367544323206e-13,3.9801262918809717e-13,4.472761866755405e-14,3.477743725929856e-14,7.915486625528767e-12,9.094947017729282e-13,1.6951453704337242e-12,4.3422093288698247e-14,1.7139035818149405e-14,3.071664396361168e-12,0,6.04747514957325e-13,1.8709513404845e-16,3.1244174060718546e-17,1.16070272735783e-15,21206.132177667558,9.499358517987623e-12,2.235971409301585e-11,9.183178697352327e-13,2.2680821753057837e-10,1.2850501204021685,7.722117466956562e-4,1.1368683772161603e-12,2.6979055145791463e-12,8.833680709030075e-14,5.194771725150868e-14,1.0988311724617293e-11, 16,Sub-Saharan Africa,Malawi,Dowa,TA Mkukula,20405,MW20405,0.1440529,0.003529529,0.2040522,0.02939432,0.01225080,0.000720208,0.2906929,0.03251866,0.5957723,0.1731868,0.05593302,0.01937372,0.05,9.22e-06,0.1,0.2217238,9.22469e-05,4.09e-05,30,2020-04-02
185,1943.5570997601437,8.918317136358792e-13,2.0992033431758606e-12,3.9153725751130533e-13,9.450418148766805e-11,0.03654279237614892,3.574473824859314e-4,7602.852333433437,4.106141136169164e-12,9.665120508483553e-12,3.9488731931114487e-13,1.0705851784655478e-10,1.1512518469142528,4.1471951638368475e-4,11659.722744473975,3.160669475030128e-12,7.439596512380362e-12,2.2883523324203848e-15,8.256428673631948e-14,0.09725548113277657,4.485759563457476e-8,1943.594,7603.004,11659.82,0,1.46555395814487e-13,2.7492126328208123e-14,2.6694142937281046e-14,7.037871641805277e-12,9.094947017729282e-13,1.5842604896564528e-12,3.8866156861020247e-14,1.4946620010804827e-14,2.7306907820004445e-12,0,5.193950094544409e-13,1.6068908088261872e-16,2.6834862235924297e-17,1.0320535832361686e-15,21206.132177667554,8.158642324835171e-12,1.9203920364039777e-11,7.887129291548706e-13,2.0164526362095914e-10,1.2850501204231783,7.722117564652507e-4,9.094947017729282e-13,2.2502108949253807e-12,6.651897227011098e-14,4.1667597810321795e-14,9.769594477388957e-12, 16,Sub-Saharan Africa,Malawi,Dowa,TA Mkukula,20405,MW20405,0.1440529,0.003529529,0.2040522,0.02939432,0.01225080,0.000720208,0.2906929,0.03251866,0.5957723,0.1731868,0.05593302,0.01937372,0.05,9.22e-06,0.1,0.2217238,9.22469e-05,4.09e-05,30,2020-04-02
186,1943.5570997601437,7.659607827771434e-13,1.802927218478896e-12,3.3627967214609085e-13,8.402544001403348e-11,0.03654279238094055,3.574473887434351e-4,7602.852333433437,3.5266101948849847e-12,8.301007103968686e-12,3.39154193267748e-13,9.517398389406201e-11,1.1512518469261372,4.147195188112423e-4,11659.722744473975,2.7145805440173838e-12,6.389592963181442e-12,1.9654064704547333e-15,7.341231494760643e-14,0.09725548113461074,4.4857596552228696e-8,1943.594,7603.004,11659.82,0,1.2587093085873578e-13,2.3611959701338098e-14,2.2926816777076862e-14,6.257503738262005e-12,0,5.795309412841794e-13,2.3811198151514953e-14,1.1458590578817211e-14,2.427557558182941e-12,0,4.460889310127443e-13,1.3800989341283742e-16,2.3047787768924443e-17,9.176539354198234e-16,21206.132177667554,7.007151521679512e-12,1.6493527285629026e-11,6.773992718842936e-13,1.792728362230431e-10,1.2850501204416886,7.722117651512297e-4,0,1.1514908031556595e-12,4.7561167746265887e-14,3.4408455143662996e-14,8.685978950380366e-12, 16,Sub-Saharan Africa,Malawi,Dowa,TA Mkukula,20405,MW20405,0.1440529,0.003529529,0.2040522,0.02939432,0.01225080,0.000720208,0.2906929,0.03251866,0.5957723,0.1731868,0.05593302,0.01937372,0.05,9.22e-06,0.1,0.2217238,9.22469e-05,4.09e-05,30,2020-04-02
187,1943.5570997601437,6.578549632490255e-13,1.5484667171759208e-12,2.888204051490112e-13,7.470793735483587e-11,0.03654279238518431,3.574473943070501e-4,7602.852333433437,3.0288728762662566e-12,7.129421718752564e-12,2.912870391175369e-13,8.460842140266103e-11,1.1512518469366293,4.1471952096930917e-4,11659.722744473975,2.331451464135625e-12,5.487783740592546e-12,1.6880351282174128e-15,6.527414700951436e-14,0.09725548113618628,4.4857597368155536e-8,1943.594,7603.004,11659.82,0,1.081058195281179e-13,2.027942927437195e-14,1.9691158061367448e-14,5.563614998392585e-12,0,4.97737318618728e-13,2.0450538580139983e-14,9.841361759115993e-15,2.15806685672712e-12,0,3.8312907988175873e-13,1.1853157509418024e-16,1.979514586657504e-17,8.159268401715784e-16,21206.132177667554,6.018179303650907e-12,1.4165672176521031e-11,5.817954793947656e-13,1.5938163290450642e-10,1.2850501204579998,7.722117728737274e-4,0,9.889722180286046e-13,4.084849942960611e-14,2.955231496635002e-14,7.722497781959877e-12, 16,Sub-Saharan Africa,Malawi,Dowa,TA Mkukula,20405,MW20405,0.1440529,0.003529529,0.2040522,0.02939432,0.01225080,0.000720208,0.2906929,0.03251866,0.5957723,0.1731868,0.05593302,0.01937372,0.05,9.22e-06,0.1,0.2217238,9.22469e-05,4.09e-05,30,2020-04-02
188,1943.5570997601437,5.650069316040447e-13,1.329920098039036e-12,2.4805894070770933e-13,6.642307964261156e-11,0.03654279238894328,3.57447399253679e-4,7602.852333433437,2.6013850199918326e-12,6.1231913401489036e-12,2.5017568673731674e-13,7.521549425283076e-11,1.1512518469458946,4.1471952288779505e-4,11659.722744473975,2.002396246512244e-12,4.713253185855443e-12,1.449807073209243e-15,5.803757297515083e-14,0.09725548113753968,4.48575980936252e-8,1943.594,7603.004,11659.82,0,9.284803164498079e-14,1.7417243230075105e-14,1.6912137251244822e-14,4.946628881247889e-12,0,4.2748785627442405e-13,1.7564195351844433e-14,8.45238280989233e-15,1.9184858779733305e-12,0,3.290552176233809e-13,1.0180236638436036e-16,1.7001521069626503e-17,7.254696638703397e-16,21206.132177667554,5.168788198108122e-12,1.2166364624043383e-11,4.996844345182353e-13,1.4169661146841747e-10,1.2850501204723774,7.722117797395677e-4,0,8.493911055427857e-13,3.50832409483039e-14,2.5381521582206777e-14,6.8658402288850895e-12, 16,Sub-Saharan Africa,Malawi,Dowa,TA Mkukula,20405,MW20405,0.1440529,0.003529529,0.2040522,0.02939432,0.01225080,0.000720208,0.2906929,0.03251866,0.5957723,0.1731868,0.05593302,0.01937372,0.05,9.22e-06,0.1,0.2217238,9.22469e-05,4.09e-05,30,2020-04-02
189,1943.5570997601437,4.852632416938945e-13,1.1422185743029355e-12,2.1305006330326527e-13,5.905650015796227e-11,0.036542792392273184,3.574474036517074e-4,7602.852333433437,2.234231781995317e-12,5.258978104057819e-12,2.148666497414743e-13,6.686509537111674e-11,1.1512518469540773,4.147195245932913e-4,11659.722744473975,1.7197830468055562e-12,4.0480375989730274e-12,1.2451985547127297e-15,5.1602789294494194e-14,0.09725548113870226,4.485759873866007e-8,1943.594,7603.004,11659.82,0,7.974368991015018e-14,1.4959018483780013e-14,1.4525312562645928e-14,4.398028382451846e-12,0,3.671532379965155e-13,1.508522440075237e-14,7.259439497537533e-15,1.705496258542355e-12,0,2.826131997066879e-13,8.743426729360638e-17,1.460213928950599e-17,6.450348725685895e-16,21206.132177667554,4.439278070494768e-12,1.0449234277333782e-11,4.291619115994523e-13,1.259731983183735e-10,1.2850501204850528,7.722117858437374e-4,0,7.295101276133536e-13,3.013167715182599e-14,2.1799354199472967e-14,6.10416967586677e-12, 16,Sub-Saharan Africa,Malawi,Dowa,TA Mkukula,20405,MW20405,0.1440529,0.003529529,0.2040522,0.02939432,0.01225080,0.000720208,0.2906929,0.03251866,0.5957723,0.1731868,0.05593302,0.01937372,0.05,9.22e-06,0.1,0.2217238,9.22469e-05,4.09e-05,30,2020-04-02
190,1943.5570997601437,4.1677437933514227e-13,9.810087531097913e-13,1.829819437410645e-13,5.250648715187157e-11,0.03654279239522332,3.574474075619462e-4,7602.852333433437,1.9188976764059046e-12,4.516738008211711e-12,1.8454101214991006e-13,5.944154781062471e-11,1.1512518469613056,4.1471952610943865e-4,11659.722744473975,1.4770571587699467e-12,3.4767086118945947e-12,1.0694652649244536e-15,4.588102898632901e-14,0.09725548113970094,4.485759931217293e-8,1943.594,7603.004,11659.82,0,6.848886235875224e-14,1.2847741061081893e-14,1.2475335980577847e-14,3.910238831946605e-12,0,3.1533410558941245e-13,1.2956130026946269e-14,6.234864142572534e-15,1.5161473422217742e-12,0,2.427258880356095e-13,7.509403865915754e-17,1.254136642237168e-17,5.735128597228696e-16,21206.132177667554,3.812729214510993e-12,8.974455373216098e-12,3.68592421155899e-13,1.119939159914826e-10,1.28505012049623,7.72211791270697e-4,0,6.265488559837742e-13,2.587896512668732e-14,1.872274148957275e-14,5.426959687028102e-12, 16,Sub-Saharan Africa,Malawi,Dowa,TA Mkukula,20405,MW20405,0.1440529,0.003529529,0.2040522,0.02939432,0.01225080,0.000720208,0.2906929,0.03251866,0.5957723,0.1731868,0.05593302,0.01937372,0.05,9.22e-06,0.1,0.2217238,9.22469e-05,4.09e-05,30,2020-04-02
191,1943.5570997601437,3.579518661285665e-13,8.425516670373613e-13,1.5715731712484836e-13,4.6682585138557535e-11,0.03654279239783725,3.574474110384701e-4,7602.852333433437,1.6480690732794838e-12,3.87925602197352e-12,1.5849543594480874e-13,5.284200510347804e-11,1.1512518469676918,4.147195274572546e-4,11659.722744473975,1.2685889899825277e-12,2.986015362265912e-12,9.185323630924386e-16,4.0793342791345703e-14,0.09725548114055882,4.485759982208971e-8,1943.594,7603.004,11659.82,0,5.882251320657575e-14,1.1034443772064613e-14,1.0714670062473454e-14,3.476523864794079e-12,0,2.708286031264208e-13,1.1127531368187991e-14,5.354893947944289e-15,1.347815956065368e-12,0,2.08468168787419e-13,6.44954734484883e-17,1.0771418764025167e-17,5.099167790100695e-16,21206.132177667554,3.274609929390578e-12,7.707823051276792e-12,3.1657128543274955e-13,9.956538358482692e-11,1.2850501205060878,7.722117960955468e-4,0,5.381192851204156e-13,2.2226470613701092e-14,1.608033542918177e-14,4.824849737638457e-12, 16,Sub-Saharan Africa,Malawi,Dowa,TA Mkukula,20405,MW20405,0.1440529,0.003529529,0.2040522,0.02939432,0.01225080,0.000720208,0.2906929,0.03251866,0.5957723,0.1731868,0.05593302,0.01937372,0.05,9.22e-06,0.1,0.2217238,9.22469e-05,4.09e-05,30,2020-04-02
192,1943.5570997601437,3.074314175335768e-13,7.236360559707295e-13,1.3497731657154063e-13,4.1504350555914146e-11,0.03654279240015352,3.5744741412936285e-4,7602.852333433437,1.4154645713739525e-12,3.331746810129947e-12,1.3612584906966443e-13,4.697502882971534e-11,1.1512518469733346,4.147195286554243e-4,11659.722744473975,1.089543493829215e-12,2.5645771690095313e-12,7.889000148888799e-16,3.626951470311114e-14,0.09725548114129574,4.485760027545865e-8,1943.594,7603.004,11659.82,0,5.0520448594989733e-14,9.477070513774674e-15,9.202485793996278e-15,3.090892776100307e-12,0,2.326045019055313e-13,9.557017084397524e-15,4.5991198875234845e-15,1.198169710149577e-12,0,1.7904549615331264e-13,5.5392758848607035e-17,9.251255352608287e-18,4.533689388607112e-16,21206.132177667554,2.8124394827367444e-12,6.619960035110208e-12,2.7189206565609394e-13,8.851564890033259e-11,1.285050120514784,7.722118003850627e-4,0,4.621704466538337e-13,1.9089480357020806e-14,1.381085693687237e-14,4.2895158551887446e-12, 16,Sub-Saharan Africa,Malawi,Dowa,TA Mkukula,20405,MW20405,0.1440529,0.003529529,0.2040522,0.02939432,0.01225080,0.000720208,0.2906929,0.03251866,0.5957723,0.1731868,0.05593302,0.01937372,0.05,9.22e-06,0.1,0.2217238,9.22469e-05,4.09e-05,30,2020-04-02
193,1943.5570997601437,2.6404130072518925e-13,6.215038880756113e-13,1.1592758799214678e-13,3.690024478875953e-11,0.03654279240220624,3.574474168773808e-4,7602.852333433437,1.2156893117755738e-12,2.861511810002688e-12,1.1691343558239313e-13,4.175932378570458e-11,1.1512518469783222,4.1471952972055954e-4,11659.722744473975,9.357680295105575e-13,2.2026195822025414e-12,6.775622584944862e-16,3.2247097094183265e-14,0.0972554811419288,4.485760067854736e-8,1943.594,7603.004,11659.82,0,4.339011680838753e-14,8.139500860766877e-15,7.903715954725698e-15,2.7480179590200216e-012,0,1.9977525959837872e-13,8.208161689846844e-15,3.950013373931882e-15,1.0651352304498485e-12,0,1.5377546431865753e-13,4.7574775193882485e-17,7.945626579413813e-18,4.030887123871162e-16,21206.132177667554,2.4154986420113207e-12,5.685635280280841e-12,2.335185858330344e-13,7.869181567155829e-11,1.2850501205224572,7.722118041986189e-4,0,3.969408407254238e-13,1.6395237325807604e-14,1.1861674955236994e-14,3.813556278182257e-12, 16,Sub-Saharan Africa,Malawi,Dowa,TA Mkukula,20405,MW20405,0.1440529,0.003529529,0.2040522,0.02939432,0.01225080,0.000720208,0.2906929,0.03251866,0.5957723,0.1731868,0.05593302,0.01937372,0.05,9.22e-06,0.1,0.2217238,9.22469e-05,4.09e-05,30,2020-04-02
194,1943.5570997601437,2.267751583288291e-13,5.337863925049724e-13,9.956636411399044e-14,3.280664941935003e-11,0.03654279240402553,3.574474193205424e-4,7602.852333433437,1.0441098533310961e-12,2.4576447081570715e-12,1.0041260305781471e-13,3.712261330408712e-11,1.1512518469827306,4.1471953066742843e-4,11659.722744473975,8.03696049123692e-13,1.891747685692744e-12,5.819373175829382e-16,2.867055227603658e-14,0.09725548114247261,4.485760103692927e-8,1943.594,7603.004,11659.82,0,3.726614239636015e-14,6.990712322080916e-15,6.788242054661949e-15,2.443161612689787e-12,0,1.715794584444777e-13,7.049680720801884e-15,3.392519729485445e-15,9.468688853819796e-13,0,1.320719803868655e-13,4.0860199517698794e-17,6.8242570214623385e-18,3.583819097668953e-16,21206.132177667554,2.0745810607836172e-12,4.883178786354788e-12,2.005609044893881e-13,6.995793327571319e-11,1.2850501205292288,7.722118075890078e-4,0,3.409175812277033e-13,1.4081253242400499e-14,1.0187586041168856e-14,3.3903888799815335e-12, 16,Sub-Saharan Africa,Malawi,Dowa,TA Mkukula,20405,MW20405,0.1440529,0.003529529,0.2040522,0.02939432,0.01225080,0.000720208,0.2906929,0.03251866,0.5957723,0.1731868,0.05593302,0.01937372,0.05,9.22e-06,0.1,0.2217238,9.22469e-05,4.09e-05,30,2020-04-02
195,1943.5570997601437,1.947686676987481e-13,4.584491202645281e-13,8.551422131701401e-14,2.9166990233727794e-11,0.036542792405638125,3.57447421492653e-4,7602.852333433437,8.967467077103057e-13,2.1107784855237657e-12,8.624064818623567e-14,3.300063920686165e-11,1.151251846986628,4.1471953150916006e-4,11659.722744473975,6.90264377929874e-13,1.6247513948468341e-12,4.998077465320583e-16,2.5490488775793176e-14,0.09725548114293976,4.485760135556038e-8,1943.594,7603.004,11659.82,0,3.2006490630081e-14,6.0040608355123484e-15,5.830195996918694e-15,2.1721105816774333e-12,0,1.4736314562079041e-13,6.054705144607281e-15,2.913709032645686e-15,8.417316323117152e-13,0,1.1343167119381809e-13,3.5093300171482563e-017,5.8611435611181225e-18,3.1863111015594913e-16,21206.132177667554,1.7817797533389278e-12,4.193979000635128e-12,1.7225467724978174e-13,6.219311992936524e-11,1.2850501205352058,7.722118106031687e-4,0,2.928013074446895e-13,1.2093859280291112e-14,8.749766173125499e-15,3.0141608450993045e-12, 16,Sub-Saharan Africa,Malawi,Dowa,TA Mkukula,20405,MW20405,0.1440529,0.003529529,0.2040522,0.02939432,0.01225080,0.000720208,0.2906929,0.03251866,0.5957723,0.1731868,0.05593302,0.01937372,0.05,9.22e-06,0.1,0.2217238,9.22469e-05,4.09e-05,30,2020-04-02
196,1943.5570997601437,1.6727949456714376e-13,3.9374475894580884e-13,7.344528185821765e-14,2.593095798992921e-11,0.036542792407067606,3.574474234237713e-4,7602.852333433437,7.701820423004742e-13,1.8128681645396839e-12,7.406888091383276e-14,2.933627259194075e-11,1.151251846990074,4.1471953225742636e-4,11659.722744473975,5.928421698523944e-13,1.3954382335377551e-12,4.2926902037181805e-16,2.266298190085057e-14,0.09725548114334107,4.485760163884766e-8,1943.594,7603.004,11659.82,0,2.7489173131604348e-14,5.1566628062806415e-15,5.0073602766818035e-15,1.9311182969557195e-12,0,1.2656466540983145e-13,5.200158163314552e-15,2.5024762375988647e-15,7.48266303519235e-13,0,9.742220807747953e-14,3.0140324946264926e-17,5.033952555325261e-18,2.8328727738577926e-16,21206.132177667554,1.5303037067200124e-12,3.602051157023248e-12,1.4794343179242223e-13,5.5289893563770814e-11,1.2850501205404827,7.722118132828366e-4,0,2.514760466189153e-13,1.0386961294541458e-14,7.514870466835994e-15,2.67966788775234e-12, 16,Sub-Saharan Africa,Malawi,Dowa,TA Mkukula,20405,MW20405,0.1440529,0.003529529,0.2040522,0.02939432,0.01225080,0.000720208,0.2906929,0.03251866,0.5957723,0.1731868,0.05593302,0.01937372,0.05,9.22e-06,0.1,0.2217238,9.22469e-05,4.09e-05,30,2020-04-02
197,1943.5570997601437,1.4367007588057413e-13,3.3817260710832913e-13,6.307965754003594e-14,2.3053815281430812e-11,0.036542792408334884,3.574474251406243e-4,7602.852333433437,6.614804093043766e-13,1.557004218701839e-12,6.361500125985137e-14,2.6078723176107235e-11,1.1512518469931219,4.1471953292260397e-4,11659.722744473975,5.091698896563671e-13,1.1984897125041362e-12,3.6868537874965786e-16,2.01489693048916e-14,0.09725548114368582,4.485760189070977e-8,1943.594,7603.004,11659.82,0,2.360941868656963e-14,4.428864367753062e-15,4.300652820131568e-15,1.7168530052485975e-12,0,1.0870163299609766e-13,4.466219993178862e-15,2.1492836224624114e-15,6.651776026690703e-13,0,8.36722801960273e-14,2.5886398988951054e-17,4.3235020305555626e-18,2.518621101971834e-16,21206.132177667554,1.3143203748413179e-12,3.0936665383143045e-12,1.2706334417863695e-13,4.915268742684294e-11,1.2850501205451426,7.72211815665119e-4,0,2.1598333187869458e-13,8.920970759920876e-15,6.4542599446245354e-15,2.382282470027865e-12, 16,Sub-Saharan Africa,Malawi,Dowa,TA Mkukula,20405,MW20405,0.1440529,0.003529529,0.2040522,0.02939432,0.01225080,0.000720208,0.2906929,0.03251866,0.5957723,0.1731868,0.05593302,0.01937372,0.05,9.22e-06,0.1,0.2217238,9.22469e-05,4.09e-05,30,2020-04-02
198,1943.5570997601437,1.2339283265346083e-13,2.904437683017555e-13,5.4176959662456435e-14,2.049577999592748e-11,0.03654279240945846,3.574474266669766e-4,7602.852333433437,5.681206630719655e-13,1.3372523172532186e-12,5.463655202840643e-14,2.3182836279465884e-11,1.1512518469958175,4.1471953351391753e-4,11659.722744473975,4.373069071164407e-13,1.0293379778265957e-12,3.1665190015747895e-16,1.7913713292062103e-14,0.09725548114398198,4.485760211463119e-8,1943.594,7603.004,11659.82,0,2.0277243227113295e-14,3.803785546511853e-15,3.693684515351046e-15,1.5263522867500767e-12,0,9.33597462324111e-14,3.8358681734107814e-15,1.845939583689941e-15,5.913135649529555e-13,0,7.186298253992643e-14,2.2232860517687956e-17,3.713316955493343e-18,2.2392141817791e-16,21206.132177667554,1.1288204028418671e-12,2.6570340633815697e-12,1.0913016359102035e-13,4.3696529988685425e-11,1.285050120549258,7.722118177830087e-4,0,1.8549997199945082e-13,7.661886580440322e-15,5.54333741599648e-15,2.11788977312121e-12, 16,Sub-Saharan Africa,Malawi,Dowa,TA Mkukula,20405,MW20405,0.1440529,0.003529529,0.2040522,0.02939432,0.01225080,0.000720208,0.2906929,0.03251866,0.5957723,0.1731868,0.05593302,0.01937372,0.05,9.22e-06,0.1,0.2217238,9.22469e-05,4.09e-05,30,2020-04-02
199,1943.5570997601437,1.0597746984188451e-13,2.4945125749954985e-13,4.653072480472621e-14,1.822147691860518e-11,0.036542792410454696,3.57447428023958e-4,7602.852333433437,4.879374864644589e-13,1.1485156880193923e-12,4.692529556869712e-14,2.0608467742724235e-11,1.151251846998202,4.147195340395679e-4,11659.722744473975,3.7558648760048953e-13,8.840598687612584e-13,2.719619275220487e-16,1.592632250319096e-14,0.0972554811442364,4.4857602313710215e-8,1943.594,7603.004,11659.82,0,1.7415362811576318e-14,3.266928762997138e-15,3.172379181083736e-15,1.3569814217608e-12,0,8.018317660750656e-14,3.294482757401001e-15,1.5854086508684703e-15,5.256503782594124e-13,0,6.172041951595118e-14,1.9094972566185258e-17,3.1892472600807757e-18,1.9907902709590506e-16,21206.132177667554,9.69501443906833e-13,2.2820268142802004e-12,9.372798230094538e-14,3.884587098383261e-11,1.2850501205528932,7.722118196658396e-4,0,1.5931895893503405e-13,6.580506492964324e-15,4.760977079212287e-15,1.8828308790473084e-12, 16,Sub-Saharan Africa,Malawi,Dowa,TA Mkukula,20405,MW20405,0.1440529,0.003529529,0.2040522,0.02939432,0.01225080,0.000720208,0.2906929,0.03251866,0.5957723,0.1731868,0.05593302,0.01937372,0.05,9.22e-06,0.1,0.2217238,9.22469e-05,4.09e-05,30,2020-04-02
200,1943.5570997601437,9.102006868102854e-14,2.142443266223504e-13,3.996362721048476e-14,1.6199449959111062e-11,0.03654279241133811,3.5744742923035595e-4,7602.852333433437,4.1907117005323474e-13,9.864169061034226e-13,4.030238416990803e-14,1.8319928143504658e-11,1.1512518470003117,4.147195345068456e-4,11659.722744473975,3.2257713516033714e-13,7.592859278526631e-13,2.3357909015503484e-16,1.4159326437118483e-14,0.09725548114445497,4.48576024907018e-8,1943.594,7603.004,11659.82,0,1.4957401160855972e-14,2.805842587171194e-15,2.7246471628613676e-15,1.206397937277004e-12,0,6.88663164112242e-14,2.829507226586786e-15,1.3616483149994082e-15,4.672776922343136e-13,0,5.3009352440152385e-14,1.6399957683212598e-17,2.739139752511323e-18,1.7699158420506512e-16,21206.132177667554,8.326683738946004e-13,1.959947160578436e-12,8.049959047054783e-14,3.453353742905284e-11,1.2850501205561047,7.722118213396923e-4,0,1.3683307001223257e-13,5.6517497714411925e-15,4.089034617613287e-15,1.6738526210955226e-12, 16,Sub-Saharan Africa,Malawi,Dowa,TA Mkukula,20405,MW20405,0.1440529,0.003529529,0.2040522,0.02939432,0.01225080,0.000720208,0.2906929,0.03251866,0.5957723,0.1731868,0.05593302,0.01937372,0.05,9.22e-06,0.1,0.2217238,9.22469e-05,4.09e-05,30,2020-04-02
201,1943.5570997601437,7.817371850256923e-14,1.840064136822464e-13,3.432336678250869e-14,1.4401728309897868e-11,0.03654279241212152,3.5744743030287476e-4,7602.852333433437,3.5992447936681187e-13,8.471963667034735e-13,3.461421208245403e-14,1.628548863361547e-11,1.1512518470021784,4.1471953492223186e-4,11659.722744473975,2.770493915546765e-13,6.521222530266845e-13,2.0061327356396453e-16,1.2588296980430643e-14,0.09725548114464275,4.48576026480555e-8,1943.594,7603.004,11659.82,0,1.2846350178459311e-14,2.4098329506958655e-15,2.3401049895169444e-15,1.0725188098748006e-12,0,5.914669068642287e-14,2.430157262342126e-15,1.1694688859932471e-15,4.1538625837611587e-13,0,4.552774360566064e-14,1.408531000692158e-17,2.3525563298995945e-18,1.573537010406805e-16,21206.132177667554,7.151475894240576e-13,1.6833250334124044e-12,6.913819213852668e-14,3.0699805240493766e-11,1.2850501205589426,7.722118228277547e-4,0,1.1752078447054283e-13,4.854075523044913e-15,3.511926431840091e-15,1.4880624219519572e-12, 16,Sub-Saharan Africa,Malawi,Dowa,TA Mkukula,20405,MW20405,0.1440529,0.003529529,0.2040522,0.02939432,0.01225080,0.000720208,0.2906929,0.03251866,0.5957723,0.1731868,0.05593302,0.01937372,0.05,9.22e-06,0.1,0.2217238,9.22469e-05,4.09e-05,30,2020-04-02
202,1943.5570997601437,6.714047075376384e-14,1.5803620412145805e-13,2.947913735358765e-14,1.2803440581052645e-11,0.03654279241281632,3.5744743125636666e-4,7602.852333433437,3.091256097947169e-13,7.276250872829326e-13,2.9728852965107295e-14,1.4476941569248367e-11,1.1512518470038307,4.1471953529148835e-4,11659.722744473975,2.3794732116922493e-13,5.600833792006286e-13,1.72299980109356e-16,1.1191511760119028e-14,0.09725548114480405,4.4857602787949404e-8,1943.594,7603.004,11659.82,0,1.1033247748805395e-14,2.0697151177666525e-15,2.0098345907158303e-15,9.534918969829331e-13,0,5.0798869572094945e-14,2.0871706212789824e-15,1.0044131291852764e-15,3.692564917029406e-13,0,3.910207038545157e-14,1.2097345566584505e-17,2.0205319510596518e-18,1.398939035431562e-16,21206.132177667554,6.142134017177057e-13,1.4457446706050193e-12,5.93802902988043e-14,2.7291573662061133e-11,1.285050120561451,7.72211824150643e-4,0,1.0093418770635191e-13,4.168983084612219e-15,3.0162682518521664e-15,1.322888282589417e-12, 16,Sub-Saharan Africa,Malawi,Dowa,TA Mkukula,20405,MW20405,0.1440529,0.003529529,0.2040522,0.02939432,0.01225080,0.000720208,0.2906929,0.03251866,0.5957723,0.1731868,0.05593302,0.01937372,0.05,9.22e-06,0.1,0.2217238,9.22469e-05,4.09e-05,30,2020-04-02
203,1943.5570997601437,5.766442860606905e-14,1.3573136509989437e-13,2.5318593351128805e-14,1.1382471613084734e-11,0.03654279241343256,3.574474321040368e-4,7602.852333433437,2.6549636995009645e-13,6.249298166722106e-13,2.5533000134489326e-14,1.2869209862094837e-11,1.1512518470052928,4.147195356197372e-4,11659.722744473975,2.0436402047959573e-13,4.810346327495076e-13,1.479826020740151e-16,9.949654704534904e-15,0.09725548114494263,4.485760291232009e-8,1943.594,7603.004,11659.82,0,9.476042147694786e-15,1.7776006620577573e-15,1.7261764931478574e-15,8.476701328710701e-13,0,4.3629239844620476e-14,1.7925923126863098e-15,8.62652889383897e-16,3.2824882135323863e-13,0,3.35833006896292e-14,1.0389957189388076e-17,1.7353667612364493e-18,1.2437068806085127e-16,21206.132177667554,5.275248190357612e-13,1.2416958145216125e-12,5.099957608769215e-14,2.4261631129884107e-11,1.285050120563668,7.722118253266863e-4,0,8.668858268194446e-14,3.580582931933455e-15,2.590564749292991e-15,1.1760433249123696e-12, 16,Sub-Saharan Africa,Malawi,Dowa,TA Mkukula,20405,MW20405,0.1440529,0.003529529,0.2040522,0.02939432,0.01225080,0.000720208,0.2906929,0.03251866,0.5957723,0.1731868,0.05593302,0.01937372,0.05,9.22e-06,0.1,0.2217238,9.22469e-05,4.09e-05,30,2020-04-02
204,1943.5570997601437,4.952581187907692e-14,1.1657457547968513e-13,2.1745244526519e-14,1.0119157253329846e-11,0.03654279241397916,3.57447432857626e-4,7602.852333433437,2.280248555582929e-13,5.367287141231662e-13,2.192933865425511e-14,1.1439999651770034e-11,1.1512518470065873,4.1471953591153176e-4,11659.722744473975,1.7552058404400555e-13,4.1314262186708513e-13,1.2709719620745177e-16,8.84554970617666e-15,0.09725548114506169,4.4857603022889464e-8,1943.594,7603.004,11659.82,0,8.138616726992129e-15,1.5267145091261412e-15,1.4825522006673698e-15,7.535891940850525e-13,0,3.747151439180357e-14,1.53959009561894e-15,7.40900304931217e-16,2.9179458328754126e-13,0,2.884343643559018e-14,8.923545135199978e-18,1.4904475500881655e-18,1.1056937144630612e-16,21206.132177667554,4.5307125148137533e-13,1.0664459114699364e-12,4.380168037698156e-14,2.1568002454806057e-11,1.2850501205656282,7.722118263721806e-4,0,7.445356755438587e-14,3.0752281498802813e-15,2.224942953148675e-15,1.0454943467440401e-12, 16,Sub-Saharan Africa,Malawi,Dowa,TA Mkukula,20405,MW20405,0.1440529,0.003529529,0.2040522,0.02939432,0.01225080,0.000720208,0.2906929,0.03251866,0.5957723,0.1731868,0.05593302,0.01937372,0.05,9.22e-06,0.1,0.2217238,9.22469e-05,4.09e-05,30,2020-04-02
205,1943.5570997601437,4.2535859626241214e-14,1.0012152749886939e-13,1.8676218343728376e-14,8.99601290154087e-12,0.03654279241446403,3.574474335275729e-4,7602.852333433437,1.9584198008881375e-13,4.60976106491882e-13,1.8834288316450427e-14,1.0169491497938434e-11,1.151251847007733,4.147195361709202e-4,11659.722744473975,1.5074803918063097e-13,3.54832714552775e-13,1.091594067845233e-16,7.863923732201515e-15,0.09725548114516398,4.4857603121188504e-8,1943.594,7603.004,11659.82,0,6.989952252835707e-15,1.3112378009288308e-15,1.2733116401929614e-15,6.699468996056168e-13,0,3.2182875469479134e-14,1.3222960163708317e-15,6.363315526234102e-16,2.5938843087325303e-13,0,2.4772544863374587e-14,7.664098657789663e-18,1.2800944040359068e-18,9.829904041414351e-17,21206.132177667554,3.8912587889568593e-13,9.159303485435263e-13,3.761966606696333e-14,1.9173368323211505e-11,1.285050120567361,7.722118273016142e-4,0,6.394537258568943e-14,2.6411979159574523e-15,1.9109232872204077e-15,9.29433629519284e-13, 16,Sub-Saharan Africa,Malawi,Dowa,TA Mkukula,20405,MW20405,0.1440529,0.003529529,0.2040522,0.02939432,0.01225080,0.000720208,0.2906929,0.03251866,0.5957723,0.1731868,0.05593302,0.01937372,0.05,9.22e-06,0.1,0.2217238,9.22469e-05,4.09e-05,30,2020-04-02
206,1943.5570997601437,3.6532452156929915e-14,8.599062185583246e-14,1.6040338145039095e-14,7.997492092932263e-12,0.03654279241489417,3.5744743412315837e-4,7602.852333433437,1.6820131779879214e-13,3.9591504227937784e-13,1.6176065169235626e-14,9.040065822371658e-12,1.1512518470087476,4.147195364015009e-4,11659.722744473975,1.294718303374985e-13,3.047525180169869e-13,9.375323401540148e-17,6.991196131196032e-15,0.09725548114525186,4.4857603208578455e-8,1943.594,7603.004,11659.82,0,6.003407469311299e-15,1.1261729379992357e-15,1.0936021362580814e-15,5.955854841428743e-13,0,2.764066229002161e-14,1.1356703110371422e-15,5.465213549522215e-16,2.3058069125933556e-13,0,2.1276208843132478e-14,6.582407191348752e-18,1.0994289980235286e-18,8.738995088522267e-17,21206.132177667554,3.342056002932205e-13,7.866581821521972e-13,3.2310156548290124e-14,1.704454911143512e-11,1.2850501205688936,7.722118281278678e-4,0,5.492027860246539e-14,2.2684256562277268e-15,1.6412229202083263e-15,8.26253565353095e-13, 16,Sub-Saharan Africa,Malawi,Dowa,TA Mkukula,20405,MW20405,0.1440529,0.003529529,0.2040522,0.02939432,0.01225080,0.000720208,0.2906929,0.03251866,0.5957723,0.1731868,0.05593302,0.01937372,0.05,9.22e-06,0.1,0.2217238,9.22469e-05,4.09e-05,30,2020-04-02
207,1943.5570997601437,3.137635095537711e-14,7.385411720141436e-14,1.3776472532625853e-14,7.1097717987032895e-12,0.036542792415275784,3.574474346526341e-4,7602.852333433437,1.4446179168182678e-13,3.40036542096359e-13,1.3893016632914454e-14,8.03605880414842e-12,1.1512518470096462,4.1471953660647277e-4,11659.722744473975,1.1119849329815512e-13,2.617405124865488e-13,8.052138741715412e-17,6.215291243120718e-15,0.09725548114532734,4.48576032862696e-8,1943.594,7603.004,11659.82,0,5.156101201552802e-15,9.672276691941377e-16,9.392558762009657e-16,5.294757145744844e-13,0,2.3739526116965358e-14,9.753845165958465e-16,4.693867307285499e-16,2.0497189015533657e-13,0,1.8273337039343364e-14,5.653382867500372e-18,9.442614732873869e-19,7.769114570647511e-17,21206.132177667554,2.8703663593535903e-13,6.756311717843221e-13,2.775001055295746e-14,1.515204589409483e-11,1.2850501205702494,7.722118288623931e-4,0,4.7168964357861524e-14,1.9482655686574846e-15,1.409586868402803e-15,7.345252958755274e-13, 16,Sub-Saharan Africa,Malawi,Dowa,TA Mkukula,20405,MW20405,0.1440529,0.003529529,0.2040522,0.02939432,0.01225080,0.000720208,0.2906929,0.03251866,0.5957723,0.1731868,0.05593302,0.01937372,0.05,9.22e-06,0.1,0.2217238,9.22469e-05,4.09e-05,30,2020-04-02
208,1943.5570997601437,2.6947969288121753e-14,6.343052876775914e-14,1.183211769264417e-14,6.320561490479061e-12,0.03654279241561435,3.5744743512333596e-4,7602.852333433437,1.2407280479885015e-13,2.9204460043154984e-13,1.1932191591308576e-14,7.143545351836188e-12,1.151251847010442,4.1471953678867983e-4,11659.722744473975,9.550421015553966e-14,2.2479911193645595e-13,6.915700049638478e-17,5.52547173831279e-15,0.0972554811453922,4.4857603355338004e-8,1943.594,7603.004,11659.82,0,4.42838166725536e-15,8.307155406936336e-16,8.066932566626118e-16,4.707018737455659e-13,0,2.0388986882976626e-14,8.377210794532137e-16,4.0313868452231324e-16,1.822070597699843e-13,0,1.569428314261546e-14,4.855478650032897e-18,8.109932785401119e-19,6.906840324298554e-17,21206.132177667554,2.4652498424251155e-13,5.802742411357649e-13,2.383346628444913e-14,1.3469632314053562e-11,1.2850501205714486,7.722118295153711e-4,0,4.051165169284745e-14,1.6732920987968803e-15,1.210642934463465e-15,6.529780019187932e-13, 16,Sub-Saharan Africa,Malawi,Dowa,TA Mkukula,20405,MW20405,0.1440529,0.003529529,0.2040522,0.02939432,0.01225080,0.000720208,0.2906929,0.03251866,0.5957723,0.1731868,0.05593302,0.01937372,0.05,9.22e-06,0.1,0.2217238,9.22469e-05,4.09e-05,30,2020-04-02
209,1943.5570997601437,2.314459859989319e-14,5.447809983428433e-14,1.0162179789215271e-14,5.618933341158262e-12,0.03654279241591477,3.5744743554178655e-4,7602.852333433437,1.0656147013777163e-13,2.5082612699588073e-13,1.0248112295124361e-14,6.350146150561331e-12,1.1512518470111468,4.1471953695065e-4,11659.722744473975,8.202497960741586e-14,1.9307152694688542e-13,5.939651464855232e-17,4.912190395309754e-15,0.09725548114544794,4.485760341674038e-8,1943.594,7603.004,11659.82,0,3.803370688228563e-15,7.134703953567269e-16,6.928398702580598e-16,4.1845059318632027e-13,0,1.751133466107852e-14,7.194871330316359e-16,3.4624071447118803e-16,1.6197015516999924e-13,0,1.3479230548123803e-14,4.170188592224136e-18,6.965337220028297e-19,6.140237787597479e-17,21206.132177667554,2.117310483450807e-13,4.983757537770505e-13,2.0469688598988184e-14,1.1973991682114903e-11,1.2850501205725096,7.722118300958532e-4,0,3.4793935897430886e-14,1.437127716980587e-15,1.0397771184512507e-15,5.804821507341955e-13, 16,Sub-Saharan Africa,Malawi,Dowa,TA Mkukula,20405,MW20405,0.1440529,0.003529529,0.2040522,0.02939432,0.01225080,0.000720208,0.2906929,0.03251866,0.5957723,0.1731868,0.05593302,0.01937372,0.05,9.22e-06,0.1,0.2217238,9.22469e-05,4.09e-05,30,2020-04-02
210,1943.5570997601437,1.9878026369104258e-14,4.678919461354531e-14,8.727929194396226e-15,4.995171224778273e-12,0.03654279241618134,3.574474359137846e-4,7602.852333433437,9.152164282044419e-14,2.1542513048062806e-13,8.801719594448294e-15,5.6448561145287614e-12,1.151251847011771,4.147195370946307e-4,11659.722744473975,7.044817459113714e-14,1.6582189306638082e-13,5.101356728385037e-17,4.366958279893976e-15,0.09725548114549581,4.485760347132736e-8,1943.594,7603.004,11659.82,0,3.266572230788932e-15,6.127729394058619e-16,5.950552075320874e-16,3.719980595263961e-13,0,1.5039827317327444e-14,6.179404446081725e-16,2.9737317614431607e-16,1.4398069325335938e-13,0,1.157680501627872e-14,3.5816186262676816e-18,5.982282995484818e-19,5.458697872879928e-17,21206.132177667554,1.818478437806856e-13,4.280362181605542e-13,1.7580662356128372e-14,1.0644394297586928e-11,1.2850501205734481,7.722118306118866e-4,0,2.9883204564395096e-14,1.234295002640302e-15,8.93026611975952e-16,5.160333397584843e-13, 16,Sub-Saharan Africa,Malawi,Dowa,TA Mkukula,20405,MW20405,0.1440529,0.003529529,0.2040522,0.02939432,0.01225080,0.000720208,0.2906929,0.03251866,0.5957723,0.1731868,0.05593302,0.01937372,0.05,9.22e-06,0.1,0.2217238,9.22469e-05,4.09e-05,30,2020-04-02
211,1943.5570997601437,1.707249017332181e-14,4.018548251034606e-14,7.496102304400179e-15,4.440636436151805e-12,0.03654279241641788,3.574474362444857e-4,7602.852333433437,7.860450027787672e-14,1.8502054596379676e-13,7.55946703742666e-15,5.01789187137322e-12,1.1512518470123239,4.1471953722261966e-4,11659.722744473975,6.050529145230368e-14,1.424182037984774e-13,4.381374246983622e-17,3.882227512583888e-15,0.09725548114553693,4.485760351985521e-8,1943.594,7603.004,11659.82,0,2.8055361957824484e-15,5.262876732919093e-16,5.110714209344095e-16,3.3070106982696634e-13,0,1.2917142542567468e-14,5.307258138592825e-16,2.554026759626717e-16,1.2798898225974131e-13,0,9.942883138833459e-15,3.076117930147016e-18,5.137971372080581e-19,4.852784765462385e-17,21206.132177667554,1.5618228190350222e-13,3.6762423227262023e-13,1.5099383084296674e-14,9.462410535037609e-12,1.2850501205742786,7.722118310706252e-4,0,2.5665561877183375e-14,1.0600896050813388e-15,7.669878940342892e-16,4.587385799343623e-13, 16,Sub-Saharan Africa,Malawi,Dowa,TA Mkukula,20405,MW20405,0.1440529,0.003529529,0.2040522,0.02939432,0.01225080,0.000720208,0.2906929,0.03251866,0.5957723,0.1731868,0.05593302,0.01937372,0.05,9.22e-06,0.1,0.2217238,9.22469e-05,4.09e-05,30,2020-04-02
212,1943.5570997601437,1.4662920512877528e-14,3.4513802061850525e-14,6.4381301143277386e-15,3.947648280711068e-12,0.0365427924166278,3.5744743653847306e-4,7602.852333433437,6.751045191709111e-14,1.5890719170772194e-13,6.4925428247602966e-15,4.460556167787156e-12,1.151251847012814,4.1471953733639296e-4,11659.722744473975,5.196572247732204e-14,1.2231765237631495e-13,3.7630062376767677e-17,3.451287011864455e-15,0.09725548114557228,4.48576035629963e-8,1943.594,7603.004,11659.82,0,2.4095696604442812e-15,4.52008723968333e-16,4.38940730847163e-16,2.939873821813932e-13,0,1.1094048360785608e-14,4.558204479786337e-16,2.1935578432542766e-16,1.1377330284487175e-13,0,8.539568974981639e-15,2.6419623222633115e-18,4.412821207665929e-19,4.3141088687000925e-17,21206.132177667554,1.3413909490729068e-13,3.157386461458874e-13,1.2968303001464803e-14,8.411655735510087e-12,1.285050120575014,7.72211831478429e-4,0,2.2043186996211528e-14,9.1047113426923e-16,6.587377972933572e-16,4.0780382611495195e-13, 16,Sub-Saharan Africa,Malawi,Dowa,TA Mkukula,20405,MW20405,0.1440529,0.003529529,0.2040522,0.02939432,0.01225080,0.000720208,0.2906929,0.03251866,0.5957723,0.1731868,0.05593302,0.01937372,0.05,9.22e-06,0.1,0.2217238,9.22469e-05,4.09e-05,30,2020-04-02
213,1943.5570997601437,1.2593431637945363e-14,2.964260862997989e-14,5.5294756627474275e-15,3.5093778893536226e-12,0.036542792416814095,3.5744743679982184e-4,7602.852333433437,5.798219063626378e-14,1.3647941367276008e-13,5.576201574917916e-15,3.965117319810853e-12,1.151251847013248,4.147195374375293e-4,11659.722744473975,4.463140735202197e-14,1.0505404235867282e-13,3.231911498622806e-17,3.0681697784834918e-15,0.09725548114560266,4.4857603601348413e-8,1943.594,7603.004,11659.82,0,2.069488874932165e-15,3.88213322280047e-16,3.769902541000116e-16,2.6134877682132407e-13,0,9.528261280827328e-15,3.914870464498701e-16,1.88396458782958e-16,1.0113633021335833e-13,0,7.33431512530007e-15,2.2690823408684743e-18,3.7900148657040456e-19,3.835211660445782e-17,21206.132177667554,1.1520702962623113e-13,2.711760646614128e-13,1.1137996352651571e-14,7.47756337894296e-12,1.2850501205756648,7.722118318409524e-4,0,1.8932065281059562e-14,7.819694510707856e-16,5.6576571436954e-16,3.6252345915128685e-13, 16,Sub-Saharan Africa,Malawi,Dowa,TA Mkukula,20405,MW20405,0.1440529,0.003529529,0.2040522,0.02939432,0.01225080,0.000720208,0.2906929,0.03251866,0.5957723,0.1731868,0.05593302,0.01937372,0.05,9.22e-06,0.1,0.2217238,9.22469e-05,4.09e-05,30,2020-04-02
214,1943.5570997601437,1.0816025376652026e-14,2.5458923457810398e-14,4.7490649820617706e-15,3.1197537948696765e-12,0.03654279241697944,3.574474370321547e-4,7602.852333433437,4.979872503532256e-14,1.1721703840660587e-13,4.7891904018690126e-15,3.524702039145654e-12,1.1512518470136328,4.147195375274322e-4,11659.722744473975,3.833223950406126e-14,9.022697505478872e-14,2.775772827480269e-17,2.7275704445316073e-15,0.09725548114562875,4.4857603635443045e-8,1943.594,7603.004,11659.82,0,1.777406261293337e-15,3.3342184636970527e-16,3.2378320740405166e-16,2.323328703902894e-13,0,8.183465600941222e-15,3.3623350729461277e-16,1.6180665361305646e-16,8.990291150423602e-14,0,6.2991678479607115e-15,1.9488297014287137e-18,3.255108206427041e-19,3.409463122653719e-17,21206.132177667554,9.894698991603585e-14,2.32902936919205e-13,9.566013112205586e-15,6.6471834044598625e-12,1.285050120576241,7.722118321632223e-4,0,1.626003971019527e-14,6.716041833657468e-16,4.859153718377508e-16,3.2226987652575193e-13, 16,Sub-Saharan Africa,Malawi,Dowa,TA Mkukula,20405,MW20405,0.1440529,0.003529529,0.2040522,0.02939432,0.01225080,0.000720208,0.2906929,0.03251866,0.5957723,0.1731868,0.05593302,0.01937372,0.05,9.22e-06,0.1,0.2217238,9.22469e-05,4.09e-05,30,2020-04-02
215,1943.5570997601437,9.289477902044066e-15,2.1865713330215747e-14,4.078798358837225e-15,2.7733779682721036e-12,0.0365427924171262,3.574474372386924e-4,7602.852333433437,4.277025391635221e-14,1.006733085083824e-13,4.113255994515919e-15,3.133200151813234e-12,1.1512518470139739,4.147195376073493e-4,11659.722744473975,3.2922120797271996e-14,7.749256299510704e-14,2.3840113754445543e-17,2.424771951967485e-15,0.09725548114565118,4.4857603665752696e-8,1943.594,7603.004,11659.82,0,1.5265474746079598e-15,2.863635043591507e-16,2.780855860146747e-16,2.0653769493284013e-13,0,7.028471118970354e-15,2.887783202214381e-16,1.389696660740213e-16,7.991708423499277e-14,0,5.410118706789265e-15,1.673776715161569e-18,2.795695617759359e-19,3.0309651266841546e-17,21206.132177667554,8.498185261566828e-14,2.0003158483370519e-13,8.215894467107589e-15,5.909002892037305e-12,1.2850501205767513,7.722118324497074e-4,0,1.3965137300367578e-14,5.768156012957504e-16,4.1733482165047193e-16,2.8648508881909975e-13, 16,Sub-Saharan Africa,Malawi,Dowa,TA Mkukula,20405,MW20405,0.1440529,0.003529529,0.2040522,0.02939432,0.01225080,0.000720208,0.2906929,0.03251866,0.5957723,0.1731868,0.05593302,0.01937372,0.05,9.22e-06,0.1,0.2217238,9.22469e-05,4.09e-05,30,2020-04-02
216,1943.5570997601437,7.97838361711722e-15,1.877964005712467e-14,3.5031305692077897e-15,2.4654511573979876e-12,0.03654279241725646,3.574474374222983e-4,7602.852333433437,3.673376415659905e-14,8.646452086477546e-14,3.532721265001703e-15,2.785179890244149e-12,1.151251847014276,4.147195376783896e-4,11659.722744473975,2.8275573016174683e-14,6.655545410879068e-14,2.0475413134647734e-17,2.155580350791505e-15,0.09725548114567044,4.4857603692697456e-8,1943.594,7603.004,11659.82,0,1.3110942849268464e-15,2.459468609659677e-16,2.3883754546406434e-16,1.836058974129251e-13,0,6.0364897597531556e-015,2.480208444130837e-16,1.193558332353919e-16,7.104028736798496e-14,0,4.646547781097313e-15,1.4375440182332421e-18,2.401122319015526e-19,2.6944759944314635e-17,21206.132177667554,7.298772078989095e-14,1.7179961503069081e-13,7.05632724734414e-15,5.2527866279929284e-12,1.285050120577203,7.722118327043806e-4,0,1.1994131825777315e-14,4.954052493972846e-16,3.584334909313578e-16,2.5467312954085437e-13, 16,Sub-Saharan Africa,Malawi,Dowa,TA Mkukula,20405,MW20405,0.1440529,0.003529529,0.2040522,0.02939432,0.01225080,0.000720208,0.2906929,0.03251866,0.5957723,0.1731868,0.05593302,0.01937372,0.05,9.22e-06,0.1,0.2217238,9.22469e-05,4.09e-05,30,2020-04-02
217,1943.5570997601437,6.852333984310764e-15,1.6129127593481638e-14,3.0087103565114976e-15,2.191706497854594e-12,0.03654279241737209,3.5744743758551805e-4,7602.852333433437,3.154924991123247e-14,7.426112731106044e-14,3.0341217479181655e-15,2.475812585577596e-12,1.151251847014544,4.14719537741539e-4,11659.722744473975,2.4284827631763226e-14,5.716198155652867e-14,1.758559121624236e-17,1.916266818390666e-15,0.097255481145687,4.4857603716650787e-8,1943.594,7603.004,11659.82,0,1.1260496328064558e-15,2.112345232719511e-16,2.051288215973429e-16,1.632197523838974e-13,0,5.184514245366581e-15,2.1301578086498894e-16,1.0251024735384929e-16,6.314940974652683e-14,0,3.990745384411457e-15,1.2346526135825238e-18,2.062237265993949e-19,2.3953330742188065e-17,21206.132177667554,6.268641152730647e-14,1.4755223646107073e-13,6.0604176956459055e-15,4.6694353502505805e-12,1.2850501205776033,7.722118329307737e-4,0,1.0301309262584493e-14,4.254849567505226e-16,3.0784529267779157e-16,2.2639311546116643e-13, 16,Sub-Saharan Africa,Malawi,Dowa,TA Mkukula,20405,MW20405,0.1440529,0.003529529,0.2040522,0.02939432,0.01225080,0.000720208,0.2906929,0.03251866,0.5957723,0.1731868,0.05593302,0.01937372,0.05,9.22e-06,0.1,0.2217238,9.22469e-05,4.09e-05,30,2020-04-02
218,1943.5570997601437,5.8852122527727976e-15,1.38527019596212e-14,2.5840707896270373e-15,1.948350480547144e-12,0.03654279241747473,3.574474377306147e-4,7602.852333433437,2.7096465421623834e-14,6.378009132834415e-14,2.605893316929573e-15,2.2008057175269932e-12,1.1512518470147817,4.147195377976739e-4,11659.722744473975,2.0857326300180883e-14,4.909428038689557e-14,1.5103626156147245e-17,1.7035161010884756e-15,0.0972554811457012,4.485760373794474e-8,1943.594,7603.004,11659.82,0,9.671217315379667e-16,1.814213996597763e-16,1.761776199415471e-16,1.450966625494987e-13,0,4.452784489608638e-15,1.8295124784235816e-16,8.804220515666703e-17,5.613489274108874e-14,0,3.4275013315823425e-15,1.0603967956093707e-18,1.771180927852243e-19,2.129395169027498e-17,21206.132177667554,5.3839003974577516e-14,1.2672707367486093e-13,5.205067732712757e-15,4.1508597141752255e-12,1.2850501205779576,7.722118331320266e-4,0,8.847407552728947e-15,3.654330442977438e-16,2.643969431909994e-16,2.0125284924227772e-13, 16,Sub-Saharan Africa,Malawi,Dowa,TA Mkukula,20405,MW20405,0.1440529,0.003529529,0.2040522,0.02939432,0.01225080,0.000720208,0.2906929,0.03251866,0.5957723,0.1731868,0.05593302,0.01937372,0.05,9.22e-06,0.1,0.2217238,9.22469e-05,4.09e-05,30,2020-04-02
219,1943.5570997601437,5.054587726087626e-15,1.18975654610544e-14,2.2193633214845913e-15,1.7320104611907672e-12,0.03654279241756585,3.574474378596002e-4,7602.852333433437,2.3272136124466248e-14,5.477832349900255e-14,2.2381039761464775e-15,1.9563433945635554e-12,1.1512518470149922,4.1471953784757336e-4,11659.722744473975,1.7913574134780066e-14,4.216523455175591e-14,1.2971955136949968e-17,1.5143806671411825e-15,0.09725548114571343,4.4857603756874495e-8,1943.594,7603.004,11659.82,0,8.306245266851718e-16,1.55816027140639e-16,1.5131248436197628e-16,1.2898547247647274e-13,0,3.8243292971575855e-15,1.5712995067731623e-16,7.561614620081757e-17,4.989948341679873e-14,0,2.9437521654008172e-15,9.107350098760574e-19,1.5212030145366668e-19,1.892975700303512e-17,21206.132177667554,4.624029798533394e-14,1.0884112351181285e-13,4.4704392527680185e-15,3.689868236421464e-12,1.2850501205782714,7.722118333109304e-4,0,7.598705989243575e-15,3.138567128278313e-16,2.270807508642475e-16,1.789038856502745e-13, 16,Sub-Saharan Africa,Malawi,Dowa,TA Mkukula,20405,MW20405,0.1440529,0.003529529,0.2040522,0.02939432,0.01225080,0.000720208,0.2906929,0.03251866,0.5957723,0.1731868,0.05593302,0.01937372,0.05,9.22e-06,0.1,0.2217238,9.22469e-05,4.09e-05,30,2020-04-02
220,1943.5570997601437,4.34119552156978e-15,1.0218372139257097e-14,1.9061293803920664e-15,1.5396879873440669e-12,0.03654279241764674,3.574474379742631e-4,7602.852333433437,1.9987563378248418e-14,4.7047043466793864e-14,1.9222235056821103e-15,1.7390334400387515e-12,1.1512518470151791,4.147195378919301e-4,11659.722744473975,1.538529596201992e-14,3.6214137086222495e-14,1.1141139397445475e-17,1.3462399390125378e-15,0.09725548114572392,4.485760377370249e-8,1943.594,7603.004,11659.82,0,7.133922045178458e-16,1.3382453409509575e-16,1.2995672462186746e-16,1.146628907273961e-13,0,3.28457274621783e-15,1.3495300921794754e-16,6.494387016532851e-17,4.4356716650401085e-14,0,2.5282781727601475e-15,7.821961165681024e-19,1.3065059280362978e-19,1.6827996945656284e-17,21206.132177667554,3.9714054861838116e-14,9.347955269227346e-14,3.8394940254716225e-15,3.280067667321831e-12,1.2850501205785498,7.722118334699668e-4,0,6.526243123495823e-15,2.695597394296114e-16,1.950312453799996e-16,1.5903643537474285e-13, 16,Sub-Saharan Africa,Malawi,Dowa,TA Mkukula,20405,MW20405,0.1440529,0.003529529,0.2040522,0.02939432,0.01225080,0.000720208,0.2906929,0.03251866,0.5957723,0.1731868,0.05593302,0.01937372,0.05,9.22e-06,0.1,0.2217238,9.22469e-05,4.09e-05,30,2020-04-02
221,1943.5570997601437,3.728489755055505e-15,8.776176052236964e-15,1.6371041971888454e-15,1.368717298655383e-12,0.03654279241771856,3.574474380761936e-4,7602.852333433437,1.7166567252870074e-14,4.040693763686156e-14,1.6509256187720388e-15,1.5458603512931877e-12,1.1512518470153448,4.147195379313596e-4,11659.722744473975,1.3213852798824926e-14,3.110296279914849e-14,9.568717666723824e-18,1.1967640426561915e-15,0.09725548114573294,4.485760378866204e-8,1943.594,7603.004,11659.82,0,6.127057665142749e-16,1.1493686647177715e-16,1.1161504170996925e-16,1.0193050830470396e-13,0,2.8209961253783446e-15,1.1590606783411966e-16,5.57778525723695e-17,3.9429505667432085e-14,0,2.171443163194993e-15,6.717988836732194e-19,1.1221103071974353e-19,1.4959548143131705e-17,21206.132177667554,3.4108909806750504e-14,8.028607648824702e-14,3.297598533627608e-15,2.915774413991227e-12,1.2850501205787963,7.722118336113418e-4,0,5.6051450550876125e-15,2.3151473318957e-16,1.675051053130585e-16,1.4137497352027918e-13, 16,Sub-Saharan Africa,Malawi,Dowa,TA Mkukula,20405,MW20405,0.1440529,0.003529529,0.2040522,0.02939432,0.01225080,0.000720208,0.2906929,0.03251866,0.5957723,0.1731868,0.05593302,0.01937372,0.05,9.22e-06,0.1,0.2217238,9.22469e-05,4.09e-05,30,2020-04-02
222,1943.5570997601437,3.2022597880976802e-15,7.537527992129092e-15,1.4060483187829917e-15,1.2167284273088478e-12,0.03654279241778232,3.5744743816680524e-4,7602.852333433437,1.474371966897654e-14,3.470400030670047e-14,1.4179180418761023e-15,1.3741434800917373e-12,1.1512518470154915,4.1471953796640924e-4,11659.722744473975,1.1348881824400283e-14,2.6713167026135676e-14,8.218221413129239e-18,1.0638815737139173e-15,0.09725548114574069,4.485760380196056e-8,1943.594,7603.004,11659.82,0,5.262299669578249e-16,9.871495798542616e-17,9.586204076600668e-17,9.061165446438979e-14,0,2.4228475838935326e-15,9.954736582510034e-17,4.790550390829925e-17,3.504965415124239e-14,0,1.8649709744246426e-15,5.769828426741882e-19,9.637395481343865e-20,1.3298516533566022e-17,21206.132177667554,2.9294861281474504e-14,6.895469532496525e-14,2.8321845820722234e-15,2.591935788974299e-12,1.2850501205790146,7.722118337370165e-4,0,4.814048525276e-15,1.9883930665320068e-16,1.4386391862911936e-16,1.2567460713216575e-13, 16,Sub-Saharan Africa,Malawi,Dowa,TA Mkukula,20405,MW20405,0.1440529,0.003529529,0.2040522,0.02939432,0.01225080,0.000720208,0.2906929,0.03251866,0.5957723,0.1731868,0.05593302,0.01937372,0.05,9.22e-06,0.1,0.2217238,9.22469e-05,4.09e-05,30,2020-04-02
223,1943.5570997601437,2.750300637091611e-15,6.4736996897984385e-15,1.207602900677113e-15,1.0816143890730019e-12,0.03654279241783893,3.574474382473548e-4,7602.852333433437,1.2662826907748959e-14,2.980596177019525e-14,1.2177965767981118e-15,1.2214998550052593e-12,1.1512518470156219,4.147195379975654e-4,11659.722744473975,9.747128303055849e-15,2.2942936198057537e-14,7.05832907164892e-18,9.45750935849896e-16,0.09725548114574736,4.4857603813782443e-8,1943.594,7603.004,11659.82,0,4.519591510060691e-16,8.478256994323197e-17,8.23323652071613e-17,8.054955357231219e-14,0,2.080892761227582e-15,8.549749154226508e-17,4.1144238996122016e-17,3.11561757296297e-14,0,1.6017535213444341e-15,4.955489030827492e-19,8.277206222815339e-20,1.182188664359556e-17,21206.132177667554,2.516025584789642e-14,5.922259765805122e-14,2.432457806546874e-15,2.304059995014111e-12,1.2850501205792082,7.72211833848734e-4,0,4.134605433578085e-15,1.707756103885798e-16,1.2355937626551146e-16,1.1171755118858549e-13, 16,Sub-Saharan Africa,Malawi,Dowa,TA Mkukula,20405,MW20405,0.1440529,0.003529529,0.2040522,0.02939432,0.01225080,0.000720208,0.2906929,0.03251866,0.5957723,0.1731868,0.05593302,0.01937372,0.05,9.22e-06,0.1,0.2217238,9.22469e-05,4.09e-05,30,2020-04-02
224,1943.5570997601437,2.3621299000498414e-15,5.560017513258485e-15,1.0371654225296908e-15,9.615020117598768e-13,0.036542792417889186,3.574474383189593e-4,7602.852333433437,1.0875626295602506e-14,2.559922055069475e-14,1.045919760073241e-15,1.085811130626417e-12,1.1512518470157371,4.147195380252607e-4,11659.722744473975,8.371442366552817e-15,1.9704826457098705e-14,6.0621396360297365e-18,8.407348556433232e-16,0.0972554811457531,4.485760382429163e-8,1943.594,7603.004,11659.82,0,3.8817073704176965e-16,7.281656505242478e-17,7.07122232544888e-17,7.160450617854641e-14,0,1.787200612146453e-15,7.343058259114046e-17,3.533724226292943e-17,2.769529397483872e-14,0,1.3756859365030317e-15,4.2560834847925685e-19,7.108988920492206e-20,1.0509184098698407e-17,21206.132177667554,2.1609198562205164e-14,5.086406452105194e-14,2.0891473222389617e-15,2.048153877241937e-12,1.2850501205793794,7.722118339480443e-4,0,3.5510572856912542e-15,1.466727559920445e-16,1.0612055540662315e-16,9.931030933748383e-14, 16,Sub-Saharan Africa,Malawi,Dowa,TA Mkukula,20405,MW20405,0.1440529,0.003529529,0.2040522,0.02939432,0.01225080,0.000720208,0.2906929,0.03251866,0.5957723,0.1731868,0.05593302,0.01937372,0.05,9.22e-06,0.1,0.2217238,9.22469e-05,4.09e-05,30,2020-04-02
225,1943.5570997601437,2.0287446356392233e-15,4.775290206227425e-15,8.90782944418809e-16,8.547259980709221e-13,0.036542792417933824,3.5744743838261205e-4,7602.852333433437,9.34066683566058e-15,2.1986208611508888e-14,8.983012125855319e-16,9.65194205648772e-13,1.1512518470158397,4.1471953804987947e-4,11659.722744473975,7.189917388111036e-15,1.6923735552342904e-14,5.206548769878452e-18,7.473777222275197e-16,0.09725548114575801,4.4857603833633845e-8,1943.594,7603.004,11659.82,0,3.333852644106181e-16,6.25394128206988e-17,6.073211034838487e-17,6.365275060510323e-14,0,1.5349594599419265e-15,6.306676801643469e-17,3.03498306857869e-17,2.4618761890193852e-14,0,1.1815249784417814e-15,3.6553903111573905e-19,6.105649486335118e-20,9.342217542843297e-18,21206.132177667554,1.8559328859410837e-14,4.368523437007922e-14,1.7942907057742193e-15,1.8206675814419214e-12,1.2850501205795315,7.722118340363251e-4,0,3.049869702794326e-15,1.2597171986824922e-16,9.114299752903511e-17,8.828085471283992e-14, 16,Sub-Saharan Africa,Malawi,Dowa,TA Mkukula,20405,MW20405,0.1440529,0.003529529,0.2040522,0.02939432,0.01225080,0.000720208,0.2906929,0.03251866,0.5957723,0.1731868,0.05593302,0.01937372,0.05,9.22e-06,0.1,0.2217238,9.22469e-05,4.09e-05,30,2020-04-02
226,1943.5570997601437,1.7424125557159692e-15,4.101317394235312e-15,7.65060428255932e-16,7.598058644266495e-13,0.03654279241797346,3.5744743843919597e-4,7602.852333433437,8.022347824199348e-15,1.8883128434394092e-14,7.715171826678578e-16,8.579751026440505e-13,1.1512518470159305,4.147195380717634e-4,11659.722744473975,6.175149964182361e-15,1.4535160976735495e-014,4.471712968349783e-18,6.643854387931557e-16,0.09725548114576224,4.4857603841938666e-8,1943.594,7603.004,11659.82,0,2.8633207992325417e-16,5.3712752725600086e-17,5.216055867547119e-17,5.658391507082361e-14,0,1.3183190114612314e-15,5.4165677179407195e-17,2.606633006148513e-17,2.188391612020779e-14,0,1.014767423928675e-15,3.139477490970052e-19,5.243917753128369e-20,8.304820558138493e-18,21206.132177667554,1.5939910344097678e-14,3.75196068053649e-14,1.5410493238921395e-15,1.618445352509493e-12,1.2850501205796663,7.722118341148013e-4,0,2.6194185153131606e-15,1.0819237765410429e-16,7.827932791448761e-17,7.847613601158954e-14, 16,Sub-Saharan Africa,Malawi,Dowa,TA Mkukula,20405,MW20405,0.1440529,0.003529529,0.2040522,0.02939432,0.01225080,0.000720208,0.2906929,0.03251866,0.5957723,0.1731868,0.05593302,0.01937372,0.05,9.22e-06,0.1,0.2217238,9.22469e-05,4.09e-05,30,2020-04-02
227,1943.5570997601437,1.4964926884357337e-15,3.522467458954138e-15,6.570819981709685e-16,6.754254370620841e-13,0.03654279241800865,3.574474384894959e-4,7602.852333433437,6.89009315444417e-15,1.621800948144144e-14,6.626271383197864e-16,7.626657475443928e-13,1.1512518470160111,4.147195380912163e-4,11659.722744473975,5.3036043405720445e-15,1.2483703946081341e-14,3.840589343885444e-18,5.906075076998498e-16,0.09725548114576588,4.485760384932126e-8,1943.594,7603.004,11659.82,0,2.4591986728023547e-16,4.613186586206337e-17,4.4798768848699486e-17,5.029993348920625e-14,0,1.132254669755178e-15,4.6520864777069086e-17,2.2387392151112956e-17,1.9452918009060793e-14,0,8.715456236103163e-16,2.696379335476692e-19,4.503807790060044e-20,7.382593584480672e-18,21206.132177667554,1.3690190183451948e-14,3.222418088647692e-14,1.3235497258346403e-15,1.4386817921141767e-12,1.2850501205797857,7.722118341845616e-4,0,2.2497201606457298e-15,9.292236857268012e-17,6.723119907771304e-17,6.976023409185152e-14, 16,Sub-Saharan Africa,Malawi,Dowa,TA Mkukula,20405,MW20405,0.1440529,0.003529529,0.2040522,0.02939432,0.01225080,0.000720208,0.2906929,0.03251866,0.5957723,0.1731868,0.05593302,0.01937372,0.05,9.22e-06,0.1,0.2217238,9.22469e-05,4.09e-05,30,2020-04-02
228,1943.5570997601437,1.2852813525339869e-15,3.025314990294742e-15,5.643433137576603e-16,6.004146219652489e-13,0.036542792418039906,3.574474385342097e-4,7602.852333433437,5.917642157131907e-15,1.3929038963337023e-14,5.691055668277591e-16,6.779433269989187e-13,1.1512518470160826,4.1471953810850824e-4,11659.722744473975,4.55506654189195e-15,1.0721784522588367e-14,3.2985403631779363e-18,5.250211017391116e-16,0.097255481145769,4.485760385588402e-8,1943.594,7603.004,11659.82,0,2.112113359017468e-16,3.9620926847794495e-17,3.8475999240362574e-17,4.4713798635909185e-14,0,9.724509973122634e-16,3.995502270106665e-17,1.9227690475638355e-17,1.729194044897131e-14,0,7.485377986800942e-16,2.315818963280768e-19,3.868154385177921e-20,6.562758335767116e-18,21206.132177667554,1.1757990051557845e-14,2.767613847622013e-14,1.1367474209485974e-15,1.2788829700659068e-12,1.2850501205798914,7.722118342465738e-4,0,1.9322001318941044e-15,7.980753144518922e-17,5.774237125985271e-17,6.201230184321626e-14, 16,Sub-Saharan Africa,Malawi,Dowa,TA Mkukula,20405,MW20405,0.1440529,0.003529529,0.2040522,0.02939432,0.01225080,0.000720208,0.2906929,0.03251866,0.5957723,0.1731868,0.05593302,0.01937372,0.05,9.22e-06,0.1,0.2217238,9.22469e-05,4.09e-05,30,2020-04-02
229,1943.5570997601437,1.1038798704201037e-15,2.5983294076142368e-15,4.846934877884644e-16,5.337331966260177e-13,0.03654279241806767,3.5744743857395764e-4,7602.852333433437,5.082440530120922e-15,1.1963128199033502e-14,4.8878340000616e-16,6.026319374822597e-13,1.1512518470161461,4.147195381238793e-4,11659.722744473975,3.912175543839524e-15,9.20853808257458e-15,2.8329943687568682e-18,4.667169014849742e-16,0.09725548114577169,4.4857603861717984e-8,1943.594,7603.004,11659.82,0,1.8140148211388323e-16,3.402892586288582e-17,3.3045606038448155e-17,3.974793584549108e-14,0,8.352016270109851e-16,3.431586768351575e-17,1.6513941320761854e-17,1.5371059459978742e-14,0,6.428909980524266e-16,1.9889699463555017e-19,3.3222149452830915e-20,5.833965893993595e-18,21206.132177667554,1.009849594438055e-14,2.376999568922232e-14,9.763098821633813e-16,1.1368318510097623e-12,1.2850501205799856,7.722118343016987e-4,0,1.6594941071772949e-15,6.854369054103712e-17,4.959276950866284e-17,5.5124829271363814e-14, 16,Sub-Saharan Africa,Malawi,Dowa,TA Mkukula,20405,MW20405,0.1440529,0.003529529,0.2040522,0.02939432,0.01225080,0.000720208,0.2906929,0.03251866,0.5957723,0.1731868,0.05593302,0.01937372,0.05,9.22e-06,0.1,0.2217238,9.22469e-05,4.09e-05,30,2020-04-02
230,1943.5570997601437,9.480809519222263e-16,2.2316075281540395e-15,4.1628520135676047e-16,4.744563994792774e-13,0.036542792418092315,3.574474386092911e-4,7602.852333433437,4.36511723072203e-15,1.0274681316012778e-14,4.197977065257503e-16,5.356862717805927e-13,1.1512518470162023,4.1471953813754285e-4,11659.722744473975,3.3600206146686516e-15,7.908867533900407e-15,2.4331540122571397e-18,4.1488650303270486e-16,0.09725548114577401,4.485760386690406e-8,1943.594,7603.004,11659.82,0,1.5579891849787738e-16,2.922616624260495e-17,2.8381642187807605e-17,3.5333444069890474e-14,0,7.173232993988917e-16,2.947260935078623e-17,1.4183204051911992e-17,1.3663549458531321e-14,0,5.521549291708721e-16,1.7082515967222412e-19,2.853327580859763e-20,5.1860783335726615e-18,21206.132177667554,8.673218797312908e-15,2.0415156378067225e-14,8.385160618947679e-16,1.010557557762903e-12,1.2850501205800686,7.722118343507008e-4,0,1.4252771470676412e-15,5.88696007530634e-17,4.2593379515528194e-17,4.900217960675537e-14, 16,Sub-Saharan Africa,Malawi,Dowa,TA Mkukula,20405,MW20405,0.1440529,0.003529529,0.2040522,0.02939432,0.01225080,0.000720208,0.2906929,0.03251866,0.5957723,0.1731868,0.05593302,0.01937372,0.05,9.22e-06,0.1,0.2217238,9.22469e-05,4.09e-05,30,2020-04-02
231,1943.5570997601437,8.142711135529364e-16,1.916643880106306e-15,3.575318595143057e-16,4.2176211775339425e-13,0.0365427924181142,3.5744743864070036e-4,7602.852333433437,3.749035198179478e-15,8.824537733263973e-15,3.605484845353749e-16,4.761771167071953e-13,1.1512518470162525,4.147195381496884e-4,11659.722744473975,2.8857954868961527e-15,6.792629301017535e-15,2.0897458375235814e-18,3.6881122209524735e-16,0.09725548114577598,4.4857603871514204e-8,1943.594,7603.004,11659.82,0,1.3380983836928984e-16,2.510125639123309e-17,2.4375936338885598e-17,3.140928272679644e-14,0,6.160820325425523e-16,2.5312916767811362e-17,1.2181421318319197e-17,1.2145557996834366e-14,0,4.742251277724989e-16,1.4671531458403995e-19,2.4506174465879915e-20,4.61014225155404e-18,21206.132177667554,7.449101798628567e-15,1.7533810914387814e-14,7.201700898872042e-16,8.983080456826848e-13,1.2850501205801428,7.722118343942603e-4,0,1.224116998684341e-15,5.056088847362849e-17,3.6581863831670675e-17,4.355945086588236e-14, 16,Sub-Saharan Africa,Malawi,Dowa,TA Mkukula,20405,MW20405,0.1440529,0.003529529,0.2040522,0.02939432,0.01225080,0.000720208,0.2906929,0.03251866,0.5957723,0.1731868,0.05593302,0.01937372,0.05,9.22e-06,0.1,0.2217238,9.22469e-05,4.09e-05,30,2020-04-02
232,1943.5570997601437,6.993468700815567e-16,1.646133433126152e-15,3.0707079375189014e-16,3.7491949651401194e-13,0.03654279241813364,3.574474386686212e-4,7602.852333433437,3.2199054860928933e-15,7.579063899693492e-15,3.0966155246079125e-16,4.2327846099500517e-13,1.151251847016297,4.147195381604848e-4,11659.722744473975,2.4785013383646634e-15,5.833934198020907e-15,1.7948052059989646e-18,3.2785213969923243e-16,0.09725548114577769,4.4857603875612355e-8,1943.594,7603.004,11659.82,0,1.1492424347137978e-16,2.1558526249719455e-17,2.0935584058824362e-17,2.792086223682433e-14,0,5.291297120865845e-16,2.1740313117135573e-17,1.0462165288878213e-17,1.0796376813393405e-14,0,4.072941485314893e-16,1.260082738867891e-19,2.1047445270570298e-20,4.098150539608218e-18,21206.132177667554,6.397753694539113e-15,1.505913153084055e-14,6.185271514186804e-16,7.985258096487163e-13,1.2850501205802083,7.722118344329817e-4,0,1.0513481040894535e-15,4.3424847640741815e-17,3.141879679297315e-17,3.872133720075734e-14, 16,Sub-Saharan Africa,Malawi,Dowa,TA Mkukula,20405,MW20405,0.1440529,0.003529529,0.2040522,0.02939432,0.01225080,0.000720208,0.2906929,0.03251866,0.5957723,0.1731868,0.05593302,0.01937372,0.05,9.22e-06,0.1,0.2217238,9.22469e-05,4.09e-05,30,2020-04-02
233,1943.5570997601437,6.006427546137001e-16,1.4138021709934855e-15,2.6373165790806196e-16,3.332788113288737e-13,0.03654279241815091,3.5744743869344105e-4,7602.852333433437,2.765455855331079e-15,6.509373222493097e-15,2.659566772986149e-16,3.762560346227782e-13,1.1512518470163362,4.1471953817008177e-4,11659.722744473975,2.1286916939629354e-15,5.010546974676983e-15,1.5414915764687747e-18,2.9144125186217374e-16,0.09725548114577917,4.4857603879255364e-8,1943.594,7603.004,11659.82,0,9.87041154678566e-17,1.851580839603761e-17,1.798079312042488e-17,2.481982718308129e-14,0,4.544496307618142e-16,1.8671938084783433e-17,8.985560840982975e-18,9.596978160081315e-15,0,3.49809644401728e-16,1.0822377413924644e-19,1.8076870183471817e-20,3.643009296801941e-18,21206.132177667554,5.494790303907715e-15,1.2933722368163565e-14,5.312298267831456e-16,7.098262872035141e-13,1.2850501205802662,7.72211834467402e-4,0,9.02963390631399e-16,3.729597025496029e-17,2.6984430831591328e-17,3.4420448352459406e-14, 16,Sub-Saharan Africa,Malawi,Dowa,TA Mkukula,20405,MW20405,0.1440529,0.003529529,0.2040522,0.02939432,0.01225080,0.000720208,0.2906929,0.03251866,0.5957723,0.1731868,0.05593302,0.01937372,0.05,9.22e-06,0.1,0.2217238,9.22469e-05,4.09e-05,30,2020-04-02
234,1943.5570997601437,5.158694977559443e-16,1.2142615767990794e-15,2.265092845339397e-16,2.9626246443758647e-13,0.03654279241816624,3.5744743871550413e-4,7602.852333433437,2.3751461408311697e-15,5.590656092844422e-15,2.284202012035254e-16,3.3445712067660954e-13,1.151251847016371,4.1471953817861265e-4,11659.722744473975,1.82825333110175e-15,4.303370609079112e-15,1.3239298551513835e-18,2.5907360087627747e-16,0.09725548114578042,4.485760388249378e-8,1943.594,7603.004,11659.82,0,8.47732568577558e-17,1.5902532317177594e-17,1.5443032897630464e-17,2.206308052921102e-14,0,3.903097144999094e-16,1.6036626062295476e-17,7.717360727767566e-18,8.530882163876319e-15,0,3.004383628611856e-16,9.294933509468976e-20,1.5525552820604046e-20,3.2384187155900038e-18,21206.132177667554,4.719268969688864e-15,1.1108288278722613e-14,4.562534155926164e-16,6.309786587150723e-13,1.2850501205803178,7.722118344979993e-4,0,7.755213342188508e-16,3.203210771456776e-17,2.3175919178218635e-17,3.059720111180293e-14, 16,Sub-Saharan Africa,Malawi,Dowa,TA Mkukula,20405,MW20405,0.1440529,0.003529529,0.2040522,0.02939432,0.01225080,0.000720208,0.2906929,0.03251866,0.5957723,0.1731868,0.05593302,0.01937372,0.05,9.22e-06,0.1,0.2217238,9.22469e-05,4.09e-05,30,2020-04-02
235,1943.5570997601437,4.4306093207068703e-16,1.042883655626694e-15,1.9454037218750013e-16,2.6335697983694547e-13,0.03654279241817986,3.5744743873511675e-4,7602.852333433437,2.039923790450829e-15,4.801604469754931e-15,1.9618153149720508e-16,2.973014984870069e-13,1.1512518470164022,4.147195381861958e-4,11659.722744473975,1.5702181069833104e-15,3.696003386082883e-15,1.1370741367167654e-18,2.3030027938078606e-16,0.09725548114578152,4.485760388537253e-8,1943.594,7603.004,11659.82,0,7.280856568525724e-17,1.3658087653138262e-17,1.3263444948177272e-17,1.9612620989067908e-14,0,3.3522235038034093e-16,1.3773255594184217e-17,6.628151274121047e-18,7.583126834798115e-15,0,2.580352241184395e-16,7.983069299874208e-20,1.3334320571668011e-20,2.8787473503621465e-18,21206.132177667554,4.0532028295048264e-15,9.540491511464507e-15,3.91858977821422e-16,5.608887786033332e-13,1.2850501205803635,7.722118345251979e-4,0,6.660661401840376e-16,2.751117394032122e-17,1.9904930542869987e-17,2.7198626571216385e-14, 16,Sub-Saharan Africa,Malawi,Dowa,TA Mkukula,20405,MW20405,0.1440529,0.003529529,0.2040522,0.02939432,0.01225080,0.000720208,0.2906929,0.03251866,0.5957723,0.1731868,0.05593302,0.01937372,0.05,9.22e-06,0.1,0.2217238,9.22469e-05,4.09e-05,30,2020-04-02
236,1943.5570997601437,3.805283901675199e-16,8.956935965313018e-16,1.670834629889783e-16,2.3410588651855813e-13,0.036542792418191965,3.5744743875255094e-4,7602.852333433437,1.752013907524051e-15,4.123917677860042e-15,1.6849294879336412e-16,2.642733924037946e-13,1.15125184701643,4.147195381929364e-4,11659.722744473975,1.3486013459510217e-15,3.1743584880110395e-15,9.765906763010955e-19,2.0472221045741555e-16,0.09725548114578245,4.485760388793156e-8,1943.594,7603.004,11659.82,0,6.253254190316715e-17,1.1730418436104442e-17,1.139147791335965e-17,1.7434187774001408e-14,0,2.879098829267779e-16,1.1829331743905273e-17,5.6926701781497445e-18,6.740647536668254e-15,0,2.2161676103228862e-16,6.856358394121297e-20,1.1452352217844141e-20,2.5590321174430507e-18,21206.132177667554,3.4811436436425926e-15,8.193969762402384e-15,3.3655300245864354e-16,4.985840011328101e-13,1.2850501205804044,7.722118345493753e-4,0,5.720591858622337e-16,2.3628313763950928e-17,1.709560044372724e-17,2.4177394342787105e-14, 16,Sub-Saharan Africa,Malawi,Dowa,TA Mkukula,20405,MW20405,0.1440529,0.003529529,0.2040522,0.02939432,0.01225080,0.000720208,0.2906929,0.03251866,0.5957723,0.1731868,0.05593302,0.01937372,0.05,9.22e-06,0.1,0.2217238,9.22469e-05,4.09e-05,30,2020-04-02
237,1943.5570997601437,3.2682153906031547e-16,7.692775836702507e-16,1.4350174605625884e-16,2.0810339133797731e-13,0.03654279241820271,3.574474387680487e-4,7602.852333433437,1.5047389254076124e-15,3.5418779548454592e-15,1.447122649743483e-16,2.3491431462482557e-13,1.1512518470164541,4.1471953819892827e-4,11659.722744473975,1.1582630348716198e-15,2.7263372759748843e-15,8.387573781429489e-19,1.8198461771107106e-16,0.09725548114578325,4.485760389020637e-8,1943.594,7603.004,11659.82,0,5.3706851107204406e-17,1.0074815752793715e-17,9.783715090296614e-18,1.5497748483833673e-14,0,2.4727498211643854e-16,1.0159768589619113e-17,4.889220596775848e-18,5.99184330624114e-15,0,1.903383110794019e-16,5.88866870928885e-20,9.835999262551757e-21,2.27480624152493e-18,21206.132177667554,2.9898234993395478e-15,7.037492814490594e-15,2.890527684087501e-16,4.4319969058051394e-13,1.28505012058044,7.722118345708671e-4,0,4.913201443030448e-16,2.0293471029505716e-17,1.4682771686335014e-17,2.1491866596316338e-14, 16,Sub-Saharan Africa,Malawi,Dowa,TA Mkukula,20405,MW20405,0.1440529,0.003529529,0.2040522,0.02939432,0.01225080,0.000720208,0.2906929,0.03251866,0.5957723,0.1731868,0.05593302,0.01937372,0.05,9.22e-06,0.1,0.2217238,9.22469e-05,4.09e-05,30,2020-04-02
238,1943.5570997601437,2.806947422298741e-16,6.607036188286649e-16,1.2324828799450016e-16,1.8498875394687458e-13,0.03654279241821227,3.574474387818251e-4,7602.852333433437,1.2923637329867878e-15,3.0419859053310702e-15,1.2428792877047695e-16,2.0881670278097552e-13,1.1512518470164759,4.1471953820425446e-4,11659.722744473975,9.94788609529739e-16,2.3415486832362173e-15,7.203774699314076e-19,1.6177210882641982e-16,0.09725548114578393,4.485760389222852e-8,1943.594,7603.004,11659.82,0,4.6126796830441347e-17,8.652880796616725e-18,8.402867471123834e-18,1.3776414904687062e-14,0,2.1237519242082458e-16,8.725843527499914e-18,4.19916792582525e-18,5.326197382443665e-15,0,1.6347442534188094e-16,5.0575563802574505e-20,8.44777360070579e-21,2.022152195226733e-18,21206.132177667554,2.5678470847464008e-15,6.044238207395952e-15,2.4825659423490855e-16,3.9396722883667653e-13,1.285050120580472,7.722118345899718e-4,0,4.2197641459314687e-16,1.7429299887919213e-17,1.261048317054979e-17,1.9104634439325954e-14, 16,Sub-Saharan Africa,Malawi,Dowa,TA Mkukula,20405,MW20405,0.1440529,0.003529529,0.2040522,0.02939432,0.01225080,0.000720208,0.2906929,0.03251866,0.5957723,0.1731868,0.05593302,0.01937372,0.05,9.22e-06,0.1,0.2217238,9.22469e-05,4.09e-05,30,2020-04-02
239,1943.5570997601437,2.410781692630744e-16,5.674535188590182e-16,1.0585334789615912e-16,1.6444128591331892e-13,0.03654279241822074,3.5744743879407133e-4,7602.852333433437,1.1099626587913116e-15,2.612647405917537e-15,1.0674623350039164e-16,1.8561826404663474e-13,1.1512518470164952,4.1471953820898896e-4,11659.722744473975,8.543865665390189e-16,2.0110682126913253e-15,6.187053607451151e-19,1.4380430457215535e-16,0.09725548114578453,4.4857603894026077e-8,1943.594,7603.004,11659.82,0,3.961657296679973e-17,7.431634274687715e-18,7.216908901561412e-18,1.2246226168549645e-14,0,1.8240107419547623e-16,7.4942991683692508e-018,3.606507603243252e-18,4.734494046809701e-15,0,1.4040204299072e-16,4.3437452137868245e-20,7.255478066208037e-21,1.797556115306335e-18,21206.132177667554,2.205427394593405e-15,5.191169137467881e-15,2.1321828675729587e-16,3.502033542645258e-13,1.2850501205805005,7.722118346069543e-4,0,3.6241969015299596e-16,1.4969370895194834e-17,1.0830671982870872e-17,1.6982517771474653e-14, 16,Sub-Saharan Africa,Malawi,Dowa,TA Mkukula,20405,MW20405,0.1440529,0.003529529,0.2040522,0.02939432,0.01225080,0.000720208,0.2906929,0.03251866,0.5957723,0.1731868,0.05593302,0.01937372,0.05,9.22e-06,0.1,0.2217238,9.22469e-05,4.09e-05,30,2020-04-02
240,1943.5570997601437,2.0705298300716064e-16,4.873645108350975e-16,9.091348265314144e-17,1.4617590479157786e-13,0.036542792418228276,3.5744743880495726e-4,7602.852333433437,9.53305228650333e-16,2.2439046997014374e-15,9.16803302788054e-17,1.6499694733066207e-13,1.151251847016512,4.1471953821319745e-4,11659.722744473975,7.338005260576343e-16,1.7272309488508863e-15,5.313829630599282e-19,1.2783195276392125e-16,0.09725548114578504,4.485760389562397e-8,1943.594,7603.004,11659.82,0,3.4025186255913757e-17,6.3827515109378694e-18,6.198333299795923e-18,1.0885931912840707e-14,0,1.5665743014097865e-16,6.436571990483296e-18,3.097493911476731e-18,4.208493362828358e-15,0,1.205860404813846e-16,3.730679611144483e-20,6.231459689831588e-21,1.5978945677707355e-18,21206.132177667554,1.8941587377151277e-15,4.458500159387421e-15,1.8312519589500678e-16,3.1130068407500383e-13,1.2850501205805254,7.722118346220504e-4,0,3.11268656878277e-16,1.285663029753261e-17,9.302058670962486e-18,1.5096023170236836e-14, 16,Sub-Saharan Africa,Malawi,Dowa,TA Mkukula,20405,MW20405,0.1440529,0.003529529,0.2040522,0.02939432,0.01225080,0.000720208,0.2906929,0.03251866,0.5957723,0.1731868,0.05593302,0.01937372,0.05,9.22e-06,0.1,0.2217238,9.22469e-05,4.09e-05,30,2020-04-02
241,1943.5570997601437,1.7783002874862375e-16,4.185790703226179e-16,7.808218990434724e-17,1.2993918157971188e-13,0.03654279241823497,3.5744743881463404e-4,7602.852333433437,8.187580472345929e-16,1.9272054434630923e-15,7.874079187259625e-17,1.4666647381072088e-13,1.1512518470165272,4.1471953821693833e-4,11659.722744473975,6.302337057571447e-16,1.4834537835952132e-15,4.563850019840685e-19,1.1363347340145702e-16,0.09725548114578547,4.485760389704439e-8,1943.594,7603.004,11659.82,0,2.9222954258536885e-17,5.4819055048951605e-18,5.323516708639895e-18,9.676775439976248e-15,0,1.3454718141573997e-16,5.5281298584126654e-18,2.6603211697567414e-18,3.74087696583536e-15,0,1.0356682030048965e-16,3.204140590120079e-20,5.3519683488530236e-21,1.4204213129862583e-18,21206.132177667554,1.6268217817403614e-15,3.8292382973809236e-15,1.5727936677892757e-16,2.7671928886383423e-13,1.2850501205805476,7.722118346354694e-4,0,2.673369559747665e-16,1.1042076769209027e-17,7.989189846745489e-18,1.3419072827124595e-14, 16,Sub-Saharan Africa,Malawi,Dowa,TA Mkukula,20405,MW20405,0.1440529,0.003529529,0.2040522,0.02939432,0.01225080,0.000720208,0.2906929,0.03251866,0.5957723,0.1731868,0.05593302,0.01937372,0.05,9.22e-06,0.1,0.2217238,9.22469e-05,4.09e-05,30,2020-04-02
242,1943.5570997601437,1.527315311494632e-16,3.5950183935332155e-16,6.706187160334827e-17,1.1550582682940642e-13,0.03654279241824091,3.5744743882323594e-4,7602.852333433437,7.03200527799493e-16,1.6552043509777988e-15,6.762750835068188e-17,1.3037236381547688e-13,1.1512518470165405,4.1471953822026374e-4,11659.722744473975,5.412840543507913e-16,1.2740827325457412e-15,3.919720433110602e-19,1.0101188715748412e-16,0.09725548114578585,4.485760389830704e-8,1943.594,7603.004,11659.82,0,2.5098497599160558e-17,4.708202709534071e-18,4.5721693852627795e-18,8.60189740617412e-15,0,1.1555751943509996e-16,4.747903042914356e-18,2.2848499221046154e-18,3.325410693338915e-15,0,8.894965140635337e-17,2.7519160007372284e-20,4.5966059340190304e-21,1.262648191670344e-18,21206.132177667554,1.3972161132997475e-15,3.2887889228768615e-15,1.350813519973412e-16,2.4597920253204077e-13,1.2850501205805673,7.722118346473979e-4,0,2.2960566844061387e-16,9.4836249124558e-18,6.8616159133014136e-18,1.1928570747704705e-14, 16,Sub-Saharan Africa,Malawi,Dowa,TA Mkukula,20405,MW20405,0.1440529,0.003529529,0.2040522,0.02939432,0.01225080,0.000720208,0.2906929,0.03251866,0.5957723,0.1731868,0.05593302,0.01937372,0.05,9.22e-06,0.1,0.2217238,9.22469e-05,4.09e-05,30,2020-04-02
243,1943.5570997601437,1.3117537443328446e-16,3.087626248906357e-16,5.759693181937261e-17,1.0267556674217339e-13,0.03654279241824619,3.574474388308824e-4,7602.852333433437,6.039525156275764e-16,1.4215928319117941e-15,5.808272656167618e-17,1.158884049415113e-13,1.1512518470165525,4.1471953822321965e-4,11659.722744473975,4.6488854021712885e-16,1.0942618008258914e-15,3.3665015099589616e-19,8.979208469735416e-17,0.09725548114578618,4.485760389942944e-8,1943.594,7603.004,11659.82,0,2.1556156716178734e-17,4.043698442054856e-18,3.926865220975666e-18,7.646444241671269e-15,0,9.924801217191654e-17,4.0777955452895244e-18,1.9623717704794966e-18,2.955914592955855e-15,0,7.639551413366244e-17,2.3635172859004356e-20,3.94785325870842e-21,1.122398064450753e-18,21206.132177667554,1.2000164302779898e-15,2.8246172576283215e-15,1.160163085320447e-16,2.1865376376838204e-13,1.2850501205805849,7.722118346580014e-4,0,1.9719968302175772e-16,8.145129160203384e-18,5.893184844713872e-18,1.0603481232691574e-14, 16,Sub-Saharan Africa,Malawi,Dowa,TA Mkukula,20405,MW20405,0.1440529,0.003529529,0.2040522,0.02939432,0.01225080,0.000720208,0.2906929,0.03251866,0.5957723,0.1731868,0.05593302,0.01937372,0.05,9.22e-06,0.1,0.2217238,9.22469e-05,4.09e-05,30,2020-04-02
244,1943.5570997601437,1.1266160122764652e-16,2.6518461960126523e-16,4.9467848690498994e-17,9.127036598303227e-14,0.03654279241825088,3.574474388376794e-4,7602.852333433437,5.187121265225517e-16,1.2209526750733538e-15,4.988507200236196e-17,1.0301351241031785e-13,1.151251847016563,4.147195382258471e-4,11659.722744473975,3.9927530299124864e-16,9.3982035678425e-16,2.8913623841027806e-19,7.981839902263907e-17,0.09725548114578646,4.485760390042717e-8,1943.594,7603.004,11659.82,0,1.8513773205637944e-17,3.4729806883968755e-018,3.372637577027429e-18,6.7970260496375e-15,0,8.524038910502479e-17,3.502265392244203e-18,1.6854073987898512e-18,2.6274555448013714e-15,0,6.561323722588021e-17,2.0299362177416942e-20,3.390663738151752e-21,9.977320199716611e-19,21206.132177667554,1.0306490307414469e-15,2.425957651458869e-15,9.964205693127123e-17,1.9436369679237277e-13,1.2850501205806002,7.722118346674269e-4,0,1.6936739953654294e-16,6.995545442818496e-18,5.061435639555432e-18,9.425479326458843e-15, 16,Sub-Saharan Africa,Malawi,Dowa,TA Mkukula,20405,MW20405,0.1440529,0.003529529,0.2040522,0.02939432,0.01225080,0.000720208,0.2906929,0.03251866,0.5957723,0.1731868,0.05593302,0.01937372,0.05,9.22e-06,0.1,0.2217238,9.22469e-05,4.09e-05,30,2020-04-02
245,1943.5570997601437,9.676081692692213e-17,2.2775710786929237e-16,4.2486083041055435e-17,8.113195874155341e-14,0.03654279241825505,3.5744743884372145e-4,7602.852333433437,4.455023586272721e-16,1.0486303824565406e-15,4.284441442481242e-17,9.156893811016136e-14,1.1512518470165722,4.147195382281828e-4,11659.722744473975,3.429225583635889e-16,8.071764015123347e-16,2.483283097840358e-19,7.095244722367181e-17,0.09725548114578669,4.4857603901314074e-8,1943.594,7603.004,11659.82,0,1.5900784300724386e-17,2.982812648562776e-18,2.8966321627245252e-18,6.042041866827219e-15,0,7.320976789527957e-17,3.007964166921545e-18,1.4475331032941182e-18,2.3356967401855222e-15,0,5.635274462765974e-17,1.7434359675966113e-20,2.91211441511042e-21,8.869030527793563e-19,21206.132177667554,8.851857339177831e-16,2.0835638918381678e-15,8.557882577565189e-17,1.7277184929893844e-13,1.285050120580614,7.722118346758055e-4,0,1.454632968236637e-16,6.008211175160287e-18,4.347077380433754e-18,8.37862551006552e-15, 16,Sub-Saharan Africa,Malawi,Dowa,TA Mkukula,20405,MW20405,0.1440529,0.003529529,0.2040522,0.02939432,0.01225080,0.000720208,0.2906929,0.03251866,0.5957723,0.1731868,0.05593302,0.01937372,0.05,9.22e-06,0.1,0.2217238,9.22469e-05,4.09e-05,30,2020-04-02
246,1943.5570997601437,8.310423063514895e-17,1.9561202401666853e-16,3.6489705579646895e-17,7.211965383697599e-14,0.03654279241825876,3.574474388490923e-4,7602.852333433437,3.8262523932002905e-16,9.00629239474413e-16,3.6797458099005415e-17,8.139578960323352e-14,1.151251847016581,4.147195382302589e-4,11659.722744473975,2.9452330295512935e-16,6.932534906640225e-16,2.132799016543489e-19,6.30712117533764e-17,0.09725548114578689,4.485760390210246e-8,1943.594,7603.004,11659.82,0,1.3656586291773175e-17,2.561825732219961e-18,2.4878089051451305e-18,5.3708665119500676e-15,0,6.287711930724304e-17,2.5834274156546212e-18,1.2432318060703979e-18,2.076084529983868e-15,0,4.839925540845955e-17,1.4973716638471798e-20,2.5011062384079347e-21,7.883891505467409e-19,21206.132177667554,7.602527729103073e-16,1.789494754155104e-15,7.350044358030666e-17,1.5357851465196288e-13,1.2850501205806266,7.722118346832533e-4,0,1.2493296100747576e-16,5.160226864513054e-18,3.733541817453936e-18,7.447739431084482e-15, 16,Sub-Saharan Africa,Malawi,Dowa,TA Mkukula,20405,MW20405,0.1440529,0.003529529,0.2040522,0.02939432,0.01225080,0.000720208,0.2906929,0.03251866,0.5957723,0.1731868,0.05593302,0.01937372,0.05,9.22e-06,0.1,0.2217238,9.22469e-05,4.09e-05,30,2020-04-02
247,1943.5570997601437,7.137510170595799e-17,1.680038190391386e-16,3.133964126003147e-17,6.410838345792661e-14,0.03654279241826205,3.5744743885386654e-4,7602.852333433437,3.2862244370649714e-16,7.735166181386292e-16,3.160395445486716e-17,7.23528246774402e-14,1.151251847016588,4.147195382321043e-4,11659.722744473975,2.52955000660371e-16,5.954093817246609e-16,1.831781315523837e-19,5.606533464899091e-17,0.09725548114578707,4.485760390280328e-8,1943.594,7603.004,11659.82,0,1.1729128929190967e-17,2.2002558841512983e-18,2.13668589596154e-18,4.7742300564312945e-15,0,5.4002795613531914e-17,2.2188087499626782e-18,1.0677650960761827e-18,1.845420517787577e-15,0,4.1568302294758373e-17,1.2860362757872743e-20,2.1481066429918973e-21,7.008138847345267e-19,21206.132177667554,6.529525460728261e-16,1.5369298189024286e-15,6.312677384645101e-17,1.3651727347001579e-13,1.285050120580637,7.722118346898736e-4,0,1.0730022683748125e-16,4.4319249968718495e-18,3.2065990986807146e-18,6.620351388103606e-15, 16,Sub-Saharan Africa,Malawi,Dowa,TA Mkukula,20405,MW20405,0.1440529,0.003529529,0.2040522,0.02939432,0.01225080,0.000720208,0.2906929,0.03251866,0.5957723,0.1731868,0.05593302,0.01937372,0.05,9.22e-06,0.1,0.2217238,9.22469e-05,4.09e-05,30,2020-04-02
248,1943.5570997601437,6.130139349703205e-17,1.442921689018417e-16,2.6916443700735674e-17,5.698696850046844e-14,0.03654279241826497,3.5744743885811044e-4,7602.852333433437,2.822414713220359e-16,6.643443632440975e-16,2.7143449262666137e-17,6.431449084386182e-14,1.1512518470165949,4.1471953823374476e-4,11659.722744473975,2.1725354738591019e-16,5.113747518289529e-16,1.5732484481744188e-19,4.983760107523065e-17,0.0972554811457872,4.485760390342625e-8,1943.594,7603.004,11659.82,0,1.0073708208925932e-17,1.8897171240864482e-018,1.8351194767649657e-18,4.24389256376001e-15,0,4.638097238446126e-17,1.905651476749487e-18,9.170633300166607e-19,1.6404520970791925e-15,0,3.5701453274460795e-17,1.1045282490590246e-20,1.8449284612766028e-21,6.229728803708366e-19,21206.132177667554,5.607964122049781e-16,1.3200112839748921e-15,5.421721780821925e-17,1.213512969454055e-13,1.285050120580647,7.722118346957587e-4,0,9.215613386784799e-17,3.8064138833265255e-18,2.7540277352429028e-18,5.884967633719573e-15, 16,Sub-Saharan Africa,Malawi,Dowa,TA Mkukula,20405,MW20405,0.1440529,0.003529529,0.2040522,0.02939432,0.01225080,0.000720208,0.2906929,0.03251866,0.5957723,0.1731868,0.05593302,0.01937372,0.05,9.22e-06,0.1,0.2217238,9.22469e-05,4.09e-05,30,2020-04-02
249,1943.5570997601437,5.2649463955775514e-17,1.2392712334381784e-16,2.311752485281172e-17,5.065657646740793e-14,0.03654279241826757,3.574474388618829e-4,7602.852333433437,2.424065965720378e-16,5.705804150548998e-16,2.331248890834535e-17,5.716918257839745e-14,1.1512518470166007,4.147195382352029e-4,11659.722744473975,1.8659091034230686e-16,4.392005647952881e-16,1.3512042228189587e-19,4.430159118274057e-17,0.09725548114578735,4.485760390398002e-8,1943.594,7603.004,11659.82,0,8.65192954125654e-18,1.6230070485675528e-18,1.5761153624362157e-18,3.772481459163313e-15,0,3.9834874749998056e-17,1.6366924600634987e-18,7.876312441052182e-19,1.458143501775755e-15,0,3.066263704360332e-17,9.486378226973346e-21,1.5845400381259679e-21,5.537676416022001e-19,21206.132177667554,4.816469708701202e-16,1.1337081031940057e-15,4.6565134183438964e-17,1.0787006063698813e-13,1.2850501205806555,7.722118347009898e-4,0,7.914944133485792e-17,3.2691858868580247e-18,2.3653311465795598e-18,5.23117872858067e-15, 16,Sub-Saharan Africa,Malawi,Dowa,TA Mkukula,20405,MW20405,0.1440529,0.003529529,0.2040522,0.02939432,0.01225080,0.000720208,0.2906929,0.03251866,0.5957723,0.1731868,0.05593302,0.01937372,0.05,9.22e-06,0.1,0.2217238,9.22469e-05,4.09e-05,30,2020-04-02
250,1943.5570997601437,4.521864670036336e-17,1.0643635074396984e-16,1.9854775663604848e-17,4.502935055842166e-14,0.03654279241826988,3.574474388652363e-4,7602.852333433437,2.0819391915652864e-16,4.900500825988129e-16,2.0022220968274035e-17,5.081769212641629e-14,1.1512518470166058,4.1471953823649907e-4,11659.722744473975,1.60255923271768e-16,3.772128666474881e-16,1.160498732824542e-19,3.9380481605530857e-17,0.09725548114578746,4.485760390447227e-8,1943.594,7603.004,11659.82,0,7.430817255412153e-18,1.393939783806063e-18,1.3536664219631519e-18,3.353383109389041e-15,0,3.421267741550918e-17,1.4056936653349488e-18,6.764668875474279e-19,1.2961636972064206e-15,0,2.6334987070538863e-17,8.147493911067581e-21,1.360902145525463e-21,4.922518738078566e-19,21206.132177667554,4.1366848912866e-16,9.73699299990271e-16,3.9993046505161334e-17,9.588642316644348e-14,1.285050120580663,7.722118347056399e-4,0,6.79784817414602e-17,2.8077809430520795e-18,2.0314942116561053e-18,4.650039058469269e-15, 16,Sub-Saharan Africa,Malawi,Dowa,TA Mkukula,20405,MW20405,0.1440529,0.003529529,0.2040522,0.02939432,0.01225080,0.000720208,0.2906929,0.03251866,0.5957723,0.1731868,0.05593302,0.01937372,0.05,9.22e-06,0.1,0.2217238,9.22469e-05,4.09e-05,30,2020-04-02
251,1943.5570997601437,3.8836596913820094e-17,9.141418321549716e-17,1.7052522552692186e-17,4.002719095149389e-14,0.03654279241827193,3.574474388682172e-4,7602.852333433437,1.788099358172015e-16,4.208856055068367e-16,1.7196333432976624e-17,4.517183237425683e-14,1.1512518470166104,4.1471953823765125e-4,11659.722744473975,1.3763779219057094e-16,3.23973961185596e-16,9.967089145586099e-20,3.500597999265091e-17,0.09725548114578754,4.485760390490984e-8,1943.594,7603.004,11659.82,0,6.382049786543267e-18,1.1972025151651331e-18,1.16261335436587e-18,2.980905453031646e-15,0,2.938398333932714e-17,1.2072974790518116e-18,5.80991997553547e-19,1.1521816487003456e-15,0,2.2618131081197056e-17,6.997576464286692e-21,1.1688279145439949e-21,4.375719265956512e-19,21206.132177667554,3.5528432492159254e-16,8.362737499079299e-16,3.4348526877124674e-17,8.523402930574337e-14,1.28505012058067,7.722118347097734e-4,0,5.838416420706746e-17,2.4114975706812314e-18,1.744774179833961e-18,4.133524673658587e-15, 16,Sub-Saharan Africa,Malawi,Dowa,TA Mkukula,20405,MW20405,0.1440529,0.003529529,0.2040522,0.02939432,0.01225080,0.000720208,0.2906929,0.03251866,0.5957723,0.1731868,0.05593302,0.01937372,0.05,9.22e-06,0.1,0.2217238,9.22469e-05,4.09e-05,30,2020-04-02
252,1943.5570997601437,3.335529410727978e-17,7.851220784895865e-17,1.464577230459031e-17,3.5580671384150614e-14,0.036542792418273747,3.57447438870867e-4,7602.852333433437,1.5357313641599243e-16,3.6148283457251306e-16,1.476928478376063e-17,4.0153212678345506e-14,1.1512518470166146,4.147195382386754e-4,11659.722744473975,1.1821192909079222e-16,2.782490651413206e-16,8.560359629921706e-20,3.1117377811250054e-17,0.09725548114578762,4.485760390529881e-8,1943.594,7603.004,11659.82,0,5.481302806540314e-18,1.0282322657203815e-18,9.985250283922815e-19,2.649790109554573e-15,0,2.5236799401209067e-17,1.036902448266544e-18,4.989922010505425e-19,1.0241373721298075e-15,0,1.942586309977872e-17,6.009955563685648e-21,1.0038625360164793e-21,3.889667938020353e-19,21206.132177667554,3.0514035961406444e-16,7.182441075627923e-16,2.950066068465016e-17,7.576500144030737e-14,1.285050120580676,7.722118347134476e-4,0,5.01439653075281e-17,2.071144669550611e-18,1.4985210919788405e-18,3.674316448478182e-15, 16,Sub-Saharan Africa,Malawi,Dowa,TA Mkukula,20405,MW20405,0.1440529,0.003529529,0.2040522,0.02939432,0.01225080,0.000720208,0.2906929,0.03251866,0.5957723,0.1731868,0.05593302,0.01937372,0.05,9.22e-06,0.1,0.2217238,9.22469e-05,4.09e-05,30,2020-04-02
253,1943.5570997601437,2.864760904470614e-17,6.7431185883859506e-017,1.2578704672109545e-17,3.162807601741827e-14,0.03654279241827536,3.574474388732224e-4,7602.852333433437,1.3189819750570116e-16,3.1046402631300453e-16,1.2684783871944489e-17,3.569215066452216e-14,1.1512518470166182,4.147195382395858e-4,11659.722744473975,1.01527785036316e-16,2.3897766954484655e-16,7.352172257241262e-20,2.7660708295873704e-17,0.09725548114578769,4.485760390564457e-8,1943.594,7603.004,11659.82,0,4.707685062573641e-18,8.831100659529624e-19,8.575957106730259e-19,2.3554292197247584e-15,0,2.1674938910291274e-17,8.905565578277833e-19,4.2856565616886913e-19,9.10404564236078e-16,0,1.6684144054476225e-17,5.161725070627244e-21,8.621799398715839e-22,3.4576149604716557e-19,21206.132177667554,2.620735915867233e-16,6.168728817417106e-16,2.5337010266626445e-17,6.734788739023631e-14,1.2850501205806812,7.722118347167139e-4,0,4.306676802734114e-17,1.778828348851373e-18,1.2870235467817667e-18,3.2661795454568836e-15, 16,Sub-Saharan Africa,Malawi,Dowa,TA Mkukula,20405,MW20405,0.1440529,0.003529529,0.2040522,0.02939432,0.01225080,0.000720208,0.2906929,0.03251866,0.5957723,0.1731868,0.05593302,0.01937372,0.05,9.22e-06,0.1,0.2217238,9.22469e-05,4.09e-05,30,2020-04-02
254,1943.5570997601437,2.4604355201808446e-17,5.791411238953276e-17,1.0803377729102197e-17,2.8114543230946258e-14,0.0365427924182768,3.574474388753162e-4,7602.852333433437,1.1328240677125135e-16,2.6664588861568633e-16,1.0894484344264444e-17,3.172670489691931e-14,1.1512518470166213,4.1471953824039504e-4,11659.722744473975,8.71984004697797e-17,2.0524894307514853e-16,6.314505319968126e-20,2.4587997874834663e-17,0.09725548114578775,4.485760390595191e-8,1943.594,7603.004,11659.82,0,4.043253842897693e-18,7.584700601595212e-19,7.365567988618866e-19,2.093757025395382e-15,0,1.8615790734449805e-17,7.648655704319034e-19,3.680789423618106e-19,8.092485015431805e-16,0,1.4329384566536306e-17,4.433211762948405e-21,7.404940567839886e-22,3.0734061095530254e-19,21206.132177667554,2.250851624428395e-16,5.298089440803677e-16,2.176100712656632e-17,5.986583612574041e-14,1.285050120580686,7.722118347196172e-4,0,3.6988429143883806e-17,1.527768842354373e-18,1.1053762352804812e-18,2.9033128675495177e-15, 16,Sub-Saharan Africa,Malawi,Dowa,TA Mkukula,20405,MW20405,0.1440529,0.003529529,0.2040522,0.02939432,0.01225080,0.000720208,0.2906929,0.03251866,0.5957723,0.1731868,0.05593302,0.01937372,0.05,9.22e-06,0.1,0.2217238,9.22469e-05,4.09e-05,30,2020-04-02
255,1943.5570997601437,2.113175636884457e-17,4.974025548795042e-17,9.278615945580385e-18,2.4991304478971008e-14,0.03654279241827808,3.574474388771773e-4,7602.852333433437,9.729400345549322e-17,2.2901213633950915e-16,9.356863334079009e-18,2.8201814992782516e-14,1.1512518470166242,4.1471953824111436e-4,11659.722744473975,7.48914303763958e-17,1.7628060691250794e-16,5.423292016738633e-20,2.1856600699084745e-17,0.09725548114578779,4.4857603906225125e-8,1943.594,7603.004,11659.82,0,3.472598832963877e-18,6.514214415294886e-19,6.326010126215151e-19,1.861141449288617e-15,0,1.5988403315758135e-17,6.569143037256812e-19,3.161291761213067e-19,7.193139313355079e-16,0,1.23069700933839e-17,3.807519048668866e-21,6.359826040481899e-22,2.7321444760381483e-19,21206.132177667554,1.9331719020073359e-16,4.550329987399675e-16,1.868971219982678e-17,5.321497607245261e-14,1.2850501205806901,7.722118347221979e-4,0,3.176797224210591e-17,1.3121432643038386e-18,9.4936617134687e-19,2.5807285950717286e-15, 16,Sub-Saharan Africa,Malawi,Dowa,TA Mkukula,20405,MW20405,0.1440529,0.003529529,0.2040522,0.02939432,0.01225080,0.000720208,0.2906929,0.03251866,0.5957723,0.1731868,0.05593302,0.01937372,0.05,9.22e-06,0.1,0.2217238,9.22469e-05,4.09e-05,30,2020-04-02
256,1943.5570997601437,1.8149271686258343e-17,4.272003685839877e-17,7.9690551976834e-18,2.221500765932391e-14,0.03654279241827922,3.574474388788317e-4,7602.852333433437,8.356216448971818e-17,1.966899203571232e-16,8.036258410773781e-18,2.5068537247663985e-14,1.1512518470166269,4.1471953824175376e-4,11659.722744473975,6.43214360985013e-17,1.5140079116973889e-16,4.6578622683939385e-20,1.942860705065513e-17,0.09725548114578784,4.4857603906467985e-8,1943.594,7603.004,11659.82,0,2.982484682586226e-18,5.59481404411874e-19,5.433172834769038e-19,1.6543840949956312e-15,0,1.3731838965775045e-17,5.641990163589305e-19,2.71511473440047e-19,6.394082312233262e-16,0,1.0569994277894495e-17,3.2701350799951483e-21,5.462216281721045e-22,2.4286022784556893e-19,21206.132177667554,1.6603287227447782e-16,3.908107483852609e-16,1.605189223114112e-17,4.730297351403855e-14,1.285050120580694,7.72211834724492e-4,0,2.7284317926255766e-17,1.1269505558507997e-18,8.153749785451229e-19,2.294035186446803e-15, 16,Sub-Saharan Africa,Malawi,Dowa,TA Mkukula,20405,MW20405,0.1440529,0.003529529,0.2040522,0.02939432,0.01225080,0.000720208,0.2906929,0.03251866,0.5957723,0.1731868,0.05593302,0.01937372,0.05,9.22e-06,0.1,0.2217238,9.22469e-05,4.09e-05,30,2020-04-02
257,1943.5570997601437,1.5587727635409747e-17,3.6690634802873626e-17,6.844322561338126e-18,1.9747115608032065e-14,0.03654279241828023,3.574474388803023e-4,7602.852333433437,7.176840387100916e-17,1.6892958334666838e-16,6.902040452274485e-18,2.228336516600951e-14,1.1512518470166293,4.1471953824232216e-4,11659.722744473975,5.52432650959395e-17,1.3003245203679721e-16,4.000463314402582e-20,1.7270317429933294e-17,0.09725548114578789,4.485760390668386e-8,1943.594,7603.004,11659.82,0,2.5615440508485964e-18,4.805175603867244e-19,4.666348349135952e-19,1.4706118267593382e-15,0,1.179376061870901e-17,4.845693392353604e-19,2.331910047218408e-19,5.683929889255257e-16,0,9.078171002561803e-18,2.8085961758187758e-21,4.691292857866171e-22,2.1587428754163895e-19,21206.132177667554,1.425993966023584e-16,3.356526701863392e-16,1.3786367646756636e-17,4.204775109147151e-14,1.2850501205806975,7.722118347265311e-4,0,2.343347567211941e-17,9.678954957979035e-19,7.002949689212227e-19,2.0392206899724056e-15, 16,Sub-Saharan Africa,Malawi,Dowa,TA Mkukula,20405,MW20405,0.1440529,0.003529529,0.2040522,0.02939432,0.01225080,0.000720208,0.2906929,0.03251866,0.5957723,0.1731868,0.05593302,0.01937372,0.05,9.22e-06,0.1,0.2217238,9.22469e-05,4.09e-05,30,2020-04-02
258,1943.5570997601437,1.3387713679747138e-17,3.151220788149415e-17,5.878331867784839e-18,1.7553371383103354e-14,0.03654279241828112,3.5744743888160954e-4,7602.852333433437,6.16391859361119e-17,1.4508727279935965e-16,5.927903256162915e-18,1.9807625465220853e-14,1.1512518470166313,4.1471953824282734e-4,11659.722744473975,4.744636506149523e-17,1.1167998825984367e-16,3.4358479708114655e-20,1.5351775032020832e-17,0.09725548114578793,4.485760390687576e-8,1943.594,7603.004,11659.82,0,2.200013955662609e-18,4.1269848114441263e-19,4.007751543914809e-19,1.3072225593657727e-15,0,1.0129217934897264e-17,4.161784011298091e-19,2.002789936978526e-19,5.051840022696208e-16,0,7.79690003444427e-18,2.4121977485736333e-21,4.029175592242398e-22,1.91899284667402e-19,21206.132177667554,1.2247326467735426e-16,2.882794689406975e-16,1.184059360365587e-17,3.737634862335623e-14,1.2850501205807003,7.722118347283437e-4,0,2.0126131925004142e-17,8.312890800227954e-19,6.0145706564855775e-19,1.812598460920061e-15, 16,Sub-Saharan Africa,Malawi,Dowa,TA Mkukula,20405,MW20405,0.1440529,0.003529529,0.2040522,0.02939432,0.01225080,0.000720208,0.2906929,0.03251866,0.5957723,0.1731868,0.05593302,0.01937372,0.05,9.22e-06,0.1,0.2217238,9.22469e-05,4.09e-05,30,2020-04-02
259,1943.5570997601437,1.1498204341277905e-17,2.7064651534818637e-17,5.048678682418614e-18,1.5603322922140832e-14,0.03654279241828192,3.5744743888277154e-4,7602.852333433437,5.293958117985557e-17,1.2461000798503726e-16,5.09125341334259e-18,1.7606941170846694e-14,1.151251847016633,4.1471953824327647e-4,11659.722744473975,4.074990052823263e-17,9.591774653770194e-17,2.95092100022849e-20,1.3646350130870417e-17,0.09725548114578797,4.485760390704634e-8,1943.594,7603.004,11659.82,0,1.8895093384692325e-18,3.544512217085146e-19,3.4421074399533636e-19,1.1619936783613394e-15,0,8.69960475625633e-18,3.574399937352458e-19,1.7201210381635602e-19,4.491307499521202e-16,0,6.696464533262598e-18,2.071746030071658e-21,3.460507867950706e-22,1.7058449464313558e-19,21206.132177667554,1.0518768604936611e-16,2.4759240605755783e-16,1.0169441305763489e-17,3.32239104431184e-14,1.285050120580703,7.72211834729955e-4,0,1.728557862798816e-17,7.139629614738321e-19,5.165688985984875e-19,1.6112950128081027e-15, 16,Sub-Saharan Africa,Malawi,Dowa,TA Mkukula,20405,MW20405,0.1440529,0.003529529,0.2040522,0.02939432,0.01225080,0.000720208,0.2906929,0.03251866,0.5957723,0.1731868,0.05593302,0.01937372,0.05,9.22e-06,0.1,0.2217238,9.22469e-05,4.09e-05,30,2020-04-02
260,1943.5570997601437,9.875375753811155e-18,2.324481246858904e-17,4.336120674634081e-18,1.3869900482210436e-14,0.03654279241828262,3.5744743888380446e-4,7602.852333433437,4.546781747592384e-17,1.0702285452998917e-16,4.3726862934439305e-18,1.5650754351088918e-14,1.1512518470166344,4.147195382436757e-4,11659.722744473975,3.499855870698338e-17,8.238014923854616e-17,2.5344353920936285e-20,1.2130370609216459e-17,0.097255481145788,4.485760390719796e-8,1943.594,7603.004,11659.82,0,1.6228285874667504e-18,3.0442483872755084e-19,2.956296929028526e-19,1.03291940972694e-15,0,7.471763703931729e-18,3.0699178233122993e-19,1.4773473398703204e-19,3.9920323990916273e-16,0,5.751341821249249e-18,1.7793448381460902e-21,2.9721004597473536e-22,1.5161889755851976e-19,21206.132177667554,9.034175193671838e-17,2.1264781623712437e-16,8.734151321998948e-18,2.953278520390857e-14,1.285050120580705,7.722118347313873e-4,0,1.484593411264773e-17,6.131959658969268e-19,4.436616369358594e-19,1.4322742685336613e-15, 16,Sub-Saharan Africa,Malawi,Dowa,TA Mkukula,20405,MW20405,0.1440529,0.003529529,0.2040522,0.02939432,0.01225080,0.000720208,0.2906929,0.03251866,0.5957723,0.1731868,0.05593302,0.01937372,0.05,9.22e-06,0.1,0.2217238,9.22469e-05,4.09e-05,30,2020-04-02
261,1943.5570997601437,8.481589244994635e-18,1.9964096193429676e-17,3.724131326837199e-18,1.232904100200476e-14,0.03654279241828325,3.574474388847226e-4,7602.852333433437,3.905060032506809e-17,9.191790914375011e-17,3.75553598836921e-18,1.3911901866401105e-14,1.151251847016636,4.1471953824403053e-4,11659.722744473975,3.005894727772121e-17,7.0753215466519e-17,2.176731509059889e-20,1.0782793511751948e-17,0.09725548114578803,4.485760390733275e-8,1943.594,7603.004,11659.82,0,1.3937865088165197e-18,2.6145905770617877e-19,2.5390524999606065e-19,9.181566097693494e-16,0,6.41721715085575e-18,2.6366370880944104e-19,1.268838130606537e-19,3.548593710545056e-16,0,4.939611429262172e-18,1.5282124385288177e-21,2.5526256344331065e-22,1.3479073517674097e-19,21206.132177667554,7.759113684778394e-17,1.8263522080369878e-16,7.501434630297008e-18,2.6251725661917617e-14,1.2850501205807072,7.722118347326605e-4,0,1.2750615088934441e-17,5.266509789541486e-19,3.8104432562015765e-19,1.2731507715590318e-15, 16,Sub-Saharan Africa,Malawi,Dowa,TA Mkukula,20405,MW20405,0.1440529,0.003529529,0.2040522,0.02939432,0.01225080,0.000720208,0.2906929,0.03251866,0.5957723,0.1731868,0.05593302,0.01937372,0.05,9.22e-06,0.1,0.2217238,9.22469e-05,4.09e-05,30,2020-04-02
262,1943.5570997601437,7.284518373108672e-18,1.714641223056747e-17,3.1985166317461676e-18,1.0959354176783414e-14,0.036542792418283815,3.574474388855388e-4,7602.852333433437,3.353909359210159e-17,7.894483901483372e-17,3.2254887757065972e-18,1.2366238245646885e-14,1.151251847016637,4.14719538244346e-4,11659.722744473975,2.5816500587892893e-17,6.076727882428641e-17,1.8695130494962583e-20,9.584913067503702e-18,0.09725548114578804,4.485760390745256e-8,1943.594,7603.004,11659.82,0,1.1970708718859628e-18,2.2455736246706597e-19,2.1806969091053024e-19,8.161873954470877e-16,0,5.511506732966502e-18,2.2645085421955497e-19,1.0897574037877028e-19,3.154486220846575e-16,0,4.242446689828315e-18,1.3125242543942886e-21,2.1923544250152976e-22,1.1980883992218053e-19,21206.132177667554,6.664011255310316e-17,1.568585300696876e-16,6.442700537947727e-18,2.3335177335497802e-14,1.285050120580709,7.722118347337923e-4,0,1.095102429468078e-17,4.523207409410152e-19,3.2726466673180203e-19,1.1317558263716674e-15, 16,Sub-Saharan Africa,Malawi,Dowa,TA Mkukula,20405,MW20405,0.1440529,0.003529529,0.2040522,0.02939432,0.01225080,0.000720208,0.2906929,0.03251866,0.5957723,0.1731868,0.05593302,0.01937372,0.05,9.22e-06,0.1,0.2217238,9.22469e-05,4.09e-05,30,2020-04-02
263,1943.5570997601437,6.256399171762098e-18,1.4726409326213748e-17,2.7470858879945605e-18,9.741825614831692e-15,0.036542792418284314,3.5744743888626424e-4,7602.852333433437,2.88054675118956e-17,6.78027564531905e-17,2.770251136974483e-18,1.0992300454280028e-14,1.1512518470166382,4.1471953824462636e-4,11659.722744473975,2.217282250238615e-17,5.219073297279554e-17,1.6056546299992165e-20,8.520101132786198e-18,0.09725548114578805,4.485760390755906e-8,1943.594,7603.004,11659.82,0,1.028119201346574e-18,1.928638827005768e-19,1.8729187341780202e-19,7.25439673610051e-16,0,4.733626080205991e-18,1.944901314295663e-19,9.359516950232357e-20,2.8037468180475145e-16,0,3.6436780855067444e-18,1.1272777754938257e-21,1.8829309852321216e-22,1.0650115822742742e-19,21206.132177667554,5.723468918604384e-17,1.3471989875219978e-16,5.5333935712690355e-18,2.0742646170244506e-14,1.2850501205807106,7.722118347347982e-4,0,9.405423367059309e-18,3.8848129190563693e-19,2.810753360186488e-19,1.0059208565730299e-15, 16,Sub-Saharan Africa,Malawi,Dowa,TA Mkukula,20405,MW20405,0.1440529,0.003529529,0.2040522,0.02939432,0.01225080,0.000720208,0.2906929,0.03251866,0.5957723,0.1731868,0.05593302,0.01937372,0.05,9.22e-06,0.1,0.2217238,9.22469e-05,4.09e-05,30,2020-04-02
264,1943.5570997601437,5.373386213226885e-18,1.2647959743491329e-17,2.3593689587555224e-18,8.659552958270261e-15,0.03654279241828476,3.574474388869091e-4,7602.852333433437,2.473993390141087e-17,5.823324032590511e-17,2.379264630960803e-18,9.771009901377157e-15,1.151251847016639,4.147195382448756e-4,11659.722744473975,1.904340427718555e-17,4.482465992745459e-17,1.3790365251613654e-20,7.573576455464959e-18,0.09725548114578807,4.485760390765373e-8,1943.594,7603.004,11659.82,0,8.830129585352133e-19,1.6564354354941398e-19,1.6085796058024623e-19,6.44883452194378e-16,0,4.0655336104847294e-18,1.6704026732747418e-19,8.038537497743592e-20,2.4925807945441747e-16,0,3.1294182252005986e-18,9.681765336845194e-22,1.6171787910315155e-22,9.466916674546891e-20,21206.132177667554,4.915672439182331e-17,1.1570585999685103e-16,4.752423954967939e-18,1.8438136436102884e-14,1.2850501205807119,7.722118347356924e-4,0,8.077964794220542e-18,3.336519874105727e-19,2.414050534367853e-19,8.94236200815541e-16, 16,Sub-Saharan Africa,Malawi,Dowa,TA Mkukula,20405,MW20405,0.1440529,0.003529529,0.2040522,0.02939432,0.01225080,0.000720208,0.2906929,0.03251866,0.5957723,0.1731868,0.05593302,0.01937372,0.05,9.22e-06,0.1,0.2217238,9.22469e-05,4.09e-05,30,2020-04-02
265,1943.5570997601437,4.614999555426468e-18,1.08628574777088e-17,2.0263734357265602e-18,7.697511308088055e-15,0.036542792418285154,3.574474388874824e-4,7602.852333433437,2.1248199814690226e-17,5.001434243051511e-17,2.043461009143798e-18,8.68540754916101e-15,1.15125184701664,4.147195382450971e-4,11659.722744473975,1.6355664526786345e-17,3.849821650347602e-17,1.1844027317036911e-20,6.732199560753349e-18,0.09725548114578808,4.4857603907737886e-8,1943.594,7603.004,11659.82,0,7.583866578004169e-19,1.4226501683254343e-19,1.3815486458790664e-19,5.732718987017105e-16,0,3.491734086720644e-18,1.4346461028644106e-19,6.903997871237449e-20,2.2150250383878856e-16,0,2.6877397503992054e-18,8.315304538685092e-22,1.388934194222626e-22,8.415404679869482e-20,21206.132177667554,4.221886389690304e-17,9.937541641169993e-17,4.0816784721873954e-18,1.6389651056809818e-14,1.2850501205807132,7.722118347364873e-4,0,6.9378604949202665e-18,2.86561157572853e-19,2.0733373671970338e-19,7.948585565872977e-16, 16,Sub-Saharan Africa,Malawi,Dowa,TA Mkukula,20405,MW20405,0.1440529,0.003529529,0.2040522,0.02939432,0.01225080,0.000720208,0.2906929,0.03251866,0.5957723,0.1731868,0.05593302,0.01937372,0.05,9.22e-06,0.1,0.2217238,9.22469e-05,4.09e-05,30,2020-04-02
266,1943.5570997601437,3.963649745480151e-18,9.329700202361643e-18,1.740376076343252e-18,6.842344699587552e-15,0.0365427924182855,3.574474388879919e-4,7602.852333433437,1.8249280582790916e-17,4.295543979424441e-17,1.755051893525173e-18,7.720418448066104e-15,1.151251847016641,4.1471953824529406e-4,11659.722744473975,1.4047265825837276e-17,3.306467190706427e-17,1.0172390650401206e-20,5.98429041393156e-18,0.09725548114578811,4.485760390781269e-8,1943.594,7603.004,11659.82,0,6.513498099463172e-19,1.2218607849186156e-19,1.1865602728790297e-19,5.095208109595628e-16,0,2.9989192318993097e-18,1.232163641425771e-19,5.929584407349252e-20,1.9694532463199188e-16,0,2.308398700949069e-18,7.141702691573135e-22,1.1929034678965096e-22,7.48035971543954e-20,21206.132177667554,3.626019615410834e-17,8.534981190367033e-17,3.505600360518826e-18,1.4568747438067587e-14,1.2850501205807148,7.722118347371938e-4,0,5.958667742794696e-18,2.4611661290359596e-19,1.7807116170818514e-19,7.065409391887091e-16, 16,Sub-Saharan Africa,Malawi,Dowa,TA Mkukula,20405,MW20405,0.1440529,0.003529529,0.2040522,0.02939432,0.01225080,0.000720208,0.2906929,0.03251866,0.5957723,0.1731868,0.05593302,0.01937372,0.05,9.22e-06,0.1,0.2217238,9.22469e-05,4.09e-05,30,2020-04-02
267,1943.5570997601437,3.4042298630912762e-18,8.012929014552876e-18,1.4947436769927978e-18,6.082180735653711e-15,0.03654279241828581,3.574474388884449e-4,7602.852333433437,1.5673621515940685e-17,3.689281350721976e-17,1.5073481388211784e-18,6.8626424287923796e-15,1.1512518470166417,4.147195382454691e-4,11659.722744473975,1.2064668901530747e-17,2.839800457131525e-17,8.736684609557109e-21,5.3194663311303505e-18,0.09725548114578812,4.485760390787918e-8,1943.594,7603.004,11659.82,0,5.594198823888745e-19,1.0494103265318606e-19,1.0190920761209096e-19,4.529796676644438e-16,0,2.575659066850231e-18,1.0582590621325042e-19,5.092697289114579e-20,1.750444407477847e-16,0,1.9825969243065286e-18,6.133740152709183e-22,1.0245400280575077e-22,6.649208635946258e-20,21206.132177667554,3.114252028056271e-17,7.330374709308789e-17,3.0108285004235333e-18,1.2950142630777221e-14,1.2850501205807157,7.722118347378219e-4,0,5.117675873545634e-18,2.113803128817074e-19,1.529386345060425e-19,6.280906004985879e-16, 16,Sub-Saharan Africa,Malawi,Dowa,TA Mkukula,20405,MW20405,0.1440529,0.003529529,0.2040522,0.02939432,0.01225080,0.000720208,0.2906929,0.03251866,0.5957723,0.1731868,0.05593302,0.01937372,0.05,9.22e-06,0.1,0.2217238,9.22469e-05,4.09e-05,30,2020-04-02
268,1943.5570997601437,2.9237651419388016e-18,6.882003708407363e-18,1.2837792277108747e-18,5.406465806388173e-15,0.036542792418286084,3.574474388888475e-4,7602.852333433437,1.3461484704082245e-17,3.1685851548427194e-17,1.2946046894338118e-18,6.100168045830929e-15,1.1512518470166424,4.147195382456247e-4,11659.722744473975,1.0361890883760606e-17,2.438997930639559e-17,7.503610541186752e-21,4.728497890036419e-18,0.09725548114578814,4.485760390793829e-8,1943.594,7603.004,11659.82,0,4.804647211524746e-19,9.012991062465891e-20,8.752599265488803e-20,4.0261847675249207e-16,0,2.212136811858441e-18,9.088989521949135e-20,4.3739263827317255e-20,1.5558301175166989e-16,0,1.702778017770141e-18,5.268038993379579e-22,8.799389838541576e-23,5.910701785058915e-20,21206.132177667554,2.6747140729781652e-17,6.295783456323015e-17,2.5858875276858733e-18,1.1511362350109138e-14,1.2850501205807165,7.722118347383802e-4,0,4.395379550781057e-18,1.8154660974348823e-19,1.313532503805907e-19,5.582605955220125e-16, 16,Sub-Saharan Africa,Malawi,Dowa,TA Mkukula,20405,MW20405,0.1440529,0.003529529,0.2040522,0.02939432,0.01225080,0.000720208,0.2906929,0.03251866,0.5957723,0.1731868,0.05593302,0.01937372,0.05,9.22e-06,0.1,0.2217238,9.22469e-05,4.09e-05,30,2020-04-02
269,1943.5570997601437,2.5111120426530366e-18,5.910694448388779e-18,1.1025897802018396e-18,4.805818609137476e-15,0.03654279241828633,3.574474388892054e-4,7602.852333433437,1.1561563500464585e-17,2.7213787535587508e-17,1.1118873329310756e-18,5.422407189665878e-15,1.151251847016643,4.14719538245763e-4,11659.722744473975,8.899438812830914e-18,2.0947636973617468e-17,6.444569478663532e-21,4.203180841938266e-18,0.09725548114578814,4.4857603907990824e-8,1943.594,7603.004,11659.82,0,4.12653099285765e-19,7.740919432221732e-20,7.517278912998808e-20,3.57895137137465e-16,0,1.899921203617659e-18,7.806191648977564e-20,3.7566010534463e-20,1.382899871005261e-16,0,1.4624520709296919e-18,4.524520788793944e-22,7.55746570701307e-23,5.2535895064467894e-20,21206.132177667554,2.2972114355948536e-17,5.4072118957593755e-17,2.2209216826115788e-18,1.0232428979645293e-14,1.2850501205807174,7.722118347388764e-4,0,3.7750263738331156e-18,1.5592356289087235e-19,1.128143743215212e-19,4.962376601330556e-16, 16,Sub-Saharan Africa,Malawi,Dowa,TA Mkukula,20405,MW20405,0.1440529,0.003529529,0.2040522,0.02939432,0.01225080,0.000720208,0.2906929,0.03251866,0.5957723,0.1731868,0.05593302,0.01937372,0.05,9.22e-06,0.1,0.2217238,9.22469e-05,4.09e-05,30,2020-04-02
270,1943.5570997601437,2.1566997978993037e-18,5.0764734141203915e-18,9.469729646223262e-19,4.271899936742841e-15,0.03654279241828654,3.574474388895235e-4,7602.852333433437,9.929792553649791e-18,2.3372899759950113e-17,9.549582596164295e-19,4.819948071734845e-15,1.1512518470166437,4.1471953824588593e-4,11659.722744473975,7.643393669291476e-18,1.799113846079364e-17,5.534998840547859e-21,3.7362222483969504e-18,0.09725548114578814,4.4857603908037524e-8,1943.594,7603.004,11659.82,0,3.5441224475373294e-19,6.648384896820985e-20,6.456308626930486e-20,3.18104917407247e-16,0,1.631770946814794e-18,6.704444747701727e-20,3.2264035193249416e-20,1.229485263598562e-16,0,1.2560451435394383e-18,3.8859409341417653e-22,6.490823657649248e-23,4.669930866229373e-20,21206.132177667554,1.972988602084057e-17,4.644051163486415e-17,1.9074662230793034e-18,9.095584230726084e-15,1.2850501205807183,7.722118347393175e-4,0,3.242228335107965e-18,1.3391689053864128e-19,9.689202969913077e-20,4.411001430757655e-16, 16,Sub-Saharan Africa,Malawi,Dowa,TA Mkukula,20405,MW20405,0.1440529,0.003529529,0.2040522,0.02939432,0.01225080,0.000720208,0.2906929,0.03251866,0.5957723,0.1731868,0.05593302,0.01937372,0.05,9.22e-06,0.1,0.2217238,9.22469e-05,4.09e-05,30,2020-04-02
271,1943.5570997601437,1.8523084351595862e-18,4.359992306974994e-18,8.133195230916892e-19,3.797296927466022e-15,0.036542792418286736,3.574474388898063e-4,7602.852333433437,8.528325788707669e-18,2.0074105542509415e-17,8.201777739418598e-19,4.284424541247405e-15,1.1512518470166442,4.147195382459952e-4,11659.722744473975,6.5646236815735326e-18,1.5451912953654947e-17,4.753802745675969e-21,3.3211392630680295e-18,0.09725548114578814,4.4857603908079035e-8,1943.594,7603.004,11659.82,0,3.0439136273971743e-19,5.710048027553354e-20,5.545081071620897e-20,2.8275992658421956e-16,0,1.4014667649421228e-18,5.758195724297546e-20,2.771036775335684e-20,1.0928757898653885e-16,0,1.0787699877179434e-18,3.3374886861449075e-22,5.574724817431906e-23,4.151123186036114e-20,21206.132177667554,1.6945257905440788e-17,3.988601080313936e-17,1.638251099779225e-18,8.085042607976494e-15,1.285050120580719,7.722118347397096e-4,0,2.7846281153997836e-18,1.150161863871235e-19,8.321692571774013e-20,3.9208901680261876e-16, 16,Sub-Saharan Africa,Malawi,Dowa,TA Mkukula,20405,MW20405,0.1440529,0.003529529,0.2040522,0.02939432,0.01225080,0.000720208,0.2906929,0.03251866,0.5957723,0.1731868,0.05593302,0.01937372,0.05,9.22e-06,0.1,0.2217238,9.22469e-05,4.09e-05,30,2020-04-02
272,1943.5570997601437,1.5908781288386436e-18,3.7446336001129684e-18,6.985295993710683e-19,3.375420170626935e-15,0.0365427924182869,3.5744743889005765e-4,7602.852333433437,7.324658633658441e-18,1.724089511693836e-17,7.044198781327458e-19,3.808399919654758e-15,1.1512518470166446,4.1471953824609236e-4,11659.722744473975,5.638108665471495e-18,1.3271067555726592e-17,4.082862732056956e-21,2.9521691545512798e-18,0.09725548114578814,4.485760390811594e-8,1943.594,7603.004,11659.82,0,2.614303063209426e-19,4.904145741014321e-20,4.76246192919071e-20,2.513722736907642e-16,0,1.2036671550492273e-18,4.945497986466293e-20,2.3799393858147023e-20,9.71445146547012e-17,0,9.265150161020378e-19,2.866443653770203e-22,4.7879218949801635e-23,3.690549020966588e-20,21206.132177667554,1.455364542796858e-17,3.4256596272777925e-17,1.407032340235871e-18,7.186772259436245e-15,1.2850501205807197,7.722118347400581e-4,0,2.3916124774722077e-18,9.878308164018316e-20,7.147189236900392e-20,3.4855369383567507e-16, 16,Sub-Saharan Africa,Malawi,Dowa,TA Mkukula,20405,MW20405,0.1440529,0.003529529,0.2040522,0.02939432,0.01225080,0.000720208,0.2906929,0.03251866,0.5957723,0.1731868,0.05593302,0.01937372,0.05,9.22e-06,0.1,0.2217238,9.22469e-05,4.09e-05,30,2020-04-02
273,1943.5570997601437,1.3663454599022764e-18,3.2161251240528146e-18,5.999408431962189e-19,3.0004122402895886e-15,0.036542792418287055,3.574474388902811e-4,7602.852333433437,6.290874132713101e-18,1.4807557119052468e-17,6.049997701367789e-19,3.3852637400849708e-15,1.151251847016645,4.147195382461787e-4,11659.722744473975,4.8423597246929105e-18,1.139802137029385e-17,3.5066175316070606e-21,2.624189322023954e-18,0.09725548114578814,4.485760390814874e-8,1943.594,7603.004,11659.82,0,2.245326689363672e-19,4.2119865423913315e-20,4.0902997267546954e-20,2.2345406774926246e-16,0,1.0337845009453401e-18,4.247502430868167e-20,2.0440405304368304e-20,8.635670303847043e-17,0,7.957489407785843e-19,2.4618807712810355e-22,4.1121663878899966e-23,3.2802674371402865e-20,21206.132177667554,1.2499579317308288e-17,2.942170361339913e-17,1.2084472308646048e-18,6.388300169696584e-15,1.2850501205807203,7.722118347403679e-4,0,2.0540661106602917e-18,8.484107780972309e-20,6.138452423579416e-20,3.098435734621043e-16, 16,Sub-Saharan Africa,Malawi,Dowa,TA Mkukula,20405,MW20405,0.1440529,0.003529529,0.2040522,0.02939432,0.01225080,0.000720208,0.2906929,0.03251866,0.5957723,0.1731868,0.05593302,0.01937372,0.05,9.22e-06,0.1,0.2217238,9.22469e-05,4.09e-05,30,2020-04-02
274,1943.5570997601437,1.1735027854992961e-18,2.762209048608243e-18,5.152666617889253e-19,2.667066387902042e-15,0.036542792418287194,3.574474388904797e-4,7602.852333433437,5.402995461292204e-18,1.2717654526675408e-17,5.196115743319334e-19,3.00913995817369e-15,1.1512518470166453,4.147195382462555e-4,11659.722744473975,4.15892085347766e-18,9.789332365119613e-18,3.011702154364432e-21,2.3326461940269507e-18,0.09725548114578814,4.4857603908177906e-8,1943.594,7603.004,11659.82,0,1.9284267440298026e-19,3.61751700903981e-20,3.513004844998333e-20,1.9862583799934441e-016,0,8.87878671420897e-19,3.6480202706536007e-20,1.755549622392019e-20,7.676151381197371e-17,0,6.834388712152502e-19,2.1144169100051347e-22,3.53178534121571e-23,2.9163079676169544e-20,21206.132177667554,1.0735419100269161e-17,2.5269195940403266e-17,1.0378899382752233e-18,5.678538992269758e-15,1.2850501205807205,7.722118347406433e-4,0,1.7641602170391272e-18,7.286681448793462e-20,5.272086252731568e-20,2.754165148909943e-16, 16,Sub-Saharan Africa,Malawi,Dowa,TA Mkukula,20405,MW20405,0.1440529,0.003529529,0.2040522,0.02939432,0.01225080,0.000720208,0.2906929,0.03251866,0.5957723,0.1731868,0.05593302,0.01937372,0.05,9.22e-06,0.1,0.2217238,9.22469e-05,4.09e-05,30,2020-04-02
275,1943.5570997601437,1.0078774570534178e-18,2.3723575836375293e-18,4.425431864202076e-19,2.3707542657342166e-15,0.03654279241828731,3.5744743889065623e-4,7602.852333433437,4.6404298256372656e-18,1.0922715702707737e-17,4.462748607587852e-19,2.6748053599523664e-15,1.1512518470166455,4.1471953824632373e-4,11659.722744473975,3.5719408818785444e-18,8.407689812053814e-18,2.586637911412618e-21,2.0734920239845337e-18,0.09725548114578814,4.4857603908203827e-8,1943.594,7603.004,11659.82,0,1.6562532844587832e-19,3.106949459570612e-20,3.017187943857126e-20,1.7650811368064012e-16,0,7.625656356549387e-19,3.1331475633944664e-20,1.5077756193030432e-20,6.82505267579625e-17,0,5.869799715991159e-19,1.815993251705119e-22,3.0333178406116305e-23,2.5920531674961675e-20,21206.132177667554,9.220248164569228e-18,2.1702763098399082e-17,8.914046850904054e-19,5.047633117710568e-15,1.285050120580721,7.722118347408881e-4,0,1.515170935699933e-18,6.258256955482129e-20,4.527996881000781e-20,2.447845609702776e-16, 16,Sub-Saharan Africa,Malawi,Dowa,TA Mkukula,20405,MW20405,0.1440529,0.003529529,0.2040522,0.02939432,0.01225080,0.000720208,0.2906929,0.03251866,0.5957723,0.1731868,0.05593302,0.01937372,0.05,9.22e-06,0.1,0.2217238,9.22469e-05,4.09e-05,30,2020-04-02
276,1943.5570997601437,8.656280845638473e-19,2.0375288059103583e-18,3.8008372389826565e-19,2.107361677912101e-15,0.03654279241828742,3.5744743889081323e-4,7602.852333433437,3.985490848724379e-18,9.381110178299363e-18,3.832887125342385e-19,2.377617034128077e-15,1.1512518470166457,4.147195382463844e-4,11659.722744473975,3.0678058354715798e-18,7.221048927308652e-18,2.221566187188697e-21,1.843128705373946e-18,0.09725548114578814,4.485760390822686e-8,1943.594,7603.004,11659.82,0,1.422493724895705e-19,2.6684421717636007e-20,2.5913494226867212e-20,1.5699247457590104e-16,0,6.549389769128868e-19,2.69094273767865e-20,1.294971836254129e-20,6.066111155056397e-17,0,5.041350464069646e-19,1.5596883824339717e-22,2.6052028123365906e-23,2.3035325698376715e-20,21206.132177667554,7.918924768759806e-18,1.8639687911518373e-17,7.655940026196929e-19,4.486821840745552e-15,1.2850501205807212,7.722118347411059e-4,0,1.301323395809422e-18,5.3749817932665906e-20,3.888926461753187e-20,2.176766214521634e-16, 16,Sub-Saharan Africa,Malawi,Dowa,TA Mkukula,20405,MW20405,0.1440529,0.003529529,0.2040522,0.02939432,0.01225080,0.000720208,0.2906929,0.03251866,0.5957723,0.1731868,0.05593302,0.01937372,0.05,9.22e-06,0.1,0.2217238,9.22469e-05,4.09e-05,30,2020-04-02
277,1943.5570997601437,7.434554424703499e-19,1.749956947234803e-18,3.2643963672837946e-19,1.8732314678568373e-15,0.03654279241828751,3.574474388909527e-4,7602.852333433437,3.4229883657583345e-18,8.057083107728454e-18,3.2919227604567156e-19,2.1134479016760234e-15,1.151251847016646,4.1471953824643833e-4,11659.722744473975,2.6348231830622397e-18,6.201887649898865e-18,1.908019786428568e-21,1.6383578272061485e-18,0.09725548114578814,4.4857603908247336e-8,1943.594,7603.004,11659.82,0,1.2217264209349742e-19,2.291824735640545e-20,2.225612705421784e-20,1.3948260949026015e-16,0,5.625024829660443e-19,2.3111496254470502e-20,1.11220266146395e-20,5.3939058081153846e-17,0,4.3298265240934014e-19,1.3395577587963207e-22,2.2375108831988063e-23,2.047437452191254e-20,21206.132177667554,6.801266991290924e-18,1.6008927704862123e-17,6.575399325604796e-19,3.9883177273600664e-15,1.2850501205807217,7.722118347412993e-4,0,1.1176577774688817e-18,4.616369938675559e-20,3.340052877768933e-20,1.934421419459359e-16, 16,Sub-Saharan Africa,Malawi,Dowa,TA Mkukula,20405,MW20405,0.1440529,0.003529529,0.2040522,0.02939432,0.01225080,0.000720208,0.2906929,0.03251866,0.5957723,0.1731868,0.05593302,0.01937372,0.05,9.22e-06,0.1,0.2217238,9.22469e-05,4.09e-05,30,2020-04-02
278,1943.5570997601437,6.385259498828803e-19,1.5029722810420844e-18,2.8036674452620143e-19,1.6651127493484276e-15,0.036542792418287603,3.574474388910767e-4,7602.852333433437,2.939876114850874e-18,6.919925997240456e-18,2.827308790051248e-19,1.878629407743288e-15,1.1512518470166462,4.147195382464863e-4,11659.722744473975,2.262950648862597e-18,5.326568315553182e-18,1.638726552634183e-21,1.4563362766891698e-18,0.09725548114578814,4.485760390826554e-8,1943.594,7603.004,11659.82,0,1.0492949258746962e-19,1.9683621681335435e-20,1.911495171468879e-20,1.2397851842371743e-16,0,4.831122509074604e-19,1.9849595892583485e-20,9.552290833896919e-21,4.797594613248357e-17,0,3.718725341996427e-19,1.1504958357851377e-22,1.9217140868644932e-23,1.8204590921067033e-20,21206.132177667554,5.841352713596351e-18,1.3749466593835722e-17,5.647363500839605e-19,3.5451984933684045e-15,1.2850501205807219,7.722118347414712e-4,0,9.599142776945727e-19,3.964826715749743e-20,2.8686459689454355e-20,1.7197266914712207e-16, 16,Sub-Saharan Africa,Malawi,Dowa,TA Mkukula,20405,MW20405,0.1440529,0.003529529,0.2040522,0.02939432,0.01225080,0.000720208,0.2906929,0.03251866,0.5957723,0.1731868,0.05593302,0.01937372,0.05,9.22e-06,0.1,0.2217238,9.22469e-05,4.09e-05,30,2020-04-02
279,1943.5570997601437,5.48405950625481e-19,1.2908464297400437e-18,2.407964674508129e-19,1.4801157767182752e-15,0.03654279241828768,3.574474388911869e-4,7602.852333433437,2.5249491517796472e-18,5.943264475202738e-18,2.428269305188469e-19,1.6699005801873066e-15,1.1512518470166464,4.1471953824652886e-4,11659.722744473975,1.9435632994580717e-18,4.574789422415914e-18,1.4074407033240095e-21,1.2945367730548058e-18,0.09725548114578814,4.485760390828172e-8,1943.594,7603.004,11659.82,0,9.011999925739923e-20,1.6905523204258167e-20,1.6417114163111305e-20,1.1020915083315153e-16,0,4.1492696307122693e-19,1.7048072213372666e-20,8.204103742644697e-21,4.255493527005605e-17,0,3.193873494045253e-19,9.881176525912858e-23,1.6504880728465105e-23,1.617965278153722e-20,21206.132177667554,5.0169184018632e-18,1.1808900327358695e-17,4.850308386729838e-19,3.1513108936786364e-15,1.2850501205807223,7.72211834741624e-4,0,8.244343117331514e-19,3.405240718288996e-20,2.4637722786484466e-20,1.527802657559891e-16, 16,Sub-Saharan Africa,Malawi,Dowa,TA Mkukula,20405,MW20405,0.1440529,0.003529529,0.2040522,0.02939432,0.01225080,0.000720208,0.2906929,0.03251866,0.5957723,0.1731868,0.05593302,0.01937372,0.05,9.22e-06,0.1,0.2217238,9.22469e-05,4.09e-05,30,2020-04-02
280,1943.5570997601437,4.710052688349322e-19,1.1086595050099933e-18,2.0681104238101107e-19,1.3156718278637743e-15,0.03654279241828775,3.574474388912849e-4,7602.852333433437,2.168583970892049e-18,5.104446584648039e-18,2.0855492825019599e-19,1.4843627474766651e-15,1.1512518470166468,4.1471953824656675e-4,11659.722744473975,1.6692535035530532e-18,3.929114773202835e-18,1.2087979701930539e-21,1.1507127849061343e-18,0.09725548114578814,4.48576039082961e-8,1943.594,7603.004,11659.82,0,7.740068179054882e-20,1.451951878726881e-20,1.410004279414905e-20,9.80118763926896e-17,0,3.5636518088759825e-19,1.4641948771625288e-20,7.046196497809802e-21,3.789286592836838e-17,0,2.7430979590501845e-19,8.486571311036465e-23,1.417542231206601e-23,1.4379707768621833e-20,21206.132177667554,4.3088427432800345e-18,1.0142220862860868e-17,4.165747686014001e-19,2.8011852881253455e-15,1.2850501205807228,7.7221183474176e-4,0,7.080756585831655e-19,2.924633327200446e-20,2.1160414714270918e-20,1.359191220288266e-16, 16,Sub-Saharan Africa,Malawi,Dowa,TA Mkukula,20405,MW20405,0.1440529,0.003529529,0.2040522,0.02939432,0.01225080,0.000720208,0.2906929,0.03251866,0.5957723,0.1731868,0.05593302,0.01937372,0.05,9.22e-06,0.1,0.2217238,9.22469e-05,4.09e-05,30,2020-04-02
281,1943.5570997601437,4.0452873098491384e-19,9.521859995985385e-19,1.7762223701823608e-19,1.1694975433306928e-15,0.036542792418287805,3.5744743889137197e-4,7602.852333433437,1.862515304712535e-18,4.3840174107210675e-18,1.7911999301074193e-19,1.3194392872491082e-15,1.151251847016647,4.147195382466004e-4,11659.722744473975,1.4336591249113734e-18,3.3745690730870425e-18,1.0381911844199853e-21,1.0228673442551441e-18,0.09725548114578814,4.485760390830889e-8,1943.594,7603.004,11659.82,0,6.647653785001838e-20,1.2470269228744843e-20,1.2109997204325215e-20,8.7061434450586e-17,0,3.060686661795141e-19,1.2575419739576535e-20,6.0517134647587956e-21,3.366447745567491e-17,0,2.3559437864167985e-19,7.288797283113264e-23,1.2174737930210064e-23,1.279152099252002e-20,21206.132177667554,3.700703160608822e-18,8.710772483406649e-18,3.57780421213398e-19,2.489959697924056e-15,1.285050120580723,7.722118347418807e-4,0,6.081395826712124e-19,2.511857694115251e-20,1.8173885407014222e-20,1.2073870342725344e-16, 16,Sub-Saharan Africa,Malawi,Dowa,TA Mkukula,20405,MW20405,0.1440529,0.003529529,0.2040522,0.02939432,0.01225080,0.000720208,0.2906929,0.03251866,0.5957723,0.1731868,0.05593302,0.01937372,0.05,9.22e-06,0.1,0.2217238,9.22469e-05,4.09e-05,30,2020-04-02
282,1943.5570997601437,3.4743452997376145e-19,8.177967840640568e-19,1.5255306822766819e-19,1.0395632265387648e-15,0.03654279241828786,3.574474388914494e-4,7602.852333433437,1.599644425510411e-18,3.76526785792987e-18,1.5383943292694115e-19,1.1728398466618305e-15,1.1512518470166473,4.1471953824663034e-4,11659.722744473975,1.2313159637271741e-18,2.898290603914867e-18,8.91663421546682e-22,9.092253244800113e-19,0.09725548114578814,4.485760390832025e-8,1943.594,7603.004,11659.82,0,5.709420101115238e-20,1.071024576731528e-20,1.0400821778133276e-20,7.741203511546502e-17,0,2.628708792021239e-19,1.080055558826378e-20,5.19758934779635e-21,2.992397996059992e-17,0,2.0234316118419924e-19,6.260074167332147e-23,1.0456425227331236e-23,1.1355535449127964e-20,21206.132177667554,3.1783949192113466e-18,7.481355245908793e-18,3.0728416457615605e-19,2.2133122985250755e-15,1.2850501205807232,7.722118347419881e-4,0,5.223082413974755e-19,2.1573402097252382e-20,1.560886755115696e-20,1.0734737061151407e-16, 16,Sub-Saharan Africa,Malawi,Dowa,TA Mkukula,20405,MW20405,0.1440529,0.003529529,0.2040522,0.02939432,0.01225080,0.000720208,0.2906929,0.03251866,0.5957723,0.1731868,0.05593302,0.01937372,0.05,9.22e-06,0.1,0.2217238,9.22469e-05,4.09e-05,30,2020-04-02
283,1943.5570997601437,2.98398465603601e-19,7.02374935463774e-19,1.3102210060693746e-19,9.240646651901514e-16,0.0365427924182879,3.5744743889151823e-4,7602.852333433437,1.3738745027180226e-18,3.233847111878771e-18,1.3212690959546378e-19,1.0425285377515321e-15,1.1512518470166473,4.1471953824665696e-4,11659.722744473975,1.0575310240617027e-18,2.489232919137574e-18,7.658162276177949e-22,8.082087974896395e-19,0.09725548114578814,4.485760390833035e-8,1943.594,7603.004,11659.82,0,4.903606437016046e-20,9.198627735334063e-21,8.932875189881005e-21,6.884683795282953e-17,0,2.2576992279238843e-19,9.276191445867796e-21,4.464014230949427e-21,2.6617163334519134e-17,0,1.7378493966547146e-19,5.376542529270924e-23,8.980630961079818e-24,1.0104838362947786e-20,21206.132177667554,2.7298039923833264e-18,6.425454966480119e-18,2.63914826430019e-19,1.967401411739173e-15,1.2850501205807234,7.722118347420835e-4,0,4.485909268280204e-19,1.852858460649457e-20,1.3405870051791512e-20,9.547410612571161e-17, 16,Sub-Saharan Africa,Malawi,Dowa,TA Mkukula,20405,MW20405,0.1440529,0.003529529,0.2040522,0.02939432,0.01225080,0.000720208,0.2906929,0.03251866,0.5957723,0.1731868,0.05593302,0.01937372,0.05,9.22e-06,0.1,0.2217238,9.22469e-05,4.09e-05,30,2020-04-02
284,1943.5570997601437,2.5628323207127714e-19,6.03243445775035e-19,1.1252996111564595e-19,8.213980827613842e-16,0.036542792418287944,3.5744743889157943e-4,7602.852333433437,1.1799691976024341e-18,2.7774297972099703e-18,1.1347883898882838e-19,9.266956662080273e-16,1.1512518470166473,4.1471953824668054e-4,11659.722744473975,9.082736680057495e-19,2.137908640794384e-18,6.577307980503133e-22,7.184151281052369e-19,0.09725548114578814,4.485760390833933e-8,1943.594,7603.004,11659.82,0,4.211523353232385e-20,7.90035579485817e-21,7.67211099296718e-21,6.120321263680673e-17,0,1.9390530511558842e-19,7.966972350454594e-21,3.833974121593389e-21,2.358139725155972e-17,0,1.492573560559532e-19,4.617710397025431e-23,7.713126676886796e-24,8.979872729875668e-21,21206.132177667554,2.3445260976794607e-18,5.51858188377939e-18,2.266665309025246e-19,1.7488121640975168e-15,1.2850501205807234,7.722118347421683e-4,0,3.8527789470386546e-19,1.5913505249283018e-20,1.1513798241237457e-20,8.479358976109632e-17, 16,Sub-Saharan Africa,Malawi,Dowa,TA Mkukula,20405,MW20405,0.1440529,0.003529529,0.2040522,0.02939432,0.01225080,0.000720208,0.2906929,0.03251866,0.5957723,0.1731868,0.05593302,0.01937372,0.05,9.22e-06,0.1,0.2217238,9.22469e-05,4.09e-05,30,2020-04-02
285,1943.5570997601437,2.201120401481054e-19,5.181031333740202e-19,9.664775699647006e-20,7.301378724146853e-16,0.03654279241828798,3.5744743889163375e-4,7602.852333433437,1.0134312155411608e-18,2.385430112063871e-18,9.746271170412523e-20,8.237326010213416e-16,1.1512518470166473,4.147195382467016e-4,11659.722744473975,7.8008213207879e-19,1.8361694163657697e-18,5.649002811182087e-22,6.385975016473128e-19,0.09725548114578814,4.485760390834731e-8,1943.594,7603.004,11659.82,0,3.617119192317175e-20,6.785318797594813e-21,6.589287972492534e-21,5.431852884152377e-17,0,1.6653798206127333e-19,6.842533253424079e-21,3.2928563406327887e-21,2.1033522146218786e-17,0,1.2819153592695944e-19,3.965977985744459e-23,6.624514839477462e-24,7.980638549911611e-21,21206.132177667554,2.013625387768056e-18,4.7397026618036615e-18,1.946753689817135e-19,1.5545090709376742e-15,1.2850501205807234,7.722118347422437e-4,0,3.309007099114045e-19,1.3667511830876337e-20,9.888768827964801e-21,7.536003162629247e-17, 16,Sub-Saharan Africa,Malawi,Dowa,TA Mkukula,20405,MW20405,0.1440529,0.003529529,0.2040522,0.02939432,0.01225080,0.000720208,0.2906929,0.03251866,0.5957723,0.1731868,0.05593302,0.01937372,0.05,9.22e-06,0.1,0.2217238,9.22469e-05,4.09e-05,30,2020-04-02
286,1943.5570997601437,1.8904596226101252e-19,4.449793175372261e-19,8.300712836205842e-20,6.490168042765539e-16,0.03654279241828801,3.574474388916821e-4,7602.852333433437,8.70397999134268e-19,2.0487563089065068e-18,8.370706166341629e-20,7.322094360691216e-16,1.1512518470166473,4.147195382467203e-4,11659.722744473975,6.699832376761152e-19,1.5770169319809695e-18,4.851716359525445e-22,5.676476144780967e-19,0.09725548114578814,4.485760390835441e-8,1943.594,7603.004,11659.82,0,3.106607788709288e-20,5.827655409456047e-21,5.659291946735623e-21,4.83554168928535e-17,0,1.4303321640689287e-19,5.876794755277802e-21,2.8281106069517984e-21,1.870248747537495e-17,0,1.1009889440267488e-19,3.4062295013870335e-23,5.6895470089767304e-24,7.10051837815519e-21,21206.132177667554,1.7294271990713955e-18,4.070752558424703e-18,1.6719936166142726e-19,1.3817938879601536e-15,1.2850501205807234,7.722118347423107e-4,0,2.841981886966606e-19,1.173851245974772e-20,8.493092100696398e-21,6.70650048866066e-17, 16,Sub-Saharan Africa,Malawi,Dowa,TA Mkukula,20405,MW20405,0.1440529,0.003529529,0.2040522,0.02939432,0.01225080,0.000720208,0.2906929,0.03251866,0.5957723,0.1731868,0.05593302,0.01937372,0.05,9.22e-06,0.1,0.2217238,9.22469e-05,4.09e-05,30,2020-04-02
287,1943.5570997601437,1.6236447503381703e-19,3.8217601917401676e-19,7.129170473509978e-20,5.769084313557257e-16,0.03654279241828804,3.574474388917251e-4,7602.852333433437,7.475521429368858e-19,1.7595998273359053e-18,7.18928506073538e-20,6.508551334740938e-16,1.1512518470166473,4.147195382467369e-4,11659.722744473975,5.754234333881163e-19,1.3544405987614712e-18,4.16695696557186e-22,5.045802872621786e-19,0.09725548114578814,4.485760390836072e-8,1943.594,7603.004,11659.82,0,2.6681487227195486e-20,5.005154302123824e-21,4.860553287880977e-21,4.298861613905025e-17,0,1.2284585619738215e-19,5.047358239528014e-21,2.4289579555807695e-21,1.6642503347652493e-17,0,9.455980428799884e-20,2.9254825563040337e-23,4.8865382479199406e-24,6.306424990104283e-21,21206.132177667554,1.4853400513588191e-18,3.496216445271393e-18,1.4360125103901077e-19,1.2282681451170816e-15,1.2850501205807234,7.722118347423704e-4,0,2.4408714771257647e-19,1.0081767367214878e-20,7.294397781709666e-21,5.963742591169285e-17, 16,Sub-Saharan Africa,Malawi,Dowa,TA Mkukula,20405,MW20405,0.1440529,0.003529529,0.2040522,0.02939432,0.01225080,0.000720208,0.2906929,0.03251866,0.5957723,0.1731868,0.05593302,0.01937372,0.05,9.22e-06,0.1,0.2217238,9.22469e-05,4.09e-05,30,2020-04-02
288,1943.5570997601437,1.39448748006904e-19,3.2823662555631627e-19,6.12297673911288e-20,5.128114498851363e-16,0.03654279241828807,3.5744743889176326e-4,7602.852333433437,6.420444520384486e-19,1.5112541881713362e-18,6.174606856040802e-20,5.78539873018265e-16,1.1512518470166473,4.1471953824675166e-4,11659.722744473975,4.942095698388593e-19,1.1632781477189827e-18,3.578842836639921e-22,4.485197873883203e-19,0.09725548114578814,4.4857603908366325e-8,1943.594,7603.004,11659.82,0,2.291572702691302e-20,4.29873900011758e-21,4.174546652424499e-21,3.8163916471489756e-17,0,1.0550769089843718e-19,4.334986375935877e-21,2.0861407384445296e-21,1.474514954580286e-17,0,8.121386354925704e-20,2.5125870654513297e-23,4.196864177385361e-24,5.6049758306593155e-21,21206.132177667554,1.275702769884212e-18,3.002768961446635e-18,1.2333372023520082e-19,1.0917998426907897e-15,1.2850501205807234,7.722118347424233e-4,0,2.0963728147460725e-19,8.65885124670797e-21,6.264884255046414e-21,5.2914670993123276e-17, 16,Sub-Saharan Africa,Malawi,Dowa,TA Mkukula,20405,MW20405,0.1440529,0.003529529,0.2040522,0.02939432,0.01225080,0.000720208,0.2906929,0.03251866,0.5957723,0.1731868,0.05593302,0.01937372,0.05,9.22e-06,0.1,0.2217238,9.22469e-05,4.09e-05,30,2020-04-02
289,1943.5570997601437,1.1976729094635497e-19,2.8191010673262356e-19,5.258794732008656e-20,4.558357969965645e-16,0.036542792418288096,3.574474388917972e-4,7602.852333433437,5.514278599668876e-19,1.297959448390348e-18,5.303137864843022e-20,5.1425936252988315e-16,1.1512518470166473,4.1471953824676473e-4,11659.722744473975,4.244580334198532e-19,9.990958999502628e-19,3.0737336971333942e-22,3.986876707128991e-19,0.09725548114578814,4.4857603908371314e-8,1943.594,7603.004,11659.82,0,1.9681457060549038e-20,3.692025435292812e-21,3.5853613183885064e-21,3.393552799879629e-17,0,9.061659207156097e-20,3.723156944259208e-21,1.791707909396824e-21,1.3064636178450328e-17,0,6.975153641900605e-20,2.1579666396586737e-23,3.60452901736197e-24,4.989553454919863e-21,21206.132177667554,1.0956531843330958e-18,2.5789654550732346e-18,1.0592669933823012e-19,9.704938471971607e-16,1.2850501205807234,7.722118347424703e-4,0,1.8004958555111606e-19,7.436762045948608e-21,5.380673756802693e-21,4.700515373070154e-17, 16,Sub-Saharan Africa,Malawi,Dowa,TA Mkukula,20405,MW20405,0.1440529,0.003529529,0.2040522,0.02939432,0.01225080,0.000720208,0.2906929,0.03251866,0.5957723,0.1731868,0.05593302,0.01937372,0.05,9.22e-06,0.1,0.2217238,9.22469e-05,4.09e-05,30,2020-04-02
290,1943.5570997601437,1.0286362685695421e-19,2.4212200007513837e-19,4.5165812641989886e-20,4.0519029274844857e-16,0.03654279241828812,3.5744743889182734e-4,7602.852333433437,4.736006732590702e-19,1.1147686093176915e-18,4.554665887120355e-20,4.571208913860096e-16,1.1512518470166473,4.147195382467764e-4,11659.722744473975,3.6455105916488366e-19,8.5808593520530215e-19,2.639914426372124e-22,3.543919738692325e-19,0.09725548114578814,4.485760390837574e-8,1943.594,7603.004,11659.82,0,1.6903664089400764e-20,3.1709419470209867e-21,3.0793321640776643e-21,3.0140820395097023e-17,0,7.782718670781744e-20,3.197679630231431e-21,1.5388306136026212e-21,1.1655173354219173e-17,0,5.990697425496956e-20,1.8533964780232664e-23,3.095794592817984e-24,4.427070638383804e-21,21206.132177667554,9.41015359280908e-19,2.214976544598132e-18,9.097646295583064e-20,8.626655761083275e-16,1.2850501205807237,7.722118347425121e-4,0,1.5463782505218776e-19,6.3871555420326505e-21,4.6212585722731034e-21,4.180042081995458e-17, 16,Sub-Saharan Africa,Malawi,Dowa,TA Mkukula,20405,MW20405,0.1440529,0.003529529,0.2040522,0.02939432,0.01225080,0.000720208,0.2906929,0.03251866,0.5957723,0.1731868,0.05593302,0.01937372,0.05,9.22e-06,0.1,0.2217238,9.22469e-05,4.09e-05,30,2020-04-02
291,1943.5570997601437,8.834570479615408e-20,2.0794948999729793e-19,3.879121994137348e-20,3.6017165496142533e-16,0.03654279241828814,3.5744743889185417e-4,7602.852333433437,4.0675782635450014e-19,9.5743287963754e-19,3.911831423593704e-20,4.0633093347584857e-16,1.1512518470166473,4.1471953824678674e-4,11659.722744473975,3.1309920951940464e-19,7.369777738335635e-19,2.267323346990045e-22,3.150176071295221e-19,0.09725548114578814,4.485760390837968e-8,1943.594,7603.004,11659.82,0,1.4517922060800133e-20,2.7234029146192255e-21,2.644722729580129e-21,2.6834003769016235e-17,0,6.684284690457005e-20,2.7463669060241054e-21,1.3216438041863827e-21,1.0354130747236567e-17,0,5.145184964547902e-20,1.5918126080304177e-23,2.658861700925604e-24,3.937379715752412e-21,21206.132177667554,8.082027406700588e-19,1.9023601434684017e-18,7.813626651200953e-20,7.668176060444035e-16,1.2850501205807237,7.722118347425492e-4,0,1.328126186108492e-19,5.485687946723635e-21,3.9690253954674374e-21,3.7192071895968554e-017, 16,Sub-Saharan Africa,Malawi,Dowa,TA Mkukula,20405,MW20405,0.1440529,0.003529529,0.2040522,0.02939432,0.01225080,0.000720208,0.2906929,0.03251866,0.5957723,0.1731868,0.05593302,0.01937372,0.05,9.22e-06,0.1,0.2217238,9.22469e-05,4.09e-05,30,2020-04-02
292,1943.5570997601437,7.58768069377234e-20,1.7860000485934026e-19,3.3316321702909733e-20,3.201547343697862e-16,0.03654279241828815,3.57447438891878e-4,7602.852333433437,3.493490162547409e-19,8.223031321051041e-19,3.3597250524833805e-20,3.6118412748370966e-16,1.1512518470166473,4.14719538246796e-4,11659.722744473975,2.6890914876513547e-19,6.329625237254234e-19,1.9473188620318495e-22,2.8001781446728796e-19,0.09725548114578814,4.485760390838318e-8,1943.594,7603.004,11659.82,0,1.2468897858430678e-20,2.33902845250465e-21,2.2714530101850074e-21,2.3852447794681098e-17,0,5.740881009975926e-20,2.358751361840497e-21,1.1351102127212563e-21,9.269928574751063e-18,0,4.419006075426917e-20,1.3671480490593588e-23,2.2835964493206576e-24,3.500628352324413e-21,21206.132177667554,6.941349719575998e-19,1.6338656606898678e-18,6.710830411394673e-20,6.816188796679631e-16,1.2850501205807237,7.722118347425824e-4,0,1.1406776871245911e-19,4.7114512948357404e-21,3.408846819355585e-21,3.3125876997784485e-17, 16,Sub-Saharan Africa,Malawi,Dowa,TA Mkukula,20405,MW20405,0.1440529,0.003529529,0.2040522,0.02939432,0.01225080,0.000720208,0.2906929,0.03251866,0.5957723,0.1731868,0.05593302,0.01937372,0.05,9.22e-06,0.1,0.2217238,9.22469e-05,4.09e-05,30,2020-04-02
293,1943.5570997601437,6.516773898951273e-20,1.533928346527623e-19,2.8614137247382134e-20,2.8458383453640373e-16,0.03654279241828817,3.574474388918992e-4,7602.852333433437,3.000427459506859e-19,7.062452684198862e-19,2.8855416314997806e-20,3.210534814748074e-16,1.1512518470166473,4.147195382468042e-4,11659.722744473975,2.3095596569021793e-19,5.436277329757369e-19,1.6724790283118665e-22,2.489065822789471e-19,0.09725548114578814,4.485760390838628e-8,1943.594,7603.004,11659.82,0,1.0709067948210665e-20,2.0089036670365558e-21,1.9508656685037295e-21,2.1196152472091612e-17,0,4.9306270304054983e-20,2.025842932675785e-21,9.74903518642536e-22,8.185726402265558e-18,0,3.7953183074917534e-20,1.1741920992600859e-23,1.961295218229958e-24,3.10358165829896e-21,21206.132177667554,5.961664506304166e-19,1.4032658360483854e-18,5.763680146521113e-20,6.0588622259349e-16,1.2850501205807237,7.722118347426118e-4,0,9.796852132718318e-20,4.046488520704942e-21,2.9277304823644956e-21,2.938498245601547e-17, 16,Sub-Saharan Africa,Malawi,Dowa,TA Mkukula,20405,MW20405,0.1440529,0.003529529,0.2040522,0.02939432,0.01225080,0.000720208,0.2906929,0.03251866,0.5957723,0.1731868,0.05593302,0.01937372,0.05,9.22e-06,0.1,0.2217238,9.22469e-05,4.09e-05,30,2020-04-02
294,1943.5570997601437,5.597012283781989e-20,1.3174334312248466e-19,2.4575607637758688e-20,2.529649960288691e-16,0.036542792418288186,3.5744743889191803e-4,7602.852333433437,2.576954426793574e-19,6.06567529291759e-19,2.478283304968272e-20,2.8538166576463983e-16,1.1512518470166473,4.147195382468115e-4,11659.722744473975,1.9835940256123833e-19,4.669014372763384e-19,1.4364294174890695e-22,2.212518913896558e-19,0.09725548114578814,4.485760390838905e-8,1943.594,7603.004,11659.82,0,9.197616151692843e-21,1.7253718909178077e-21,1.6755252425066885e-21,1.8810907692623502e-17,0,4.234730327132848e-20,1.7399203894272505e-21,8.373080077262323e-22,7.318364664277155e-18,0,3.2596563128979606e-20,1.0084694826055521e-23,1.6844827954167613e-24,2.7660919683773245e-21,21206.132177667554,5.120249680784157e-19,1.205212309690582e-18,4.9502083629190314e-20,5.385679136848985e-16,1.2850501205807237,7.722118347426379e-4,0,8.414148255200093e-20,3.475376975171114e-21,2.5145177330283377e-21,2.6132038448869034e-17, 16,Sub-Saharan Africa,Malawi,Dowa,TA Mkukula,20405,MW20405,0.1440529,0.003529529,0.2040522,0.02939432,0.01225080,0.000720208,0.2906929,0.03251866,0.5957723,0.1731868,0.05593302,0.01937372,0.05,9.22e-06,0.1,0.2217238,9.22469e-05,4.09e-05,30,2020-04-02
295,1943.5570997601437,4.807063585563364e-20,1.1314940816068602e-19,2.1107066250263843e-20,2.248591377367886e-16,0.0365427924182882,3.574474388919348e-4,7602.852333433437,2.2132493477738023e-19,5.209580637799827e-19,2.128504427963018e-20,2.5367327316298374e-16,1.1512518470166473,4.1471953824681796e-4,11659.722744473975,1.7036343904897224e-19,4.0100410429249275e-19,1.2336952723901324e-22,1.9666971867258167e-19,0.09725548114578814,4.485760390839151e-8,1943.594,7603.004,11659.82,0,7.899486982186251e-21,1.481857099461346e-21,1.4390456923289072e-21,1.6750923564901044e-17,0,3.637050790197718e-20,1.4943522582972116e-21,7.191323923427641e-22,6.451002926288751e-18,0,2.799596351226609e-20,8.661365532547167e-24,1.4467390021220436e-24,2.4616895029578104e-21,21206.132177667554,4.397590096819861e-19,1.0351115762331615e-18,4.2515480057133034e-20,4.787290806184449e-16,1.2850501205807237,7.722118347426611e-4,0,7.226595839642952e-20,2.984870723291105e-21,2.1596248236737932e-21,2.3204388180692753e-17, 16,Sub-Saharan Africa,Malawi,Dowa,TA Mkukula,20405,MW20405,0.1440529,0.003529529,0.2040522,0.02939432,0.01225080,0.000720208,0.2906929,0.03251866,0.5957723,0.1731868,0.05593302,0.01937372,0.05,9.22e-06,0.1,0.2217238,9.22469e-05,4.09e-05,30,2020-04-02
296,1943.5570997601437,4.1286063249727925e-20,9.717977594656218e-20,1.8128066338333328e-20,1.9987596014883238e-16,0.036542792418288214,3.574474388919497e-4,7602.852333433437,1.9008767188532077e-19,4.474313099705288e-19,1.8280924907973525e-20,2.254879391276731e-16,1.1512518470166473,4.147195382468237e-4,11659.722744473975,1.4631875771675424e-19,3.4440736057083524e-19,1.0595745296498646e-22,1.7481870501234338e-19,0.09725548114578814,4.4857603908393694e-8,1943.594,7603.004,11659.82,0,6.784572605905714e-21,1.2727113932828095e-21,1.2359422892752466e-21,1.4907779871675686e-17,0,3.123726289205946e-20,1.2834430158068994e-21,6.176357958450487e-22,5.7462715141731735e-18,0,2.4044681332217993e-20,7.438921472802348e-24,1.2425497873414567e-24,2.183756817139993e-21,21206.132177667554,3.7769249285180294e-19,8.890184464879262e-19,3.651494869927184e-20,4.2553871798151783e-16,1.2850501205807237,7.722118347426817e-4,0,6.206651683018317e-20,2.563593330562511e-21,1.8548206349076366e-21,2.0656235142666e-17, 16,Sub-Saharan Africa,Malawi,Dowa,TA Mkukula,20405,MW20405,0.1440529,0.003529529,0.2040522,0.02939432,0.01225080,0.000720208,0.2906929,0.03251866,0.5957723,0.1731868,0.05593302,0.01937372,0.05,9.22e-06,0.1,0.2217238,9.22469e-05,4.09e-05,30,2020-04-02
297,1943.5570997601437,3.5459048717132376e-20,8.346405877442767e-20,1.5569515212610577e-20,1.7766852590274652e-16,0.03654279241828822,3.574474388919629e-4,7602.852333433437,1.63259160289527e-19,3.8428194332744055e-19,1.5700799636686678e-20,2.0043422627968773e-16,1.1512518470166473,4.1471953824682875e-4,11659.722744473975,1.2566768421102214e-19,2.957985435692137e-19,9.100287636037826e-23,1.55395415597021e-19,0.09725548114578814,4.4857603908395627e-8,1943.594,7603.004,11659.82,0,5.827014532595549e-21,1.0930840032953004e-21,1.0615044053961312e-21,1.3227266504323154e-17,0,2.6828511595793782e-20,1.1023009907288961e-21,5.304641820795278e-22,5.041540102057596e-18,0,2.0651073505732106e-20,6.3890101936428e-24,1.0671793399125498e-24,1.9322939109238726e-21,21206.132177667554,3.243858932176815e-19,7.635445456710819e-19,3.1361317725657636e-20,3.7825814759803125e-16,1.2850501205807237,7.722118347427001e-4,0,5.330659963412144e-20,2.2017740042178393e-21,1.5930357668155715e-21,1.8270738900291674e-17, 16,Sub-Saharan Africa,Malawi,Dowa,TA Mkukula,20405,MW20405,0.1440529,0.003529529,0.2040522,0.02939432,0.01225080,0.000720208,0.2906929,0.03251866,0.5957723,0.1731868,0.05593302,0.01937372,0.05,9.22e-06,0.1,0.2217238,9.22469e-05,4.09e-05,30,2020-04-02
298,1943.5570997601437,3.045444484071269e-20,7.168414455831335e-20,1.337207175711309e-20,1.5792844239872758e-16,0.03654279241828823,3.574474388919747e-4,7602.852333433437,1.4021715955673696e-19,3.300453246710958e-19,1.3484826969824981e-20,1.7816418836649007e-16,1.1512518470166473,4.147195382468333e-4,11659.722744473975,1.0793125297957786e-19,2.5405025674336827e-19,7.815895220942553e-23,1.3813012673996368e-19,0.09725548114578814,4.4857603908397354e-8,1943.594,7603.004,11659.82,0,5.004603876419686e-21,9.388087861600662e-22,9.116862592589351e-22,1.1763593571467723e-17,0,2.304200073279003e-20,9.467249104124122e-22,4.555957578293095e-22,4.553649124439119e-18,0,1.7736431231444277e-20,5.487280838159e-24,9.165602494555866e-25,1.7271531190107218e-21,21206.132177667554,2.786028573770275e-19,6.557797259727775e-19,2.6935057679147495e-20,3.3623076089195763e-16,1.2850501205807237,7.722118347427164e-4,0,4.5783035840653994e-20,1.8910209774106376e-21,1.3681985773377002e-21,1.6318969849025852e-17, 16,Sub-Saharan Africa,Malawi,Dowa,TA Mkukula,20405,MW20405,0.1440529,0.003529529,0.2040522,0.02939432,0.01225080,0.000720208,0.2906929,0.03251866,0.5957723,0.1731868,0.05593302,0.01937372,0.05,9.22e-06,0.1,0.2217238,9.22469e-05,4.09e-05,30,2020-04-02
299,1943.5570997601437,2.6156178581043024e-20,6.15668187781814e-20,1.1484770116032897e-20,1.403815795890695e-16,0.036542792418288235,3.5744743889198514e-4,7602.852333433437,1.2042725075480975e-19,2.8346353043257862e-19,1.1581611294618478e-20,1.5836853818500536e-16,1.1512518470166473,4.147195382468373e-4,11659.722744473975,9.269809850289255e-20,2.181942215546424e-19,6.712778818097438e-23,1.227830807431249e-19,0.09725548114578814,4.485760390839889e-8,1943.594,7603.004,11659.82,0,4.298266259669665e-21,8.063075978740647e-22,7.830130811384057e-22,1.0462550964485118e-17,0,1.9789908801927208e-20,8.131064596078761e-22,3.912940808542024e-22,4.0115480381963664e-18,0,1.523315447668531e-20,4.7128193701462174e-24,7.871991699298684e-25,1.5352472168984194e-21,21206.132177667554,2.3928152783874532e-19,5.632245707654025e-19,2.313350919883235e-20,2.98872900854818e-16,1.2850501205807237,7.722118347427309e-4,0,3.9321329538282185e-20,1.624126876852087e-21,1.175094361162538e-21,1.4475634249898383e-17, 16,Sub-Saharan Africa,Malawi,Dowa,TA Mkukula,20405,MW20405,0.1440529,0.003529529,0.2040522,0.02939432,0.01225080,0.000720208,0.2906929,0.03251866,0.5957723,0.1731868,0.05593302,0.01937372,0.05,9.22e-06,0.1,0.2217238,9.22469e-05,4.09e-05,30,2020-04-02
300,1943.5570997601437,2.2464559165132088e-20,5.287742774669928e-20,9.863837630005207e-21,1.2478426349260117e-16,0.03654279241828824,3.5744743889199447e-4,7602.852333433437,1.0343044153968034e-19,2.434561773152953e-19,9.947010850064114e-21,1.4077235236388988e-16,1.1512518470166473,4.1471953824684084e-4,11659.722744473975,7.961491438998908e-20,1.873988199417336e-19,5.765353573850749e-23,1.0914115680992602e-19,0.09725548114578814,4.4857603908400246e-8,1943.594,7603.004,11659.82,0,3.6916194159109366e-21,6.925073049742448e-22,6.725005218217464e-22,9.324138683375338e-18,0,1.699680921512941e-20,6.983465919019219e-22,3.3606778614793375e-22,3.5236570605778894e-18,0,1.3083184112903467e-20,4.0476635095904345e-24,6.760957976028664e-25,1.3565762045869654e-21,21206.132177667554,2.055099150948015e-19,4.837324250037282e-19,1.9868502015807828e-20,2.65665757013301e-16,1.2850501205807237,7.722118347427438e-4,0,3.3771612743943815e-20,1.3949015603857571e-21,1.009244403767283e-21,1.2849152320157815e-17, 16,Sub-Saharan Africa,Malawi,Dowa,TA Mkukula,20405,MW20405,0.1440529,0.003529529,0.2040522,0.02939432,0.01225080,0.000720208,0.2906929,0.03251866,0.5957723,0.1731868,0.05593302,0.01937372,0.05,9.22e-06,0.1,0.2217238,9.22469e-05,4.09e-05,30,2020-04-02
301,1943.5570997601437,1.9293965933186837e-20,4.5414436227122996e-20,8.471679605953486e-21,1.1091989258638194e-16,0.03654279241828825,3.574474388920027e-4,7602.852333433437,8.883252063019322e-20,2.0909536469286364e-19,8.543113935931608e-21,1.2513125335944046e-16,1.1512518470166473,4.1471953824684404e-4,11659.722744473975,6.837825905431194e-20,1.6094980639336234e-19,4.951645618210748e-23,9.701491179075799e-20,0.09725548114578814,4.485760390840146e-8,1943.594,7603.004,11659.82,0,3.1705932319452503e-21,5.94768508578549e-22,5.775854358572378e-22,8.239936510889834e-18,0,1.4597920909487125e-20,5.997836527528306e-22,2.886359963334766e-22,3.198396408832238e-18,0,1.1236655335677148e-20,3.476386128979924e-24,5.806732842689966e-25,1.2176098616780567e-21,21206.132177667554,1.76504745617692e-19,4.15459607313349e-19,1.7064309998067202e-20,2.361481608576132e-16,1.2850501205807237,7.722118347427551e-4,0,2.9005169477109526e-20,1.1980285474603596e-21,8.668021054749834e-22,1.143955052958375e-17, 16,Sub-Saharan Africa,Malawi,Dowa,TA Mkukula,20405,MW20405,0.1440529,0.003529529,0.2040522,0.02939432,0.01225080,0.000720208,0.2906929,0.03251866,0.5957723,0.1731868,0.05593302,0.01937372,0.05,9.22e-06,0.1,0.2217238,9.22469e-05,4.09e-05,30,2020-04-02
302,1943.5570997601437,1.6570862517060314e-20,3.9004753175750944e-20,7.27600737403047e-21,9.859593009754898e-17,0.03654279241828826,3.574474388920101e-4,7602.852333433437,7.629491476646404e-20,1.7958415357599905e-19,7.337359617140149e-21,1.1122801564603273e-16,1.1512518470166473,4.147195382468469e-4,11659.722744473975,5.872751791656327e-20,1.382337422720908e-19,4.2527824194650283e-23,8.623594967791079e-20,0.09725548114578814,4.4857603908402535e-8,1943.594,7603.004,11659.82,0,2.723103416126523e-21,5.108243281423271e-22,4.960664338854187e-22,7.37257477290143e-18,0,1.2537605863729172e-20,5.151316470658581e-22,2.478986139510476e-22,2.8731357570865868e-018,0,9.65074113774867e-21,2.985737448048311e-24,4.987184717752755e-25,1.0720260738687239e-21,21206.132177667554,1.5159329520008763e-19,3.568226490238408e-19,1.465589481536527e-20,2.0991018169325962e-16,1.2850501205807237,7.722118347427654e-4,0,2.4911450417604365e-20,1.0289417126562335e-21,7.444637663082416e-22,1.0246782556061886e-17, 16,Sub-Saharan Africa,Malawi,Dowa,TA Mkukula,20405,MW20405,0.1440529,0.003529529,0.2040522,0.02939432,0.01225080,0.000720208,0.2906929,0.03251866,0.5957723,0.1731868,0.05593302,0.01937372,0.05,9.22e-06,0.1,0.2217238,9.22469e-05,4.09e-05,30,2020-04-02
303,1943.5570997601437,1.423209129272332e-20,3.3499717197715485e-20,6.249089408466584e-21,8.76412304365828e-17,0.03654279241828827,3.574474388920166e-4,7602.852333433437,6.552683609489865e-20,1.542380830056547e-19,6.3017825297806565e-21,9.886954897233581e-17,1.1512518470166473,4.1471953824684946e-4,11659.722744473975,5.04388589051039e-20,1.187237681773837e-19,3.652555068895334e-23,7.665458333020936e-20,0.09725548114578814,4.485760390840349e-8,1943.594,7603.004,11659.82,0,2.3387712243369937e-21,4.387278251264424e-22,4.260528252685644e-22,6.5052130349130266e-18,0,1.0768078671565394e-20,4.424272195327878e-22,2.12910806620323e-22,2.5478751053409354e-18,0,8.288659011459364e-21,2.5643377282812287e-24,4.283305616989085e-25,9.529120656610879e-22,21206.132177667554,1.3019778629272587e-19,3.0646156838075385e-19,1.2587397488936194e-20,1.8658743399224881e-16,1.2850501205807237,7.722118347427744e-4,0,2.139550890736175e-20,8.837193823875114e-22,6.393919624505864e-22,9.054041052319623e-18, 16,Sub-Saharan Africa,Malawi,Dowa,TA Mkukula,20405,MW20405,0.1440529,0.003529529,0.2040522,0.02939432,0.01225080,0.000720208,0.2906929,0.03251866,0.5957723,0.1731868,0.05593302,0.01937372,0.05,9.22e-06,0.1,0.2217238,9.22469e-05,4.09e-05,30,2020-04-02
304,1943.5570997601437,1.2223408549565824e-20,2.877164860577716e-20,5.3671081433882354e-21,7.790366265199443e-17,0.03654279241828828,3.574474388920224e-4,7602.852333433437,5.627853785218944e-20,1.3246929517746484e-19,5.412364273379199e-21,8.788421679051773e-17,1.1512518470166473,4.147195382468517e-4,11659.722744473975,4.332004106231879e-20,1.0196738436273805e-19,3.137042343551924e-23,6.813775596425237e-20,0.09725548114578814,4.485760390840434e-8,1943.594,7603.004,11659.82,0,2.0086827431574965e-21,3.768068471609414e-22,3.659207668323647e-22,5.800481622797449e-18,0,9.248298242709208e-21,3.799841180373702e-22,1.8286109330479904e-22,2.222614453595284e-18,0,7.118817842785111e-21,2.2024133397728498e-24,3.678770296603478e-25,8.536503921547246e-22,21206.132177667554,1.1182198746407406e-19,2.6320832814598005e-19,1.0810842840202954e-20,1.658560171984764e-16,1.2850501205807237,7.722118347427825e-4,0,1.8375798828651814e-20,7.589933785380845e-22,5.491497371668241e-22,8.023949726784888e-18, 16,Sub-Saharan Africa,Malawi,Dowa,TA Mkukula,20405,MW20405,0.1440529,0.003529529,0.2040522,0.02939432,0.01225080,0.000720208,0.2906929,0.03251866,0.5957723,0.1731868,0.05593302,0.01937372,0.05,9.22e-06,0.1,0.2217238,9.22469e-05,4.09e-05,30,2020-04-02
305,1943.5570997601437,1.0498226402340188e-20,2.471088811315229e-20,4.6096075660773785e-21,6.924799790991837e-17,0.036542792418288284,3.5744743889202753e-4,7602.852333433437,4.833552192566721e-20,1.137729011075029e-19,4.648476346078691e-21,7.811945261992884e-17,1.1512518470166473,4.147195382468537e-4,11659.722744473975,3.7205955851647376e-20,8.757595579501457e-20,2.69428782788464e-23,6.056719355519361e-20,0.09725548114578814,4.48576039084051e-8,1943.594,7603.004,11659.82,0,1.725182147225636e-21,3.23625245393611e-22,3.142756006668476e-22,5.149960319306146e-18,0,7.943015926522234e-21,3.2635408398492846e-22,1.5705252342749989e-22,2.0057740190981832e-18,0,6.114085210671415e-21,1.8915700789642163e-24,3.159557617818526e-25,7.610061635487855e-22,21206.132177667554,9.603970417965477e-20,2.2605974501566976e-19,9.285026790434915e-21,1.474280177234024e-16,1.2850501205807237,7.722118347427896e-4,0,1.5782283284419284e-20,6.518708994575037e-22,4.7164407985612935e-022,7.156495344567878e-18, 16,Sub-Saharan Africa,Malawi,Dowa,TA Mkukula,20405,MW20405,0.1440529,0.003529529,0.2040522,0.02939432,0.01225080,0.000720208,0.2906929,0.03251866,0.5957723,0.1731868,0.05593302,0.01937372,0.05,9.22e-06,0.1,0.2217238,9.22469e-05,4.09e-05,30,2020-04-02
306,1943.5570997601437,9.016532266592577e-21,2.122325347803075e-20,3.959018775567029e-21,6.15540316675467e-17,0.036542792418288284,3.574474388920321e-4,7602.852333433437,4.1513563944494775e-20,9.77152706148044e-20,3.99240170259406e-21,6.943964124394898e-17,1.1512518470166473,4.147195382468555e-4,11659.722744473975,3.1954797753690287e-020,7.521569844416422e-20,2.3140226056344794e-23,5.383776249551344e-20,0.09725548114578814,4.485760390840577e-8,1943.594,7603.004,11659.82,0,1.481694135747611e-21,2.779495655275996e-22,2.6991950747790385e-22,4.553649124439119e-18,0,6.821957981172433e-21,2.802932624756979e-22,1.3488651232051264e-22,1.7889335846010823e-18,0,5.251158097957089e-21,1.6245984797645945e-24,2.713625351133101e-25,6.683619349428464e-22,21206.132177667554,8.248489396477764e-20,1.9415422253699936e-19,7.974560704217435e-21,1.310475106739912e-16,1.2850501205807237,7.72211834742796e-4,0,1.3554810214877133e-20,5.598674264830621e-22,4.050773823335298e-22,6.343251070975144e-18, 16,Sub-Saharan Africa,Malawi,Dowa,TA Mkukula,20405,MW20405,0.1440529,0.003529529,0.2040522,0.02939432,0.01225080,0.000720208,0.2906929,0.03251866,0.5957723,0.1731868,0.05593302,0.01937372,0.05,9.22e-06,0.1,0.2217238,9.22469e-05,4.09e-05,30,2020-04-02
307,1943.5570997601437,7.743960836703669e-21,1.8227855111098968e-20,3.40025250273638e-21,5.471491446763693e-17,0.036542792418288284,3.574474388920361e-4,7602.852333433437,3.5654440517388134e-20,8.392397502726866e-20,3.42892383831384e-21,6.172423531625319e-17,1.1512518470166473,4.1471953824685705e-4,11659.722744473975,2.744477533506361e-20,6.459993774609536e-20,1.9874270903113635e-23,4.785600970968567e-20,0.09725548114578814,4.4857603908406373e-8,1943.594,7603.004,11659.82,0,1.2725714298889082e-21,2.387204400049677e-22,2.318237252656526e-22,4.0115480381963664e-18,0,5.859123427106641e-21,2.407333532645809e-22,1.158489580998595e-22,1.5720931501039814e-18,0,4.5100224186266765e-21,1.3953066025875017e-24,2.3306308779093305e-025,6.0218748593860415e-22,21206.132177667554,7.084317668915541e-20,1.6675176788446298e-19,6.849050611953334e-21,1.164870057935998e-16,1.2850501205807237,7.722118347428015e-4,0,1.1641717275622226e-20,4.8084909987213605e-22,3.4790574645330306e-22,5.5842433757862864e-18, 16,Sub-Saharan Africa,Malawi,Dowa,TA Mkukula,20405,MW20405,0.1440529,0.003529529,0.2040522,0.02939432,0.01225080,0.000720208,0.2906929,0.03251866,0.5957723,0.1731868,0.05593302,0.01937372,0.05,9.22e-06,0.1,0.2217238,9.22469e-05,4.09e-05,30,2020-04-02
308,1943.5570997601437,6.650997042691347e-21,1.565521998290317e-20,2.920349141123571e-21,4.8635668177689126e-17,0.036542792418288284,3.5744743889203973e-4,7602.852333433437,3.0622259517611973e-20,7.207914934958219e-20,2.9449738690721344e-21,5.486608122175012e-17,1.1512518470166473,4.147195382468585e-4,11659.722744473975,2.35712865089924e-20,5.548245968725841e-20,1.7069264703343886e-23,4.253886495559767e-20,0.09725548114578814,4.485760390840691e-8,1943.594,7603.004,11659.82,0,1.0929637940123217e-21,2.0502801782784526e-22,1.9910468899060428e-22,3.63207727782644e-18,0,5.0321809997761605e-21,2.067568334042592e-22,9.949831797087886e-23,1.463672932855431e-18,0,3.873488826071209e-21,1.1983764231354346e-24,2.001691311452592e-25,5.360130369343619e-22,21206.132177667554,6.084454306929572e-20,1.4321682901974377e-19,5.882392274899049e-21,1.0354428826439485e-16,1.2850501205807237,7.722118347428066e-4,0,9.998633619859691e-21,4.1298322765523986e-22,2.988031760926284e-22,5.096286223718805e-18, 16,Sub-Saharan Africa,Malawi,Dowa,TA Mkukula,20405,MW20405,0.1440529,0.003529529,0.2040522,0.02939432,0.01225080,0.000720208,0.2906929,0.03251866,0.5957723,0.1731868,0.05593302,0.01937372,0.05,9.22e-06,0.1,0.2217238,9.22469e-05,4.09e-05,30,2020-04-02
309,1943.5570997601437,5.7122914997514604e-21,1.3445680318363331e-20,2.508178171534303e-21,4.3231867072020025e-17,0.036542792418288284,3.5744743889204293e-4,7602.852333433437,2.6300308302624176e-20,6.190607355374785e-20,2.5293274212231087e-21,4.8769930943268837e-17,1.1512518470166473,4.1471953824685976e-4,11659.722744473975,2.0244492472751004e-020,4.765180030097699e-20,1.4660150245437602e-23,3.7812487295181e-20,0.09725548114578814,4.4857603908407386e-8,1943.594,7603.004,11659.82,0,9.387055429398868e-22,1.7609086215486758e-22,1.7100353782901477e-22,3.198396408832238e-18,0,4.3219512149877974e-21,1.7757567690417977e-22,8.545536741486104e-23,1.2468324983583301e-18,0,3.326794036241398e-21,1.0292404901221203e-24,1.7191774740142026e-25,4.764560328305439e-22,21206.132177667554,5.225709227512664e-20,1.2300355417308818e-19,5.0521657430028495e-21,9.203961050258404e-17,1.2850501205807237,7.722118347428111e-4,0,8.587450794169081e-21,3.5469577954916946e-22,2.5663082299127723e-22,4.445705363223399e-18, 16,Sub-Saharan Africa,Malawi,Dowa,TA Mkukula,20405,MW20405,0.1440529,0.003529529,0.2040522,0.02939432,0.01225080,0.000720208,0.2906929,0.03251866,0.5957723,0.1731868,0.05593302,0.01937372,0.05,9.22e-06,0.1,0.2217238,9.22469e-05,4.09e-05,30,2020-04-02
310,1943.5570997601437,4.9060725735852274e-21,1.1547989707023659e-20,2.154180009126885e-21,3.8428465443596944e-17,0.036542792418288284,3.5744743889204575e-4,7602.852333433437,2.2588346768332865e-20,5.3168800928220983e-20,2.172344301913046e-21,4.33511192680578e-17,1.1512518470166473,4.1471953824686084e-4,11659.722744473975,1.7387234053670183e-20,4.0926341130374216e-20,1.2591052333911093e-23,3.3611239718206594e-20,0.09725548114578814,4.48576039084078e-8,1943.594,7603.004,11659.82,0,8.06218926166233e-22,1.5123782623950853e-22,1.4686851472414215e-22,2.8189256484623115e-18,0,3.7119615342913106e-21,1.5251307784510054e-22,7.339440473917301e-23,1.0842021724855044e-18,0,2.8572584190808203e-21,8.839759912237836e-25,1.4765369513751463e-25,4.1689902872672595e-22,21206.132177667554,4.488165339558828e-20,1.0564313176561885e-19,4.339115363373842e-21,8.181319595137295e-17,1.2850501205807237,7.72211834742815e-4,0,7.375438879538363e-21,3.0463488007583285e-22,2.2041057315845268e-22,3.903544719976543e-18, 16,Sub-Saharan Africa,Malawi,Dowa,TA Mkukula,20405,MW20405,0.1440529,0.003529529,0.2040522,0.02939432,0.01225080,0.000720208,0.2906929,0.03251866,0.5957723,0.1731868,0.05593302,0.01937372,0.05,9.22e-06,0.1,0.2217238,9.22469e-05,4.09e-05,30,2020-04-02
311,1943.5570997601437,4.2136414253961676e-21,9.918134532135716e-21,1.8501442855692024e-21,3.415875546690083e-17,0.036542792418288284,3.574474388920483e-4,7602.852333433437,1.940028245509072e-20,4.56646857063479e-20,1.8657449116569646e-21,3.853438796418215e-17,1.1512518470166473,4.147195382468619e-4,11659.722744473975,1.4933242136999115e-20,3.51500969057296e-20,1.081398186207033e-23,2.987677768237024e-20,0.09725548114578814,4.485760390840818e-8,1943.594,7603.004,11659.82,0,6.924311481890598e-22,1.2989248735439246e-22,1.261398500218427e-22,2.5478751053409354e-18,0,3.188064313242146e-21,1.3098775304878966e-22,6.303569699578229e-23,1.0299920638612292e-18,0,2.453991916671068e-21,7.59213770304334e-25,1.2681421210725482e-25,3.771943593241806e-22,21206.132177667554,3.8547166017486e-20,9.073291714421321e-20,3.726703179088237e-21,7.272302020876535e-17,1.2850501205807237,7.722118347428186e-4,0,6.334487378102274e-21,2.6163945417348646e-22,1.8930236122973225e-22,3.578244363561489e-18, 16,Sub-Saharan Africa,Malawi,Dowa,TA Mkukula,20405,MW20405,0.1440529,0.003529529,0.2040522,0.02939432,0.01225080,0.000720208,0.2906929,0.03251866,0.5957723,0.1731868,0.05593302,0.01937372,0.05,9.22e-06,0.1,0.2217238,9.22469e-05,4.09e-05,30,2020-04-02
312,1943.5570997601437,3.618938325007834e-21,8.518313151749389e-21,1.589019423910705e-21,3.036344084150336e-17,0.036542792418288284,0.00035744743889205057,7602.852333433437,1.6662173783573813e-20,3.92196830520141e-20,1.6024182135002824e-21,3.425284059784072e-17,1.1512518470166473,4.1471953824686274e-4,11659.722744473975,1.2825600669624862e-20,3.018909773880584e-20,9.287722788697925e-24,2.655723891433489e-20,0.09725548114578814,4.485760390840851e-8,1943.594,7603.004,11659.82,0,5.947031003883334e-22,1.115597776736587e-22,1.083367785929185e-22,2.2768245622195593e-18,0,2.7381086715169064e-21,1.125004602307318e-22,5.413899206446632e-23,8.673617379884035e-19,0,2.1076414673742534e-21,6.520601857280253e-25,1.0891596295502157e-25,3.3087224502121107e-22,21206.132177667554,3.310671277820651e-20,7.792709394256933e-20,3.2007253601996852e-21,6.464283867825842e-17,1.2850501205807237,7.722118347428217e-4,0,5.440453239279493e-21,2.247122980901185e-22,1.6258468662033985e-22,3.144517172452984e-18, 16,Sub-Saharan Africa,Malawi,Dowa,TA Mkukula,20405,MW20405,0.1440529,0.003529529,0.2040522,0.02939432,0.01225080,0.000720208,0.2906929,0.03251866,0.5957723,0.1731868,0.05593302,0.01937372,0.05,9.22e-06,0.1,0.2217238,9.22469e-05,4.09e-05,30,2020-04-02
313,1943.5570997601437,3.1081701735576197e-21,7.316059155831315e-21,1.364749089610951e-21,2.698981335353235e-17,0.036542792418288284,3.574474388920526e-4,7602.852333433437,1.4310515109326524e-20,3.368431239385619e-20,1.376256804955174e-21,3.0447013476873024e-17,1.1512518470166473,4.147195382468635e-4,11659.722744473975,1.1015426591117111e-20,2.5928281925688446e-20,7.97687620404982e-24,2.3606523222332847e-20,0.09725548114578814,4.485760390840881e-8,1943.594,7603.004,11659.82,0,5.107681514502145e-22,9.581450202919344e-23,9.304638931848706e-23,2.0057740190981832e-18,0,2.3516586742472888e-21,9.662241894542963e-23,4.6497946423111724e-23,7.589415207398531e-19,0,1.8101740785077504e-21,5.600299974337557e-25,9.354382910409304e-26,2.9778502051908996e-22,21206.132177667554,2.8434111874001256e-20,6.692865347537595e-20,2.748982770770175e-21,5.74604333536277e-17,1.2850501205807237,7.722118347428245e-4,0,4.672600904205254e-21,1.9299695097205681e-22,1.3963787957070288e-22,2.7650133248585554e-18, 16,Sub-Saharan Africa,Malawi,Dowa,TA Mkukula,20405,MW20405,0.1440529,0.003529529,0.2040522,0.02939432,0.01225080,0.000720208,0.2906929,0.03251866,0.5957723,0.1731868,0.05593302,0.01937372,0.05,9.22e-06,0.1,0.2217238,9.22469e-05,4.09e-05,30,2020-04-02
314,1943.5570997601437,2.6694905966389103e-21,6.283488364564738e-21,1.1721317244455702e-21,2.399102092128442e-17,0.036542792418288284,3.5744743889205437e-4,7602.852333433437,1.2290763820207532e-20,2.893019048474674e-20,1.182015267469518e-21,2.7064049818147443e-17,1.1512518470166473,4.147195382468642e-4,11659.722744473975,9.460736076954389e-21,2.2268827291453668e-20,6.851039314152442e-24,2.098365232036789e-20,0.09725548114578814,4.4857603908409067e-8,1943.594,7603.004,11659.82,0,4.3867957691870945e-22,8.2291476268715e-23,7.991404835211749e-23,1.7889335846010823e-18,0,2.019751289118992e-21,8.298536577685699e-23,3.9935339372984446e-23,7.047314121155779e-19,0,1.5546905141627225e-21,4.809887260897094e-25,8.034128079935433e-26,2.5808035111654463e-22,21206.132177667554,2.442099049380083e-20,5.748250614076515e-20,2.360998031229241e-21,5.107605439175223e-17,1.2850501205807237,7.72211834742827e-4,0,4.013121380200424e-21,1.657578307716617e-22,1.1992972900590128e-22,2.4939230770677767e-18, 16,Sub-Saharan Africa,Malawi,Dowa,TA Mkukula,20405,MW20405,0.1440529,0.003529529,0.2040522,0.02939432,0.01225080,0.000720208,0.2906929,0.03251866,0.5957723,0.1731868,0.05593302,0.01937372,0.05,9.22e-06,0.1,0.2217238,9.22469e-05,4.09e-05,30,2020-04-02
315,1943.5570997601437,2.2927251879947248e-21,5.396652102817075e-21,1.0066999053582903e-21,2.1325416961503195e-17,0.036542792418288284,3.5744743889205594e-4,7602.852333433437,1.0556075314530644e-20,2.4847053776944053e-20,1.0151885080605137e-21,2.4056965669927897e-17,1.1512518470166473,4.1471953824686486e-4,11659.722744473975,8.125470800383766e-21,1.912585918131119e-20,5.8841003016410574e-24,1.8652200774845585e-20,0.09725548114578814,4.48576039084093e-8,1943.594,7603.004,11659.82,0,3.767654086441855e-22,7.067705750206066e-23,6.863517405149749e-23,1.5720931501039814e-18,0,1.7346885056768876e-21,7.127301312529555e-23,3.429896272290626e-23,6.505213034913027e-19,0,1.3352652765706226e-21,4.1310314740078483e-25,6.900210799560849e-26,2.3161057151484775e-22,21206.132177667554,2.0974271302909137e-20,4.9369565061072314e-20,2.027772513720445e-21,4.540103483220594e-17,1.2850501205807237,7.722118347428292e-4,0,3.446719190891696e-21,1.42363173774757e-22,1.0300313888239935e-22,2.222846064166799e-18, 16,Sub-Saharan Africa,Malawi,Dowa,TA Mkukula,20405,MW20405,0.1440529,0.003529529,0.2040522,0.02939432,0.01225080,0.000720208,0.2906929,0.03251866,0.5957723,0.1731868,0.05593302,0.01937372,0.05,9.22e-06,0.1,0.2217238,9.22469e-05,4.09e-05,30,2020-04-02
316,1943.5570997601437,1.9691355325422978e-21,4.6349817536200644e-21,8.646167305618116e-22,1.8955982041094047e-17,0.036542792418288284,3.5744743889205735e-4,7602.852333433437,9.06621652452668e-21,2.134020105134161e-20,8.719072716417516e-22,2.138399739589827e-17,1.1512518470166473,4.147195382468654e-4,11659.722744473975,6.978661617051571e-21,1.6426481943936588e-20,5.053632707130002e-24,1.6579790173622387e-20,0.09725548114578814,4.4857603908409503e-8,1943.594,7603.004,11659.82,0,3.23589655452427e-22,6.070186954525706e-23,5.894817261632775e-23,1.4094628242311558e-18,0,1.4898587900039648e-21,6.121371343539097e-23,2.945809056184532e-23,5.421010862427522e-19,0,1.1468091833321952e-21,3.5479877413229777e-25,5.926331843216765e-26,2.0514079191315086e-22,21206.132177667554,1.8014013674120547e-20,4.2401664748898266e-20,1.7415776349106935e-21,4.035655922716594e-17,1.2850501205807237,7.722118347428311e-4,0,2.960257628788587e-21,1.2227038175478034e-22,8.846552649660524e-23,1.951769051265821e-18, 16,Sub-Saharan Africa,Malawi,Dowa,TA Mkukula,20405,MW20405,0.1440529,0.003529529,0.2040522,0.02939432,0.01225080,0.000720208,0.2906929,0.03251866,0.5957723,0.1731868,0.05593302,0.01937372,0.05,9.22e-06,0.1,0.2217238,9.22469e-05,4.09e-05,30,2020-04-02
317,1943.5570997601437,1.6912165338436451e-21,3.98081170456867e-21,7.42586829242701e-22,1.684980978442978e-17,0.036542792418288284,3.574474388920586e-4,7602.852333433437,7.786632779733e-21,1.8328296988542373e-20,7.488484003768909e-22,1.9008021657396508e-17,1.1512518470166473,4.147195382468659e-4,11659.722744473975,5.993710292325224e-21,1.410808824282918e-20,4.340375287062248e-24,1.4737639491890094e-20,0.09725548114578814,4.485760390840969e-8,1943.594,7603.004,11659.82,0,2.779189986986527e-22,5.2134555349584335e-23,5.0628370985947276e-23,1.2468324983583301e-18,0,1.2795837447936796e-21,5.257415883325931e-23,2.5300447321421484e-23,4.87890977618477e-19,0,9.84951324726347e-22,3.0472333826358373e-25,5.0899037916566904e-26,1.852884572118782e-22,21206.132177667554,1.547155960590187e-20,3.641719693594022e-20,1.4957756049066541e-21,3.5872569081318176e-17,1.2850501205807237,7.722118347428329e-4,0,2.5424540682186794e-21,1.0501343752110723e-22,7.597971734528532e-23,1.734908764434019e-18, 16,Sub-Saharan Africa,Malawi,Dowa,TA Mkukula,20405,MW20405,0.1440529,0.003529529,0.2040522,0.02939432,0.01225080,0.000720208,0.2906929,0.03251866,0.5957723,0.1731868,0.05593302,0.01937372,0.05,9.22e-06,0.1,0.2217238,9.22469e-05,4.09e-05,30,2020-04-02
318,1943.5570997601437,1.4525223465127837e-21,3.418969624818452e-21,6.377799311992077e-22,1.4977649897010206e-17,0.036542792418288284,3.5744743889205973e-4,7602.852333433437,6.687646371812387e-21,1.5741485738283014e-20,6.431577588423442e-22,1.6896039839800764e-17,1.1512518470166473,4.147195382468663e-4,11659.722744473975,5.147772601722674e-21,1.2116906988606393e-20,3.727785282864743e-24,1.3100165412677346e-20,0.09725548114578814,4.485760390840985e-8,1943.594,7603.004,11659.82,0,2.3869418733086147e-22,4.4776411037371354e-23,4.348280590831288e-23,1.1384122811097797e-18,0,1.0989864079206134e-21,4.51539699508312e-23,2.1729603733841997e-23,4.336808689942018e-19,0,8.4593769060255015e-22,2.6171542759140854e-25,4.37152715894457e-26,1.5881867761018131e-22,21206.132177667554,1.3287941320047845e-20,3.127736235170786e-20,1.2846654753244165e-21,3.1886789902223647e-17,1.2850501205807237,7.722118347428345e-4,0,2.183618285854025e-21,9.019209641579396e-23,6.525612491374432e-23,1.5722519687815916e-18, 16,Sub-Saharan Africa,Malawi,Dowa,TA Mkukula,20405,MW20405,0.1440529,0.003529529,0.2040522,0.02939432,0.01225080,0.000720208,0.2906929,0.03251866,0.5957723,0.1731868,0.05593302,0.01937372,0.05,9.22e-06,0.1,0.2217238,9.22469e-05,4.09e-05,30,2020-04-02
319,1943.5570997601437,1.2475168760994469e-21,2.936424569391041e-21,5.477652236740407e-22,1.3313501960030207e-17,0.036542792418288284,3.5744743889206076e-4,7602.852333433437,5.743768231983488e-21,1.3519770735081963e-20,5.523840373449768e-22,1.5018719762753535e-17,1.1512518470166473,4.1471953824686664e-4,11659.722744473975,4.421228499047721e-21,1.0406756212596174e-20,3.201654740605236e-24,1.1644627051921126e-20,0.09725548114578814,4.485760390840999e-8,1943.594,7603.004,11659.82,0,2.0500547041333677e-22,3.8456777312861074e-23,3.7345748494872414e-23,1.0299920638612292e-18,0,9.43878139828899e-22,3.878104847663132e-23,1.8662740323587437e-23,3.2526065174565133e-19,0,7.265441026749531e-22,2.2477754880458323e-25,3.7545404553204495e-26,1.4558378780933287e-22,21206.132177667554,1.1412513607130656e-20,2.6862951517069177e-20,1.1033509157596226e-21,2.834386634983566e-17,1.2850501205807237,7.722118347428358e-4,0,1.875427712917189e-21,7.746260333829698e-23,5.604603422301306e-23,1.3553982993946899e-18, 16,Sub-Saharan Africa,Malawi,Dowa,TA Mkukula,20405,MW20405,0.1440529,0.003529529,0.2040522,0.02939432,0.01225080,0.000720208,0.2906929,0.03251866,0.5957723,0.1731868,0.05593302,0.01937372,0.05,9.22e-06,0.1,0.2217238,9.22469e-05,4.09e-05,30,2020-04-02
320,1943.5570997601437,1.071445379055451e-21,2.5219847491820353e-21,4.704549729037429e-22,1.1834254355242717e-17,0.036542792418288284,3.5744743889206163e-4,7602.852333433437,4.9331067566240855e-21,1.1611623182766599e-20,4.744218980784892e-22,1.3349988309652e-17,1.1512518470166473,4.1471953824686697e-4,11659.722744473975,3.797227063706761e-21,8.937971956812691e-21,2.749780982356751e-24,1.0350810154868925e-20,0.09725548114578814,4.4857603908410125e-8,1943.594,7603.004,11659.82,0,1.7607149704399597e-22,3.3029081318138486e-23,3.2074860428850584e-23,8.673617379884035e-19,0,8.106614753594021e-22,3.330758563623802e-23,1.602872655443984e-23,3.2526065174565133e-19,0,6.2400143534096e-22,1.9305299237058737e-25,3.224633753095363e-26,1.3234889800848443e-22,21206.132177667554,9.801779199386298e-21,2.3071579888761325e-20,9.476266519645889e-22,2.5194593475049586e-17,1.2850501205807237,7.72211834742837e-4,0,1.610734407744358e-21,6.652971994674709e-23,4.813583332082138e-23,1.1927547386320634e-18, 16,Sub-Saharan Africa,Malawi,Dowa,TA Mkukula,20405,MW20405,0.1440529,0.003529529,0.2040522,0.02939432,0.01225080,0.000720208,0.2906929,0.03251866,0.5957723,0.1731868,0.05593302,0.01937372,0.05,9.22e-06,0.1,0.2217238,9.22469e-05,4.09e-05,30,2020-04-02
321,1943.5570997601437,9.20224184769388e-22,2.1660379569748788e-21,4.040561027851669e-22,1.0519363306153416e-17,0.036542792418288284,3.574474388920624e-4,7602.852333433437,4.2368600697904435e-21,9.972786934109951e-21,4.0746314549296777e-22,1.1866669318965191e-17,1.1512518470166473,4.1471953824686724e-4,11659.722744473975,3.2612956730549933e-21,7.676488337792146e-21,2.3616835864298695e-24,9.20074637862487e-21,0.09725548114578814,4.485760390841024e-8,1943.594,7603.004,11659.82,0,1.512211942860629e-22,2.8367437131884965e-23,2.754789267692753e-23,7.589415207398531e-19,0,6.9624668683364205e-22,2.860663402610444e-23,1.3766471081025886e-23,2.710505431213761e-19,0,5.359313906517677e-22,1.6580596265574091e-25,2.769516792913111e-26,1.1249656330721176e-22,21206.132177667554,8.418379927614824e-21,1.9815313228876975e-20,8.138809318645645e-22,2.239523337149723e-17,1.2850501205807237,7.722118347428381e-4,0,1.3833992717714727e-21,5.713987712064514e-23,4.134205892588255e-23,1.0301045604245364e-18, 16,Sub-Saharan Africa,Malawi,Dowa,TA Mkukula,20405,MW20405,0.1440529,0.003529529,0.2040522,0.02939432,0.01225080,0.000720208,0.2906929,0.03251866,0.5957723,0.1731868,0.05593302,0.01937372,0.05,9.22e-06,0.1,0.2217238,9.22469e-05,4.09e-05,30,2020-04-02
322,1943.5570997601437,7.903459819650244e-22,1.8603286290957493e-21,3.4702860761095686e-22,9.350567578618422e-18,0.036542792418288284,3.574474388920631e-4,7602.852333433437,3.638879946569407e-21,8.565252046848733e-21,3.4995478835968114e-22,1.054816170850672e-17,1.1512518470166473,4.147195382468675e-4,11659.722744473975,2.801004335207508e-21,6.593047447978717e-21,2.0283613123247644e-24,8.178463762823229e-21,0.09725548114578814,4.4857603908410344e-8,1943.594,7603.004,11659.82,0,1.2987820280436364e-22,2.4363726065470435e-23,2.3659850136704316e-23,7.047314121155779e-19,0,5.979801232210362e-22,2.4569163290415997e-23,1.1823504841843593e-23,2.710505431213761e-19,0,4.602913378474853e-22,1.4240451243181359e-25,2.378633932684594e-26,1.0587911840678754e-22,21206.132177667554,7.23023026374194e-21,1.7018628123923198e-20,6.990117572829627e-22,1.9906907750887965e-17,1.2850501205807237,7.722118347428391e-4,0,1.188149663872885e-21,4.9075293868318243e-23,3.5507141317874755e-23,9.758878343553608e-19, 16,Sub-Saharan Africa,Malawi,Dowa,TA Mkukula,20405,MW20405,0.1440529,0.003529529,0.2040522,0.02939432,0.01225080,0.000720208,0.2906929,0.03251866,0.5957723,0.1731868,0.05593302,0.01937372,0.05,9.22e-06,0.1,0.2217238,9.22469e-05,4.09e-05,30,2020-04-02
323,1943.5570997601437,6.7879847274697845e-22,1.5977663720441895e-21,2.9804983433020605e-22,8.311634879068258e-18,0.036542792418288284,3.5744743889206375e-4,7602.852333433437,3.1252972832276765e-21,7.356373209508453e-21,3.0056302085402404e-22,9.376153362524184e-18,1.1512518470166473,4.1471953824686773e-4,11659.722744473975,2.405677397101309e-21,5.662520769705205e-21,1.7420833327027177e-24,7.269764923462993e-21,0.09725548114578814,4.485760390841043e-8,1943.594,7603.004,11659.82,0,1.1154750921804593e-22,2.0925089038953184e-23,2.032055645891548e-23,6.505213034913027e-19,0,5.135826633417308e-22,2.1101531352555178e-23,1.0154764131092168e-23,2.168404344971009e-19,0,3.953269381061991e-22,1.2230588596481754e-25,2.0429193279343216e-26,8.602678370551488e-23,21206.132177667554,6.209773153075964e-21,1.4616660351257847e-20,6.003549385169328e-22,1.7695058006515904e-17,1.2850501205807237,7.722118347428399e-4,0,1.0204571106659757e-21,4.214892627747318e-23,3.049574978328699e-23,8.67447764772109e-19, 16,Sub-Saharan Africa,Malawi,Dowa,TA Mkukula,20405,MW20405,0.1440529,0.003529529,0.2040522,0.02939432,0.01225080,0.000720208,0.2906929,0.03251866,0.5957723,0.1731868,0.05593302,0.01937372,0.05,9.22e-06,0.1,0.2217238,9.22469e-05,4.09e-05,30,2020-04-02
324,1943.5570997601437,5.829945076164724e-22,1.3722615132093283e-21,2.5598380592381886e-22,7.38813642872527e-18,0.036542792418288284,3.574474388920643e-4,7602.852333433437,2.6842004275930477e-21,6.318112590463306e-21,2.581422872607878e-22,8.334366808121654e-18,1.1512518470166473,4.1471953824686795e-4,11659.722744473975,2.0661459413804862e-21,4.863326363152516e-21,1.4962099303681304e-24,6.4620298898796915e-21,0.09725548114578814,4.4857603908410516e-8,1943.594,7603.004,11659.82,0,9.580396513050603e-23,1.7971772877031368e-23,1.745256256470066e-23,5.421010862427522e-19,0,4.410968556346288e-22,1.8123312550806998e-23,8.721545424783246e-24,2.168404344971009e-19,0,3.3953145572082265e-22,1.050439307445584e-25,1.7545866653957286e-26,8.602678370551488e-23,21206.132177667554,5.333340876590006e-21,1.2553700466825151e-20,5.156223031149748e-22,1.5728965266736802e-17,1.2850501205807237,7.722118347428407e-4,0,8.764322764859575e-22,3.6200129358582926e-23,2.6191653856137863e-23,7.590275475235586e-19, 16,Sub-Saharan Africa,Malawi,Dowa,TA Mkukula,20405,MW20405,0.1440529,0.003529529,0.2040522,0.02939432,0.01225080,0.000720208,0.2906929,0.03251866,0.5957723,0.1731868,0.05593302,0.01937372,0.05,9.22e-06,0.1,0.2217238,9.22469e-05,4.09e-05,30,2020-04-02
325,1943.5570997601437,5.007120810609752e-22,1.1785838615579828e-21,2.1985487440393943e-22,6.5672465834282334e-18,0.036542792418288284,3.574474388920648e-4,7602.852333433437,2.305358909103081e-21,5.426389549438109e-21,2.2170871281167114e-22,7.408333149006915e-18,1.1512518470166473,4.147195382468682e-4,11659.722744473975,1.7745351293829647e-21,4.176928310981877e-21,1.28503850164133e-24,5.744040847009271e-21,0.09725548114578814,4.485760390841059e-8,1943.594,7603.004,11659.82,0,8.228242655549723e-23,1.5435280573544897e-23,1.4989350349652587e-23,4.87890977618477e-19,0,3.7884151848996664e-22,1.5565432305708368e-23,7.490607720152136e-24,2.710505431213761e-19,0,2.9161081199752157e-22,9.021828589203393e-26,1.5069485730941715e-26,7.279189390466644e-23,21206.132177667554,4.580606119547021e-21,1.0781901721977968e-20,4.428486257172519e-22,1.3981323773282157e-17,1.2850501205807237,7.722118347428414e-4,0,7.527347570429854e-22,3.10909311651453e-23,2.2495027555535666e-23,7.590143126337578e-19, 16,Sub-Saharan Africa,Malawi,Dowa,TA Mkukula,20405,MW20405,0.1440529,0.003529529,0.2040522,0.02939432,0.01225080,0.000720208,0.2906929,0.03251866,0.5957723,0.1731868,0.05593302,0.01937372,0.05,9.22e-06,0.1,0.2217238,9.22469e-05,4.09e-05,30,2020-04-02
326,1943.5570997601437,4.300427960203331e-22,1.0122414024956604e-21,1.8882509236486084e-22,5.837564716459132e-18,0.036542792418288284,3.574474388920652e-4,7602.852333433437,1.9799861609225887e-21,4.6605221291470996e-21,1.904172844297492e-22,6.585191116980747e-18,1.1512518470166473,4.147195382468684e-4,11659.722744473975,1.5240815580209872e-21,3.587406810133363e-21,1.1036712944399315e-24,5.105826349264175e-21,0.09725548114578814,4.4857603908410655e-8,1943.594,7603.004,11659.82,0,7.066928504064209e-23,1.3256782623145996e-23,1.2873789912699586e-23,4.336808689942018e-19,0,3.2537274818049237e-22,1.336856505591067e-23,6.43340156870076e-24,1.6263032587282567e-19,0,2.504535713619775e-22,7.7485096488694e-26,1.294261518450463e-26,6.617444900424221e-23,21206.132177667554,3.934110514963909e-21,9.260170341776123e-21,3.8034604808904997e-22,1.2427861659789144e-17,1.2850501205807237,7.72211834742842e-4,0,6.46495604583112e-22,2.670283277554536e-23,1.932013409658485e-23,5.963773693160317e-19, 16,Sub-Saharan Africa,Malawi,Dowa,TA Mkukula,20405,MW20405,0.1440529,0.003529529,0.2040522,0.02939432,0.01225080,0.000720208,0.2906929,0.03251866,0.5957723,0.1731868,0.05593302,0.01937372,0.05,9.22e-06,0.1,0.2217238,9.22469e-05,4.09e-05,30,2020-04-02
327,1943.5570997601437,3.693476019527642e-22,8.693761134397872e-22,1.6217477825812137e-22,5.188956890911499e-18,0.036542792418288284,3.5744743889206553e-4,7602.852333433437,1.7005357308842194e-21,4.002747373444309e-21,1.635422521281555e-22,5.853508450411105e-18,1.1512518470166473,4.1471953824686854e-4,11659.722744473975,1.3089763944673441e-21,3.0810889398217124e-21,9.479018134850026e-25,4.538522842716595e-21,0.09725548114578814,4.485760390841071e-8,1943.594,7603.004,11659.82,0,6.06951940675689e-23,1.1385752573753149e-23,1.1056814527945773e-23,3.2526065174565133e-19,0,2.794504300383693e-22,1.1481758305477802e-23,5.525406921641409e-24,1.6263032587282567e-19,0,2.1510516355364306e-22,6.654903846266834e-26,1.1115925970879863e-26,5.293955920339377e-23,21206.132177667554,3.3788597273043278e-21,7.953212426705808e-21,3.2666493219976185e-22,1.104700386416532e-17,1.2850501205807237,7.722118347428425e-4,0,5.552507876595813e-22,2.293405991769362e-23,1.659333737555806e-23,4.879439171776804e-19, 16,Sub-Saharan Africa,Malawi,Dowa,TA Mkukula,20405,MW20405,0.1440529,0.003529529,0.2040522,0.02939432,0.01225080,0.000720208,0.2906929,0.03251866,0.5957723,0.1731868,0.05593302,0.01937372,0.05,9.22e-06,0.1,0.2217238,9.22469e-05,4.09e-05,30,2020-04-02
328,1943.5570997601437,3.1721877992253137e-22,7.466744837294856e-22,1.3928582463734017e-22,4.612415122939574e-18,0.036542792418288284,3.574474388920659e-4,7602.852333433437,1.4605262547211131e-21,3.4378093466033785e-21,1.4046029650767675e-22,5.203123119004679e-18,1.1512518470166473,4.147195382468687e-4,11659.722744473975,1.1242306504305166e-21,2.6462315420386748e-21,8.141172579995726e-25,4.034251572621774e-21,0.09725548114578814,4.485760390841076e-8,1943.594,7603.004,11659.82,0,5.212882203023282e-23,9.778795153812349e-24,9.496282627758041e-24,3.7947076036992655e-19,0,2.4000947616310624e-22,9.861250869801852e-24,4.745564430223743e-24,1.6263032587282567e-19,0,1.8474574403682747e-22,5.715646906314291e-26,9.547051227428648e-27,5.293955920339377e-23,21206.132177667554,2.9019756850741612e-21,6.830715372371539e-21,2.805602384030165e-22,9.819572493516875e-18,1.2850501205807237,7.722118347428431e-4,0,4.768840422301666e-22,1.9697202492677345e-23,1.4251394109209212e-23,5.421540258019556e-19, 16,Sub-Saharan Africa,Malawi,Dowa,TA Mkukula,20405,MW20405,0.1440529,0.003529529,0.2040522,0.02939432,0.01225080,0.000720208,0.2906929,0.03251866,0.5957723,0.1731868,0.05593302,0.01937372,0.05,9.22e-06,0.1,0.2217238,9.22469e-05,4.09e-05,30,2020-04-02
329,1943.5570997601437,2.7244729301985354e-22,6.412906635376066e-22,1.1962736223672662e-22,4.099932281498137e-18,0.036542792418288284,3.574474388920662e-4,7602.852333433437,1.2543911321516998e-21,2.9526052985540925e-21,1.2063607195278867e-22,4.625002189807687e-18,1.1512518470166473,4.1471953824686887e-4,11659.722744473975,9.655594712909831e-22,2.272748859529586e-21,6.992147291126171e-25,3.5860091669521356e-21,0.09725548114578814,4.48576039084108e-8,1943.594,7603.004,11659.82,0,4.477148690267783e-23,8.398639794825987e-24,8.156000402788687e-24,2.710505431213761e-19,0,2.0613512256941332e-22,8.469457911415562e-24,4.075787010950193e-24,1.6263032587282567e-19,0,1.5867117913953353e-22,4.908954406011429e-26,8.199603647353491e-27,3.970466940254533e-23,21206.132177667554,2.4923978964625364e-21,5.866644821621285e-21,2.4096264891862793e-22,8.728520480472775e-18,1.2850501205807237,7.722118347428435e-4,0,4.095777886116247e-22,1.6917187250301664e-23,1.2239987017386233e-23,4.337205736636043e-19, 16,Sub-Saharan Africa,Malawi,Dowa,TA Mkukula,20405,MW20405,0.1440529,0.003529529,0.2040522,0.02939432,0.01225080,0.000720208,0.2906929,0.03251866,0.5957723,0.1731868,0.05593302,0.01937372,0.05,9.22e-06,0.1,0.2217238,9.22469e-05,4.09e-05,30,2020-04-02
330,1943.5570997601437,2.3399474486311695e-22,5.507804593583616e-22,1.0274344738663867e-22,3.644390887315867e-18,0.036542792418288284,3.5744743889206646e-4,7602.852333433437,1.0773494193161912e-21,2.5358817694967188e-21,1.0360979022583541e-22,4.11111637436468e-18,1.1512518470166473,4.14719538246869e-4,11659.722744473975,8.2928275638741855e-22,1.9519786142832065e-21,6.005292635458644e-25,3.1875703765168863e-21,0.09725548114578814,4.485760390841084e-8,1943.594,7603.004,11659.82,0,3.845254815673659e-23,7.213276205663506e-24,7.00488234985045e-24,2.710505431213761e-19,0,1.7704171283550863e-22,7.274099225381323e-24,3.5005403472885596e-24,1.0842021724855044e-19,0,1.3627671490356456e-22,4.216116522825588e-26,7.042331539750429e-27,3.970466940254533e-23,21206.132177667554,2.1406269205667267e-21,5.038640843138287e-21,2.0695376687601993e-22,7.758694832057064e-18,1.2850501205807237,7.722118347428438e-4,0,3.517709758958098e-22,1.4529536596273084e-23,1.0512465028678761e-23,3.795104650393291e-19, 16,Sub-Saharan Africa,Malawi,Dowa,TA Mkukula,20405,MW20405,0.1440529,0.003529529,0.2040522,0.02939432,0.01225080,0.000720208,0.2906929,0.03251866,0.5957723,0.1731868,0.05593302,0.01937372,0.05,9.22e-06,0.1,0.2217238,9.22469e-05,4.09e-05,30,2020-04-02
331,1943.5570997601437,2.0096929580986246e-22,4.73044645211258e-22,8.824248719732836e-23,3.23946426685522e-18,0.036542792418288284,3.574474388920667e-4,7602.852333433437,9.252949431404962e-22,2.1779735855718443e-21,8.898655648252102e-23,3.654328514740541e-18,1.1512518470166473,4.147195382468691e-4,11659.722744473975,7.12239805514003e-22,1.6764811011343403e-21,5.157720244507023e-25,2.8334016210482217e-21,0.09725548114578814,4.485760390841087e-8,1943.594,7603.004,11659.82,0,3.302544905325449e-23,6.195211949810889e-24,6.016230298020344e-24,2.168404344971009e-19,0,1.5205447617569496e-22,6.247450556360056e-24,3.0064825983525735e-24,1.0842021724855044e-19,0,1.1704295087341553e-22,3.621064093061703e-26,6.048394001288956e-27,3.3087224502121107e-23,21206.132177667554,1.8385040444643618e-21,4.327499331917443e-21,1.7774481570430008e-22,6.896626183216809e-18,1.2850501205807237,7.722118347428442e-4,0,3.02122876102365e-22,1.2478873147101563e-23,9.028761290374206e-24,3.2529373897015345e-19, 16,Sub-Saharan Africa,Malawi,Dowa,TA Mkukula,20405,MW20405,0.1440529,0.003529529,0.2040522,0.02939432,0.01225080,0.000720208,0.2906929,0.03251866,0.5957723,0.1731868,0.05593302,0.01937372,0.05,9.22e-06,0.1,0.2217238,9.22469e-05,4.09e-05,30,2020-04-02
332,1943.5570997601437,1.7260497829516156e-22,4.062802747638027e-22,7.578815724650535e-23,2.8795286885789427e-18,0.036542792418288284,3.574474388920669e-4,7602.852333433437,7.947010658290597e-22,1.870579692046464e-21,7.642721037623311e-23,3.2482944596912838e-18,1.1512518470166473,4.147195382468692e-4,11659.722744473975,6.117160120035074e-22,1.439866636806568e-21,4.429772158397818e-25,2.518584140688121e-21,0.09725548114578814,4.4857603908410906e-8,1943.594,7603.004,11659.82,0,2.836431751470091e-23,5.320834806361046e-24,5.1671141912436275e-24,2.168404344971009e-19,0,1.3059387731143655e-22,5.365700582967675e-24,2.5821549582226652e-24,1.0842021724855044e-19,0,1.0052379351049566e-22,3.109995915698092e-26,5.194738388395073e-27,3.3087224502121107e-23,21206.132177667554,1.5790220561277285e-21,3.716726603616835e-21,1.5265834483857826e-22,6.1303417324109145e-18,1.2850501205807237,7.722118347428445e-4,0,2.594819883366331e-22,1.0717635348485701e-23,7.754463887854688e-24,3.2529373897015345e-19, 16,Sub-Saharan Africa,Malawi,Dowa,TA Mkukula,20405,MW20405,0.1440529,0.003529529,0.2040522,0.02939432,0.01225080,0.000720208,0.2906929,0.03251866,0.5957723,0.1731868,0.05593302,0.01937372,0.05,9.22e-06,0.1,0.2217238,9.22469e-05,4.09e-05,30,2020-04-02
333,1943.5570997601437,1.4824393154800144e-22,3.48938865132178e-22,6.50916011220671e-23,2.559585261343751e-18,0.036542792418288284,3.5744743889206716e-4,7602.852333433437,6.825388906450376e-22,1.6065706248431513e-21,6.56404598271314e-23,2.887374954324896e-18,1.1512518470166473,4.1471953824686925e-4,11659.722744473975,5.253799022116366e-22,1.2366473623658337e-21,3.804564893919616e-25,2.2387456856892936e-21,0.09725548114578814,4.485760390841093e-8,1943.594,7603.004,11659.82,0,2.4361046747160113e-23,4.5698651266836986e-24,4.437840266110267e-24,2.710505431213761e-19,0,1.1216217518402204e-22,4.60839865623876e-24,2.217715888961991e-24,5.421010862427522e-20,0,8.63361097918708e-23,2.67105865737667e-26,4.461565651079344e-27,2.6469779601696886e-23,21206.132177667554,1.3561627244046757e-21,3.1921568523411632e-21,1.3111251743859047e-22,5.449198961354336e-18,1.2850501205807237,7.722118347428448e-4,0,2.2285933172305294e-022,9.204974369496225e-24,6.660017720723337e-24,3.2528712152525303e-19, 16,Sub-Saharan Africa,Malawi,Dowa,TA Mkukula,20405,MW20405,0.1440529,0.003529529,0.2040522,0.02939432,0.01225080,0.000720208,0.2906929,0.03251866,0.5957723,0.1731868,0.05593302,0.01937372,0.05,9.22e-06,0.1,0.2217238,9.22469e-05,4.09e-05,30,2020-04-02
334,1943.5570997601437,1.2732114366341992e-22,2.9969048253296267e-22,5.590473090268428e-23,2.2751905103255183e-18,0.036542792418288284,3.574474388920673e-4,7602.852333433437,5.862070119560903e-22,1.3798231550881588e-21,5.637612501116338e-23,2.5665573196065455e-18,1.1512518470166473,4.147195382468693e-4,11659.722744473975,4.512290610349512e-22,1.0621099619386067e-21,3.267597861618512e-25,1.989999795718176e-21,0.09725548114578814,4.485760390841096e-8,1943.594,7603.004,11659.82,0,2.0922787884581524e-23,3.924885482093618e-24,3.81149428895372e-24,1.6263032587282567e-19,0,9.633187868894734e-23,3.957980481917018e-24,1.9047128633747044e-24,5.421010862427522e-20,0,7.415084117668538e-23,2.2940719354411946e-26,3.831871129226118e-27,2.6469779601696886e-23,21206.132177667554,1.1647572166544614e-21,2.7416235995597284e-21,1.126076157000095e-22,4.843737829727782e-18,1.2850501205807237,7.72211834742845e-4,0,1.9140550775021425e-22,7.905806683365048e-24,5.7200390234576505e-24,2.168669042767026e-19, 16,Sub-Saharan Africa,Malawi,Dowa,TA Mkukula,20405,MW20405,0.1440529,0.003529529,0.2040522,0.02939432,0.01225080,0.000720208,0.2906929,0.03251866,0.5957723,0.1731868,0.05593302,0.01937372,0.05,9.22e-06,0.1,0.2217238,9.22469e-05,4.09e-05,30,2020-04-02
335,1943.5570997601437,1.093513471656867e-22,2.5739289685232977e-022,4.8014473193814953e-23,2.0223946663892855e-18,0.036542792418288284,3.574474388920675e-4,7602.852333433437,5.0347118029125835e-22,1.1850782716071145e-21,4.841933587348689e-23,2.281385834041308e-18,1.1512518470166473,4.1471953824686935e-4,11659.722744473975,3.8754368916267224e-22,9.122063456532577e-22,2.8064170496733327e-25,1.7688918255433036e-21,0.09725548114578814,4.4857603908410986e-8,1943.594,7603.004,11659.82,0,1.7969796497733213e-23,3.370936692730196e-24,3.2735492580647298e-24,1.6263032587282567e-19,0,8.273583166483195e-23,3.3993607451091006e-24,1.6358863234499242e-24,5.421010862427522e-20,0,6.368537187227893e-23,1.970292203167789e-26,3.291050161309791e-27,2.6469779601696886e-23,21206.132177667554,1.0003662166196174e-21,2.354677514112702e-21,9.671445077226918e-23,4.305549392256137e-18,1.2850501205807237,7.722118347428452e-4,0,1.643910000348441e-22,6.790000359870974e-24,4.912726631675964e-24,2.168669042767026e-19, 16,Sub-Saharan Africa,Malawi,Dowa,TA Mkukula,20405,MW20405,0.1440529,0.003529529,0.2040522,0.02939432,0.01225080,0.000720208,0.2906929,0.03251866,0.5957723,0.1731868,0.05593302,0.01937372,0.05,9.22e-06,0.1,0.2217238,9.22469e-05,4.09e-05,30,2020-04-02
336,1943.5570997601437,9.3917764033462594e-023,2.2106508952192157e-22,4.1237827260723474e-23,1.7976868117968037e-18,0.036542792418288284,3.5744743889206765e-4,7602.852333433437,4.324124826464758e-22,1.0178192072280127e-21,4.158554859800088e-23,2.027899850338367e-18,1.1512518470166473,4.147195382468694e-4,11659.722744473975,3.328467157242779e-22,7.834597611276136e-22,2.410326175374697e-25,1.572350967509431e-21,0.09725548114578814,4.4857603908411006e-8,1943.594,7603.004,11659.82,0,1.5433583132224112e-23,2.895170887974222e-24,2.8115284799843695e-24,1.6263032587282567e-19,0,7.105869764478255e-23,2.9195832390022027e-24,1.4050013073865188e-24,5.421010862427522e-20,0,5.469697343839434e-23,1.6922099547152865e-26,2.8265593488508232e-27,1.9852334701272664e-23,21206.132177667554,8.591769624042163e-22,2.022344057877548e-21,8.306440847626182e-23,3.82715901310268e-18,1.2850501205807237,7.722118347428455e-4,0,1.4118925421540099e-22,5.831676226523578e-24,4.219356346719739e-24,2.1686028683180216e-19, 16,Sub-Saharan Africa,Malawi,Dowa,TA Mkukula,20405,MW20405,0.1440529,0.003529529,0.2040522,0.02939432,0.01225080,0.000720208,0.2906929,0.03251866,0.5957723,0.1731868,0.05593302,0.01937372,0.05,9.22e-06,0.1,0.2217238,9.22469e-05,4.09e-05,30,2020-04-02
337,1943.5570997601437,8.066243928159431e-23,1.8986450054756824e-22,3.541762064703672e-23,1.59794612062765e-18,0.036542792418288284,3.574474388920678e-4,7602.852333433437,3.713828367313402e-22,8.741666803087238e-22,3.571626543385899e-23,1.8025787880544285e-18,1.1512518470166473,4.1471953824686946e-4,11659.722744473975,2.858695400368485e-22,6.728841563574828e-22,2.070138603318495e-25,1.3976476046045251e-21,0.09725548114578814,4.4857603908411025e-8,1943.594,7603.004,11659.82,0,1.325532475186828e-23,2.4865535115670282e-24,2.4147161904143844e-24,1.6263032587282567e-19,0,6.102964591513558e-23,2.507520362959967e-24,1.2067028408092515e-24,5.421010862427522e-20,0,4.697717568742942e-23,1.4533755583590507e-26,2.4276256394605354e-27,1.9852334701272664e-23,21206.132177667554,7.379148160497831e-22,1.736915337213775e-21,7.134089994122757e-23,3.401922556286683e-18,1.2850501205807237,7.722118347428457e-4,0,1.2126214635443329e-22,5.0086076301105854e-24,3.623846656863096e-24,2.1686028683180216e-19, 16,Sub-Saharan Africa,Malawi,Dowa,TA Mkukula,20405,MW20405,0.1440529,0.003529529,0.2040522,0.02939432,0.01225080,0.000720208,0.2906929,0.03251866,0.5957723,0.1731868,0.05593302,0.01937372,0.05,9.22e-06,0.1,0.2217238,9.22469e-05,4.09e-05,30,2020-04-02
338,1943.5570997601437,6.927793882085627e-23,1.6306748680298737e-22,3.0418863834398983e-23,1.4203985166768968e-18,0.036542792418288284,3.574474388920679e-4,7602.852333433437,3.1896676658095324e-22,7.507889215803789e-22,3.0675358617182144e-23,1.60229323799342e-18,1.1512518470166473,4.147195382468695e-4,11659.722744473975,2.4552260863033934e-22,5.779149234576905e-22,1.7779642774615372e-25,1.2423554018289438e-21,0.09725548114578814,4.485760390841104e-8,1943.594,7603.004,11659.82,0,1.1384500460738044e-23,2.1356073976763863e-24,2.073909021952423e-24,1.0842021724855044e-19,0,5.241607015038698e-23,2.153615038827569e-24,1.036391737398792e-24,5.421010862427522e-20,0,4.0346931406509143e-23,1.2482496677146964e-26,2.0849964631421363e-27,1.3234889800848443e-23,21206.132177667554,6.337673140321489e-22,1.4917713318410567e-21,6.127201887932729e-23,3.0239341100721457e-18,1.2850501205807237,7.722118347428459e-4,0,1.0414750201763417e-22,4.3017049331811025e-24,3.112385755814357e-24,1.6264356076262651e-19, 16,Sub-Saharan Africa,Malawi,Dowa,TA Mkukula,20405,MW20405,0.1440529,0.003529529,0.2040522,0.02939432,0.01225080,0.000720208,0.2906929,0.03251866,0.5957723,0.1731868,0.05593302,0.01937372,0.05,9.22e-06,0.1,0.2217238,9.22469e-05,4.09e-05,30,2020-04-02
339,1943.5570997601437,5.950021906157747e-23,1.4005253839235969e-22,2.6125619396589276e-23,1.2625781469396805e-18,0.036542792418288284,3.5744743889206803e-4,7602.852333433437,2.7394857306493527e-22,6.448243995831277e-22,2.634591312551834e-23,1.4242614993495957e-18,1.1512518470166473,4.147195382468696e-4,11659.722744473975,2.1087014495983904e-22,4.963494170633932e-22,1.527026725067575e-25,1.1043176094313717e-21,0.09725548114578814,4.485760390841106e-8,1943.594,7603.004,11659.82,0,9.777719759278804e-24,1.8341929646007432e-24,1.7812025480751607e-24,1.0842021724855044e-19,0,4.501819351601797e-23,1.849659051209957e-24,8.9011792880414e-25,1.0842021724855044e-19,0,3.4652463670500297e-23,1.0720747462770375e-26,1.7907251351083297e-27,1.9852334701272664e-23,21206.132177667554,5.443189370863518e-22,1.2812263550388807e-21,5.2624235194614374e-23,2.6879439638987077e-18,1.2850501205807237,7.722118347428461e-4,0,8.944837694579707e-23,3.694572763273471e-24,2.673111202014409e-24,2.1686028683180216e-19, 16,Sub-Saharan Africa,Malawi,Dowa,TA Mkukula,20405,MW20405,0.1440529,0.003529529,0.2040522,0.02939432,0.01225080,0.000720208,0.2906929,0.03251866,0.5957723,0.1731868,0.05593302,0.01937372,0.05,9.22e-06,0.1,0.2217238,9.22469e-05,4.09e-05,30,2020-04-02
340,1943.5570997601437,5.110250288407101e-23,1.2028586381465205e-22,2.2438313033605354e-23,1.1222931356460044e-18,0.036542792418288284,3.5744743889206814e-4,7602.852333433437,2.352841378709475e-22,5.538154524458558e-22,2.2627515038257437e-23,1.2660109459701619e-18,1.1512518470166473,4.147195382468697e-4,11659.722744473975,1.8110844570469435e-22,4.262958678198014e-22,1.3115058882704873e-25,9.816171100550229e-22,0.09725548114578814,4.485760390841107e-8,1943.594,7603.004,11659.82,0,8.397716177506454e-24,1.5753194313992049e-24,1.5298079537840348e-24,1.0842021724855044e-19,0,3.866443519398777e-23,1.5886026722637967e-24,7.644888497117354e-25,5.421010862427522e-20,0,2.9761699255144695e-23,9.2076472467381e-27,1.5379865463223438e-27,1.3234889800848443e-23,21206.132177667554,4.674950864597129e-22,1.1003971840803092e-21,4.519697866068984e-23,2.3892856987262214e-18,1.2850501205807237,7.722118347428462e-4,0,7.682385062663892e-23,3.1731297509097397e-24,2.2958347900420928e-24,1.6264356076262651e-19, 16,Sub-Saharan Africa,Malawi,Dowa,TA Mkukula,20405,MW20405,0.1440529,0.003529529,0.2040522,0.02939432,0.01225080,0.000720208,0.2906929,0.03251866,0.5957723,0.1731868,0.05593302,0.01937372,0.05,9.22e-06,0.1,0.2217238,9.22469e-05,4.09e-05,30,2020-04-02
341,1943.5570997601437,4.3890019939702954e-23,1.0330900960277531e-22,1.927142411985174e-23,9.975951432535981e-19,0.036542792418288284,3.574474388920682e-4,7602.852333433437,2.020767070053986e-22,4.756512867150195e-22,1.9433922611260582e-23,1.1253436851808391e-18,1.1512518470166473,4.1471953824686973e-4,11659.722744473975,1.5554724027512305e-22,3.661295060978842e-22,1.1264031380077686e-25,8.725497938287243e-22,0.09725548114578814,4.4857603908411085e-8,1943.594,7603.004,11659.82,0,7.212482944368058e-24,1.3529826789469834e-24,1.3138945809097558e-24,5.421010862427522e-20,0,3.32074308655489e-23,1.3643911555829954e-24,6.565907532230169e-25,5.421010862427522e-20,0,2.5561205429571295e-23,7.908102314266643e-27,1.3209188670269259e-27,1.3234889800848443e-23,21206.132177667554,4.015139672202246e-22,9.45089802415679e-22,3.8817987044913096e-23,2.123811378228266e-18,1.2850501205807237,7.722118347428463e-4,0,6.598111923948826e-23,2.7252819368442455e-24,1.9718062529997996e-24,1.084334521383513e-19, 16,Sub-Saharan Africa,Malawi,Dowa,TA Mkukula,20405,MW20405,0.1440529,0.003529529,0.2040522,0.02939432,0.01225080,0.000720208,0.2906929,0.03251866,0.5957723,0.1731868,0.05593302,0.01937372,0.05,9.22e-06,0.1,0.2217238,9.22469e-05,4.09e-05,30,2020-04-02
342,1943.5570997601437,3.7695489293076257e-23,8.872822729674941e-23,1.6551502202735116e-23,8.867523076467731e-19,0.036542792418288284,3.5744743889206825e-4,7602.852333433437,1.7355609215195775e-22,4.0851902119008424e-22,1.6691066050350753e-23,1.0003060322334397e-18,1.1512518470166473,4.1471953824686973e-4,11659.722744473975,1.335936811926738e-22,3.144548783022454e-22,9.6742533955867e-26,7.756008916523973e-22,0.09725548114578814,4.48576039084111e-8,1943.594,7603.004,11659.82,0,6.194530646626697e-24,1.1620259948869766e-24,1.1284546961892711e-24,5.421010862427522e-20,0,2.8520614853440853e-23,1.17182430693941e-24,5.639211315881998e-25,0,0,2.1953559082449248e-23,6.791971992124298e-27,1.134487591851708e-27,1.3234889800848443e-23,21206.132177667554,3.4484526263770783e-22,8.117021267890791e-22,3.3339310787041737e-23,1.8878339407718653e-18,1.2850501205807237,7.722118347428464e-4,0,5.66687045825168e-23,2.340642273818511e-24,1.6935103153693225e-24,5.422334351407607e-20, 16,Sub-Saharan Africa,Malawi,Dowa,TA Mkukula,20405,MW20405,0.1440529,0.003529529,0.2040522,0.02939432,0.01225080,0.000720208,0.2906929,0.03251866,0.5957723,0.1731868,0.05593302,0.01937372,0.05,9.22e-06,0.1,0.2217238,9.22469e-05,4.09e-05,30,2020-04-02
343,1943.5570997601437,3.2375239633109964e-23,7.62053411364068e-23,1.4215463447820135e-23,7.882251917586921e-19,0.036542792418288284,3.574474388920683e-4,7602.852333433437,1.4906080749973725e-22,3.5086164031291242e-22,1.433532959190683e-23,8.891613764265038e-19,1.1512518470166473,4.1471953824686973e-4,11659.722744473975,1.1473859402940799e-22,2.700734817637389e-22,8.3088528078996e-26,6.894239380068498e-22,0.09725548114578814,4.4857603908411105e-8,1943.594,7603.004,11659.82,0,5.3202496599662924e-24,9.980204727000544e-25,9.691873456471749e-25,5.421010862427522e-20,0,2.4495284652220498e-23,1.0064358748674793e-24,4.843306749132741e-25,0,0,1.8855087163265818e-23,5.8333695883890234e-27,9.743687732630016e-28,6.617444900424222e-24,21206.132177667554,2.961746411622552e-22,6.971404632130581e-22,2.863388156780596e-23,1.6780759921232028e-18,1.2850501205807237,7.722118347428464e-4,0,4.867062147545261e-23,2.010289717155923e-24,1.454492389333712e-24,5.421672606917565e-20, 16,Sub-Saharan Africa,Malawi,Dowa,TA Mkukula,20405,MW20405,0.1440529,0.003529529,0.2040522,0.02939432,0.01225080,0.000720208,0.2906929,0.03251866,0.5957723,0.1731868,0.05593302,0.01937372,0.05,9.22e-06,0.1,0.2217238,9.22469e-05,4.09e-05,30,2020-04-02
344,1943.5570997601437,2.7805877068090406e-23,6.544990466572978e-23,1.220912751956961e-23,7.006454035855374e-19,0.036542792418288284,3.5744743889206835e-4,7602.852333433437,1.2802272773609445e-22,3.0134188191347196e-22,1.2312076046423349e-23,7.903660620541869e-19,1.1512518470166473,4.1471953824686973e-4,11659.722744473975,9.854466799718988e-23,2.319559675646816e-22,7.136161537166338e-26,6.1282207113412585e-22,0.09725548114578814,4.485760390841111e-8,1943.594,7603.004,11659.82,0,4.569362565019559e-24,8.571622909595972e-25,8.323986014870257e-25,5.421010862427522e-20,0,2.1038079763642807e-23,8.643899637683004e-25,4.159734216738959e-25,0,0,1.619392603221811e-23,5.010061995870439e-27,8.368487351601525e-28,6.617444900424222e-24,21206.132177667554,2.5437327280137474e-22,5.9874775414388335e-22,2.4592565181364622e-23,1.4916242877108586e-18,1.2850501205807237,7.722118347428465e-4,0,4.1801368360880476e-23,1.726562316723768e-24,1.2492088718960818e-24,5.421672606917565e-20, 16,Sub-Saharan Africa,Malawi,Dowa,TA Mkukula,20405,MW20405,0.1440529,0.003529529,0.2040522,0.02939432,0.01225080,0.000720208,0.2906929,0.03251866,0.5957723,0.1731868,0.05593302,0.01937372,0.05,9.22e-06,0.1,0.2217238,9.22469e-05,4.09e-05,30,2020-04-02
345,1943.5570997601437,2.388142322002421e-23,5.621246433497048e-23,1.048596096317604e-23,6.227965916734848e-19,0.036542792418288284,3.574474388920684e-4,7602.852333433437,1.0995391137301117e-22,2.5881122175125393e-22,1.057437958440274e-23,7.025479492091514e-19,1.1512518470166473,4.1471953824686973e-4,11659.722744473975,8.463631328845533e-23,1.992182665897485e-22,6.128981059269404e-26,5.447314108939861e-22,0.09725548114578814,4.485760390841112e-8,1943.594,7603.004,11659.82,0,3.9244538480661954e-24,7.361844903421302e-25,7.149158878936363e-25,5.421010862427522e-20,0,1.8068816363083275e-23,7.423920670161612e-25,3.5726394486448095e-25,0,0,1.390835470873455e-23,4.3029540340457224e-27,7.187379406507535e-28,6.617444900424222e-24,21206.132177667554,2.184716478814907e-22,5.142419526759729e-22,2.1121630358171473e-23,1.3258892722935303e-18,1.2850501205807237,7.722118347428465e-4,0,3.590162491988402e-23,1.482879511392337e-24,1.072898570698768e-24,5.421672606917565e-20, 16,Sub-Saharan Africa,Malawi,Dowa,TA Mkukula,20405,MW20405,0.1440529,0.003529529,0.2040522,0.02939432,0.01225080,0.000720208,0.2906929,0.03251866,0.5957723,0.1731868,0.05593302,0.01937372,0.05,9.22e-06,0.1,0.2217238,9.22469e-05,4.09e-05,30,2020-04-02
346,1943.5570997601437,2.0510857241393516e-23,4.8278773861579334e-23,9.005997942423105e-24,5.535975521485174e-19,0.036542792418288284,3.5744743889206846e-4,7602.852333433437,9.443528379713604e-23,2.222832355030562e-22,9.081937373763898e-24,6.244873566836297e-19,1.1512518470166473,4.1471953824686973e-4,11659.722744473975,7.269094992721485e-23,1.711010850880054e-22,5.263951583604799e-26,4.842062834551313e-22,0.09725548114578814,4.4857603908411125e-8,1943.594,7603.004,11659.82,0,3.3705659786306944e-24,6.322812022160667e-25,6.140143986831055e-25,5.421010862427522e-20,0,1.5518627575875134e-23,6.376126566359516e-25,3.0684058079004917e-25,0,0,1.194536336124048e-23,3.69564556972116e-27,6.172970163183605e-28,6.617444900424222e-24,21206.132177667554,1.876370909657444e-22,4.41663094452641e-22,1.8140574832023053e-23,1.1785691151156022e-18,1.2850501205807237,7.722118347428466e-4,0,3.083455691574631e-23,1.2735895044217394e-24,9.21472276489473e-25,5.421672606917565e-20, 16,Sub-Saharan Africa,Malawi,Dowa,TA Mkukula,20405,MW20405,0.1440529,0.003529529,0.2040522,0.02939432,0.01225080,0.000720208,0.2906929,0.03251866,0.5957723,0.1731868,0.05593302,0.01937372,0.05,9.22e-06,0.1,0.2217238,9.22469e-05,4.09e-05,30,2020-04-02
347,1943.5570997601437,1.7616004745687893e-23,4.146482516215773e-23,7.734913301978814e-24,4.920872126830488e-19,0.036542792418288284,3.5744743889206857e-4,7602.852333433437,8.110691756661574e-23,1.9091072037500312e-22,7.800134826099124e-24,5.551001222960039e-19,1.1512518470166473,4.1471953824686973e-4,11659.722744473975,6.243152609042238e-23,1.4695229418146287e-22,4.5210102635754976e-26,4.304060876272027e-22,0.09725548114578814,4.485760390841113e-8,1943.594,7603.004,11659.82,0,2.8948524957056223e-24,5.430425714230751e-25,5.273539001866392e-25,1.0842021724855044e-19,0,1.3328366230520293e-023,5.476215573476109e-25,2.635338476569387e-25,0,0,1.0259423836792465e-23,3.1740511446069494e-27,5.301732172449983e-28,6.617444900424222e-24,21206.132177667554,1.6115444840272603e-22,3.793278397186237e-22,1.5580258230713692e-23,1.0476177410666798e-18,1.2850501205807237,7.722118347428468e-4,0,2.6482642563018384e-23,1.0938381799152929e-24,7.914179210608228e-25,1.0842683469345087e-19, 16,Sub-Saharan Africa,Malawi,Dowa,TA Mkukula,20405,MW20405,0.1440529,0.003529529,0.2040522,0.02939432,0.01225080,0.000720208,0.2906929,0.03251866,0.5957723,0.1731868,0.05593302,0.01937372,0.05,9.22e-06,0.1,0.2217238,9.22469e-05,4.09e-05,30,2020-04-02
348,1943.5570997601437,1.5129724689146162e-23,3.5612580606586457e-23,6.643226455420751e-24,4.374112848592703e-19,0.036542792418288284,3.574474388920686e-4,7602.852333433437,6.96596845231882e-23,1.6396604571458475e-22,6.699242771800293e-24,4.934225453776199e-19,1.1512518470166473,4.1471953824686973e-4,11659.722744473975,5.362009237525607e-23,1.2621180487557134e-22,3.882925873937156e-26,3.825836204375244e-22,0.09725548114578814,4.4857603908411145e-8,1943.594,7603.004,11659.82,0,2.4862800565417312e-024,4.663988638998088e-25,4.529244536215591e-25,5.421010862427522e-20,0,1.1447233043427548e-23,4.703315828982756e-25,2.263393214867911e-25,0,0,8.811433715166315e-24,2.7260732877312217e-27,4.553458592057317e-28,1.3234889800848443e-23,21206.132177667554,1.3840950158759041e-22,3.2579043119674255e-22,1.3381298485960414e-23,9.312164138573278e-19,1.2850501205807237,7.722118347428468e-4,0,2.2744946815135594e-23,9.394565200858156e-25,6.797191209675559e-25,5.422334351407607e-20, 16,Sub-Saharan Africa,Malawi,Dowa,TA Mkukula,20405,MW20405,0.1440529,0.003529529,0.2040522,0.02939432,0.01225080,0.000720208,0.2906929,0.03251866,0.5957723,0.1731868,0.05593302,0.01937372,0.05,9.22e-06,0.1,0.2217238,9.22469e-05,4.09e-05,30,2020-04-02
349,1943.5570997601437,1.2994352151599117e-23,3.058630761142481e-23,5.7056176345680884e-24,3.888103995590697e-19,0.036542792418288284,3.574474388920687e-4,7602.852333433437,5.982808610486866e-23,1.408242768895097e-22,5.753727943934603e-24,4.385980022945521e-19,1.1512518470166473,4.1471953824686973e-4,11659.722744473975,4.6052282978675825e-23,1.0839857777395401e-22,3.334899162650727e-26,3.400746998215798e-22,0.09725548114578814,4.485760390841115e-8,1943.594,7603.004,11659.82,0,2.135372537547045e-24,4.0057246281390593e-25,3.8899979807475743e-25,5.421010862427522e-20,0,9.83159841831954e-24,4.039501274253783e-25,1.9439434025804867e-25,0,0,7.567809396580243e-24,2.3413219357455813e-27,3.9107945243049376e-28,6.617444900424222e-24,21206.132177667554,1.188747212351436e-22,2.7980916227488853e-22,1.1492694570129198e-23,8.277484765534434e-19,1.2850501205807237,7.722118347428469e-4,0,1.9534780352446828e-23,8.068639121750298e-25,5.837852177852366e-25,5.421672606917565e-20, 16,Sub-Saharan Africa,Malawi,Dowa,TA Mkukula,20405,MW20405,0.1440529,0.003529529,0.2040522,0.02939432,0.01225080,0.000720208,0.2906929,0.03251866,0.5957723,0.1731868,0.05593302,0.01937372,0.05,9.22e-06,0.1,0.2217238,9.22469e-05,4.09e-05,30,2020-04-02
350,1943.5570997601437,1.116036089943636e-23,2.62694305598807e-23,4.900340641718947e-24,3.4560956060602245e-19,0.036542792418288284,3.574474388920687e-4,7602.852333433437,5.1384095570862876e-23,1.2094868102123988e-22,4.941660778748644e-24,3.8986504911465747e-19,1.1512518470166473,4.1471953824686973e-4,11659.722744473975,3.955257578986709e-23,9.309946621041021e-23,2.864219608101975e-26,3.0228894030974135e-22,0.09725548114578814,4.485760390841116e-8,1943.594,7603.004,11659.82,0,1.8339912521627565e-24,3.440366398486023e-25,3.3409731289844197e-25,0,0,8.44399053400578e-24,3.469375890969979e-25,1.6695799596824745e-25,0,0,6.499707188808737e-24,2.0108734535663895e-27,3.358834499526956e-28,6.617444900424222e-24,21206.132177667554,1.0209703226016632e-22,2.4031757779153078e-22,9.870643616548611e-24,7.357768986609897e-19,1.2850501205807237,7.722118347428469e-4,0,1.6777688974977272e-23,6.929851023991666e-25,5.013911923166421e-25,6.617444900424222e-24, 16,Sub-Saharan Africa,Malawi,Dowa,TA Mkukula,20405,MW20405,0.1440529,0.003529529,0.2040522,0.02939432,0.01225080,0.000720208,0.2906929,0.03251866,0.5957723,0.1731868,0.05593302,0.01937372,0.05,9.22e-06,0.1,0.2217238,9.22469e-05,4.09e-05,30,2020-04-02
351,1943.5570997601437,9.585214711182829e-24,2.25618270341383e-23,4.208718484607963e-24,3.0720877019235906e-19,0.036542792418288284,3.574474388920687e-4,7602.852333433437,4.4131869319877e-23,1.0387827840403321e-22,4.244206797768606e-24,3.4654684618423245e-19,1.1512518470166473,4.1471953824686973e-4,11659.722744473975,3.397022146170191e-23,7.995963403413265e-23,2.459970620771714e-26,2.6870155360494237e-22,0.09725548114578814,4.4857603908411164e-8,1943.594,7603.004,11659.82,0,1.575146188253532e-24,2.9548014540792866e-25,2.869436309158999e-25,0,0,7.252226250985877e-24,2.979716617384532e-25,1.4339395056796255e-25,0,0,5.582354328165178e-24,1.7270636662566793e-27,2.8847767697796437e-28,6.617444900424222e-24,21206.132177667554,8.768730549276174e-23,2.0639973947230417e-22,8.477524988584286e-24,6.540243179301965e-19,1.2850501205807237,7.722118347428469e-4,0,1.4409726767404586e-23,5.951788708126385e-25,4.306260591608404e-25,6.617444900424222e-24, 16,Sub-Saharan Africa,Malawi,Dowa,TA Mkukula,20405,MW20405,0.1440529,0.003529529,0.2040522,0.02939432,0.01225080,0.000720208,0.2906929,0.03251866,0.5957723,0.1731868,0.05593302,0.01937372,0.05,9.22e-06,0.1,0.2217238,9.22469e-05,4.09e-05,30,2020-04-02
352,1943.5570997601437,8.232380824189402e-24,1.9377505650877785e-23,3.614710196218639e-24,2.730746958971753e-19,0.036542792418288284,3.574474388920687e-4,7602.852333433437,3.79032046400963e-23,8.921715088641808e-23,3.645189774993513e-24,3.0804175773772424e-19,1.1512518470166473,4.1471953824686973e-4,11659.722744473975,2.9175747043147397e-23,6.867432580541273e-23,2.112776352024919e-26,2.38846060179141e-22,0.09725548114578814,4.4857603908411164e-8,1943.594,7603.004,11659.82,0,1.3528338869934263e-24,2.5377679647421915e-25,2.4644510489572937e-25,0,0,6.2286646797807005e-24,2.5591666625185685e-25,1.2315567721203026e-25,0,0,4.794474418554513e-24,1.4833101018848594e-27,2.4776263946764056e-28,0,21206.132177667554,7.53113325074331e-23,1.772689823427086e-22,7.281027734732402e-24,5.813552996950787e-19,1.2850501205807237,7.722118347428469e-4,0,1.237597298532864e-23,5.111767728279608e-25,3.698485447472273e-25,0, 16,Sub-Saharan Africa,Malawi,Dowa,TA Mkukula,20405,MW20405,0.1440529,0.003529529,0.2040522,0.02939432,0.01225080,0.000720208,0.2906929,0.03251866,0.5957723,0.1731868,0.05593302,0.01937372,0.05,9.22e-06,0.1,0.2217238,9.22469e-05,4.09e-05,30,2020-04-02
353,1943.5570997601437,7.070482621585763e-24,1.6642611641610505e-23,3.1045387925755946e-24,2.4273326356868886e-19,0.036542792418288284,3.574474388920687e-4,7602.852333433437,3.2553638541842706e-23,7.662525924181733e-23,3.130716557631373e-24,2.738149959845014e-19,1.1512518470166473,4.1471953824686973e-4,11659.722744473975,2.5057953078656145e-23,5.898179852488046e-23,1.8145842376740834e-26,2.123078106686719e-22,0.09725548114578814,4.4857603908411164e-8,1943.594,7603.004,11659.82,0,1.1618982026036393e-24,2.1795935672242036e-25,2.116624423098421e-25,0,0,5.349566098253592e-24,2.1979721051615998e-25,1.0577378452010998e-25,0,0,4.117793964491252e-24,1.2739593228575604e-27,2.1279402331829578e-28,0,21206.132177667554,6.468207424208462e-23,1.522496694083083e-22,6.253401192583709e-24,5.1676056736385895e-19,1.2850501205807237,7.722118347428469e-4,0,1.0629258265348483e-23,4.390305265614379e-25,3.1764902085327035e-25,0, 16,Sub-Saharan Africa,Malawi,Dowa,TA Mkukula,20405,MW20405,0.1440529,0.003529529,0.2040522,0.02939432,0.01225080,0.000720208,0.2906929,0.03251866,0.5957723,0.1731868,0.05593302,0.01937372,0.05,9.22e-06,0.1,0.2217238,9.22469e-05,4.09e-05,30,2020-04-02
354,1943.5570997601437,6.072571906173259e-24,1.4293713920400768e-23,2.6663717396967312e-24,2.1576307319730703e-19,0.036542792418288284,3.574474388920687e-4,7602.852333433437,2.795909719072954e-23,6.581055655307449e-23,2.6888548386913852e-24,2.4339119361842243e-19,1.1512518470166473,4.1471953824686973e-4,11659.722744473975,2.1521334532317782e-23,5.065725096245558e-23,1.5584782328368756e-26,1.8871822709322993e-22,0.09725548114578814,4.4857603908411164e-8,1943.594,7603.004,11659.82,0,9.979107154125043e-25,1.8719710322176057e-25,1.8178892009294307e-25,0,0,4.594541351113164e-24,1.8877556688346797e-25,9.08451298709977e-26,0,0,3.5366185463383634e-24,1.0941558039184724e-27,1.8276079261452758e-28,0,21206.132177667554,5.555300362922058e-23,1.3076152143593083e-22,5.370811360716485e-24,4.593429850428227e-19,1.2850501205807237,7.722118347428469e-4,0,9.129070612864032e-24,3.77066825909147e-25,2.728168107565553e-25,0, 16,Sub-Saharan Africa,Malawi,Dowa,TA Mkukula,20405,MW20405,0.1440529,0.003529529,0.2040522,0.02939432,0.01225080,0.000720208,0.2906929,0.03251866,0.5957723,0.1731868,0.05593302,0.01937372,0.05,9.22e-06,0.1,0.2217238,9.22469e-05,4.09e-05,30,2020-04-02
355,1943.5570997601437,5.215503881158521e-24,1.2276333909770433e-23,2.2900465187506053e-24,1.9178954633445546e-19,0.036542792418288284,3.574474388920687e-4,7602.852333433437,2.4013018228837056e-23,5.652221469403408e-23,2.3093564078510506e-24,2.163478015888586e-19,1.1512518470166473,4.1471953824686973e-4,11659.722744473975,1.8483865725686485e-23,4.350760979140983e-23,1.3385184064588627e-26,1.6774968391938145e-22,0.09725548114578814,4.4857603908411164e-8,1943.594,7603.004,11659.82,0,8.570680250147376e-25,1.6077655946669657e-25,1.5613167414336658e-25,0,0,3.9460789618924864e-24,1.621322425930847e-25,7.802346923703702e-26,0,0,3.0374688066312967e-24,9.397293153997769e-28,1.5696637895899531e-28,0,21206.132177667554,4.771238783568206e-23,1.1230615839521434e-22,4.6127881106662445e-24,4.0830509760723347e-19,1.2850501205807237,7.722118347428469e-4,0,7.84061579353852e-24,3.2384853137518104e-25,2.343121097593626e-25,0, 16,Sub-Saharan Africa,Malawi,Dowa,TA Mkukula,20405,MW20405,0.1440529,0.003529529,0.2040522,0.02939432,0.01225080,0.000720208,0.2906929,0.03251866,0.5957723,0.1731868,0.05593302,0.01937372,0.05,9.22e-06,0.1,0.2217238,9.22469e-05,4.09e-05,30,2020-04-02
356,1943.5570997601437,4.479400351932721e-24,1.0543682006388432e-23,1.966834924020093e-24,1.7047972379919497e-19,0.036542792418288284,3.574474388920687e-4,7602.852333433437,2.0623879252066128e-23,4.8544806810131184e-23,1.9834194623405874e-24,1.92309220461928e-19,1.1512518470166473,4.1471953824686973e-4,11659.722744473975,1.5875097878432133e-23,3.736705158223964e-23,1.1496031748518569e-26,1.4911095788525347e-22,0.09725548114578814,4.4857603908411164e-8,1943.594,7603.004,11659.82,0,7.361035292258002e-25,1.380849469871608e-25,1.3409562947188137e-25,0,0,3.3891389767709284e-24,1.3924929228074285e-25,6.701142659391284e-26,0,0,2.6087678472543515e-24,8.070982057943887e-28,1.3481252609322234e-28,0,21206.132177667554,4.097837748243098e-23,9.645554039875926e-23,3.961750418109199e-24,3.6293805521900823e-19,1.2850501205807237,7.722118347428469e-4,0,6.73401035325108e-24,2.7814133747369803e-25,2.0124186859188743e-25,0, 16,Sub-Saharan Africa,Malawi,Dowa,TA Mkukula,20405,MW20405,0.1440529,0.003529529,0.2040522,0.02939432,0.01225080,0.000720208,0.2906929,0.03251866,0.5957723,0.1731868,0.05593302,0.01937372,0.05,9.22e-06,0.1,0.2217238,9.22469e-05,4.09e-05,30,2020-04-02
357,1943.5570997601437,3.847188683896451e-24,9.055572377759211e-24,1.6892406275087965e-24,1.51537641390876e-19,0.036542792418288284,3.574474388920687e-4,7602.852333433437,1.7713075105780862e-023,4.16933108690375e-23,1.7034844644201858e-24,1.7094158383218323e-19,1.1512518470166473,4.1471953824686973e-4,11659.722744473975,1.3634525179773895e-23,3.209315682073712e-23,9.873509794379473e-27,1.3254318338233954e-22,0.09725548114578814,4.4857603908411164e-8,1943.594,7603.004,11659.82,0,6.322116680362698e-25,1.1859597349281682e-25,1.1516969853927867e-25,0,0,2.9108041462852662e-24,1.1959598591046205e-25,5.755359686068902e-26,0,0,2.2405726986582385e-24,6.931863283507035e-28,1.1578541412448995e-28,0,21206.132177667554,3.519478896945121e-23,8.284204006753383e-23,3.402598601723362e-24,3.226117684064416e-19,1.2850501205807237,7.722118347428469e-4,0,5.7835885129797745e-24,2.388851457316296e-25,1.7283908081409217e-25,0, 16,Sub-Saharan Africa,Malawi,Dowa,TA Mkukula,20405,MW20405,0.1440529,0.003529529,0.2040522,0.02939432,0.01225080,0.000720208,0.2906929,0.03251866,0.5957723,0.1731868,0.05593302,0.01937372,0.05,9.22e-06,0.1,0.2217238,9.22469e-05,4.09e-05,30,2020-04-02
358,1943.5570997601437,3.3042058325496116e-24,7.77749092205824e-24,1.4508253147169645e-24,1.3470021940412028e-19,0.036542792418288284,3.574474388920687e-4,7602.852333433437,1.5213094775645556e-23,3.580881839800451e-23,1.4630588111160108e-24,1.519481213536069e-19,1.1512518470166473,4.1471953824686973e-4,11659.722744473975,1.1710181461931014e-23,2.7563606736365405e-23,8.479986641569996e-27,1.178162572293927e-22,0.09725548114578814,4.4857603908411164e-8,1943.594,7603.004,11659.82,0,5.429828513468395e-25,1.0185762630739133e-25,9.891492745827661e-26,0,0,2.4999803301353058e-24,1.0271649939255256e-25,4.9430622208206434e-26,0,0,1.9243437178428807e-24,5.953516961835097e-28,9.944374244964937e-29,0,21206.132177667554,3.022748207012618e-23,7.114991605642815e-23,2.9223641124745452e-24,2.867661570149566e-19,1.2850501205807237,7.722118347428469e-4,0,4.9673068993250256e-24,2.051694773961274e-25,1.484449934089327e-25,0, 16,Sub-Saharan Africa,Malawi,Dowa,TA Mkukula,20405,MW20405,0.1440529,0.003529529,0.2040522,0.02939432,0.01225080,0.000720208,0.2906929,0.03251866,0.5957723,0.1731868,0.05593302,0.01937372,0.05,9.22e-06,0.1,0.2217238,9.22469e-05,4.09e-05,30,2020-04-02
359,1943.5570997601437,2.8378582598101386e-24,6.679794773852816e-24,1.2460593591907858e-24,1.197336088547135e-19,0.036542792418288284,3.574474388920687e-4,7602.852333433437,1.3065955587652899e-23,3.0754848879581767e-23,1.2565662496430587e-24,1.350650369845647e-19,1.1512518470166473,4.1471953824686973e-4,11659.722744473975,1.0057434935671873e-23,2.3673346332228726e-23,7.283141956397199e-27,1.0472564290618842e-22,0.09725548114578814,4.4857603908411164e-8,1943.594,7603.004,11659.82,0,4.6634757273947295e-25,8.748168872448535e-26,8.495431522539384e-26,0,0,2.1471391879926565e-24,8.821934254055375e-26,4.245410443766715e-26,0,0,1.652746526259141e-24,5.1132520600753025e-28,8.540849455901636e-29,0,21206.132177667554,2.596124878313491e-23,6.110798998566331e-23,2.509908750790242e-24,2.549033714821844e-19,1.2850501205807237,7.722118347428469e-4,0,4.266233286991271e-24,1.7621235647104664e-25,1.2749382815762e-25,0, 16,Sub-Saharan Africa,Malawi,Dowa,TA Mkukula,20405,MW20405,0.1440529,0.003529529,0.2040522,0.02939432,0.01225080,0.000720208,0.2906929,0.03251866,0.5957723,0.1731868,0.05593302,0.01937372,0.05,9.22e-06,0.1,0.2217238,9.22469e-05,4.09e-05,30,2020-04-02
360,1943.5570997601437,2.4373298489153852e-24,5.7370247896408734e-24,1.0701935725023632e-24,1.0642994367211425e-19,0.036542792418288284,3.574474388920687e-4,7602.852333433437,1.1221858401350502e-23,2.641418432455971e-23,1.0792175459688456e-24,1.200578452014015e-19,1.1512518470166473,4.1471953824686973e-4,11659.722744473975,8.637953033958102e-24,2.0332147818081443e-23,6.255217018432107e-27,9.308952986409568e-23,0.09725548114578814,4.4857603908411164e-8,1943.594,7603.004,11659.82,0,4.0052841089475338e-25,7.51347359994707e-26,7.296406984165949e-26,0,0,1.844097186302397e-24,7.576827914061762e-26,3.646223541372653e-26,0,0,1.4194819017137712e-24,4.391580102538931e-28,7.335414741094925e-29,0,21206.132177667554,2.229714128422399e-23,5.2483356932282027e-23,2.155666335489641e-24,2.2658087840337986e-19,1.2850501205807237,7.722118347428469e-4,0,3.664107498910922e-24,1.5134217315034222e-25,1.0949965940279698e-25,0, 16,Sub-Saharan Africa,Malawi,Dowa,TA Mkukula,20405,MW20405,0.1440529,0.003529529,0.2040522,0.02939432,0.01225080,0.000720208,0.2906929,0.03251866,0.5957723,0.1731868,0.05593302,0.01937372,0.05,9.22e-06,0.1,0.2217238,9.22469e-05,4.09e-05,30,2020-04-02
361,1943.5570997601437,2.0933310435031617e-24,4.9273150675103916e-24,9.191490551254158e-25,9.460445375234607e-20,0.036542792418288284,3.574474388920687e-4,7602.852333433437,9.638032605823508e-24,2.2686150605588458e-23,9.268994069013513e-25,1.0671811429585957e-19,1.1512518470166473,4.1471953824686973e-4,11659.722744473975,7.418813355040515e-24,1.7462517934467963e-23,5.372370905511623e-27,8.27463084616533e-23,0.09725548114578814,4.4857603908411164e-8,1943.594,7603.004,11659.82,0,3.439988054122235e-25,6.453040214521669e-26,6.266609852316451e-26,0,0,1.5838257955269945e-24,6.50745285402151e-26,3.1316044207626604e-26,0,0,1.2191396789175872e-24,3.771763169578471e-28,6.300112149391656e-29,0,21206.132177667554,1.9150177004367183e-23,4.5075983607566814e-23,1.8514208329322786e-24,2.014053143566673e-19,1.2850501205807237,7.722118347428469e-4,0,3.146964279856805e-24,1.2998210700238964e-25,9.404514385228503e-26,0, 16,Sub-Saharan Africa,Malawi,Dowa,TA Mkukula,20405,MW20405,0.1440529,0.003529529,0.2040522,0.02939432,0.01225080,0.000720208,0.2906929,0.03251866,0.5957723,0.1731868,0.05593302,0.01937372,0.05,9.22e-06,0.1,0.2217238,9.22469e-05,4.09e-05,30,2020-04-02
362,1943.5570997601437,1.7978833925921217e-24,4.231885805759086e-24,7.89422593490355e-25,8.409289877667934e-20,0.036542792418288284,3.574474388920687e-4,7602.852333433437,8.277744130134208e-24,1.9484282496757143e-23,7.960790794432213e-25,9.486057152528547e-20,1.1512518470166473,4.1471953824686973e-4,11659.722744473975,6.371740084885283e-24,1.4997900632037607e-23,4.614127545223126e-27,7.355232545671626e-23,0.09725548114578814,4.4857603908411164e-8,1943.594,7603.004,11659.82,0,2.9544765091104007e-25,5.542273817348126e-26,5.382155782502454e-26,0,0,1.3602884756893001e-24,5.589006788564515e-26,2.6896173909417315e-26,0,0,1.0470732701552318e-24,3.2394256908024548e-28,5.410929646843713e-29,0,21206.132177667554,1.644736760761161e-23,3.871406893455384e-23,1.5901158004787993e-24,1.7902702262742152e-19,1.2850501205807237,7.722118347428469e-4,0,2.702809396755572e-24,1.1163674862820666e-25,8.07718410309103e-26,0, 16,Sub-Saharan Africa,Malawi,Dowa,TA Mkukula,20405,MW20405,0.1440529,0.003529529,0.2040522,0.02939432,0.01225080,0.000720208,0.2906929,0.03251866,0.5957723,0.1731868,0.05593302,0.01937372,0.05,9.22e-06,0.1,0.2217238,9.22469e-05,4.09e-05,30,2020-04-02
363,1943.5570997601437,1.5441345043591082e-24,3.6346077382158746e-24,6.780054090688287e-25,7.474928715632183e-20,0.036542792418288284,3.574474388920687e-4,7602.852333433437,7.10944346075483e-24,1.6734318263807675e-23,6.837224147610137e-25,8.432052991019093e-20,1.1512518470166473,4.1471953824686973e-4,11659.722744473975,5.472448189082634e-24,1.2881133420325066e-23,3.962900808197328e-27,6.537988888308666e-23,0.09725548114578814,4.4857603908411164e-8,1943.594,7603.004,11659.82,0,2.537488882330135e-25,4.760050773797068e-26,4.6225314085151416e-26,0,0,1.168300669379378e-24,4.8001879665450226e-26,2.3100113353058718e-26,0,0,8.992918958026494e-25,2.782221028850431e-28,4.647244199554203e-29,0,21206.132177667554,1.4126026154196571e-023,3.3250059422348613e-23,1.3656907246380399e-24,1.5913519695539584e-19,1.2850501205807237,7.722118347428469e-4,0,2.3213414534150408e-24,9.588060950630594e-26,6.937189988020567e-26,0, 16,Sub-Saharan Africa,Malawi,Dowa,TA Mkukula,20405,MW20405,0.1440529,0.003529529,0.2040522,0.02939432,0.01225080,0.000720208,0.2906929,0.03251866,0.5957723,0.1731868,0.05593302,0.01937372,0.05,9.22e-06,0.1,0.2217238,9.22469e-05,4.09e-05,30,2020-04-02
364,1943.5570997601437,1.3261991168899115e-24,3.121628044102249e-24,5.823133750147915e-25,6.644384842319127e-20,0.036542792418288284,3.574474388920687e-4,7602.852333433437,6.106033905747167e-24,1.4372477293007898e-23,5.872234964064865e-25,7.495160094094306e-20,1.1512518470166473,4.1471953824686973e-4,11659.722744473975,4.700080163915186e-24,1.1063121583706166e-23,3.403586628578392e-27,5.811549460298711e-23,0.09725548114578814,4.4857603908411164e-8,1943.594,7603.004,11659.82,0,2.1793538746919663e-25,4.088228787647362e-26,3.97011857075138e-26,0,0,1.0034095550076625e-24,4.1227011141561766e-26,1.9839819549107156e-26,0,0,7.723680251674475e-25,2.3895451207221897e-28,3.991343458455776e-29,0,21206.132177667554,1.2132313186552265e-23,2.855722692081631e-23,1.1729404580498564e-24,1.4145356485873732e-19,1.2850501205807237,7.722118347428469e-4,0,1.9937129676443064e-24,8.234825353010761e-26,5.958091869120551e-26,0, 16,Sub-Saharan Africa,Malawi,Dowa,TA Mkukula,20405,MW20405,0.1440529,0.003529529,0.2040522,0.02939432,0.01225080,0.000720208,0.2906929,0.03251866,0.5957723,0.1731868,0.05593302,0.01937372,0.05,9.22e-06,0.1,0.2217238,9.22469e-05,4.09e-05,30,2020-04-02
365,1943.5570997601437,1.1390225998174123e-24,2.681049056066304e-24,5.0012708185908055e-25,5.906123090673045e-20,0.036542792418288284,3.574474388920687e-4,7602.852333433437,5.244243134355757e-24,1.2343980811296063e-23,5.043442006395276e-25,6.662366142622098e-20,1.1512518470166473,4.1471953824686973e-4,11659.722744473975,4.0367222830111175e-24,9.501699515286575e-24,2.92321269161853e-27,5.165824990536688e-23,0.09725548114578814,4.4857603908411164e-8,1943.594,7603.004,11659.82,0,1.8717651707249927e-25,3.511226122234073e-26,3.409785693796353e-26,0,0,8.617907713914104e-25,3.540833108031724e-26,1.7039675681467994e-26,0,0,6.633578809040687e-25,2.052290535072647e-28,3.428014952335634e-29,0,21206.132177667554,1.0419988017184287e-23,2.4526729382648943e-23,1.0073944951902266e-24,1.2573655058285679e-019,1.2850501205807237,7.722118347428469e-4,0,1.7123251693679783e-24,7.072582135616523e-26,5.117181276895488e-26,0, 16,Sub-Saharan Africa,Malawi,Dowa,TA Mkukula,20405,MW20405,0.1440529,0.003529529,0.2040522,0.02939432,0.01225080,0.000720208,0.2906929,0.03251866,0.5957723,0.1731868,0.05593302,0.01937372,0.05,9.22e-06,0.1,0.2217238,9.22469e-05,4.09e-05,30,2020-04-02
