"","time","S","E","I","H","C","R","D","inci","hosp","crits","lvl2","lvl3","lvl4","ID","POP","runNum"
"1",1,18841349.6633035,0,1,0,0,0,0,0,0,0,"Malawi","All","All",1,18841350.6633035,578
"2",2,18841348.9789811,0.574279315779367,0.822589601149604,0.00747722607221374,8.68237029591257e-05,0.279888460901486,9.90357461115221e-07,0.68432241796309,0.00797506784488178,8.85023337461266e-05,"Malawi","All","All",1,18841350.6633035,578
"3",3,18841348.3528699,0.933416474636504,0.826562044021214,0.013446842963219,0.000312115182434455,0.53668881592362,7.25740129851362e-06,1.31043355012829,0.015271743797663,0.000324416293630797,"Malawi","All","All",1,18841350.6633035,578
"4",4,18841347.6845194,1.22400772113635,0.92357692105382,0.0191796398053572,0.000651138344941003,0.811345823124776,2.28920560071138e-05,1.97878413552125,0.0230606770420232,0.000689939799466338,"Malawi","All","All",1,18841350.6633035,578
"5",5,18841346.9178017,1.51300314124238,1.07923502745439,0.0253152210291586,0.00110026242192935,1.12679656737433,5.15576780906265e-05,2.74550177720028,0.0319959766980084,0.00118765137909614,"Malawi","All","All",1,18841350.6633035,578
"6",6,18841346.012762,1.83439465533606,1.28271612685488,0.0322423800350208,0.00166680612627023,1.4994245381832,9.69956235964541e-05,3.65054150215903,0.0425432773759115,0.00183121124903267,"Malawi","All","All",1,18841350.6633035,578
"7",7,18841344.9331085,2.20925763045253,1.53399200659254,0.0402646707731628,0.00236503598100486,1.94415235609904,0.000163310620568034,4.73019501051886,0.0551255215209449,0.00264184334227926,"Malawi","All","All",1,18841350.6633035,578
"8",8,18841343.6402503,2.65449363124552,1.83854163975279,0.0496753276477525,0.00321485570555866,2.47687254095001,0.00025517416257363,6.0230531694642,0.0701924461397871,0.00364736944141814,"Malawi","All","All",1,18841350.6633035,578
"9",9,18841342.0899871,3.18681773526129,2.20528367552996,0.0607945552033741,0.00424172530188918,3.1158006461727,0.000378007424570434,7.57331634489378,0.0882591613507863,0.00488243830251049,"Malawi","All","All",1,18841350.6633035,578
"10",10,18841340.230174,3.82477125261549,2.64591792880019,0.0739918344828672,0.00547720820218346,3.88243307811112,0.000538173070840288,9.43312947528269,0.109933363348153,0.00638939791238164,"Malawi","All","All",1,18841350.6633035,578
"11",11,18841337.9986217,4.58995639327564,3.17490842087812,0.0897030859627398,0.00695990410937064,4.80241078329599,0.000743191282148351,11.664681778804,0.135939804455365,0.00821959448969052,"Malawi","All","All",1,18841350.6633035,578
"12",12,18841335.3208626,5.50802309181168,3.80979222743131,0.108447267684586,0.00873669776544774,5.90643962153256,0.0010019929594999,14.3424408991851,0.167146329987978,0.0104350504272034,"Malawi","All","All",1,18841350.6633035,578
"13",13,18841332.1076096,6.60963189055537,4.5716901919247,0.130844425414277,0.0108643090168133,7.23133781731006,0.0013252178860354,17.5556938521073,0.204593490650083,0.0131105197339802,"Malawi","All","All",1,18841350.6633035,578
"14",14,18841328.2517489,7.93152598528955,5.48597909875863,0.157636691845204,0.0134111871688092,8.82127608090218,0.00172557085121869,21.4115546148156,0.249529593308322,0.0163359860113859,"Malawi","All","All",1,18841350.6633035,578
"15",15,18841323.6247515,9.51777705221541,6.583126600503,0.189713147438558,0.0164598034388497,10.7292571661201,0.00221824720562811,26.0385520169215,0.30345251476908,0.020219676210801,"Malawi","All","All",1,18841350.6633035,578
"16",16,18841318.0724264,11.4212492502181,7.89969038255773,0.228139175568171,0.0201093792861426,13.0188674198232,0.00282143590680586,31.5908770433602,0.368159200587309,0.0248916416133034,"Malawi","All","All",1,18841350.6633035,578
"17",17,18841311.4096699,13.7054020387826,9.47956041498075,0.274192698301191,0.0244792704821338,15.766442178201,0.00355694053283427,38.2536335412805,0.445806857940577,0.0305081945023792,"Malawi","All","All",1,18841350.6633035,578
"18",18,18841303.4144211,16.4463630352809,11.375391310007,0.329405858692169,0.0297128696835799,19.0635584228812,0.00445089304596099,46.2488823895907,0.538983396017607,0.0372570205482431,"Malawi","All","All",1,18841350.6633035,578
"19",19,18841293.8201976,19.7354886618338,13.6503705217466,0.395616488564045,0.0359824293327325,23.0201131776507,0.00553463430296556,55.8431059134308,0.650794418755342,0.0453634941507701,"Malawi","All","All",1,18841350.6633035,578
"20",20,18841282.3072111,23.6824088016933,16.3803260511759,0.475029338232138,0.0434948087623911,27.7679876014643,0.00684576130757871,67.3560923626356,0.78496676814905,0.055098200610846,"Malawi","All","All",1,18841350.6633035,578
"21",21,18841268.4917735,28.4186591785876,19.6562378255667,0.570289087522805,0.0524983289396236,33.4654161674208,0.00842937510104922,81.1715299631386,0.945971992519427,0.0667859060169607,"Malawi","All","All",1,18841350.6633035,578
"22",22,18841251.9133772,34.1021109916477,23.5873003044214,0.684569371898879,0.0632911352223947,40.3023149207597,0.0103396017996096,97.7499263257497,1.13917691706466,0.080816498121776,"Malawi","All","All",1,18841350.6633035,578
"23",23,18841232.0194673,40.9221889005228,28.3045353334718,0.821677693272697,0.076231058961089,48.506561842258,0.0126413851634786,117.64383621365,1.37102111930476,0.0976578863026586,"Malawi","All","All",1,18841350.6633035,578
"24",24,18841208.1470022,49.1061938755157,33.9651627182022,0.98618247387252,0.0917475586681243,58.3516020173379,0.0154126563950209,141.516301299992,1.64923184223631,0.117871620484161,"Malawi","All","All",1,18841350.6633035,578
"25",25,18841179.5003223,58.9268911506975,40.7578461727495,1.18356553642536,0.110356054198498,70.1655753675149,0.0187469379550293,170.162981219541,1.98308193309043,0.142131638721152,"Malawi","All","All",1,18841350.6633035,578
"26",26,18841145.1246644,70.7115830764583,48.9089793316992,1.42040454281865,0.132675089490281,84.3422405852089,0.0227564600224346,204.538639085698,2.38369853955547,0.171246712259495,"Malawi","All","All",1,18841350.6633035,578
"27",27,18841103.8743472,84.8530191048273,58.6902247818195,1.70459219965745,0.159446941881576,101.354097391175,0.0275759029377378,245.788956322299,2.86443392898438,0.20618739819975,"Malawi","All","All",1,18841350.6633035,578
"28",28,18841054.3745543,101.822500288928,70.4275703687613,2.04559956999654,0.191562380867968,121.768149639962,0.033366892640594,295.288749141156,3.4413109345908,0.248118417907343,"Malawi","All","All",1,18841350.6633035,578
"29",29,18840994.9755856,122.185542466169,84.5121943160431,2.45479116960226,0.230090327715186,146.264776203198,0.0403233840688344,354.687717866796,4.13355622068479,0.298437441350078,"Malawi","All","All",1,18841350.6633035,578
"30",30,18840923.697849,146.620749460534,101.413487895406,2.94580404200617,0.276313488699386,175.66042144676,0.0486781310922248,425.965454464497,4.96424148905612,0.358821686712109,"Malawi","All","All",1,18841350.6633035,578
"31",31,18840838.165921,175.942407971136,121.694694214748,3.53500204251008,0.331771095322198,210.934796701699,0.0587104449064225,511.497382470321,5.9610521572159,0.431283810890029,"Malawi","All","All",1,18841350.6633035,578
"32",32,18840735.5294395,211.127567673906,146.031694513857,4.24202072788035,0.398310202756705,253.263515358289,0.0707555043200644,614.133863981009,7.15720958052724,0.518238988639416,"Malawi","All","All",1,18841350.6633035,578
"33",33,18840612.368113,253.348655687554,175.235466890347,5.09042218162573,0.478147218757584,304.057282981098,0.0852155290878898,737.29519048847,8.59257852143675,0.622585380001322,"Malawi","All","All",1,18841350.6633035,578
"34",34,18840464.577859,304.012429741806,210.279143213773,6.10847927932001,0.573941769377065,365.008877334103,0.102573185197517,885.085444523577,10.314994736189,0.747800717639444,"Malawi","All","All",1,18841350.6633035,578
"35",35,18840287.2341539,364.806781867288,252.33042119399,7.33011727678171,0.688885314911809,438.149536268064,0.123407671261591,1062.4291495923,12.3818584202485,0.898058188813837,"Malawi","All","All",1,18841350.6633035,578
"36",36,18840074.4279433,437.757091230793,302.790326197961,8.79604535738845,0.826807456898367,525.916675894704,0.148414027059527,1275.2353601648,14.8620478499514,1.07836546986508,"Malawi","All","All",1,18841350.6633035,578
"37",37,18839819.0690329,525.293350421264,363.340037452417,10.555110625372,0.992303631271426,631.235042114862,0.178426303610979,1530.5942705488,17.8382125891397,1.29473169205958,"Malawi","All","All",1,18841350.6633035,578
"38",38,18839512.6503856,630.331007069856,435.99664091678,12.6659234393768,1.19088793449277,757.614013218625,0.214445319491565,1837.01291789862,21.4095231413219,1.55436731396997,"Malawi","All","All",1,18841350.6633035,578
"39",39,18839144.96489,756.368018443978,523.180188521438,15.1988104217572,1.42917686796819,909.264547173039,0.25767203117012,2204.69841345935,25.6949757257042,1.86592442776759,"Malawi","All","All",1,18841350.6633035,578
"40",40,18838703.7661449,907.600698501112,627.794369598997,18.2381520835127,1.71510975121821,1091.23928106227,0.309547544269066,2645.89715854138,30.8373512554467,2.23978499046509,"Malawi","All","All",1,18841350.6633035,578
"41",41,18838174.3617365,1089.06319728103,753.322609308374,21.8851893362204,2.05821262599427,1309.60055733932,0.371801064533963,3175.30156695547,37.0079635489072,2.68840600371023,"Malawi","All","All",1,18841350.6633035,578
"42",42,18837539.1238453,1306.79468445914,903.944272522758,26.261398371327,2.46991640074635,1571.62267877163,0.446507676526462,3810.53945820212,44.4123747229529,3.22673559167315,"Malawi","All","All",1,18841350.6633035,578
"43",43,18836776.9058797,1568.03883034204,1084.67288504761,31.5125161490048,2.96393607902565,1886.03309888452,0.536157245729282,4572.75742374793,53.2972108607497,3.87270901677004,"Malawi","All","All",1,18841350.6633035,578
"44",44,18835862.3404561,1881.48380389565,1301.52237486652,37.8133867397449,3.55672737373105,2263.30281715175,0.643737404013099,5487.32284743141,63.9583681201774,4.64784595217197,"Malawi","All","All",1,18841350.6633035,578
"45",45,18834764.9983932,2257.54924299807,1561.7065498868,45.373767821216,4.26803444305173,2715.99448205351,0.772833099426594,6584.66491030208,76.7508495069016,5.57796695211761,"Malawi","All","All",1,18841350.6633035,578
"46",46,18833448.3830574,2708.72968414366,1873.87704698764,54.4452801455299,5.12154507992241,3259.17894393802,0.927745746370876,7901.28024604114,92.1005359441446,6.69405059789321,"Malawi","All","All",1,18841350.6633035,578
"47",47,18831868.7259352,3250.00478332561,2248.40895477115,65.3297322129674,6.14567685362528,3910.93458490201,1.11363620124753,9480.9373682666,110.5182963436,8.03326197953296,"Malawi","All","All",1,18841350.6633035,578
"48",48,18829973.5351481,3899.33370484467,2697.74435115707,78.389162800723,7.37452542154658,4692.94971385405,1.3366973477368,11376.1281554258,132.617010082322,9.64019353524632,"Malawi","All","All",1,18841350.6633035,578
"49",49,18827699.8768688,4678.2397582921,3236.79886668096,94.0577422656002,8.84898920613138,5631.23671933749,1.60435888988798,13649.7864346722,159.131747426701,11.5683368474687,"Malawi","All","All",1,18841350.6633035,578
"50",50,18824972.3060564,5612.51201897597,3883.45218545406,112.856111863905,10.6181271788762,6756.99326893392,1.92553468942691,16377.3572470962,190.944104882861,13.8818596573192,"Malawi","All","All",1,18841350.6633035,578
"51",51,18821700.3951758,6733.0430048763,4659.13217383922,135.408537625939,12.740783355875,8107.6327089974,2.31091900487816,19649.2681276996,229.111321659188,16.6577324779482,"Malawi","All","All",1,18841350.6633035,578
"52",52,18817775.7863674,8076.8256913256,5589.51106589288,162.463404741148,15.287530149885,9728.01590277797,2.77334122203058,23573.8769361095,274.901087953747,19.9882732057476,"Malawi","All","All",1,18841350.6633035,578
"53",53,18813068.6728504,9688.13659972815,6705.33939190397,194.917708339599,18.3429989692352,11671.9255625602,3.32819154490553,28280.9904530461,329.833204548031,23.9841992546586,"Malawi","All","All",1,18841350.6633035,578
"54",54,18807423.6063231,11619.9461431389,8043.43328507761,233.846328194759,22.0086649496999,14003.8286283723,3.99393066280462,33926.0569803961,395.729381576212,28.7782761607681,"Malawi","All","All",1,18841350.6633035,578
"55",55,18800654.5094487,13935.5835605494,9647.85343666128,280.536921211925,26.4061811090974,16800.9810545984,4.79270065314524,40695.1538547833,474.772710919927,34.5296872017251,"Malawi","All","All",1,18841350.6633035,578
"56",56,18792538.7508435,16710.7079556501,11571.3005468038,336.531524823168,31.6813614804283,20155.9400147795,5.75105643098089,48810.9124599679,569.578649489635,41.4292563182707,"Malawi","All","All",1,18841350.6633035,578
"57",57,18782810.1055406,20035.6331599054,13876.7724883515,403.676177430181,38.0089515873376,24179.5661417647,6.9008438035767,58539.5577628428,683.27984631009,49.7057068699438,"Malawi","All","All",1,18841350.6633035,578
"58",58,18771150.492738,24018.0338286965,16639.5077118442,484.179423171497,45.5982788002869,29004.5710807122,8.28024226633107,70199.170565491,819.626374152899,59.6330795039007,"Malawi","All","All",1,18841350.6633035,578
"59",59,18757180.1493318,28786.1350078281,19949.2881534839,580.68233026602,54.7000471297129,34789.7734092303,9.93502372557736,84169.5139716636,983.10597117604,71.5396604513091,"Malawi","All","All",1,18841350.6633035,578
"60",60,18740446.1583556,34492.3856401276,23913.1256019646,696.340786820441,65.6143827139223,41725.1184876819,11.9200486136095,100903.504947922,1179.08585883936,85.818562892279,"Malawi","All","All",1,18841350.6633035,578
"61",61,18720409.0243197,41317.6931597262,28658.3935410133,834.922672130456,78.7004063886055,50037.6281493812,14.3010551419572,120940.638983782,1413.9808203654,102.940332264312,"Malawi","All","All",1,18841350.6633035,578
"62",62,18696427.0899855,49476.2453748448,34336.44646789,1000.92188113583,94.3875737581114,59998.4152284915,17.1567918496757,144922.57331797,1695.45134803448,123.467900948861,"Malawi","All","All",1,18841350.6633035,578
"63",63,18667738.5538017,59220.9273284887,41126.7816270407,1199.69167491736,113.189106365781,71930.9382034582,20.5815615333016,173611.109501804,2032.63680167103,148.074331338437,"Malawi","All","All",1,18841350.6633035,578
"64",64,18633440.8741275,70849.3190732269,49241.7748743343,1437.60002005637,135.717872142469,86220.6890792606,24.688256938298,207908.789175959,2436.42902234938,177.563841705163,"Malawi","All","All",1,18841350.6633035,578
"65",65,18592467.6101957,84710.1657269561,58931.938433252,1722.20808001534,162.704954006703,103326.423965505,29.6119480420104,248882.053107777,2919.78947863633,212.896455154596,"Malawi","All","All",1,18841350.6633035,578
"66",66,18543562.6480991,101210.111317424,70491.7283404255,2062.47436217058,195.021404116068,123793.165639172,35.5141411012587,297787.015204409,3498.1163933228,255.216972854788,"Malawi","All","All",1,18841350.6633035,578
"67",67,18485252.0664376,120820.372002098,84265.8046221119,2468.98561383866,233.703614458947,148267.143187529,42.5878258677051,356097.596865905,4189.66647654209,305.888899530116,"Malawi","All","All",1,18841350.6633035,578
"68",68,18415814.3019813,144082.927128196,100655.419596356,2954.21429506281,279.982576640502,177512.75430821,51.0634176745257,425535.36132214,5016.03364526266,366.533774933509,"Malawi","All","All",1,18841350.6633035,578
"69",69,18333249.7856114,171615.275410224,120124.716978918,3532.79901798151,335.317427427435,212431.553119126,61.2157384402773,508099.877692117,6002.68472313753,439.07655201577,"Malawi","All","All",1,18841350.6633035,578
"70",70,18235251.9565633,204112.50920826,143206.420240828,4221.84124879137,401.433530417307,254083.130325721,73.3721862117458,606097.70674023,7179.54825165023,525.79752576289,"Malawi","All","All",1,18841350.6633035,578
"71",71,18119182.0783033,242345.633259549,170505.801075755,5041.21103846427,480.364963082469,303707.652434224,87.922229154142,722167.585000228,8581.64973904941,629.390912312649,"Malawi","All","All",1,18841350.6633035,578
"72",72,17982052.4082166,287153.037904044,202702.30694028,6013.83734071291,574.501331362088,362749.243184799,105.328385676197,859297.255086874,10249.7700093943,753.030274580292,"Malawi","All","All",1,18841350.6633035,578
"73",73,17820522.6163256,339423.253134019,240546.721779902,7165.96219241837,686.637975959337,432879.333085317,126.138810255767,1020827.04697787,12231.1018026406,900.440061211013,"Malawi","All","All",1,18841350.6633035,578
"74",74,17630917.1363265,400064.98166844,284852.008980153,8527.3147724983,820.028184427756,516018.191782193,151.001589230802,1210432.52697694,14579.8538398334,1075.97204966955,"Malawi","All","All",1,18841350.6633035,578
"75",75,17409271.9450593,469960.650944974,336475.527734137,10131.1514242406,978.435039611851,614352.272364799,180.68073645053,1432077.71824421,17357.735013579,1284.684306904,"Malawi","All","All",1,18841350.6633035,578
"76",76,17151421.6617144,549899.705559504,396288.786441773,12014.0921524768,1166.17910190058,730344.164446996,216.073886402501,1689928.00158905,20634.2278024487,1532.41886100102,"Malawi","All","All",1,18841350.6633035,578
"77",77,16853137.7398604,640487.902063779,465132.244926258,14215.65805558,1388.1769649108,866730.710031159,258.231401416211,1988211.9234431,24486.5247641576,1825.87264309501,"Malawi","All","All",1,18841350.6633035,578
"78",78,16510328.1927175,742031.307814481,543751.394219966,16777.4055990966,1649.96333311222,1026504.02309997,308.376519348193,2331021.47058597,28998.9790988056,2172.65371480847,"Malawi","All","All",1,18841350.6633035,578
"79",79,16119305.5348254,854396.901373055,632711.954453578,19741.538004821,1957.68743726714,1212869.12137656,367.925832782812,2722044.12847806,34261.8911339388,2581.31239541778,"Malawi","All","All",1,18841350.6633035,578
"80",80,15677122.944157,976856.753532978,732294.210047487,23148.8725726973,2318.07254100769,1429171.301383,438.50906934975,3164226.71914652,40369.4364598202,3061.33429556718,"Malawi","All","All",1,18841350.6633035,578
"81",81,15181965.9771405,1107931.8677549,842369.17612201,27036.0821804924,2738.32538365664,1678787.24797802,521.986743945833,3659383.68616302,47416.5663342942,3623.07968015793,"Malawi","All","All",1,18841350.6633035,578
"82",82,14633572.3988934,1245259.17278987,962265.108009983,31432.1759111802,3225.98241534151,1964975.36145911,620.463824556193,4207777.26441004,55494.7536519752,4277.65286668287,"Malawi","All","All",1,18841350.6633035,578
"83",83,14033634.9952262,1385513.5916329,1090639.74826121,36354.2621937584,3788.67842760305,2290683.09056491,736.296996884128,4807714.66807727,64686.5238549455,5036.68316919824,"Malawi","All","All",1,18841350.6633035,578
"84",84,13386120.8765474,1524424.87975676,1225377.68506142,41802.8602134044,4433.83126727111,2658318.43747873,872.092978534127,5455228.78675612,75058.9767274536,5912.00675478263,"Malawi","All","All",1,18841350.6633035,578
"85",85,12697438.0566419,1656920.88623373,1363540.15424899,47757.0942081244,5168.23866430526,3069495.538406,1030.69490042115,6143911.60666157,86656.5829285964,6915.24038821152,"Malawi","All","All",1,18841350.6633035,578
"86",86,11976380.0230644,1777417.12229852,1501394.77768039,54170.351682292,5997.59648297794,3524775.63802882,1215.15406604928,6864969.64023905,99493.8630185466,8057.25181583383,"Malawi","All","All",1,18841350.6633035,578
"87",87,11233799.669717,1880249.00871697,1634547.08871388,60967.1552298324,6925.95944289499,4023433.09696042,1428.68452245828,7607549.99358646,113548.792593898,9347.54348549864,"Malawi","All","All",1,18841350.6633035,578
"88",88,10482021.8735745,1960198.21743202,1758179.93614187,68041.9507752946,7955.18443694259,4563278.90124711,1674.5996957879,8359327.78972902,128757.854939785,10793.5884633902,"Malawi","All","All",1,18841350.6633035,578
"89",89,9734038.09947872,2013044.7485343,1867390.99227255,75260.5093808991,9084.40447755562,5140575.6784092,1956.23075026606,9107311.56382477,145013.705279102,12400.166000851,"Malawi","All","All",1,18841350.6633035,578
"90",90,9002593.29314009,2036043.88391704,1957592.73804443,82464.3034908783,10309.5946487859,5750070.02113994,2276.82892232021,9838756.37016339,162166.174218568,14168.7619452456,"Malawi","All","All",1,18841350.6633035,578
"91",91,8299297.30304447,2028238.85758022,2024920.26958787,89477.8040210903,11623.2898221768,6385153.683372,2639.45587565405,10542052.360259,180026.931524552,16097.1006104693,"Malawi","All","All",1,18841350.6633035,578
"92",92,7633892.01108168,1990546.73824066,2066585.50685175,96118.1588932735,13014.5043099178,7038146.87599086,3046.86793533731,11207457.6522218,198377.608916783,18178.8682098207,"Malawi","All","All",1,18841350.6633035,578
"93",93,7013771.5830319,1925603.94002798,2081120.55034798,102206.265722046,14468.8855244776,7700678.0371421,3501.40150699987,11827578.0802716,216980.644643355,20403.6723040739,"Malawi","All","All",1,18841350.6633035,578
"94",94,6443790.71970467,1837413.13771521,2068476.54067376,107577.972263615,15969.1015783919,8364118.32398333,4004.86738450667,12397558.9435988,235591.656521085,22757.2502554546,"Malawi","All","All",1,18841350.6633035,578
"95",95,5926351.57859761,1730861.15813248,2029965.38579189,112094.108858707,17495.4452330682,9020024.52498937,4558.46170036225,12914998.0847059,253972.022653573,25221.9222396387,"Malawi","All","All",1,18841350.6633035,578
"96",96,5461696.04264666,1611207.3402681,1968067.35187027,115648.249448546,19026.5977306339,9660542.38183908,5162.69950019295,13379653.6206568,271900.305803808,27777.2424880318,"Malawi","All","All",1,18841350.6633035,578
"97",97,5048327.50167532,1483615.99337074,1886144.30248444,118171.467874484,20540.4896148359,10278733.5326779,5817.37560573515,13793022.1616282,289181.478814932,30400.793772426,"Malawi","All","All",1,18841350.6633035,578
"98",98,4683474.85423106,1352792.75012436,1788107.46013471,119633.909927115,22015.1823274692,10868804.9522065,6521.55435227919,14157874.8090724,305653.357951325,33069.0516066563,"Malawi","All","All",1,18841350.6633035,578
"99",99,4363536.51150238,1222745.75363792,1678089.23824373,120043.340835092,23429.7016877749,11426232.5293596,7273.58803696607,14477813.1518011,321190.014757139,35758.2489953938,"Malawi","All","All",1,18841350.6633035,578
"100",100,4084461.79602489,1096671.59105417,1560152.0157079,119441.284912587,24764.7670848252,11947788.0474031,8071.16111597808,14756887.8672786,335702.438943898,38445.1805396482,"Malawi","All","All",1,18841350.6633035,578
"101",101,3842052.19320403,976942.29717313,1438061.45899131,117897.399551903,26003.3757251958,12431482.5822606,8911.35639730858,14999297.4700995,349136.830000572,41107.8988795065,"Malawi","All","All",1,18841350.6633035,578
"102",102,3632180.12526226,865166.037266026,1315129.70921515,115502.930796547,27131.220948486,12876449.9020526,9790.7377623872,15209169.5380412,361471.194580538,43726.2732207109,"Malawi","All","All",1,18841350.6633035,578
"103",103,3450934.73071204,762291.192948464,1194128.10033923,112363.902402174,28136.9421775856,13282790.3507695,10705.4439545032,15390414.9325914,372710.835807995,46282.398253925,"Malawi","All","All",1,18841350.6633035,578
"104",104,3294706.92492426,668730.09463799,1077259.12227951,108594.661098441,29012.2123388004,13651396.360006,11651.288018511,15546642.7383792,382883.338405984,48760.8501226393,"Malawi","All","All",1,18841350.6633035,578
"105",105,3160231.23040208,584482.859851825,966172.682175549,104312.145549223,29751.6901090069,13983776.198044,12623.8571717501,15681118.4329014,392033.52126157,51148.8079490024,"Malawi","All","All",1,18841350.6633035,578
"106",106,3044595.8117713,509251.317099424,862013.680684573,99631.1092389311,30352.8596716624,14281887.275598,13618.6092395687,15796753.8515322,400218.678379012,53436.0570455999,"Malawi","All","All",1,18841350.6633035,578
"107",107,2945231.99536167,442535.783403813,765488.265134092,94660.416245412,30815.7850327132,14547987.4559105,14630.962215267,15896117.6679418,407504.34654781,55614.8950331941,"Malawi","All","All",1,18841350.6633035,578
"108",108,2859892.17092321,383713.837663423,676937.141644623,89500.3510998416,31142.8106174958,14784507.9765465,15656.3748084141,15981457.4923803,413960.698996839,57679.9689649815,"Malawi","All","All",1,18841350.6633035,578
"109",109,2786621.29092186,332100.424997959,596410.115691226,84240.8769306498,31338.2286739725,14993949.3095899,16690.4164979617,16054728.3723816,419659.600545122,59628.0614680791,"Malawi","All","All",1,18841350.6633035,578
"110",110,2723726.04640998,286992.396081037,523734.750896209,78960.7187788633,31407.9364690477,15178799.9884394,17728.8262289132,16117623.6168935,424672.322229749,61457.8474292071,"Malawi","All","All",1,18841350.6633035,578
"111",111,2669744.39635845,247699.596771638,458577.701373421,73727.084369993,31359.0996782345,15341475.2247278,18767.5600239081,16171605.266945,429067.822537864,63169.638084784,"Malawi","All","All",1,18841350.6633035,578
"112",112,2623416.70635621,213565.266923906,400496.342782273,68595.9100955049,31199.8337547533,15484273.7758339,19802.8275568917,16217932.9569473,432911.549744358,64765.1243814676,"Malawi","All","All",1,18841350.6633035,578
"113",113,2583659.38481078,183978.386118806,348981.026635212,63612.4633712724,30938.9126706824,15609349.3710459,20831.1186508351,16257690.2784927,436264.658529781,66247.1306302694,"Malawi","All","All",1,18841350.6633035,578
"114",114,2549541.21046147,158380.126297743,303488.390339195,58812.1909966273,30585.5091661889,15718694.015314,21849.2207282415,16291808.452842,439183.563576503,67619.3843339515,"Malawi","All","All",1,18841350.6633035,578
"115",115,2520262.47879622,136265.962960452,263466.623556262,54221.7137107594,30148.9700249893,15814130.6861553,22854.2280994711,16321087.1845073,441719.758568505,68886.3072059618,"Malawi","All","All",1,18841350.6633035,578
"116",116,2495136.63954601,117185.120232031,228374.170580793,49859.8830358374,29638.6246360795,15897312.6805832,23843.5446895314,16346213.0237575,443919.822158005,70052.8283540051,"Malawi","All","All",1,18841350.6633035,578
"117",117,2473574.48692708,100737.958402177,197692.332532839,45738.8516397347,29063.6293661212,15969728.5239067,24814.8805288286,16367775.1763764,445825.579435386,71124.2227043417,"Malawi","All","All",1,18841350.6633035,578
"118",118,2455070.41050124,86572.4849792094,170933.820939089,41865.095381916,28432.8418475665,16032709.7656575,25766.2439969449,16386279.2528022,447474.342870826,72105.9721433109,"Malawi","All","All",1,18841350.6633035,578
"119",119,2439190.57033904,74380.2306971467,147647.678440703,38240.3730116331,27754.7244031344,16087441.1561766,26695.9302352266,16402159.0929644,448899.218276892,73003.6493014391,"Malawi","All","All",1,18841350.6633035,578
"120",120,2425562.7034401,63891.9676085492,127421.55945837,34862.6044444717,27037.2723235901,16134972.0491974,27602.5068309812,16415786.9598634,450129.443139895,73822.821566295,"Malawi","All","All",1,18841350.6633035,578
"121",121,2413867.38660935,54873.4843642548,109882.13325225,31726.6523903495,26287.96454189,16176228.2446614,28484.7974840228,16427482.2766941,451190.735048953,74568.9740718441,"Malawi","All","All",1,18841350.6633035,578
"122",122,2403830.52851638,47121.5602616043,94694.1360379233,28825.0101479919,25513.7328239696,16212023.8311495,29341.8643661331,16437519.1347871,452105.637988572,75247.4489889695,"Malawi","All","All",1,18841350.6633035,578
"123",123,2395216.92669352,40460.238798686,81558.5205674226,26148.3957110717,24720.9466100349,16243072.6451936,30172.9897291732,16446132.73661,452893.855816067,75863.3991929796,"Malawi","All","All",1,18841350.6633035,578
"124",124,2387824.74089586,34737.4307445475,70210.0518247397,23686.2571454412,23915.4107187028,16269999.1147573,30977.6572168525,16453524.9224076,453572.566540445,76421.7542916705,"Malawi","All","All",1,18841350.6633035,578
"125",125,2381480.78141738,29821.842921672,60414.639077855,21427.1941766214,23102.3733867455,16293348.2990085,31755.5333147356,16459868.8818861,454156.712269239,76927.1972233024,"Malawi","All","All",1,18841350.6633035,578
"126",126,2376036.40952994,25600.2712014644,51966.4929266225,19359.3116545704,22286.5418614752,16313595.186972,32506.4491574456,16465313.2537735,454659.266923316,77384.1490126549,"Malawi","All","All",1,18841350.6633035,578
"127",127,2371364.06581105,21975.1915185452,44685.3330288221,17470.5032602295,21472.1044885625,16331153.0822179,33230.3829783711,16469985.5974924,455091.476857425,77796.7611115444,"Malawi","All","All",1,18841350.6633035,578
"128",128,2367354.27923777,18862.6453272942,38413.6951028478,15748.679627214,20662.7569987405,16346381.1636423,33927.4433673585,16473995.3840657,455463.07721917,78168.9133077402,"Malawi","All","All",1,18841350.6633035,578
"129",129,2363913.10238883,16190.3972867749,33014.3861615253,14181.9472174263,19861.7318071307,16359591.2449891,34597.8534526731,16477436.5609147,455782.484820923,78504.2162131164,"Malawi","All","All",1,18841350.6633035,578
"130",130,2360959.9079294,13896.3237929003,28368.1341618773,12758.7457384321,19071.8291216828,16371053.7864841,35241.9360751241,16480389.7553741,456056.969189927,78806.017242609,"Malawi","All","All",1,18841350.6633035,578
"131",131,2358425.50107813,11927.0204792594,24371.4358058782,11467.949965227,18295.4489675891,16381003.2069855,35860.1000219173,16482924.1622253,456292.803279335,79077.4093053596,"Malawi","All","All",1,18841350.6633035,578
"132",132,2356250.50005013,10236.5920125364,20934.6170591217,10298.9422921732,17534.6233417157,16389642.5612233,36452.8273244916,16485099.1632533,456495.39578538,79321.2414293019,"Malawi","All","All",1,18841350.6633035,578
"133",133,2354383.93944693,8785.60345299358,17980.0845006255,9241.66194932302,16791.0479338243,16397147.6644345,37020.6615852744,16486965.7238565,456669.407502321,79540.1306965294,"Malawi","All","All",1,18841350.6633035,578
"134",134,2352782.08026376,7540.17951811419,15440.779052925,8286.63346369175,16066.1129784018,16403670.6806529,37564.1973737025,16488567.5830397,456818.852226806,79736.4751216497,"Malawi","All","All",1,18841350.6633035,578
"135",135,2351407.3866061,6471.22797647528,13258.8028040452,7424.97985105792,15360.9328402033,16409343.2626047,38084.0706208571,16489942.2766974,456947.184790999,79912.4669564771,"Malawi","All","All",1,18841350.6633035,578
"136",136,2350227.64482237,5553.76421133499,11384.2118243163,6648.42377025122,14676.3741213752,16414279.2945968,38580.9499570436,16491122.0184811,457057.377732353,80070.106114573,"Malawi","All","All",1,18841350.6633035,578
"137",137,2349215.20923009,4766.33470012213,9773.95459375526,5949.27864209317,14013.082186135,16418577.2749957,39055.5289556108,16492134.4540734,457151.987667093,80211.2135493966,"Malawi","All","All",1,18841350.6633035,578
"138",138,2348346.35291352,4090.51998587735,8390.94065268557,5320.43271184342,13371.5059606761,16422322.3918604,39508.5192184764,16493003.31039,457233.212930293,80337.4443343495,"Malawi","All","All",1,18841350.6633035,578
"139",139,2347600.71477081,3510.50682891165,7203.23772882374,4755.32736828443,12751.9209171548,16425588.3114093,39940.6442801635,16493748.9485327,457302.943061875,80450.30031426,"Malawi","All","All",1,18841350.6633035,578
"140",140,2346960.82225657,3012.72128620052,6183.3663178656,4247.93193088888,12154.4503199938,16428438.7369656,40352.634226347,16494388.8410469,457362.801798413,80551.1422302593,"Malawi","All","All",1,18841350.6633035,578
"141",141,2346411.67922083,2585.51057396965,5307.68476930243,3792.71613766408,11579.084760003,16430928.7668727,40745.2209689851,16494937.9840827,457414.184394512,80641.2012453695,"Malawi","All","All",1,18841350.6633035,578
"142",142,2345940.41579671,2218.87095755663,4555.86295756441,3384.62063178986,11025.6999995636,16433106.0588048,41119.1341555287,16495409.2475068,457458.289488052,80721.5898559015,"Malawi","All","All",1,18841350.6633035,578
"143",143,2345535.98717903,1904.21684689292,3910.42172481448,3019.02701652937,10494.0731586128,16435011.8397288,41475.0976487548,16495813.6761244,457496.14664104,80793.3121108467,"Malawi","All","All",1,18841350.6633035,578
"144",144,2345188.9148821,1634.1792063614,3356.33773736492,2691.72789672676,9983.89737197081,16436681.7796983,41813.8265106348,16496160.7484214,457528.640073812,80857.273156937,"Malawi","All","All",1,18841350.6633035,578
"145",145,2344891.0649309,1402.43220993133,2880.70313673499,2398.89728135317,9494.7950146248,16438146.7462858,42136.0244441087,16496458.5983726,457556.529070704,80914.2881278013,"Malawi","All","All",1,18841350.6633035,578
"146",146,2344635.4565131,1203.54759818102,2472.42627223832,2137.06196704544,9026.329556074,16439433.4597448,42442.3816520148,16496714.2067904,457580.465632322,80965.0903692501,"Malawi","All","All",1,18841350.6633035,578
"147",147,2344416.09888627,1032.86618092058,2121.97981694063,1903.07386306278,8578.01616155529,16440565.0553281,42733.5730666086,16496933.5644172,457601.009553598,81010.3390395812,"Malawi","All","All",1,18841350.6633035,578
"148",148,2344227.85117523,886.388386915031,1821.18231376469,1694.08363518959,8149.33112565927,16441561.5697564,43010.2569103095,16497121.8121282,457618.641410887,81050.6261036976,"Malawi","All","All",1,18841350.6633035,578
"149",149,2344066.30120204,760.682963717105,1563.00538795351,1507.51588104234,7739.7202231284,16442440.3640938,43273.0735517906,16497283.3621014,457633.773805374,81086.4827450064,"Malawi","All","All",1,18841350.6633035,578
"150",150,2343927.66271222,652.804115797991,1341.41521227801,1341.04557074891,7348.6060997519,16443216.4849748,43522.6446179231,16497422.0005913,457646.760911688,81118.3852510831,"Malawi","All","All",1,18841350.6633035,578
"151",151,2343808.68633211,560.223880881367,1151.23059262232,1192.57617619488,6975.39474170184,16443902.9792403,43759.5723396649,16497540.9769714,457657.906761681,81146.7603743039,"Malawi","All","All",1,18841350.6633035,578
"152",152,2343706.58347893,480.773080295084,988.002695379586,1060.2192470795,6619.48113626735,16444511.1645679,43984.4390976485,16497643.0798246,457667.472330551,81171.9902223648,"Malawi","All","All",1,18841350.6633035,578
"153",153,2343618.96115467,412.589598945633,847.912915313341,942.275429264703,6280.25420478561,16445050.8628604,44197.8071401058,16497730.7021488,457675.681614356,81194.4167131007,"Malawi","All","All",1,18841350.6633035,578
"154",154,2343543.76567406,354.075775577719,727.682554941801,837.217008185593,5957.10105409654,16445530.6027806,44400.2184560225,16497805.8976294,457682.726879223,81214.3456109402,"Malawi","All","All",1,18841350.6633035,578
"155",155,2343479.23466415,303.860267155719,624.497471857032,743.671754570506,5649.41064314985,16445957.7937265,44592.1947761091,16497870.4286393,457688.773141664,81232.0501951599,"Malawi","All","All",1,18841350.6633035,578
"156",156,2343423.85564767,260.766299488896,535.941823889298,660.408122623667,5356.576908156,16446338.8768145,44774.2376871592,16497925.8076558,457693.962036649,81247.7745788677,"Malawi","All","All",1,18841350.6633035,578
"157",157,2343376.33068341,223.7839111113,459.942096607724,586.321685836772,5078.00140521736,16446679.4546792,44946.8288421138,16497973.3326201,457698.415121574,81261.7367076894,"Malawi","All","All",1,18841350.6633035,578
"158",158,2343335.54589167,192.046407379927,394.718445378534,520.422741127873,4813.09552930501,16446984.4040388,45110.4302497875,16498014.1174118,457702.236724951,81274.1310698229,"Malawi","All","All",1,18841350.6633035,578
"159",159,2343300.54533123,164.80993573529,338.743195791382,461.824987338752,4561.28235724528,16447257.972865,45265.484631167,16498049.1179723,457705.516389185,81285.1311429424,"Malawi","All","All",1,18841350.6633035,578
"160",160,2343270.50867258,141.436168617511,290.70521098941,409.735258516562,4321.99814315293,16447503.8640167,45412.41583297,16498079.1546309,457708.330959035,81294.8915906024,"Malawi","All","All",1,18841350.6633035,578
"161",161,2343244.73191254,121.377311706593,249.479130859372,363.44416571703,4094.69352992532,16447725.3079691,45551.6292836417,16498104.9313909,457710.746386011,81303.5502466363,"Malawi","All","All",1,18841350.6633035,578
"162",162,2343222.6109024,104.163233775475,214.099151434158,322.317616243827,3878.83449595925,16447925.1254177,45683.5124859676,16498127.0524011,457712.819269904,81311.2298968371,"Malawi","All","All",1,18841350.6633035,578
"163",163,2343203.62715788,89.3904835244524,183.736323368175,285.78913151578,3673.90307600626,16448105.7815944,45808.435536806,16498146.0361456,457714.598187009,81318.0398807478,"Malawi","All","All",1,18841350.6633035,578
"164",164,2343187.33572398,76.7128185030195,157.679209404179,253.352901665437,3479.3978816429,16448269.4331007,45926.7516676218,16498162.3275795,457716.124826203,81324.0775283221,"Malawi","All","All",1,18841350.6633035,578
"165",165,2343173.35482557,65.8331476753851,135.317362969699,224.557538351469,3294.83444250092,16448417.9681864,46038.7978000189,16498176.3084779,457717.434957989,81329.429442768,"Malawi","All","All",1,18841350.6633035,578
"166",166,2343161.35675519,56.4964721336719,116.126744085294,199.000367692586,3119.74542037872,16448553.0424365,46144.89510748,16498188.3065483,457718.559287777,81334.1726667942,"Malawi","All","All",1,18841350.6633035,578
"167",167,2343151.0602936,48.4839494738109,99.6576486656704,176.322352224563,2953.68067298941,16448676.1088017,46245.349584801,16498198.6030099,457719.524165727,81338.3757115344,"Malawi","All","All",1,18841350.6633035,578
"168",168,2343142.22411802,41.607783350279,85.5241574000645,156.203500448971,2796.20721588009,16448788.4439116,46340.4526167656,16498207.4391855,457720.352204147,81342.0994823564,"Malawi","All","All",1,18841350.6633035,578
"169",169,2343134.64111889,35.7068222527886,73.3950323767658,138.358735199558,2646.90909304377,16448891.1709581,46430.4815436485,16498215.0221846,457721.062809834,81345.3981079871,"Malawi","All","All",1,18841350.6633035,578
"170",170,2343128.13357005,30.6427532556412,62.9860457689585,122.534181002871,2505.38716757175,16448985.2793643,46515.7002215661,16498221.5297334,457721.672636505,81348.3196809453,"Malawi","All","All",1,18841350.6633035,578
"171",171,2343122.54894796,26.2968834965368,54.0532622154635,108.503833408835,2371.25884767024,16449071.6419542,46596.3595745252,16498227.1143555,457722.195976456,81350.9069192669,"Malawi","All","All",1,18841350.6633035,578
"172",172,2343117.75635548,22.5673672799514,46.3873118992058,96.0665707073188,2244.15775847372,16449151.029803,46672.6981366024,16498231.906948,457722.645095595,81353.1977572983,"Malawi","All","All",1,18841350.6633035,578
"173",173,2343113.64346818,19.3667797263178,39.8085584425858,85.0434729872924,2123.73337025198,16449224.1250714,46744.9425824826,16498236.0198353,457723.030519543,81355.2258731529,"Malawi","All","All",1,18841350.6633035,578
"174",174,2343110.11388704,16.6201080620191,34.1628149882748,75.275424133146,2009.65059141903,16449291.5322327,46813.3082450957,16498239.5494164,457723.361281662,81357.0211591017,"Malawi","All","All",1,18841350.6633035,578
"175",175,2343107.08488179,14.2629874870674,29.317743870859,66.6209632150742,1901.58933432233,16449353.7877735,46877.9996193187,16498242.5784217,457723.645134492,81358.6101411234,"Malawi","All","All",1,18841350.6633035,578
"176",176,2343104.48546376,12.2401563931612,25.1598201117672,58.9543613835084,1799.24406045262,16449411.3685905,46939.2108509292,16498245.1778397,457723.888730323,81360.0163528798,"Malawi","All","All",1,18841350.6633035,578
"177",177,2343102.25470657,10.5042111180496,21.5915844837082,52.1639062150452,1702.32331064646,16449464.6993742,46997.1262102203,16498247.4085969,457724.097778542,81361.2606686822,"Malawi","All","All",1,18841350.6633035,578
"178",178,2343100.34032336,9.01446723193839,18.529399672727,46.1503629242827,1610.54922580185,16449514.1589743,47051.9205501424,16498249.3229801,457724.277178953,81362.3616007463,"Malawi","All","All",1,18841350.6633035,578
"179",179,2343098.69744575,7.73600166707145,15.9015053454819,40.8256047538318,1523.65706176574,16449560.085936,47103.7597481559,16498250.9658577,457724.431136186,81363.3355630085,"Malawi","All","All",1,18841350.6633035,578
"180",180,2343097.28756657,6.63885439578005,13.646302734163,36.1113902492134,1441.39470247888,16449602.7833549,47152.8011320983,16498252.3757369,457724.563258771,81364.1971061054,"Malawi","All","All",1,18841350.6633035,578
"181",181,2343096.07764138,5.69730764319196,11.7109392696082,31.9382694441759,1363.52217464925,16449642.523081,47199.1938900687,16498253.5856621,457724.676643335,81364.9591267906,"Malawi","All","All",1,18841350.6633035,578
"182",182,2343095.03931233,4.88929426254236,10.0500549891314,28.2446117033892,1289.81116628049,16449679.5493998,47243.0794640752,16498254.6239912,457724.773947319,81365.6330536851,"Malawi","All","All",1,18841350.6633035,578
"183",183,2343094.14824279,4.19587668543993,8.62472149314161,24.9757362391216,1220.0445514778,16449714.0822467,47284.5919281224,16498255.5150607,457724.857451341,81366.2290129325,"Malawi","All","All",1,18841350.6633035,578
"184",184,2343093.38354829,3.60080171164819,7.40153420248977,22.0831389911298,1154.01592319417,16449746.3200065,47323.8583505601,16498256.2797552,457724.929112516,81366.7559751173,"Malawi","All","All",1,18841350.6633035,578
"185",185,2343092.72730551,3.09012284454492,6.35182263244872,19.5238035451762,1091.52913559014,16449776.4419722,47360.9991411798,16498256.935998,457724.990610463,81367.2218859436,"Malawi","All","All",1,18841350.6633035,578
"186",186,2343092.16413427,2.65187059321417,5.45098609482177,17.2595885616052,1032.39785734924,16449804.6104835,47396.1283831055,16498257.4991692,457725.043386487,81367.6337820975,"Malawi","All","All",1,18841350.6633035,578
"187",187,2343091.68083381,2.27577272368504,4.67790876883138,15.2566793248214,976.445136145764,16449830.9728219,47429.3541508453,16498257.9824697,457725.088677652,81367.9978948046,"Malawi","All","All",1,18841350.6633035,578
"188",188,2343091.26607667,1.95301459833507,4.01447135460858,13.4851049673522,923.50297643998,16449855.6628464,47460.7788130275,16498258.3972268,457725.127545478,81368.3197407548,"Malawi","All","All",1,18841350.6633035,578
"189",189,2343090.91014197,1.67603102296117,3.44512520575065,11.9183050433225,873.411929796521,16449878.8024483,47490.4993221838,16498258.7531615,457725.160900927,81368.6042035953,"Malawi","All","All",1,18841350.6633035,578
"190",190,2343090.60468718,1.4383302380789,2.95652559700049,10.532745518424,826.020698831755,16449900.5028252,47518.6074909306,16498259.0586163,457725.189525791,81368.8556060001,"Malawi","All","All",1,18841350.6633035,578
"191",191,2343090.34255306,1.23434116161952,2.53722062280386,9.30757735655954,781.185754787751,16449920.8656012,47545.1902553188,16498259.3207504,457725.214090981,81369.0777736128,"Malawi","All","All",1,18841350.6633035,578
"192",192,2343090.11759536,1.05928206928661,2.17738247976238,8.22433239720753,738.77096875287,16449939.9838165,47570.3299259559,16498259.5457081,457725.235172285,81369.2740919149,"Malawi","All","All",1,18841350.6633035,578
"193",193,2343089.92454181,0.90905044623147,1.86857748908511,7.26665551756171,698.647257572763,16449957.9427942,47594.1044264088,16498259.7387617,457725.253263779,81369.4475562223,"Malawi","All","All",1,18841350.6633035,578
"194",194,2343089.75886802,0.780125452947421,1.60356852891585,6.42006415238062,660.692242650889,16449974.8209137,47616.5875209462,16498259.9044355,457725.268789454,81369.6008165034,"Malawi","All","All",1,18841350.6633035,578
"195",195,2343089.61669086,0.66948497958186,1.37614458675824,5.67173508269202,624.789922556563,16449990.6902943,47637.8490311025,16498260.0466126,457725.282113206,81369.7362170582,"Malawi","All","All",1,18841350.6633035,578
"196",196,2343089.49467776,0.574536098610962,1.18097450997975,5.01031628518069,590.830359340247,16450005.6173981,47657.9550413707,16498260.1686257,457725.293547338,81369.8558314774,"Malawi","All","All",1,18841350.6633035,578
"197",197,2343089.38996902,0.493053262487842,1.01348411927523,4.42575958815759,558.709378150924,16450019.6635646,47676.968094737,16498260.2733345,457725.303359838,81369.9614936858,"Malawi","All","All",1,18841350.6633035,578
"198",198,2343089.30011052,0.423126441883796,0.869748168593829,3.9091719612342,528.328279654855,16450032.8854881,47694.9473786057,16498260.363193,457725.311780688,81370.0548254991,"Malawi","All","All",1,18841350.6633035,578
"199",199,2343089.22299604,0.363117062353399,0.7463970951068,3.45268368973352,499.593565112319,16450045.3356431,47711.9489013917,16498260.4403074,457725.319007266,81370.1372610211,"Malawi","All","All",1,18841350.6633035,578
"200",200,2343089.1568183,0.311618538419205,0.640540185434902,3.0493315527197,472.416673830437,16450057.0626609,47728.0256601515,16498260.5064852,457725.325208938,81370.2100682259,"Malawi","All","All",1,18841350.6633035,578
"201",201,2343089.1000262,0.267423621693126,0.549696588909153,2.69295477517363,446.713732193824,16450068.1116701,47743.2277999825,16498260.5632773,457725.330531058,81370.2743681668,"Malawi","All","All",1,18841350.6633035,578
"202",202,2343089.05128854,0.22949665964661,0.471736603000821,2.37810334584591,422.405314641378,16450078.5245987,47757.6027650152,16498260.6120149,457725.33509838,81370.3311518808,"Malawi","All","All",1,18841350.6633035,578
"203",203,2343089.00946302,0.196948637269229,0.404833178318315,2.09995660794445,399.416215727876,16450088.3404446,47771.1954417337,16498260.6538405,457725.339017947,81370.3812953755,"Malawi","All","All",1,18841350.6633035,578
"204",204,2343088.97356937,0.169016623008696,0.347418360666895,1.85425094485268,377.675232825293,16450097.5955203,47784.0482950273,16498260.6897341,457725.342381625,81370.4255729335,"Malawi","All","All",1,18841350.6633035,578
"205",205,2343088.94276627,0.14504609126722,0.298146204306672,1.63721579811142,357.114959231266,16450106.3236727,47796.201497189,16498260.7205372,457725.345268256,81370.4646688705,"Malawi","All","All",1,18841350.6633035,578
"206",206,2343088.91633178,0.12447514184188,0.255862012216753,1.445516953637,337.671587256313,16450114.5564801,47807.6930502306,16498260.7469717,457725.347745495,81370.4991879436,"Malawi","All","All",1,18841350.6633035,578
"207",207,2343088.89364633,0.106821599797203,0.219574785590316,1.27620632728613,319.284720886458,16450122.3234317,47818.5589018417,16498260.7696572,457725.349871401,81370.529664561,"Malawi","All","All",1,18841350.6633035,578
"208",208,2343088.87417821,0.0916717917395128,0.18843387675688,1.12667749675924,301.897197650966,16450129.6520892,47828.8330552908,16498260.7891253,457725.351695805,81370.55657093,"Malawi","All","All",1,18841350.6633035,578
"209",209,2343088.85747113,0.0786705744804039,0.161709494113595,0.994626260711482,285.454919212344,16450136.5682332,47838.5476736319,16498260.8058324,457725.353261465,81370.5803242745,"Malawi","All","All",1,18841350.6633035,578
"210",210,2343088.84313351,0.0675132127296524,0.1387753030069,0.878015816988634,269.906690524003,16450143.0959968,47847.7331783564,16498260.82017,457725.354605077,81370.6012932043,"Malawi","All","All",1,18841350.6633035,578
"211",211,2343088.8308293,0.0579382558501402,0.119093672380894,0.775045854906282,255.204066929124,16450149.2579865,47856.4183429332,16498260.8324742,457725.355758133,81370.6198033629,"Malawi","All","All",1,18841350.6633035,578
"212",212,2343088.82027012,0.0497212471760277,0.102203372810809,0.684125222005964,241.301209016764,16450155.0753931,47864.6303813844,16498260.8430334,457725.356747659,81370.6361424168,"Malawi","All","All",1,18841350.6633035,578
"213",213,2343088.81120848,0.0426695897914629,0.0877085421818167,0.603847735864339,228.154744819804,16450160.5680921,47872.3950321894,16498260.852095,457725.357596847,81370.6505644688,"Malawi","All","All",1,18841350.6633035,578
"214",214,2343088.80343199,0.0366180419298117,0.0752693883987579,0.532970773334449,215.723639034847,16450165.7547365,47879.736637745,16498260.8598715,457725.3583256,81370.6632939609,"Malawi","All","All",1,18841350.6633035,578
"215",215,2343088.7967584,0.0314247410659089,0.0645944096005444,0.470396321620293,203.969068935559,16450170.6528411,47886.67821961,16498260.8665451,457725.358950998,81370.6745291255,"Malawi","All","All",1,18841350.6633035,578
"216",216,2343088.79103128,0.0269679641545937,0.0554334101605027,0.415154219370311,192.85430666468,16450175.2788602,47893.2415497505,16498260.8722722,457725.3594877,81370.6844450358,"Malawi","All","All",1,18841350.6633035,578
"217",217,2343088.78611639,0.0231432751922616,0.0475716356560435,0.366387327704699,182.344607602122,16450179.6482593,47899.4472179919,16498260.8771871,457725.359948286,81370.6931963034,"Malawi","All","All",1,18841350.6633035,578
"218",218,2343088.78189856,0.0198610133033777,0.0408248535893945,0.32333841029715,172.407104517394,16450183.7755803,47905.3146958731,16498260.8814049,457725.360343549,81370.7009194629,"Malawi","All","All",1,18841350.6633035,578
"219",219,2343088.77827891,0.0170442484975181,0.0350349335523471,0.285338533598573,163.010707225654,16450187.6745025,47910.862397091,16498260.8850246,457725.360682755,81370.7077350786,"Malawi","All","All",1,18841350.6633035,578
"220",220,2343088.77517261,0.0146269750870424,0.0300661471937646,0.251796805902599,154.126007478648,16450191.3578987,47916.1077347117,16498260.8881309,457725.360973853,81370.7137496082,"Malawi","All","All",1,18841350.6633035,578
"221",221,2343088.77250687,0.0125525250453936,0.0258020574395248,0.222191302055769,145.725188832514,16450194.8378866,47921.0671753182,16498260.8907966,457725.361223667,81370.7190570481,"Malawi","All","All",1,18841350.6633035,578
"222",222,2343088.77021918,0.0107722780050471,0.0221427215429123,0.196061041807839,137.781941245135,16450198.1258768,47925.7562902539,16498260.8930843,457725.361438051,81370.7237403886,"Malawi","All","All",1,18841350.6633035,578
"223",223,2343088.76825595,0.00924451696991879,0.019002357027999,0.172998895971458,130.271380166881,16450201.2326175,47930.1898041161,16498260.8950475,457725.36162203,81370.727872899,"Malawi","All","All",1,18841350.6633035,578
"224",224,2343088.76657114,0.00793342628079752,0.0163073742803711,0.152645314192554,123.169969898699,16450204.1682357,47934.3816406431,16498260.8967324,457725.361779917,81370.7315192641,"Malawi","All","All",1,18841350.6633035,578
"225",225,2343088.76512529,0.00680827749701184,0.0139946067147338,0.134682782238666,116.455451001537,16450206.9422754,47938.3449661335,16498260.8981782,457725.361915412,81370.7347365867,"Malawi","All","All",1,18841350.6633035,578
"226",226,2343088.76388448,0.00584270455808472,0.0120098385016937,0.118830921611462,110.106771551234,16450209.5637335,47942.0922305269,16498260.899419,457725.36203169,81370.7375752749,"Malawi","All","All",1,18841350.6633035,578
"227",227,2343088.76281966,0.00501407105548469,0.0103065601047014,0.104842157925588,104.104022042284,16450212.0410927,47945.635206272,16498260.9004838,457725.362131478,81370.740079825,"Malawi","All","All",1,18841350.6633035,578
"228",228,2343088.76190585,0.00430295639295089,0.00884484847216867,0.0924978939103494,98.4283737530785,16450214.3823531,47948.9850250973,16498260.9013976,457725.362217113,81370.7422895132,"Malawi","All","All",1,18841350.6633035,578
"229",229,2343088.76112164,0.00369269661825039,0.00759043841337105,0.081605126689262,93.0620203942593,16450216.5950604,47952.1522127985,16498260.9021819,457725.362290603,81370.7442390068,"Malawi","All","All",1,18841350.6633035,578
"230",230,2343088.76044865,0.00316898495553754,0.00651393531344034,0.0719934584295134,87.9881228702047,16450218.6863334,47955.1467221462,16498260.9028548,457725.36235367,81370.7459589041,"Malawi","All","All",1,18841350.6633035,578
"231",231,2343088.75987111,0.00271954745402174,0.00559010667441316,0.0635124557501623,83.1907569919022,16450220.6628893,47957.9779640154,16498260.9034324,457725.362407793,81370.7474762105,"Malawi","All","All",1,18841350.6633035,578
"232",232,2343088.75937547,0.00233385141438355,0.00479729440734213,0.0560293105803944,78.6548639336185,16450222.5310668,47960.6548368642,16498260.903928,457725.362454241,81370.7488147613,"Malawi","All","All",1,18841350.6633035,578
"233",233,2343088.75895013,0.00200285472335974,0.00411692364106692,0.0494267945949803,74.3662035420193,16450224.2968487,47963.1857544979,16498260.9043534,457725.362494101,81370.7499955898,"Malawi","All","All",1,18841350.6633035,578
"234",234,2343088.75858511,0.00171880169677354,0.00353304626943912,0.0436014266682513,70.3113099110188,16450225.9658827,47965.578672474,16498260.9047184,457725.362528307,81370.7510372582,"Malawi","All","All",1,18841350.6633035,578
"235",235,2343088.75827186,0.00147503567957179,0.00303197440062108,0.0384618598301878,66.4774494030118,16450227.5435003,47967.8411130403,16498260.9050316,457725.362557663,81370.7519561479,"Malawi","All","All",1,18841350.6633035,578
"236",236,2343088.75800304,0.00126583969581902,0.00260196961473114,0.0339274656808861,62.852580990372,16450229.0347355,47969.9801886826,16498260.9053005,457725.362582855,81370.7527667148,"Malawi","All","All",1,18841350.6633035,578
"237",237,2343088.75777234,0.00108631336585333,0.00223294853050009,0.029927080581696,59.4253187164616,16450230.4443417,47972.0026244057,16498260.9055312,457725.362604474,81370.7534817146,"Malawi","All","All",1,18841350.6633035,578
"238",238,2343088.75757436,0.000932249266764287,0.00191626139689991,0.0263978956786193,56.1848961529603,16450231.7768077,47973.9147788204,16498260.9057291,457725.362623027,81370.7541124031,"Malawi","All","All",1,18841350.6633035,578
"239",239,2343088.75740445,0.000800033774249355,0.00164449058706263,0.0232844782098197,53.1211327841374,16450233.0363732,47975.72266408,16498260.905899,457725.362638949,81370.754668712,"Malawi","All","All",1,18841350.6633035,578
"240",240,2343088.75725865,0.00068656994130125,0.00141126271588169,0.0205379064332438,50.2244021968091,16450234.2270422,47977.4319647394,16498260.9060448,457725.362652613,81370.7551594047,"Malawi","All","All",1,18841350.6633035,578
"241",241,2343088.75713352,0.000589197910646409,0.00121111211322365,0.0181150063375275,47.4856019806852,16450235.3525971,47979.0480555943,16498260.90617,457725.362664339,81370.755592213,"Malawi","All","All",1,18841350.6633035,578
"242",242,2343088.75702614,0.000505635567605421,0.00103934773034153,0.0159776788349946,44.8961253273974,16450236.4166108,47980.5760185083,16498260.9062774,457725.362674402,81370.755973959,"Malawi","All","All",1,18841350.6633035,578
"243",243,2343088.75693399,0.000433924079208112,0.000891942816703983,0.0140922982934965,42.4478338129624,16450237.422459,47982.0206585349,16498260.9063695,457725.362683038,81370.7563106621,"Malawi","All","All",1,18841350.6633035,578
"244",244,2343088.75685491,0.000372382891708345,0.000765443107957336,0.0124291992464561,40.1330325157777,16450238.3733304,47983.3865186512,16498260.9064486,457725.362690449,81370.756607632,"Malawi","All","All",1,18841350.6633035,578
"245",245,2343088.75678704,0.000319569876481041,0.000656884628360379,0.010962206763962,37.9444457047563,16450239.2722379,47984.6778941518,16498260.9065165,457725.362696809,81370.7568695528,"Malawi","All","All",1,18841350.6633035,578
"246",246,2343088.7567288,0.000274246926780579,0.000563722068500552,0.00966821666644205,35.8751934879299,16450240.1220285,47985.8988464695,16498260.9065747,457725.362702267,81370.7571005583,"Malawi","All","All",1,18841350.6633035,578
"247",247,2343088.75667882,0.000235352256371236,0.00048377301261234,0.00852685318828141,33.9187713240797,16450240.9253921,47987.0532152995,16498260.9066247,457725.36270695,81370.7573042935,"Malawi","All","All",1,18841350.6633035,578
"248",248,2343088.75663592,0.000201974105855949,0.000415163346753315,0.00752013137474941,32.0690286385491,16450241.6848704,47988.1446312517,16498260.9066676,457725.36271097,81370.757483975,"Malawi","All","All",1,18841350.6633035,578
"249",249,2343088.75659912,0.000173329370066636,0.000356283314887145,0.00663217430569043,30.3201493828458,16450242.4028658,47989.1765273494,16498260.9067044,457725.36271442,81370.7576424421,"Malawi","All","All",1,18841350.6633035,578
"250",250,2343088.75656753,0.0001487471631144,0.000305753911142496,0.00584898812036973,28.6666351750681,16450243.0816483,47990.1521490005,16498260.906736,457725.36271738,81370.757782197,"Malawi","All","All",1,18841350.6633035,578
"251",251,2343088.75654042,0.000127651311672611,0.000262390810607666,0.00515822176408672,27.1032869972837,16450243.723363,47991.0745648207,16498260.9067631,457725.36271992,81370.7579054475,"Malawi","All","All",1,18841350.6633035,578
"252",252,2343088.75651715,0.0001095473376161,0.000225177583323496,0.00454897837509971,25.6251891178207,16450244.3300374,47991.9466761393,16498260.9067863,457725.3627221,81370.7580141415,"Malawi","All","All",1,18841350.6633035,578
"253",253,2343088.75649719,9.40109420611802e-05,0.000193242088776052,0.00401164497516814,24.2276936875384,16450244.9035876,47992.7712261047,16498260.9068063,457725.362723971,81370.758109997,"Malawi","All","All",1,18841350.6633035,578
"254",254,2343088.75648005,8.06779709416362e-05,0.000165835801805937,0.00353774074640658,22.9064061500424,16450245.4458247,47993.5508083085,16498260.9068234,457725.362725577,81370.7581945293,"Malawi","All","All",1,18841350.6633035,578
"255",255,2343088.75646535,6.9235930907657e-05,0.000142316368614519,0.00311978415779457,21.6571714535102,16450245.9584604,47994.287874934,16498260.9068381,457725.362726955,81370.7582690752,"Malawi","All","All",1,18841350.6633035,578
"256",256,2343088.75645273,5.94166422240797e-05,0.000122132548336611,0.00275117528891408,20.4760610078314,16450246.4431125,47994.9847444636,16498260.9068508,457725.362728137,81370.7583348138,"Malawi","All","All",1,18841350.6633035,578
"257",257,2343088.7564419,5.09899595384589e-05,0.000104811272199063,0.00242609205894268,19.359360351853,16450246.9013104,47995.6436089662,16498260.9068616,457725.362729152,81370.7583927849,"Malawi","All","All",1,18841350.6633035,578
"258",258,2343088.75643261,4.37583792830096e-05,8.9946556929149e-05,0.00213939863752282,18.3035574888951,16450247.3344993,47996.2665409885,16498260.9068709,457725.362730023,81370.7584439058,"Malawi","All","All",1,18841350.6633035,578
"259",259,2343088.75642464,3.75523945321607e-05,7.71899836525094e-05,0.00188656452098242,17.3053318510622,16450247.7440456,47996.855500074,16498260.9068789,457725.36273077,81370.7584889855,"Malawi","All","All",1,18841350.6633035,578
"260",260,2343088.75641779,3.22265629648461e-05,6.62425910552334e-05,0.00166359370754951,16.361543898883,16450248.1312408,47997.4123389072,16498260.9068857,457725.362731412,81370.7585287375,"Malawi","All","All",1,18841350.6633035,578
"261",261,2343088.75641192,2.76560675074908e-05,5.68478094385062e-05,0.00146696138688833,15.4692252392978,16450248.4973057,47997.9388091499,16498260.9068916,457725.362731962,81370.758563791,"Malawi","All","All",1,18841350.6633035,578
"262",262,2343088.75640688,2.37337779575132e-05,4.87854368400997e-05,0.00129355830814843,14.6255692940537,16450248.8433943,47998.4365669526,16498260.9068966,457725.362732434,81370.7585947012,"Malawi","All","All",1,18841350.6633035,578
"263",263,2343088.75640255,2.03677626252171e-05,4.18665001612496e-05,0.00114064198327665,13.8279224898115,16450249.1705974,47998.9071781576,16498260.9069009,457725.36273284,81370.7586219575,"Malawi","All","All",1,18841350.6633035,578
"264",264,2343088.75639884,1.74791293702454e-05,3.59288318393326e-05,0.0010057934871795,13.0737759240568,16450249.4799463,47999.3521232202,16498260.9069047,457725.362733188,81370.7586459916,"Malawi","All","All",1,18841350.6633035,578
"265",265,2343088.75639566,1.50001717368298e-05,3.08332682642439e-05,0.000886879290848088,12.3607574794315,16450249.7724158,47999.7728018651,16498260.9069078,457725.362733486,81370.7586671843,"Malawi","All","All",1,18841350.6633035,578
"266",266,2343088.75639292,1.28727899518288e-05,2.64603761255351e-05,0.00078201762248212,11.6866243693353,16450250.0489273,48000.1705374883,16498260.9069106,457725.362733742,81370.7586858713,"Malawi","All","All",1,18841350.6633035,578
"267",267,2343088.75639058,1.10471222813541e-05,2.27076631260472e-05,0.000689548782450587,11.0492560893934,16450250.3103522,48000.5465813182,16498260.9069129,457725.362733962,81370.7587023488,"Malawi","All","All",1,18841350.6633035,578
"268",268,2343088.75638856,9.4803763118066e-06,1.94871768272333e-05,0.000608008959003784,10.4466477527775,16450250.5575138,48000.9021163506,16498260.9069149,457725.362734151,81370.7587168778,"Malawi","All","All",1,18841350.6633035,578
"269",269,2343088.75638684,8.13583331507115e-06,1.67234303636863e-05,0.000536107128357188,9.87690378849159,16450250.7911908,48001.2382610691,16498260.9069167,457725.362734313,81370.7587296887,"Malawi","All","All",1,18841350.6633035,578
"270",270,2343088.75638535,6.98197885662125e-06,1.4351648448015e-05,0.000472704674331841,9.33823198285855,16450251.0121191,48001.5560729625,16498260.9069181,457725.362734452,81370.7587409846,"Malawi","All","All",1,18841350.6633035,578
"271",271,2343088.75638408,5.99176691105906e-06,1.23162444672019e-05,0.00041679741063007,8.82893784557217,16450251.2209946,48001.8565518508,16498260.9069194,457725.362734571,81370.7587509446,"Malawi","All","All",1,18841350.6633035,578
"272",272,2343088.75638299,5.14199218106665e-06,1.05695064871038e-05,0.000367499721654037,8.34741928265259,16450251.418475,48002.1406430294,16498260.9069205,457725.362734673,81370.7587597265,"Malawi","All","All",1,18841350.6633035,578
"273",273,2343088.75638205,4.41273552010149e-06,9.07049799035583e-06,0.000324030572001219,7.8921615596124,16450251.6051821,48002.4092402425,16498260.9069214,457725.362734761,81370.7587674697,"Malawi","All","All",1,18841350.6633035,578
"274",274,2343088.75638125,3.78690339375455e-06,7.78408717229355e-06,0.000285701165895665,7.46173253904325,16450251.7817039,48002.6631884941,16498260.9069222,457725.362734836,81370.758774297,"Malawi","All","All",1,18841350.6633035,578
"275",275,2343088.75638056,3.24983120899968e-06,6.68011644377433e-06,0.00025190406148907,7.05477817768999,16450251.9485962,48002.9032867056,16498260.9069229,457725.362734901,81370.7587803167,"Malawi","All","All",1,18841350.6633035,578
"276",276,2343088.75637997,2.78892772818034e-06,5.73271672177153e-06,0.000222103568183613,6.67001826888981,16450252.1063844,48003.1302902288,16498260.9069235,457725.362734956,81370.7587856243,"Malawi","All","All",1,18841350.6633035,578
"277",277,2343088.75637946,2.39339024904139e-06,4.91968280080542e-06,0.00019582727726728,6.30624241702056,16450252.2555652,48003.3449132218,16498260.906924,457725.362735004,81370.7587903039,"Malawi","All","All",1,18841350.6633035,578
"278",278,2343088.75637902,2.05395178516455e-06,4.22195223771331e-06,0.000172658591157016,5.9623062313277,16450252.3966084,48003.5478308953,16498260.9069245,457725.362735045,81370.7587944299,"Malawi","All","All",1,18841350.6633035,578
"279",279,2343088.75637865,1.76265205443929e-06,3.62317956859317e-06,0.00015223013344069,5.63712772718559,16450252.5299579,48003.7396816364,16498260.9069248,457725.36273508,81370.7587980678,"Malawi","All","All",1,18841350.6633035,578
"280",280,2343088.75637833,1.51266508370457e-06,3.10932799004492e-06,0.000134217937386204,5.32968392349768,16450252.6560334,48003.9210690169,16498260.9069252,457725.36273511,81370.7588012752,"Malawi","All","All",1,18841350.6633035,578
"281",281,2343088.75637805,1.29813472460036e-06,2.66834835931916e-06,0.000118336319486658,5.03900762555432,16450252.7752318,48004.0925636918,16498260.9069254,457725.362735136,81370.7588041031,"Malawi","All","All",1,18841350.6633035,578
"282",282,2343088.75637781,1.11402732279379e-06,2.28991469895179e-06,0.00010433335772007,4.76418438324725,16450252.8879284,48004.2547051942,16498260.9069257,457725.362735158,81370.7588065964,"Malawi","All","All",1,18841350.6633035,578
"283",283,2343088.75637761,9.56031140840747e-07,1.96515123155956e-06,9.19869045266553e-05,4.50434961508947,16450252.9944777,48004.4080036326,16498260.9069259,457725.362735177,81370.7588087946,"Malawi","All","All",1,18841350.6633035,578
"284",284,2343088.75637744,8.20444905078515e-07,1.68644283173446e-06,8.11010693562096e-05,4.25868588900827,16450253.0952153,48004.5529412957,16498260.9069261,457725.362735194,81370.7588107327,"Malawi","All","All",1,18841350.6633035,578
"285",285,2343088.75637729,7.04084713874323e-07,1.44726781764297e-06,7.15031165534751e-05,4.02642035137092,16450253.190458,48004.6899741693,16498260.9069262,457725.362735208,81370.7588124414,"Malawi","All","All",1,18841350.6633035,578
"286",286,2343088.75637716,6.04228704543501e-07,1.2420107915676e-06,6.30407304779286e-05,3.80682229616672,16450253.2805058,48004.8195333708,16498260.9069263,457725.36273522,81370.7588139479,"Malawi","All","All",1,18841350.6633035,578
"287",287,2343088.75637705,5.18536414838757e-07,1.06586097630094e-06,5.55796021736012e-05,3.59920086670905,16450253.3656419,48004.9420265055,16498260.9069264,457725.36273523,81370.7588152762,"Malawi","All","All",1,18841350.6633035,578
"288",288,2343088.75637695,4.4499347053003e-07,9.14700271500898e-07,4.90013015913282e-05,3.40290288263632,16450253.4461343,48005.0578389488,16498260.9069265,457725.362735239,81370.7588164472,"Malawi","All","All",1,18841350.6633035,578
"289",289,2343088.75637687,3.81883502680277e-07,7.84972716049493e-07,4.32014018757487e-05,3.2173107853839,16450253.5222364,48005.1673350585,16498260.9069266,457725.362735246,81370.7588174796,"Malawi","All","All",1,18841350.6633035,578
"290",290,2343088.7563768,3.27724788496712e-07,6.73642273976394e-07,3.80878235763684e-05,3.04184069567091,16450253.5941876,48005.2708593208,16498260.9069267,457725.362735253,81370.7588183898,"Malawi","All","All",1,18841350.6633035,578
"291",291,2343088.75637674,2.81243011367011e-07,5.78108359192992e-07,3.357937555577e-05,2.87594057689707,16450253.6622143,48005.3687374346,16498260.9069268,457725.362735259,81370.7588191923,"Malawi","All","All",1,18841350.6633035,578
"292",292,2343088.75637669,2.41357638643936e-07,4.96115995562081e-07,2.96044686440255e-05,2.71908849867724,16450253.7265306,48005.4612773355,16498260.9069268,457725.362735263,81370.7588198997,"Malawi","All","All",1,18841350.6633035,578
"293",293,2343088.75637665,2.07128271412784e-07,4.25753331062928e-07,2.60999795434535e-05,2.57079099505601,16450253.7873389,48005.5487701648,16498260.9069268,457725.362735267,81370.7588205235,"Malawi","All","All",1,18841350.6633035,578
"294",294,2343088.75637661,1.77749688866094e-07,3.65376446426401e-07,2.30102506510118e-05,2.43058151224121,16450253.8448306,48005.6314911854,16498260.9069269,457725.362735271,81370.7588210734,"Malawi","All","All",1,18841350.6633035,578
"295",295,2343088.75637658,1.52543089999916e-07,3.13552839323687e-07,2.02862078598439e-05,2.29801894097711,16450253.8991866,48005.7097006479,16498260.9069269,457725.362735274,81370.7588215582,"Malawi","All","All",1,18841350.6633035,578
"296",296,2343088.75637655,1.30908854778402e-07,2.69083558153161e-07,1.78845809884103e-05,2.17268622894339,16450253.9505778,48005.7836446091,16498260.9069269,457725.362735277,81370.7588219856,"Malawi","All","All",1,18841350.6633035,578
"297",297,2343088.75637653,1.12340045401872e-07,2.30926102624767e-07,1.57672185544534e-05,2.05418906881737,16450253.9991661,48005.8535557062,16498260.906927,457725.362735279,81370.7588223624,"Malawi","All","All",1,18841350.6633035,578
"298",298,2343088.75637651,9.64110165149983e-08,1.98169114949802e-07,1.39004825751598e-05,1.94215465787479,16450254.0451042,48005.9196538884,16498260.906927,457725.362735281,81370.7588226946,"Malawi","All","All",1,18841350.6633035,578
"299",299,2343088.75637649,8.27364571121409e-08,1.70066110760944e-07,1.22547136341935e-05,1.83623052522925,16450254.0885368,48005.9821471097,16498260.906927,457725.362735283,81370.7588229874,"Malawi","All","All",1,18841350.6633035,578
"300",300,2343088.75637647,7.10000928650995e-08,1.45950886154669e-07,1.08037617943022e-05,1.73608342302246,16450254.1296006,48006.0412319819,16498260.906927,457725.362735284,81370.7588232456,"Malawi","All","All",1,18841350.6633035,578
"301",301,2343088.75637646,6.09348081654931e-08,1.25244068418345e-07,9.52457112193999e-06,1.64139827807911,16450254.1684246,48006.0970943942,16498260.906927,457725.362735285,81370.7588234732,"Malawi","All","All",1,18841350.6633035,578
"302",302,2343088.75637645,5.22901916112324e-08,1.07486114175768e-07,8.39681271665037e-06,1.5518772007296,16450254.2051312,48006.1499100976,16498260.906927,457725.362735286,81370.7588236739,"Malawi","All","All",1,18841350.6633035,578
"303",303,2343088.75637644,4.48727674675695e-08,9.22445630727259e-08,7.40256390823571e-06,1.46723854768352,16450254.2398357,48006.1998452574,16498260.9069271,457725.362735287,81370.7588238508,"Malawi","All","All",1,18841350.6633035,578
"304",304,2343088.75637643,3.85133809422665e-08,7.91538332598853e-08,6.526022620193e-06,1.38721603600738,16450254.2726474,48006.247056977,16498260.9069271,457725.362735288,81370.7588240068,"Malawi","All","All",1,18841350.6633035,578
"305",305,2343088.75637642,3.30471073101208e-08,6.79353282704284e-08,5.75325585344807e-06,1.31155790541961,16450254.3036695,48006.291693791,16498260.9069271,457725.362735289,81370.7588241443,"Malawi","All","All",1,18841350.6633035,578
"306",306,2343088.75637642,2.83602825102772e-08,5.83004037464055e-08,5.07198051978347e-06,1.24002612625162,16450254.3329996,48006.3338961334,16498260.9069271,457725.362735289,81370.7588242655,"Malawi","All","All",1,18841350.6633035,578
"307",307,2343088.75637641,2.43427790714575e-08,5.00237307517403e-08,4.47136663418996e-06,1.17239565070274,16450254.3607301,48006.3737967789,16498260.9069271,457725.36273529,81370.7588243723,"Malawi","All","All",1,18841350.6633035,578
"308",308,2343088.75637641,2.08862410683549e-08,4.29365555256682e-08,3.9418652705321e-06,1.10845370472074,16450254.3869481,48006.4115212607,16498260.9069271,457725.36273529,81370.7588244665,"Malawi","All","All",1,18841350.6633035,578
"309",309,2343088.75637641,1.79224913115874e-08,3.68499576003325e-08,3.47505888770276e-06,1.04799911907675,16450254.4117362,48006.4471882654,16498260.9069271,457725.36273529,81370.7588245496,"Malawi","All","All",1,18841350.6633035,578
"310",310,2343088.7563764,1.53832747479446e-08,3.16191143487463e-08,3.06352540456884e-06,0.990841695424444,16450254.4351723,48006.4809100069,16498260.9069271,457725.362735291,81370.7588246228,"Malawi","All","All",1,18841350.6633035,578
"311",311,2343088.7563764,1.31996649872423e-08,2.71381531409263e-08,2.70072082561086e-06,0.936801608663778,16450254.4573301,48006.512792579,16498260.9069271,457725.362735291,81370.7588246873,"Malawi","All","All",1,18841350.6633035,578
"312",312,2343088.7563764,1.13276057210145e-08,2.32893852611422e-08,2.38087646272837e-06,0.885708841359245,16450254.4782795,48006.542936289,16498260.9069271,457725.362735291,81370.7588247442,"Malawi","All","All",1,18841350.6633035,578
"313",313,2343088.75637639,9.72304410978862e-09,1.99829150970204e-08,2.09890616274379e-06,0.837402648646854,16450254.4980863,48006.5714359736,16498260.9069271,457725.362735291,81370.7588247944,"Malawi","All","All",1,18841350.6633035,578
"314",314,2343088.75637639,8.34278176259675e-09,1.71511869279068e-08,1.85032560173649e-06,0.79173105252689,16450254.5168129,48006.5983812972,16498260.9069271,457725.362735291,81370.7588248386,"Malawi","All","All",1,18841350.6633035,578
"315",315,2343088.75637639,7.15955071339484e-09,1.47187930399077e-08,1.63118168204541e-06,0.748550363733325,16450254.534518,48006.6238570339,16498260.9069271,457725.362735292,81370.7588248776,"Malawi","All","All",1,18841350.6633035,578
"316",316,2343088.75637639,6.1452991577118e-09,1.26292905875933e-08,1.43798906547851e-06,0.707724729679667,16450254.5512576,48006.6479433343,16498260.9069271,457725.362735292,81370.758824912,"Malawi","All","All",1,18841350.6633035,578
"317",317,2343088.75637639,5.27282228667806e-09,1.08398099693469e-08,1.26767488251899e-06,0.669125707059327,16450254.5670841,48006.6707159775,16498260.9069271,457725.362735292,81370.7588249423,"Malawi","All","All",1,18841350.6633035,578
"318",318,2343088.75637639,4.52503547470184e-09,9.30242678745942e-09,1.11753029965791e-06,0.632631857763179,16450254.5820475,48006.6922466099,16498260.9069271,457725.362735292,81370.758824969,"Malawi","All","All",1,18841350.6633035,578
"319",319,2343088.75637639,3.88396509518951e-09,7.98190211890532e-09,9.85167022666404e-07,0.598128366762986,16450254.5961948,48006.7126029702,16498260.9069271,457725.362735292,81370.7588249925,"Malawi","All","All",1,18841350.6633035,578
"320",320,2343088.75637639,3.33234312774576e-09,6.85126947420862e-09,8.68479365938175e-07,0.5655066806546,16450254.6095704,48006.7318491028,16498260.9069271,457725.362735292,81370.7588250133,"Malawi","All","All",1,18841350.6633035,578
"321",321,2343088.75637639,2.86027575529397e-09,5.8786366872793e-09,7.65611294688122e-07,0.534664167066785,16450254.6222166,48006.750045559,16498260.9069271,457725.362735292,81370.7588250315,"Malawi","All","All",1,18841350.6633035,578
"322",322,2343088.75637639,2.45496635908566e-09,5.04429043879617e-09,6.74926327480615e-07,0.505503791086768,16450254.634173,48006.7672495875,16498260.9069271,457725.362735292,81370.7588250477,"Malawi","All","All",1,18841350.6633035,578
"323",323,2343088.75637639,2.10567896860038e-09,4.33087202989239e-09,5.94981677713046e-07,0.477933809751557,16450254.6454774,48006.7835153149,16498260.9069271,457725.362735292,81370.7588250619,"Malawi","All","All",1,18841350.6633035,578
"324",324,2343088.75637638,1.8078928846208e-09,3.7151408960419e-09,5.24505583434789e-07,0.45186748365862,16450254.6561652,48006.7988939158,16498260.9069271,457725.362735292,81370.7588250744,"Malawi","All","All",1,18841350.6633035,578
"325",325,2343088.75637638,1.55159769300327e-09,3.18805499080961e-09,4.62376627869209e-07,0.427222804182824,16450254.66627,48006.8134337738,16498260.9069271,457725.362735292,81370.7588250855,"Malawi","All","All",1,18841350.6633035,578
"326",326,2343088.75637638,1.33047432391588e-09,2.73781519681798e-09,4.07606272854975e-07,0.403922235398898,16450254.6758238,48006.8271806334,16498260.9069271,457725.362735292,81370.7588250952,"Malawi","All","All",1,18841350.6633035,578
"327",327,2343088.75637638,1.14300629475283e-09,2.34734960510365e-09,3.593231928823e-07,0.381892470143721,16450254.6848565,48006.8401777445,16498260.9069271,457725.362735292,81370.7588251038,"Malawi","All","All",1,18841350.6633035,578
"328",328,2343088.75637638,9.80581437094268e-10,2.01500732920416e-09,3.16758938361597e-07,0.36106419938237,16450254.6933966,48006.8524659981,16498260.9069271,457725.362735292,81370.7588251114,"Malawi","All","All",1,18841350.6633035,578
"329",329,2343088.75637638,8.40560665187287e-10,1.73092225751785e-09,2.79236252224508e-07,0.341371894153783,16450254.7014709,48006.8640840551,16498260.9069271,457725.362735292,81370.7588251181,"Malawi","All","All",1,18841350.6633035,578
"330",330,2343088.75637638,7.22876715069896e-10,1.4827199145983e-09,2.46158164810532e-07,0.322753599409177,16450254.7091048,48006.8750684675,16498260.9069271,457725.362735292,81370.7588251239,"Malawi","All","All",1,18841350.6633035,578
"331",331,2343088.75637638,6.19517254832316e-10,1.27392558522526e-09,2.16998074422102e-07,0.305150739093627,16450254.7163223,48006.8854537942,16498260.9069271,457725.362735292,81370.7588251291,"Malawi","All","All",1,18841350.6633035,578
"332",332,2343088.75637638,5.31017032084213e-10,1.0943868990788e-09,1.91292045621409e-07,0.288507931854453,16450254.7231463,48006.8952727091,16498260.9069271,457725.362735292,81370.7588251337,"Malawi","All","All",1,18841350.6633035,578
"333",333,2343088.75637638,4.57463730626649e-10,9.36051487518709e-10,1.68631068021195e-07,0.272772816824106,16450254.729598,48006.9045561041,16498260.9069271,457725.362735292,81370.7588251377,"Malawi","All","All",1,18841350.6633035,578
"334",334,2343088.75637638,3.9168629442512e-10,8.04894191469021e-10,1.48654271404463e-07,0.257895888856539,16450254.7356979,48006.9133331861,16498260.9069271,457725.362735292,81370.7588251413,"Malawi","All","All",1,18841350.6633035,578
"335",335,2343088.75637638,3.34938121345337e-10,6.92871048558951e-10,1.31043837973551e-07,0.24383034288394,16450254.741465,48006.9216315693,16498260.9069271,457725.362735292,81370.7588251444,"Malawi","All","All",1,18841350.6633035,578
"336",336,2343088.75637638,2.88371887575801e-10,5.92941412989698e-10,1.15519575564537e-07,0.230531926414034,16450254.7469177,48006.9294773617,16498260.9069271,457725.362735292,81370.7588251472,"Malawi","All","All",1,18841350.6633035,578
"337",337,2343088.75637638,2.47185219553916e-10,5.09361736823811e-10,1.01834240876088e-07,0.217958800475207,16450254.7520729,48006.9368952475,16498260.9069271,457725.362735292,81370.7588251496,"Malawi","All","All",1,18841350.6633035,578
"338",338,2343088.75637638,2.11730591722603e-10,4.3782957277319e-10,8.97700526318374e-08,0.206071407658486,16450254.756947,48006.9439085648,16498260.9069271,457725.362735292,81370.7588251517,"Malawi","All","All",1,18841350.6633035,578
"339",339,2343088.75637638,1.82492954363845e-10,3.74329093682468e-10,7.91350662190261e-08,0.194832349399958,16450254.7615553,48006.9505393779,16498260.9069271,457725.362735292,81370.7588251536,"Malawi","All","All",1,18841350.6633035,578
"340",340,2343088.75637638,1.56540611330109e-10,3.21365477734732e-10,6.97598634964441e-08,0.18420626398027,16450254.7659122,48006.9568085497,16498260.9069271,457725.362735292,81370.7588251553,"Malawi","All","All",1,18841350.6633035,578
"341",341,2343088.75637638,1.33865591265006e-10,2.76629614065979e-10,6.14952221968205e-08,0.174159719481628,16450254.7700315,48006.9627358041,16498260.9069271,457725.362735292,81370.7588251568,"Malawi","All","All",1,18841350.6633035,578
"342",342,2343088.75637638,1.15069769359643e-10,2.37059009699882e-10,5.4209681547411e-08,0.16466110973511,16450254.7739261,48006.9683397882,16498260.9069271,457725.362735292,81370.758825158,"Malawi","All","All",1,18841350.6633035,578
"343",343,2343088.75637638,9.88569587725114e-11,2.03247777522032e-10,4.77872363380199e-08,0.155680551018263,16450254.7776084,48006.9736381329,16498260.9069271,457725.362735292,81370.7588251592,"Malawi","All","All",1,18841350.6633035,578
"344",344,2343088.75637638,8.47335670072615e-11,1.74605048713602e-10,4.21256267467478e-08,0.147189788361595,16450254.7810898,48006.9786475079,16498260.9069271,457725.362735292,81370.7588251602,"Malawi","All","All",1,18841350.6633035,578
"345",345,2343088.75637638,7.27821663969811e-11,1.49725261496335e-10,3.71347987116602e-08,0.139162111785071,16450254.7843813,48006.9833836717,16498260.9069271,457725.362735292,81370.7588251611,"Malawi","All","All",1,18841350.6633035,578
"346",346,2343088.75637638,6.24736682955254e-11,1.28466641097734e-10,3.27352288007097e-08,0.131572262010931,16450254.7874933,48006.9878615266,16498260.9069271,457725.362735292,81370.7588251619,"Malawi","All","All",1,18841350.6633035,578
"347",347,2343088.75637638,5.3581028138683e-11,1.10304603097013e-10,2.88568553077286e-08,0.124396358921844,16450254.7904355,48006.9920951615,16498260.9069271,457725.362735292,81370.7588251626,"Malawi","All","All",1,18841350.6633035,578
"348",348,2343088.75637638,4.60430438952132e-11,9.45522135352707e-11,2.54379612957516e-08,0.11761182686643,16450254.7932173,48006.9960978955,16498260.9069271,457725.362735292,81370.7588251632,"Malawi","All","All",1,18841350.6633035,578
"349",349,2343088.75637638,3.95077889050401e-11,8.11518412379558e-11,2.24241075159323e-08,0.111197320675672,16450254.7958474,48006.9998823218,16498260.9069271,457725.362735292,81370.7588251637,"Malawi","All","All",1,18841350.6633035,578
"350",350,2343088.75637638,3.38713307147875e-11,6.9701840021302e-11,1.97673122962052e-08,0.105132659280714,16450254.7983341,48007.0034603469,16498260.9069271,457725.362735292,81370.7588251642,"Malawi","All","All",1,18841350.6633035,578
"351",351,2343088.75637638,2.91005566178022e-11,5.97578314133017e-11,1.74252806225261e-08,0.0993987622831179,16450254.8006851,48007.0068432279,16498260.9069271,457725.362735292,81370.7588251646,"Malawi","All","All",1,18841350.6633035,578
"352",352,2343088.75637638,2.49662096037835e-11,5.12955654798705e-11,1.53607186981163e-08,0.0939775899160564,16450254.8029079,48007.0100416077,16498260.9069271,457725.362735292,81370.758825165,"Malawi","All","All",1,18841350.6633035,578
"353",353,2343088.75637638,2.14056062739549e-11,4.40558613011466e-11,1.35407563933626e-08,0.0888520862966658,16450254.8050094,48007.0130655491,16498260.9069271,457725.362735292,81370.7588251653,"Malawi","All","All",1,18841350.6633035,578
"354",354,2343088.75637638,1.83921979373389e-11,3.77678480166797e-11,1.19364184143062e-08,0.0840061257628813,16450254.8069964,48007.0159245658,16498260.9069271,457725.362735292,81370.7588251656,"Malawi","All","All",1,18841350.6633035,578
"355",355,2343088.75637638,1.57781031010533e-11,3.24215176104207e-11,1.05221568114894e-08,0.079424462140908,16450254.808875,48007.0186276528,16498260.9069271,457725.362735292,81370.7588251658,"Malawi","All","All",1,18841350.6633035,578
"356",356,2343088.75637638,1.35288258068683e-11,2.78439533647099e-11,9.27545382421207e-09,0.0750926807704452,16450254.8106511,48007.0211833143,16498260.9069271,457725.362735292,81370.7588251661,"Malawi","All","All",1,18841350.6633035,578
"357",357,2343088.75637638,1.16278266105032e-11,2.38635197308751e-11,8.17645909940909e-09,0.0709971531237777,16450254.8123303,48007.0235995911,16498260.9069271,457725.362735292,81370.7588251663,"Malawi","All","All",1,18841350.6633035,578
"358",358,2343088.75637638,9.96453875777701e-12,2.05043193529149e-11,7.20767134868318e-09,0.0671249940446775,16450254.813918,48007.025884085,16498260.9069271,457725.362735292,81370.7588251664,"Malawi","All","All",1,18841350.6633035,578
"359",359,2343088.75637638,8.54703437109466e-12,1.76039545524692e-11,6.35366667076822e-09,0.0634640211238046,16450254.8154191,48007.0280439834,16498260.9069271,457725.362735292,81370.7588251666,"Malawi","All","All",1,18841350.6633035,578
"360",360,2343088.75637638,7.35633461882656e-12,1.5069110968521e-11,5.60084659452818e-09,0.0600027163423349,16450254.8168383,48007.0300860818,16498260.9069271,457725.362735292,81370.7588251667,"Malawi","All","All",1,18841350.6633035,578
"361",361,2343088.75637638,6.2925801715708e-12,1.29683176762174e-11,4.93722028554923e-09,0.0567301898649761,16450254.8181801,48007.0320168048,16498260.9069271,457725.362735292,81370.7588251668,"Malawi","All","All",1,18841350.6633035,578
"362",362,2343088.75637638,5.40262988550812e-12,1.1124678076377e-11,4.35222302909531e-09,0.0536361457923789,16450254.8194487,48007.0338422269,16498260.9069271,457725.362735292,81370.7588251669,"Malawi","All","All",1,18841350.6633035,578
"363",363,2343088.75637638,4.65620906032497e-12,9.51172403332571e-12,3.83653879149041e-09,0.0507108497598645,16450254.8206481,48007.0355680912,16498260.9069271,457725.362735292,81370.758825167,"Malawi","All","All",1,18841350.6633035,578
"364",364,2343088.75637638,3.96872634450886e-12,8.21096168296956e-12,3.38195286964542e-09,0.0479450983114283,16450254.8217822,48007.0371998274,16498260.9069271,457725.362735292,81370.7588251671,"Malawi","All","All",1,18841350.6633035,578
"365",365,2343088.75637638,3.41759615727291e-12,7.0255939497907e-12,2.98122991032129e-09,0.0453301899440416,16450254.8228543,48007.0387425693,16498260.9069271,457725.362735292,81370.7588251672,"Malawi","All","All",1,18841350.6633035,578
