time,S_e,E_e,I_e,H_e,C_e,R_e,D_e,inci_e,hosp_e,crits_e,S_a,E_a,I_a,H_a,C_a,R_a,D_a,inci_a,hosp_a,crits_a,S_p,E_p,I_p,H_p,C_p,R_p,D_p,inci_p,hosp_p,crits_p,lvl2,lvl3,lvl4,TA_Code,ID
1,13.958911,0,0,0,0,0,0,0,0,0,61.79368,1,0,0,0,0,0,0,0,0,96.64415,0,0,0,0,0,0,0,0,0,Malawi,Karonga,Nyika National Park-Karonga,10206,191
2,13.948115349424961,0.00979288339874263,9.322272864438164e-4,7.513184494850646e-6,1.1108846551176967e-7,6.291417479858467e-5,1.4420955435156903e-9,0.010795650575040934,7.90799426995042e-6,1.1351002127592592e-7,61.7696416774625,0.7518307375652967,0.21474033508398147,7.534848199398495e-4,9.44656847978065e-6,0.03305501813303728,6.291832751878005e-8,0.024038322537507477,8.208128743918546e-4,9.75618519597868e-6,96.6638098862331,1.8459527485647692e-4,1.7489377018655646e-5,2.1953291810463468e-10,5.637361909453169e-13,1.3199556392184936e-6,1.2277849526964373e-14,0.0196598862331184,2.3105319891408027e-10,5.760140404722813e-13,Malawi,Karonga,Nyika National Park-Karonga,10206,191
3,13.92285649703599,0.029536121707277655,0.005615876863052899,9.114943581320859e-5,2.759042588412446e-6,8.085221430889345e-4,7.377219022494951e-8,0.036054502964011324,1.0117678931105316e-4,2.8829202838098977e-6,61.712055043530484,0.5658031994611027,0.3229002197148159,0.0022927521846243474,5.9740318256824513e-5,0.11026505275931633,8.359844232479216e-7,0.08162495646953165,0.0027334136618759174,6.385413949343428e-5,96.71193690664653,5.764308132035285e-4,1.0760841614569457e-4,2.701180422994722e-9,1.4141550997809612e-11,1.7119430184928437e-5,6.327603987227774e-13,0.06778690664656276,2.9966666509253698e-9,1.477431139653239e-11,Malawi,Karonga,Nyika National Park-Karonga,10206,191
4,13.895505441452844,0.04605854399476876,0.013737238035949076,3.443341608829515e-4,1.621215729903134e-5,0.0032485527013460655,6.774969168796623e-7,0.06340555854716266,4.046801329961374e-4,1.734980491998466e-5,61.646896042746164,0.4261109494183004,0.3642567746150591,0.003925262823380554,1.5953282858590387e-4,0.2079221721232503,3.5217442668215914e-6,0.14678395725386692,0.005145806236057461,1.7686308732263017e-4,96.7684941674185,9.443766737519429e-4,2.715251175018047e-4,1.0426353810627911e-8,8.439937453730347e-11,6.987937718288573e-5,5.8789122221458784e-12,0.1243441674185429,1.223191954581688e-8,9.02782867594493e-11,Malawi,Karonga,Nyika National Park-Karonga,10206,191
5,13.866259218155811,0.060061091066770496,0.023665363920627874,8.013009637396286e-4,5.218004993972704e-5,0.0080687989262897,3.046916828927756e-6,0.09265178184419626,0.001000588940336995,5.7296409284411756e-5,61.57313644742675,0.32125590441995155,0.3653605953261297,0.005310880195512703,2.9951060130511015e-4,0.31133924185877465,9.2826888417825e-6,0.220543552573283,0.007693058805014976,3.4519006784564934e-4,96.83546603560137,0.0013132683661955303,4.87140286354034e-4,2.4940752485044184e-8,2.7702177542694616e-10,1.7720180279773293e-4,2.6827908060272063e-11,0.19131603560141786,3.1017746154788527e-8,3.0384968348721816e-10,Malawi,Karonga,Nyika National Park-Karonga,10206,191
6,13.837445825360227,0.07017199920040569,0.03411158543553363,0.0014491738393002213,1.2155994736670609e-4,0.015601578238893677,9.277978282318556e-6,0.12146517463978214,0.001926171356083818,1.37139457261378e-4,61.49540193812474,0.24251633967591707,0.34368438473928115,0.00631692041111454,4.637999781338415e-4,0.4118382984273202,1.8943808794887985e-5,0.29827806187529643,0.010160958750722633,5.57021144408579e-4,96.90952875415165,0.0016531316838195255,7.374780440748494e-4,4.665154331163867e-8,6.607968510780038e-10,3.5151676058404097e-4,8.311117818228387e-11,0.26537875415168316,6.15297038968444e-8,7.439080292602875e-10,Malawi,Karonga,Nyika National Park-Karonga,10206,191
7,13.810348826668527,0.07625846565275557,0.043945492414530794,0.002243049073884812,2.3191306460955424e-4,0.025861087693242406,2.216543246004908e-5,0.1485621733314831,0.0031791459311587343,2.691330886086533e-4,61.41660297728888,0.18336086593749115,0.31049279521398887,0.00692608497011505,6.36090650122441e-4,0.5046721393065,3.29123386820618e-5,0.3770770227111573,0.012433478638555814,7.980499810041427e-4,96.98829518247076,0.0019497547627464224,0.0010046344307351102,7.50867075425672e-8,1.2957391244379457e-9,6.001610884465351e-4,2.0251534278085935e-10,0.34414518247079195,1.0505179688694327e-7,1.4982544672188047e-9,Malawi,Karonga,Nyika National Park-Karonga,10206,191
8,13.785597694574546,0.07878373118377123,0.05237154940415747,0.003120680692305626,3.861998158688814e-4,0.038606244692267803,4.489963709240144e-5,0.17331330542546333,0.004726197043054052,4.615949417317367e-4,61.338661116053245,0.13889566410509438,0.2728477408507792,0.007179841971382713,8.02537235289444e-4,0.587613769594792,5.120884012910507e-5,0.4550188839467982,0.0144572369715772,0.0010545323779821824,97.06982279633117,0.0021964448781320914,0.0012727033500176536,1.0912659121091506e-7,2.2251440741435844e-9,9.256060642075178e-4,4.193442842326698e-10,0.42567279633120453,1.6201635837844012e-7,2.644488358376254e-9,Malawi,Karonga,Nyika National Park-Karonga,10206,191
9,13.76342351361908,0.07843802752778861,0.0589423666087463,0.004016272523825557,5.826343375604362e-4,0.053427472663932205,8.071271907945984e-5,0.1954874863809325,0.006514194358115015,7.181665157204911e-4,61.26290219582121,0.10545110413890481,0.2350076701440018,0.007144231530560287,9.528360969094528e-4,0.659997230372501,7.354614799322914e-5,0.5307778041788269,0.01621741578420198,0.0013147515789108007,97.1524222729336,0.002390471562992426,0.001528630902868463,1.4726019440608742e-7,3.471470259168663e-9,0.0013261787332767437,7.72036974789256e-10,0.5082722729336483,2.3213033908524575e-7,4.243507233957918e-9,Malawi,Karonga,Nyika National Park-Karonga,10206,191
10,13.743822476957945,0.07594181197574217,0.06349979216940752,0.004870352414321792,8.153726708287328e-4,0.06982864641001636,1.3254740174691105e-4,0.21508852304206333,0.008480526442700646,0.0010379452501334786,61.19026309157403,0.08027529019385227,0.19938561248805525,0.006890518305432987,0.0010802709034912195,0.722081903130736,9.942176096680482e-5,0.6034169084259909,0.017721865132829938,0.0015695184782933223,97.23460731911186,0.002531645127410315,0.001762275882625041,1.8780076495933124e-7,5.035563294528813e-9,0.0017968991495004667,1.3004922421064214e-9,0.5904573191119012,3.145218756920361e-7,6.336055536635236e-9,Malawi,Karonga,Nyika National Park-Karonga,10206,191
11,13.728806705625487,0.07008699800543293,0.0658378437486822,0.005632673744214928,0.0010755770740265088,0.08726841130013098,2.0279050203454745e-4,0.23010429437452204,0.010558147641080179,0.00141610132800258,61.13004877589556,0.06118024587487021,0.1671870878514824,0.006484917844073351,0.0011812779942506338,0.7746358190485718,1.28203283081146e-4,0.6636312241044725,0.018990731567406046,0.0018121574387422708,97.30496851168627,0.0025311938417589353,0.0019539009921797036,2.2884708851680658e-7,6.897453521687724e-9,0.0023290429256944173,2.0433781852066278e-9,0.6608185116863237,4.076637226546938e-7,8.94083170689435e-9,Malawi,Karonga,Nyika National Park-Karonga,10206,191
12,13.715767060321333,0.06397213884478364,0.06610068798974954,0.00626076344693717,0.0013522697609469228,0.1051649892627352,2.9309037352535775e-4,0.24314393967867776,0.012676029326284673,0.0018444248658013298,61.07374717718007,0.046775483855915595,0.1388837062976251,0.005983813078629828,0.0012547984559304378,0.8186619866006553,1.5920152160733695e-4,0.7199328228199667,0.02004968564557659,0.0020382180774879354,97.37258358189537,0.00250564836538746,0.002094596960427842,2.680913036967145e-7,9.014120917981533e-9,0.002908486611842396,3.035495435593998e-9,0.7284335818954288,5.090836307682253e-7,1.204961635357553e-8,Malawi,Karonga,Nyika National Park-Karonga,10206,191
13,13.704513114793414,0.057827803242866016,0.06477040018935667,0.006732809252351133,0.0016335716935644586,0.12302906865658547,4.042321718754994e-4,0.25439788520659923,0.014775627384775506,0.0023123552528535483,61.02168848088483,0.0358909310942409,0.1145132963241466,0.0054325173384393265,0.0013016309642343833,0.8552416432533797,1.9172508572050818e-4,0.7719915191151918,0.020926073015145322,0.0022450967840442182,97.43658399025848,0.002453618520230394,0.002190518586483623,3.038291669893487e-7,1.1323494886991697e-8,0.0035216129796625363,4.304949232256948e-9,0.7924339902585499,6.163980493743217e-7,1.5628444119248642e-8,Malawi,Karonga,Nyika National Park-Karonga,10206,191
14,13.694844463903443,0.05183566439395943,0.06226028164055402,0.00704443878668394,0.001908164755273967,0.1404818553578629,5.361311622366102e-4,0.2640665360965708,0.016812707948910058,0.0028084320864473168,60.97399390948773,0.027649953004697147,0.0938537745645649,0.004865652520366612,0.0013238333079494784,0.8854353165454878,2.2512002682472312e-4,0.8196860905122944,0.021646508636049187,0.002431633311614208,97.49641400141422,0.002376852665935105,0.002246388595467578,3.3496741535536016e-7,1.3754665303612684e-8,0.00415632577882192,5.8714503650240746e-9,0.8522640014142902,7.274897287280954e-7,1.9626115668636754e-8,Malawi,Karonga,Nyika National Park-Karonga,10206,191
15,13.686565588794338,0.04612771595819072,0.05891960216015442,0.007202987079235703,0.0021662039711258397,0.15724099238144623,6.879096555235202e-4,0.2723454112056763,0.01875523713231353,0.0033213365828601705,60.93063643445103,0.021395677198469902,0.07655101192614208,0.004308333145627544,0.0013242305476273693,0.9102269360010075,2.58795489846173e-4,0.8630435655489908,0.022235537718012243,0.00259774516400232,97.55176198425752,0.002278829789586876,0.002266449594595128,3.608486830729642e-7,1.623500343884578e-8,0.004801788865844135,7.745664088100864e-9,0.9076119842575996,8.40462033611897e-7,2.398066752694664e-8,Malawi,Karonga,Nyika National Park-Karonga,10206,191
16,13.679493919304687,0.04079189053063358,0.055037621550471115,0.007223179770838874,0.002399767172822029,0.1731065931304186,8.580285401447785e-4,0.27941708069532883,0.020581396478364263,0.0038405621094271102,60.89148534940536,0.016636072504578745,0.06219745973044523,0.0037777656169119306,0.001306027721491222,0.9304981791035306,2.9223786481220794e-4,0.9021946505946701,0.02271504281923388,0.002744109940457903,97.60250490026155,0.0021638406993398553,0.0022548629882421928,3.811479561584622e-7,1.86947109986957e-8,0.005448368401197382,9.929331670295255e-9,0.958354900261612,9.536288095382812e-7,2.862404266899095e-8,Malawi,Karonga,Nyika National Park-Karonga,10206,191
17,13.67346411603112,0.035879119643497014,0.050848674378356024,0.00712386673377222,0.0026030156840000144,0.18794777198629253,0.0010444355429782308,0.2854468839688958,0.022277741400966167,0.004356823828516395,60.8563408424485,0.013002504921472233,0.05038131278712693,0.0032848056725826823,0.0012725263505052513,0.9470189090111907,3.2501661535474727e-4,0.9373391575515145,0.023104042818005353,0.002871910522404903,97.64866152295924,0.0020363584365490363,0.0022158608948597233,3.957971616443592e-7,2.106998418709358e-8,0.006087625544733587,1.2415812319594737e-8,1.004511522959318,1.0655130917781255e-6,3.348579650668832e-8,Malawi,Karonga,Nyika National Park-Karonga,10206,191
18,13.66950438126853,0.030393340270948616,0.04639524196867994,0.006924101525239679,0.0027721148238376517,0.2016771004251167,0.0012447197176585541,0.2894066187314808,0.023835906431581174,0.004862238616680656,60.832148030838184,0.010115979108734328,0.04070004401720319,0.0028354111998195363,0.0012269205374220971,0.9604475551392317,3.567840980884748e-4,0.9615319691618263,0.02341873245855896,0.002982630283661889,97.68079815925725,0.0018157602517617892,0.0021419680529251336,4.04736827242415e-7,2.330437719588427e-8,0.006711153207943458,1.5190955149870743e-8,1.0366481592573658,1.1746434741575146e-6,3.849533234575501e-8,Malawi,Karonga,Nyika National Park-Karonga,10206,191
19,13.666144394304185,0.025750991892052866,0.041798291082548046,0.006639525373094472,0.002904828038615207,0.21421672203590283,0.0014562472736109788,0.2927666056958241,0.025248370833111395,0.00535014727928944,60.8107390993515,0.007907165136118626,0.03279958772036846,0.0024318730508378463,0.0011721645852748853,0.971336629104,3.872709449431698e-4,0.9829409006485115,0.023672642779684706,0.003077897985712502,97.70950978279622,0.0016194197920070992,0.002034900531629201,4.076044885150614e-7,2.5344985458925685e-8,0.007308443184970199,1.8233828397919288e-8,1.0653597827963195,1.2791807656519604e-6,4.3578813856844976e-8,Malawi,Karonga,Nyika National Park-Karonga,10206,191
20,13.663301648010753,0.021814137744851865,0.037284196434480464,0.006288457608944714,0.003000313469724991,0.22554597758613892,0.0016762691451156898,0.29560935198925636,0.026514469720311854,0.0058150917476858755,60.791933996393524,0.0062102823737551,0.0263831532417197,0.0020740025908722527,0.0011108981321947258,0.980149362859008,4.162789891273689e-4,1.0017460036064871,0.023877071781500666,0.00315937810168185,97.73493638182592,0.0014426091719510145,0.0019082480410640551,4.0461185222898706e-7,2.714378699840632e-8,0.007872096817790107,2.1517125350074793e-8,1.0907863818260148,1.3778300991986089e-6,4.8660912348481114e-8,Malawi,Karonga,Nyika National Park-Karonga,10206,191
21,13.66090191121305,0.0184717641925638,0.032993077885101245,0.005890137402223124,0.0030591280042223017,0.23569295552353905,0.0019020257793094957,0.2980090887869587,0.02763926190256482,0.006252995088945439,60.77551505779708,0.004901114066851055,0.021192370315764493,0.0017599602765722298,0.0010454125772989425,0.9872715688519325,4.4367272766910606e-4,1.0181649422029304,0.024041391377603607,0.003228695229981174,97.75729428278724,0.0012824253873085054,0.001771348956038623,3.964111980899818e-7,2.866413450358398e-8,0.00839791731030733,2.5008158899941373e-8,1.1131442827873483,1.4698570661604886e-6,5.3672293403525354e-8,Malawi,Karonga,Nyika National Park-Karonga,10206,191
22,13.658879572826123,0.01563298689915528,0.02900522538327219,0.005462616150676541,0.003083023274272721,0.24471672940088823,0.00213084606562043,0.3000314271738851,0.02863129052387222,0.0066611236268702455,60.761249882711034,0.0038865567352124883,0.017006355242502436,0.0014868495941230883,9.77647882772019e-4,0.9930220656765157,4.69370348921043e-4,1.0324301172889845,0.024173314561323846,0.0032873867433652216,97.77683982349158,0.0011370373907420457,0.001630637127844297,3.838561264847548e-7,2.9882614872428484e-8,0.008883944287655765,2.8670514129999615e-8,1.1326898234916996,1.5549187065333163e-6,5.85531290024281e-8,Malawi,Karonga,Nyika National Park-Karonga,10206,191
23,13.657177391959744,0.013222362651853224,0.025359970340334017,0.0050216782009151065,0.003074672416810344,0.25269469702587816,0.0023602274044752674,0.30173360804026583,0.029501021046432478,0.0070379481524061776,60.748906159629044,0.0030967684995567655,0.013638923770074588,0.0012511708964129777,9.09206617163697e-4,0.9976626126239055,4.933349432519526e-4,1.0447738403709754,0.024279147674707294,0.003336873580654096,97.79384486484734,0.001005214207560201,0.0014905362140093202,3.6785682157748633e-7,3.078870758226232e-8,0.009329781428856576,3.246574174563792e-8,1.14969486484745,1.632945808135491e-6,6.325444932790024e-8,Malawi,Karonga,Nyika National Park-Karonga,10206,191
24,13.655746078533808,0.01117616647314974,0.022070210601893216,0.004580195705732002,0.003037431576995923,0.25971302820249603,0.002587888905935199,0.30316492146620183,0.030259677280496382,0.0073829947578415754,60.73826216533867,0.0024790369936879848,0.01093548749865114,0.0010491541337998398,8.413773824207592e-4,1.0014066232150132,5.15566420995828e-4,1.0554178346613556,0.024364010347064716,0.0033784439025543924,97.80857894729571,8.859844615121625e-4,0.0013541538264496445,3.492730363495285e-7,3.1384087069267896e-8,0.009736061032910474,3.635472001119038e-8,1.1644289472958127,1.7040491779586936e-6,6.773880708045827e-8,Malawi,Karonga,Nyika National Park-Karonga,10206,191
25,13.654543340700112,0.009440464191588987,0.019130973653022514,0.004148341668470824,0.0029750182647919057,0.26586104414885103,0.0028118173731728293,0.3043676592998979,0.030918604259821403,0.0076966004084838,60.72911087634788,0.0019935231209146486,0.008768281537276053,8.770085740996816e-4,7.751691343170066e-4,1.0044278486494476,5.360935881767651e-4,1.0645691236521435,0.02443205295678674,0.003413248417282148,97.8213008159624,7.785272655742859e-4,0.001223583802145725,3.2889367774098884e-7,3.1679625166898e-8,0.010104164986278811,4.0299231091644624e-8,1.1771508159624895,1.768470802911841e-6,7.197885625854264e-8,Malawi,Karonga,Nyika National Park-Karonga,10206,191
26,13.653533163907843,0.007969293186542251,0.016526191440556413,0.0037337109940359793,0.0028913124377096563,0.2712270442784886,0.0030302837548339917,0.3053778360921666,0.03148879351098899,0.007979741652086082,60.72126299236863,0.0016100433289260186,0.007032758910091802,7.310742635124041e-4,7.113445533634394e-4,1.0068669718419458,5.54967745443654e-4,1.0724170076313968,0.024486621009078377,0.003442302252275589,97.83225212683661,6.820695029388106e-4,0.0011002040115108095,3.074080250452556e-7,3.169363001741158e-8,0.010435966006614011,4.4262896624990987e-8,1.1881021268367096,1.8265385578933064e-6,7.595652664240258e-8,Malawi,Karonga,Nyika National Park-Karonga,10206,191
27,13.65268502393,0.006723384885749455,0.01423315029401201,0.0033416408473830087,0.0027901823145995855,0.27589577148927147,0.00324184623899584,0.3062259760700111,0.03198061562905101,0.008233865627988324,60.714547771593,0.001305734479069824,0.0056439629787963614,6.079163659198396e-4,6.504554292758013e-4,1.008837431442433,5.722569706263715e-4,1.0791322284070288,0.02453039950330286,0.0034664922035191163,97.8416545887075,5.958487149777184e-4,9.848612822900946e-4,2.853993368875406e-7,3.1449875343329225e-8,0.010733651220274473,4.821192418847824e-8,1.1975045887076,1.8786353275236892e-6,7.966179953180748e-8,Malawi,Karonga,Nyika National Park-Karonga,10206,191
28,13.65197309294524,0.005669130460612958,0.012225907641857263,0.0029755926299675373,0.002675328476684151,0.27994660064193205,0.003445347203715396,0.30693790705476914,0.03240364219677474,0.008460729047534643,60.70881297554316,0.0010630778205359386,0.004533034811966447,5.04398025975358e-4,5.928767926942306e-4,1.01043078877119,5.880409457300285e-4,1.0848670244568688,0.02456554566775243,0.003486585411261238,97.8497085496466,5.19100626071064e-4,8.780040386797282e-4,2.6335027447553173e-7,3.097549774898367e-8,0.0109995880744784,5.2115765486719315e-8,1.20555854964671,1.925175539189591e-6,8.309126323570301e-8,Malawi,Karonga,Nyika National Park-Karonga,10206,191
29,13.651375578669107,0.004777773184542345,0.010477265505532532,0.002637504602792043,0.0025501962265356147,0.28345278646994315,0.0036398953415561876,0.3075354213309016,0.03276658917260042,0.008662280536693498,60.70392391889175,8.686569778939191e-4,0.003644432270747812,4.1769741299762316e-4,5.388382988088707e-4,1.0117207213730663,6.024069634791612e-4,1.0897560811082718,0.024593786967559657,0.003503241092121725,97.85659328967344,4.5106251556198147e-4,7.797798125154723e-4,2.416493339870329e-7,3.029953898605856e-8,0.011236226842674668,5.594739935190409e-8,1.2124432896735504,1.9665881007462856e-6,8.624693833796267e-8,Malawi,Karonga,Nyika National Park-Karonga,10206,191
30,13.65087412287226,0.004024733798293388,0.008960150221745256,0.0023281219994872567,0.0024179136180022777,0.2864811134354478,0.003824844054773944,0.3080368771277497,0.03307730527572828,0.00884056238734564,60.69976221414747,7.121769804571819e-4,0.002933484950342611,3.453105876075515e-4,4.884523600345041e-4,1.0127664415959021,6.154465890412204e-4,1.0939177858525588,0.024616504749995022,0.0035170222443395905,97.86246792855293,3.9098244837452897e-4,6.901089672578058e-4,2.2060039441360754e-7,2.9451676940198714e-8,0.01144602726375684,5.968348146952989e-8,1.2183179285530368,2.003303562608179e-6,8.913515840972862e-8,Malawi,Karonga,Nyika National Park-Karonga,10206,191
31,13.650453288117355,0.003389176067433238,0.007648779629638508,0.002047298011678398,0.0022812564030575506,0.2890914451870598,0.003999756583788195,0.30845771188265547,0.03334274738077041,0.00899761694813042,60.6962244286872,5.857142650321098e-4,0.0023645035036562946,2.8505345779212513e-4,4.417418228166825e-4,1.0136153331774982,6.272518810095795e-4,1.0974555713128364,0.02463479886581947,0.0035284047282992856,97.86747264662095,3.3814054683679596e-4,6.087552986066458e-4,2.004336373030083e-7,2.846109690856727e-8,0.011631379386866042,6.330423452318457e-8,1.2233226466210951,2.035740265938045e-6,9.176533143175191e-8,Malawi,Karonga,Nyika National Park-Karonga,10206,191
32,13.650074091727712,0.0028753046015733783,0.006521500733567852,0.0017941499909530142,0.0021426531196187966,0.29133887885989895,0.004164420966686479,0.3088369082722984,0.03356924178794502,0.009135516832149264,60.692999491593035,4.86174090531316e-4,0.0019089898556523884,2.3499482930510346e-4,3.986458013446826e-4,1.0143060090316314,6.379183212176779e-4,1.1006805084070002,0.024649560473984464,0.003537797517655393,97.87204363422073,2.9457223239309055e-4,5.357227855556726e-4,1.8131818934238666e-7,2.7356341173577505e-8,0.011794701751159358,6.67938257607015e-8,1.2278936342208728,2.0643215280279674e-6,9.415016693427909e-8,Malawi,Karonga,Nyika National Park-Karonga,10206,191
33,13.64975547369432,0.0024368026218296946,0.005556925180243269,0.0015675015710083899,0.002004136544577463,0.29327139631549415,0.0043187640725369306,0.30915552630568993,0.03376225539630546,0.009256172015394325,60.69026087225798,4.044754881565195e-4,0.0015445600814808168,1.935278333708617e-4,3.59061777548696e-4,1.014868695762998,6.475345047261061e-4,1.1034191277420582,0.02466148387961991,0.003545534064472929,97.8759321596828,2.5579054323809284e-4,4.706528021401893e-4,1.6338415282647866e-7,2.6163621958877524e-8,0.011938299115015334,7.01397076966365e-8,1.231782159682965,2.0894507459367596e-6,9.630332965551411e-8,Malawi,Karonga,Nyika National Park-Karonga,10206,191
34,13.6494876721545,0.0020633279757949416,0.004731802207001416,0.0013657736625921134,0.0018674447352221997,0.29493212587829465,0.004462853386603985,0.3094233278455093,0.033926648566914484,0.009361433875892142,60.68793698638763,3.371696307486513e-4,0.0012523614727759128,1.5924099518656635e-4,3.2284627649003893e-4,1.0153283408077978,6.561879323752806e-4,1.105743013612403,0.024671138976533134,0.0035519014793666225,97.87923701514077,2.214842517207516e-4,4.127047110874174e-4,1.467057936886734e-7,2.4907684991036425e-8,0.012064333420166178,7.333234091851649e-8,1.2350870151409363,2.111506311879732e-6,9.824002590955299e-8,Malawi,Karonga,Nyika National Park-Karonga,10206,191
35,13.649262364979156,0.0017457876936405356,0.004026251888555865,0.0011871043404176795,0.0017339966824446412,0.29635861589770107,0.004596878518091802,0.30964863502085166,0.03406660232186271,0.009453039794854139,60.685965122551806,2.815357112369642e-4,0.0010174896888959799,1.309296863199556e-4,2.8982615260732833e-4,1.0157048956725947,6.639625969928235e-4,1.107714877448223,0.024678978615146403,0.0035571399396413838,97.88204519333225,1.9130454543989496e-4,3.6116826891312477e-4,1.313051703213137e-7,2.3611033658112988e-8,0.01217475304968097,7.636516945922875e-8,1.2378951933324096,2.1308292326681482e-6,9.997620311734178e-8,Malawi,Karonga,Nyika National Park-Karonga,10206,191
36,13.649072767804274,0.00147622385045266,0.0034235509759821332,0.0010295088610587538,0.0016048971456035402,0.2975829260196209,0.004721125343014826,0.3098382321957329,0.034185644158762706,0.009532574572447551,60.68429291977643,2.3545398013617838e-4,8.284620526280871e-4,1.0759100628513675e-4,2.59810795834592e-4,1.0160139399719457,6.709371033960913e-4,1.1093870802235972,0.02468535387520595,0.003561445644073546,97.88442964615628,1.6487191317135597e-4,3.154385007403498e-4,1.1716604187412006e-7,2.2293412502706807e-8,0.012271288208851226,7.923440158314233e-8,1.2402796461564543,2.1477223235911028e-6,1.0152781408584919e-7,Malawi,Karonga,Nyika National Park-Karonga,10206,191
37,13.648913090950526,0.0012476325065095416,0.00290900958569041,8.910248312166033e-4,0.0014810033177754258,0.2986332918991417,0.004835946909149938,0.30999790904948366,0.034286855162400126,0.009601488236865116,60.68287496333829,1.9716970578532487e-4,6.758947814246154e-4,8.836786610612356e-5,2.3260188114263773e-4,1.0162683415760352,6.771854878294212e-4,1.1108050366617372,0.02469055325935604,0.00356498459484596,97.88645383584941,1.4181350069046965e-4,2.749501081349074e-4,1.0425473899890576e-7,2.0972026634636976e-8,0.012355525715981443,8.19384014984167e-8,1.2423038358495926,2.1624633016599795e-6,1.0291042813305371e-7,Malawi,Karonga,Nyika National Park-Karonga,10206,191
38,13.648777400778092,0.0010551264380364903,0.0024703598178714196,7.69733462663448e-4,0.0013629117039337657,0.29953370810986835,0.0049417596895426665,0.3101335992219162,0.03437282373784641,0.00966107663142064,60.6816624966316,1.6547875411381926e-4,5.526472327842599e-4,7.255931822575001e-5,2.0799632784272379e-4,1.0164780840430452,6.827761978438248e-4,1.1120175033684214,0.02469479880245782,0.003567890536910547,97.88818645922424,1.2190896619148363e-4,2.392107944205367e-4,9.251850611097193e-8,1.9661283537538147e-8,0.012428880254352147,8.447777885159401e-8,1.2440364592244262,2.175299753893615e-6,1.041390623891322e-7,Malawi,Karonga,Nyika National Park-Karonga,10206,191
39,13.648660218082297,8.944152910970593e-4,0.0020971986064515172,6.638282822978903e-4,0.0012510388253741856,0.30030528877470164,0.005039012137790216,0.31025078191771266,0.03444581137148613,0.009712509317246914,60.68060966113262,1.3938580869843814e-4,4.529396563692144e-4,5.957086544574564e-5,1.8579399645854604e-4,1.0166514290473143,6.877727927174473e-4,1.1130703388674041,0.024698273283169047,0.00357027610158068,97.88969233654464,1.0493986470815621e-4,2.078033883274014e-4,8.189810887212502e-8,1.8373385271369215e-8,0.012492649822164827,8.685465149414712e-8,1.2455423365447997,2.186458844182452e-6,1.0522803676551638e-7,Malawi,Karonga,Nyika National Park-Karonga,10206,191
40,13.648561403617482,7.577380662049197e-4,0.0017800310360033137,5.716228164295083e-4,0.0011456372926914107,0.3009663907088939,0.00512817646230761,0.31034959638253073,0.034507768177366956,0.009756831833683529,60.679717539278855,1.1748343416856238e-4,3.7208552605571263e-4,4.8906118465419903e-5,1.657999057181367e-4,1.0167950853621521,6.922338549239716e-4,1.113962460721165,0.02470112417458248,0.0035722345878652557,97.8909693814618,9.016304645536733e-5,1.8027326949172679e-4,7.232860564816708e-8,1.7118393559018277e-8,0.012548011035489451,8.907250072585217e-8,1.2468193814619524,2.196146491345576e-6,1.0619089428487051e-7,Malawi,Karonga,Nyika National Park-Karonga,10206,191
41,13.648478044346017,6.416387930824182e-4,0.0015104609815895914,4.915455379559206e-4,0.0010468179124530138,0.30153275327254936,0.005209739156363097,0.3104329556539935,0.03456034942580635,0.009794971903058764,60.678961716587644,9.90778817030643e-5,3.0634764433427663e-4,4.015414510219457e-5,1.4782635310033604e-4,1.0169144311077833,6.962130831167919e-4,1.1147182834123792,0.024703468785182814,0.0035738425405838123,97.89205210300165,7.733853305255354e-5,1.5617136645017872e-4,6.37384366407025e-8,1.590436952010059e-8,0.012596005616006862,9.113595885205372e-8,1.247902103001804,2.2045450040837885e-6,1.0704032837215435e-7,Malawi,Karonga,Nyika National Park-Karonga,10206,191
42,13.648407688760052,5.431205040936383e-4,0.0012813679811971106,4.221533649375574e-4,9.545769812077388e-4,0.30201790164866354,0.0052841907598583345,0.31050331123995795,0.03460496417891067,0.009827749532757822,60.67832138796078,8.359607599308943e-5,2.5275792056003813e-4,3.297431484421241e-5,1.3169485093861025e-4,1.0170138202820098,6.99759554786097e-4,1.1153586120392454,0.024705401384318627,0.0035751629789876056,97.89296997025897,6.624146464002514e-5,1.351011407724024e-4,5.60532879313175e-8,1.4737577300168803e-8,0.01263755612439333,9.305055006606171e-8,1.2488199702591252,2.2118158352559277e-6,1.0778812736623057e-7,Malawi,Karonga,Nyika National Park-Karonga,10206,191
43,13.648348294294506,4.59595697050883e-4,0.0010867391532910539,3.6213949450640526e-4,8.688157553043736e-4,0.3024333974955818,0.005352018109769649,0.31056270570550415,0.03464280558254845,0.009855883472042172,60.677779016602805,7.056464281886626e-5,2.0897471381294455e-4,2.7086739670958036e-5,1.1723752497686626e-4,1.0170967600431617,7.029178444984168e-4,1.115900983397214,0.02470699730991969,0.003576247377164008,97.89374787091343,5.666352562726312e-5,1.1671211671846718e-4,4.919869557554492e-8,1.3622630457511155e-8,0.01267347569405063,9.48224990584613e-8,1.2495978709135809,2.2181012858949935e-6,1.0844512951597251e-7,Malawi,Karonga,Nyika National Park-Karonga,10206,191
44,13.648298134243818,3.88829184816494e-4,9.214247662898325e-4,3.1032882592804846e-4,7.893659620944755e-4,0.3027892195104186,0.005413697506644762,0.31061286575619224,0.03467489511084926,0.009880005248486033,60.677319642643965,5.958673761631428e-5,1.7310837988736142e-4,2.2259009415685403e-5,1.042975060979218e-4,1.0171661321316652,7.057284842738365e-4,1.1163603573560505,0.024708318041453545,0.003577138321249254,97.89440706772379,4.841531113529757e-5,1.0068953294088276e-4,4.310238001592691e-8,1.2562765871213279e-8,0.01270448578882094,9.645849580426395e-8,1.2502570677239324,2.2235276135254714e-6,1.0902126167547729e-7,Malawi,Karonga,Nyika National Park-Karonga,10206,191
45,13.648254018426652,3.3046032587900296e-4,7.812406940176979e-4,2.6567160896872927e-4,7.160033132794155e-4,0.3030939149082158,0.005469690722999628,0.3106569815733603,0.034702099903423,0.009900665978654043,60.67691458346982,5.056851539392047e-5,1.436855752379455e-4,1.8300298956060087e-5,9.272917941072496e-5,1.0172242761880341,7.082281421344879e-4,1.1167654165302001,0.024709413089527853,0.003577870637140365,97.89498859123213,4.1535778034252375e-5,8.67782001960499e-5,3.769476038551368e-8,1.155999945669964e-8,0.012731221853790383,9.796556358623347e-8,1.2508385912322724,2.2282060212441757e-6,1.0952556304293318e-7,Malawi,Karonga,Nyika National Park-Karonga,10206,191
46,13.648213406248086,2.835138492642907e-4,6.629735916620272e-4,2.2725192821570158e-4,6.484632502113699e-4,0.30335494983866024,0.005520441293910329,0.31069759375192396,0.03472517434987515,0.00991834588459264,60.676540892021016,4.333637900317867e-5,1.1958240933179659e-4,1.5054430527221306e-5,8.239816392859194e-5,1.017273125321491,7.104499226609723e-4,1.1171391079790003,0.02471032312475394,0.0035784728491906627,97.8955252931924,3.5962611417987324e-5,7.479604734232673e-5,3.291320198306374e-8,1.061532673368652e-8,0.012754263924397621,9.9350913946546e-8,1.2513752931925548,2.2322380155877133e-6,1.0996624068023254e-7,Malawi,Karonga,Nyika National Park-Karonga,10206,191
47,13.648179024794358,2.4284286773996685e-4,5.63253206129742e-4,1.9426144292161496e-4,5.864550564220179e-4,0.30357879074560074,0.005566371886837022,0.3107319752056511,0.03474476755406291,0.009933463989787332,60.67622392810646,3.7092521145267115e-5,9.980178406378261e-5,1.2392975382291835e-5,7.318103805748172e-5,1.017314278478888,7.124236727253736e-4,1.1174560718935556,0.024711081567571812,0.003578968410188942,97.89598068588919,3.105568182026064e-5,6.44931060763616e-5,2.8699038574512266e-8,9.728931110283395e-9,0.01277412943750076,1.0062182435303461e-7,1.2518306858893353,2.235714147840872e-6,1.1035075546331804e-7,Malawi,Karonga,Nyika National Park-Karonga,10206,191
48,13.648149871514045,2.0775059587788578e-4,4.7894541066991506e-4,1.659764947863422e-4,5.296702394564724e-4,0.3037709028502435,0.005607882894929927,0.3107611284859641,0.03476142137964021,0.00994638413888683,60.675954720400945,3.171854674343941e-5,8.35000883608361e-5,1.0210305426848183e-5,6.4964908577441e-5,1.0173490371842753,7.141762373896478e-4,1.117725279599075,0.024711715355618998,0.003579376529599104,97.89636758908368,2.6762163183116964e-5,5.561192492512645e-5,2.499485658788477e-8,8.900287250185914e-9,0.012791259685311926,1.0178555205904935e-7,1.2522175890838174,2.238711642772589e-6,1.1068583930923529e-7,Malawi,Karonga,Nyika National Park-Karonga,10206,191
49,13.648125124398389,1.775606622344025e-4,4.0751809623278264e-4,1.417535327964062e-4,4.7779033824454854e-4,0.30393590145263033,0.005645351519482002,0.3107858756016206,0.03477558767145637,0.009957421264335907,60.67572587792584,2.7103505896742976e-5,7.001431790035251e-5,8.419586925508998e-6,5.764683893803765e-5,1.0173784628475122,7.157317319376939e-4,1.1179541220741795,0.024712246230182647,0.0035797129405065057,97.89669657247967,2.302290385747699e-5,4.794415503427424e-5,2.1745682954337082e-8,8.128273496301796e-9,0.01280603019351417,1.0284925311579319e-7,1.2525465724798124,2.2412962151962355e-6,1.1097752661209501e-7,Malawi,Karonga,Nyika National Park-Karonga,10206,191
50,13.648104101894464,1.5164679050419925e-4,3.469151167524454e-4,1.2102844265115677e-4,4.304933494286854e-4,0.3040776837292079,0.005679130677000101,0.31080689810554457,0.034787643553680636,0.009966845977465584,60.675531243459076,2.3147003571098672e-005,5.8822698560642166e-5,6.9499106128489524e-6,5.1133487723693375e-5,1.017403421785339,7.171117298549341e-4,1.1181487565409403,0.024712691755058264,0.003579990463117733,97.89697644837275,1.977822643927334e-5,4.131901724833407e-5,1.890047384383903e-8,7.411264313408306e-9,0.012818761486275828,1.0381990970910725e-7,1.2528264483729075,2.2435239542941488e-6,1.1123117402251559e-7,Malawi,Karonga,Nyika National Park-Karonga,10206,191
51,13.648086228253632,1.2944312150185564e-4,2.954209015649169e-4,1.033075842563828e-4,3.874596451941671e-4,0.3041995904186421,0.0057095500752178795,0.3108247717463774,0.0347979093351649,0.00997489229315599,60.67536559556223,1.975956266199277e-5,4.950331412117948e-5,5.742666381047305e-6,4.5340006432917346e-5,1.0174246355042849,7.183356263870206e-4,1.118314404437788,0.02471306643106971,0.003580219691586965,97.89721469468371,1.6971310250714497e-5,3.559155326562775e-5,1.641266014190345e-8,6.747263601994547e-9,0.012829731774162564,1.0470428060731332e-7,1.253064694683866,2.24544354432806e-6,1.114515442093079e-7,Malawi,Karonga,Nyika National Park-Karonga,10206,191
52,13.648071028048973,1.1044617645160237e-4,2.516406836643884e-4,8.816627921407025e-5,3.483766329499888e-4,0.30430442803458757,0.005736914144169016,0.3108399719510368,0.034806651120522364,0.009981758815391232,60.675224603985455,1.6862647668434443e-5,4.1725721447488316e-5,4.750683305223651e-6,4.019029893081903e-5,1.017442690417778,7.194206176398016e-4,1.1184553960145625,0.024713381916834937,0.0035804091506208714,97.89741751758172,1.4548975336910198e-5,3.064152498346064e-5,1.424024818398683e-8,6.133973094310874e-9,0.012839177910715422,1.0550883610022643e-7,1.2532675175818608,2.247096432074732e-6,1.1164280919453731e-7,Malawi,Karonga,Nyika National Park-Karonga,10206,191
53,13.648058094136116,9.420751273958019e-5,2.1438865769718643e-4,7.523266849944584e-5,3.129412056146922e-4,0.3043946295758258,0.005761506243516613,0.31085290586389347,0.03481409776351147,0.009987618252460478,60.675104549326996,1.4386805694140998e-5,3.521752105660213e-5,3.934623167847865e-6,3.561513227200927e-5,1.0174580827311699,7.203822192074743e-4,1.1185754506730299,0.02471364799739182,0.0035805659584346003,97.89759025057407,1.2462404187013086e-5,2.6364466281700307e-5,1.234524607686839e-8,5.568918780002725e-9,0.012847307696610062,1.0623976792547665e-7,1.2534402505742193,2.248518980186455e-6,1.118086867054794e-7,Malawi,Karonga,Nyika National Park-Karonga,10206,191
54,13.64804708496293,8.033778464068999e-5,1.826753494801107e-4,6.418855069892661e-5,2.808627352451042e-4,0.30447226366462976,0.0057835869523856,0.31086391503708033,0.03482044212936454,0.009992617538886394,60.675002301393874,1.2272117125764769e-5,2.9759704796034862e-5,3.2626338828059245e-6,3.155242495555407e-5,1.0174712231033018,7.212342210585409e-4,1.118677698606154,0.024713872694830653,0.003580695893003661,97.89773738485528,1.0667943027614288e-5,2.2670700225838184e-5,1.0693978340747937e-8,5.049486550177458e-9,0.012854300370987129,1.0690294219454924e-7,1.253587384855418,2.249742553235281e-6,1.1195242874472673e-7,Malawi,Karonga,Nyika National Park-Karonga,10206,191
55,13.648037691093373,6.847383387631424e-5,1.5560840649996453e-4,5.474054202438288e-5,2.518427080708601e-4,0.30453922910256487,0.00580341431360043,0.310873308906637,0.03482585965910652,0.009996891464428158,60.674915016320504,1.046295913673491e-5,2.5161733343448188e-5,2.7069109158605713e-6,2.7942179583795925e-5,1.017482479146735,7.219898436658398e-4,1.1187649836795244,0.02471406312144705,0.003580804013958265,97.89786300291819,9.123829181741734e-6,1.9477008932532496e-5,9.254281108724327e-9,4.5727681482135616e-9,0.012860322646311446,1.0750433397855965e-7,1.2537130029183225,2.2507963236441876e-6,1.1207710212677323e-7,Malawi,Karonga,Nyika National Park-Karonga,10206,191
56,13.6480297261708,5.839243884761629e-5,1.3265206626158723e-4,4.670970173319115e-5,2.2568352633552796e-4,0.3045966813115887,0.005821154784441263,0.31088127382920805,0.034830456331767984,0.010000521945116119,60.67484097781571,8.925248598319591e-6,2.1312450951956426e-5,2.251226862774617e-6,2.4746402335473927e-5,1.0174920702847143,7.226574097549072e-4,1.118839022184323,0.024714223488941655,0.003580893283030993,97.89796956953906,7.803919714922127e-6,1.6732262392320452e-5,8.005985139308537e-9,4.1367329460470504e-9,0.012865476991444105,1.080478788974517e-7,1.2538195695391876,2.2516982220092823e-6,1.1218461184349877e-7,Malawi,Karonga,Nyika National Park-Karonga,10206,191
57,13.648022912565535,4.9756868590738034e-5,1.1300848859262918e-4,3.9827212972299576e-5,2.0205960881249758e-4,0.3046463598665966,0.005837075388908426,0.3108880874344734,0.03483439046452216,0.010003631784374781,60.67477762425104,7.607662564019298e-6,1.8051141821898782e-5,1.8723097817761832e-6,2.19053938040324e-5,1.0175003207465234,7.232499180601495e-4,1.118902375748989,0.02471435996849759,0.003580967966683748,97.89806076484177,6.668106769239195e-6,1.4358254368996202e-5,6.917867531467438e-9,3.7378445416763026e-9,0.0128699193410197,1.0854003881124914e-7,1.2539107648419017,2.2524755345899746e-6,1.1227788335292544e-7,Malawi,Karonga,Nyika National Park-Karonga,10206,191
58,13.648017123447717,4.241086545079486e-5,9.631339983779243e-5,3.3968926693068836e-5,1.80801331334093e-4,0.30468907120447175,0.005851310824502652,0.31089387655229034,0.03483773463089325,0.010006277541045484,60.67472378268544,6.486430250835943e-6,1.5307279292333622e-5,1.5600911814094813e-6,1.9389840868454578e-5,1.0175073772079457,7.237737031024534e-4,1.118956217314595,0.02471447531805025,0.0035810299235324748,97.89813827470843,5.69737771552101e-6,1.2317982680698157e-5,5.974900286067576e-9,3.374137682657452e-9,0.012873722944563895,1.0898417124863995e-7,1.2539882747085702,2.2531410789120137e-6,1.1235830893129741e-7,Malawi,Karonga,Nyika National Park-Karonga,10206,191
59,13.64801216823811,3.6127242091233e-5,8.203134553208854e-5,2.8951647906598074e-5,1.6164529637962633e-4,0.30472600861646165,0.005864067613525471,0.31089883176189687,0.034840595693346355,0.010008542608270572,60.67467768936117,5.526997876950436e-6,1.2978460734929094e-5,1.3000667970923975e-6,1.7155326163025483e-5,1.0175134550436287,7.242383368579751e-4,1.1190023106388638,0.024714573567270273,0.0035810818392407666,97.89820463464547,4.863952299641132e-6,1.0556354448606904e-5,5.1545224482976255e-9,3.0424756482308843e-9,0.012876996595511501,1.0938549283392673e-7,1.2540546346456114,2.253713892091448e-6,1.1242796848215763e-7,Malawi,Karonga,Nyika National Park-Karonga,10206,191
60,13.64800775745251,3.098710220524544e-5,6.99541285597949e-5,2.4695027926061877e-5,1.444650208305615e-4,0.30475769843517697,0.005875442832800086,0.31090324254749896,0.034843020353024716,0.010010463513587673,60.6746366539598,4.741938633794864e-6,1.1025196539372685e-5,1.0861960435105758e-6,1.51813857235439e-5,1.0175186476270914,7.246482066858561e-4,1.1190433460402263,0.024714656445653505,0.003581124839733786,97.8982637168085,4.180200848911757e-6,9.052155831637039e-6,4.446518224146914e-9,2.741287351029942e-9,0.012879788699648445,1.0974650895472752e-7,1.2541137168086374,2.2542024443392942e-6,1.1248779630575749e-7,Malawi,Karonga,Nyika National Park-Karonga,10206,191
61,13.648003826227116,2.6701796073561862e-5,5.9687156479949176e-5,2.106037002220739e-5,1.2903040314944067e-4,0.3047850824270364,0.005885611620129636,0.31090717377289145,0.0348450924776182,0.010012104245513638,60.67460007737238,4.0872354990012855e-6,9.374588908201668e-6,9.081910014728068e-7,1.343141508214374e-5,1.0175231208073148,7.250111446748905e-4,1.1190799226276487,0.024714727030547654,0.0035811608617082073,97.89831638173798,3.608739568157058e-6,7.763642179068877e-6,3.833181165111664e-9,2.467665846854305e-9,0.01288218719183181,1.1007178124194539e-7,1.2541663817381163,2.254622122941103e-6,1.125394470887997e-7,Malawi,Karonga,Nyika National Park-Karonga,10206,191
62,13.64800049013482,2.2948027447556815e-5,5.09646816782588e-5,1.7955900596730407e-5,1.1517007938837585e-4,0.3048087703479359,0.005894700828141774,0.31091050986518887,0.03484686514639564,0.01001350645005895,60.67456903612284,3.513476379352083e-6,7.979889496852977e-6,7.598551154468132e-7,1.187968049377787e-5,1.017526979464378,7.253326187865335e-4,1.1191109638771974,0.024714787225266543,0.0035811910788772186,97.89836107859283,3.1064148089273e-6,6.661214987728247e-6,3.3020468401392184e-9,2.219324174720284e-9,0.012884248994304456,1.1036471789686297e-7,1.2542110785929645,2.2549828882718025e-6,1.1258404207158327e-7,Malawi,Karonga,Nyika National Park-Karonga,10206,191
63,13.64799765433054,1.9706292081291513e-5,4.3599094505834365e-5,1.5321149597929792e-5,1.0276803596248152e-4,0.3048291554021274,0.005902795695193631,0.3109133456694689,0.03484837221098096,0.010014697245233552,60.674542648682454,3.0177669283076335e-6,6.808612262604019e-6,6.372035992079104e-7,1.050904374526496e-5,1.0175302909946302,7.256162647483771e-4,1.11913735131758,0.024714838241176856,0.003581216244190396,97.89839907598447,2.671226843825915e-6,5.723439486480725e-6,2.8447344216264424e-9,1.9946873579820136e-9,0.01288601050775191,1.1062763140755979e-7,1.2542490759846239,2.2552911097324604e-6,1.126223187655418e-7,Malawi,Karonga,Nyika National Park-Karonga,10206,191
64,13.647995217373257,1.6912326969920686e-5,3.7276657393742416e-5,1.3067914481888979e-5,9.163798128683172e-5,0.3048468562797552,0.005910031466864336,0.31091578262675224,0.03484966741998919,0.010015717442790565,60.67451997239045,2.59038579990503e-6,5.807490042168144e-6,5.344962204847586e-7,9.292678212057571e-6,1.0175331608129676,7.25867759249102e-4,1.1191600276095888,0.02471488198418916,0.003581237465613598,97.89843173040376,2.2953150530007366e-6,4.913387971851135e-6,2.448987263122275e-9,1.7911578522128115e-9,0.01288753038783919,1.1086424534030881e-7,1.2542817304038971,2.2555570511135526e-6,1.1265540319252162e-7,Malawi,Karonga,Nyika National Park-Karonga,10206,191
65,13.647993137970504,1.4512298354465122e-5,3.189710792787515e-5,1.1152928681000276e-5,8.168596144483106e-5,0.30486213847974536,0.005916475253350995,0.3109178620295048,0.034850772677795835,0.010016585779741096,60.674500623205674,2.2231366868866206e-6,4.959288772208096e-6,4.491655082008564e-7,8.217546981155547e-6,1.0175356335360484,7.260898498695422e-4,1.1191793767943639,0.024714919225161818,0.003581255226888119,97.89845959456223,1.9716653795726214e-6,4.219739243243645e-6,2.1083660757818633e-9,1.6073798679157335e-9,0.012888832621532289,1.1107644730369521e-7,1.254309594562366,2.2557849095079985e-6,1.1268382717161095e-7,Malawi,Karonga,Nyika National Park-Karonga,10206,191
66,13.647991350636852,1.2442781532401951e-5,2.728574091527818e-5,9.514507819793407e-6,7.2767775626643685e-005,0.30487540923836415,0.005922229318896234,0.3109196493631548,0.034851722021712925,0.010017329776606338,60.67448399206129,1.9063743637837428e-6,4.234605259819769e-6,3.775543797035654e-7,7.263942966554488e-6,1.0175377774671457,7.262866841295732e-4,1.1191960079387453,0.024714951155499373,0.0035812702305849653,97.89848354510445,1.6920937478384516e-6,3.621989981168712e-6,1.8137248044763527e-9,1.4412383788550283e-9,0.012889954859265406,1.1126713902686188e-7,1.2543335451046156,2.255981272918812e-6,1.1270837740571692e-7,Malawi,Karonga,Nyika National Park-Karonga,10206,191
67,13.647989757884147,1.0735721737597577e-5,2.3375269085459277e-5,8.125850667549533e-6,6.481556298175726e-5,0.3048868484966658,0.005927341214720811,0.31092124211585925,0.03485253034289512,0.010017961420180568,60.67446917188619,1.6450299179882845e-6,3.622152520334639e-6,3.181327058243048e-7,6.4228368434737545e-6,1.017539622576221,7.264601571955375e-4,1.1192108281138475,0.02471497829232185,0.003581282773361192,97.89850488816998,1.4611616198439043e-6,3.1122780751954347e-6,1.5610031739213218e-9,1.291711995517755e-9,0.012890913747187776,1.1143769054856112e-7,1.2543548881701494,2.2561490540554965e-6,1.127294025440789e-7,Malawi,Karonga,Nyika National Park-Karonga,10206,191
68,13.647988336159445,9.302885987120195e-6,2.003916608996868e-5,6.940688308750255e-6,5.770690779076012e-5,0.30489677785371366,0.005931896338670595,0.3109226638405611,0.03485322435774506,0.010018501694151473,60.67445594355276,1.4256256841707717e-6,3.1009446206555267e-6,2.682881525755424e-7,5.678113472129096e-6,1.0175412222868891,7.266136480204753e-4,1.119224056447275,0.02471500155976775,0.003581293367670051,97.89852393907549,1.2671031307556961e-6,2.6755433577067047e-6,1.3431573394581383e-9,1.1569395923500445e-9,0.012891739338640235,1.1159057812260066e-7,1.2543739390756568,2.2562935116384703e-6,1.1274751771495074e-7,Malawi,Karonga,Nyika National Park-Karonga,10206,191
69,13.647987123003569,8.039626056268346e-6,1.719467909866256e-5,5.928514518940312e-6,5.1353145211480957e-5,0.3049054054390606,0.005935955592490967,0.31092387699643714,0.03485382086659879,0.010018964199420114,60.67444465626467,1.23214170565635e-6,2.6575334588774304e-6,2.264180925189894e-7,5.018530195186619e-6,1.017542610808312,7.267495054051618e-4,1.1192353437353644,0.02471502153337862,0.003581302329139555,97.8985401948124,1.095750139602726e-6,2.3016784580045887e-6,1.1553304991273428e-9,1.035525940064306e-9,0.012892450775532171,1.1172760728743327e-7,1.254390194812552,2.256417995049077e-6,1.127631332274976e-7,Malawi,Karonga,Nyika National Park-Karonga,10206,191
70,13.647986086282017,6.941290946759039e-6,1.4782700844592249e-5,5.069331132924144e-6,4.5694691025504125e-5,0.3049128659793661,0.005939559724672079,0.3109249137179882,0.034854330619677854,0.010019357776319869,60.674435010943576,1.0638821461032738e-6,2.28238452103145e-6,1.9148865139039384e-7,4.436612678767478e-6,1.0175438102480991,7.268692895148531e-4,1.1192449890564569,0.024715038581099434,0.0035813098609006025,97.89855408602074,9.465626492568343e-7,1.983354901628104e-6,9.943011210807896e-10,9.265232435976142e-10,0.012893060328140108,1.1184999426422136e-7,1.2544040860208965,2.2565246512774584e-6,1.1277651750781899e-7,Malawi,Karonga,Nyika National Park-Karonga,10206,191
71,13.647985191030596,5.989397096165349e-6,1.2703361842196648e-5,4.334143932925169e-6,4.063695658384178e-5,0.30491937213775017,0.0059427729722059085,0.31092580896941147,0.03485477080487267,0.010019695702465463,60.67442668217211,9.180355616793685e-7,1.959529433936986e-6,1.6201202588607322e-7,3.920692734081511e-6,1.0175448554731783,7.269754325505656e-4,1.119253317827923,0.0247150532889196,0.003581316263456539,97.89856608125467,8.171444779111826e-7,1.7079776324039294e-6,8.553902197430247e-10,8.28401490970881e-10,0.01289358777810627,1.1195967608302329e-7,1.254416081254819,2.256616941699625e-6,1.127880775739942e-7,Malawi,Karonga,Nyika National Park-Karonga,10206,191
72,13.647984421572358,5.165530990937141e-6,1.0921984481664121e-5,3.7074616307736426e-6,3.6128251381086795e-5,0.30492502510877834,0.005945630090385919,0.310926578427649,0.034855149131544104,0.010019984648173419,60.67441952400851,7.917877770941764e-7,1.683395638781682e-6,1.372450531268921e-7,3.4645584185163275e-6,1.01754576293876,7.270692264604616e-4,1.1192604759915246,0.024715065918778117,0.0035813216824518547,97.89857639066071,7.050292299836615e-7,1.4712610629060447e-6,7.359812633546573e-10,7.403043038708129e-10,0.012894042026400768,1.1205771781872408e-7,1.2544263906608586,2.2566964237152505e-6,1.127980221225949e-7,Malawi,Karonga,Nyika National Park-Karonga,10206,191
73,13.647983759137285,4.453876334945426e-6,9.39439149362445e-6,3.1728960503064315e-6,3.2110729014478493e-5,0.30492993912391403,0.005948169845914076,0.3109272408627217,0.03485547442961793,0.010020231863789265,60.67441336173924,6.827230854565311e-7,1.446939820356632e-6,1.1640087362199186e-7,3.061312055731478e-6,1.0175465512342305,7.271521049351417e-4,1.1192666382607972,0.024715076770149516,0.0035813262753019975,97.89858526582216,6.081086813416955e-7,1.2676457572988013e-6,6.333123705955007e-10,6.612656748274901e-10,0.012894433313059074,1.121453131596976e-7,1.2544352658223068,2.256764889061096e-6,1.128065788345251e-7,Malawi,Karonga,Nyika National Park-Karonga,10206,191
74,13.647983162397265,3.862187057324264e-6,8.086600055830533e-6,2.716691523901571e-6,2.8532336279230404e-5,0.30493421289815703,0.005950426889667383,0.310927837602741,0.034855754272686966,0.01002044348159482,60.67440781083732,5.92036649714596e-7,1.244753364036305e-6,9.883378283378325e-8,2.704848948996221e-6,1.0175472363938736,7.272253350868312e-4,1.1192721891627124,0.02471508609912195,0.0035813301726814175,97.89859326052239,5.274855080796442e-7,1.0928553843123573e-6,5.450361438315433e-10,5.904025528909309e-10,0.012894770470597143,1.1222353979995939e-7,1.2544432605225333,2.2568238832008362e-6,1.1281394235285035e-7,Malawi,Karonga,Nyika National Park-Karonga,10206,191
75,13.647982635225654,3.358424894458634e-6,6.966924833710467e-6,2.3274099630922213e-6,2.5346322499111737e-5,0.3049379335221587,0.005952432170002027,0.3109283647743514,0.034855995370364434,0.010020624719155945,60.674402907264565,5.148210597548927e-7,1.0718332447228481e-6,8.4017118732982e-8,2.3897681750889247e-6,1.0175478325432958,7.272900366245642e-4,1.1192770927354618,0.024715094131850433,0.0035813334836772197,97.89860032294615,4.5880586657086485e-7,9.428410309095112e-7,4.691811606619243e-10,5.269107270301217e-10,0.012895061374303522,1.1229336942134319e-7,1.2544503229463067,2.256874784128126e-6,1.1282028014837332e-7,Malawi,Karonga,Nyika National Park-Karonga,10206,191
76,13.647982180800563,2.9168454272584157e-6,6.009140172125602e-6,1.9950450171714552e-6,2.2510713218516364e-5,0.3049411741220841,0.005954213333522552,0.31092881919944204,0.03485620319255632,0.010020780025983111,60.6743986805218,4.4713263131540296e-7,9.24050700790672e-7,7.150360877707402e-8,2.11128762108768e-6,1.0175483515077284,7.273471999314172e-4,1.1192813194782363,0.02471510105246388,0.0035813362997827586,97.89860641058891,3.985695548505169e-7,8.142358658220055e-7,4.0398828424908273e-10,4.700587090168648e-10,0.012895312458659018,1.1235567776196373e-7,1.2544564105890605,2.2569187177038594e-6,1.1282573647098062e-7,Malawi,Karonga,Nyika National Park-Karonga,10206,191
77,13.647981788778305,2.530651591307841e-6,5.188175240211586e-6,1.7111377918241398e-6,1.99878561930443e-5,0.30494399833928926,0.005955795061593732,0.31092921122169964,0.0348563824714638,0.01002091319459014,60.67439503434099,3.8793155649346386e-7,7.974815635420232e-7,6.09223030481947e-8,1.865173929085525e-6,1.0175488035662053,7.27397700888361e-4,1.119284965659048,0.024715107019955163,0.0035813386977895,97.89861166208941,3.458634903484411e-7,7.037806483409859e-7,3.4795365695518393e-10,4.19182194293078e-10,0.012895529313514993,1.1241125322313778e-7,1.2544616620895663,2.256956662005571e-6,1.1283043541743086e-7,Malawi,Karonga,Nyika National Park-Karonga,10206,191
78,13.647981450213706,2.1942238433603887e-6,4.482091197972165e-6,1.4685725401041894e-6,1.7743990785343728e-5,0.30494646152943006,0.005957199378501421,0.3109295497862985,0.034856537299380215,0.010021027447351383,60.67439188547589,3.3635780190768103e-7,6.887023863052213e-7,5.196641902953423e-8,1.6476800183210925e-6,1.0175491976535511,7.274423140289676e-4,1.119288114524146,0.024715112171591457,0.0035813407420425517,97.89861619733563,2.999313354337359e-7,6.086056054425271e-7,2.9979976385490154e-10,3.736782526254637e-10,0.012895716790768204,1.1246080505881668e-7,1.2544661973357938,2.2569894659926963e-6,1.1283448331144215e-7,Malawi,Karonga,Nyika National Park-Karonga,10206,191
79,13.647981157642871,1.9016928210806467e-6,3.873762778592157e-6,1.2612078012270244e-6,1.574888065816294e-5,0.3049486108861949,0.0059584459268792475,0.3109298423571335,0.03485667109091021,0.010021125531689158,60.67438916446819,2.9151252942732e-7,5.950429689071131e-7,4.43768616748333e-8,1.4554899881137747e-6,1.0175495413737352,7.274817241878765e-4,1.119290835531853,0.02471511662178382,0.003581342486664893,97.89862011636001,2.5997930587618146e-7,5.264693668608687e-7,2.5840854660880924e-10,3.330008286383876e-10,0.012895878948396873,1.1250497072906767e-7,1.2544701163601657,2.257017839700729e-6,1.1283797155770608e-7,Malawi,Karonga,Nyika National Park-Karonga,10206,191
80,13.647980904923237,1.647437566675144e-6,3.3490952710761433e-6,1.0837948589572375e-6,1.3975466413865923e-5,0.30495048706639566,0.0059595522162626865,0.3109300950767692,0.03485678674493499,0.010021209790083361,60.67438681415795,2.5253463258359095e-7,5.143090772929854e-7,3.793619140872549e-8,1.2856699845761137e-6,1.0175498412700088,7.27516536823991e-4,1.1192931858420903,0.02471512046755542,0.0035813439772238087,97.8986235014839,2.2524518252934535e-7,4.555218192084026e-7,2.2281360399293176e-10,2.9665603368935156e-10,0.012896019240505988,1.1254432266117955e-7,1.254473501484052,2.2570423875013693e-6,1.1284097869486892e-7,Malawi,Karonga,Nyika National Park-Karonga,10206,191
81,13.647980692811608,1.4213224637481708e-6,2.895300666838521e-6,9.318859314765956e-7,1.2399543235359598e-5,0.3049521252878744,0.005960533848226602,0.31093030718839865,0.03485688674650337,0.01002128221576162,60.674384841556055,2.1787080135711653e-7,4.445152888706834e-7,3.2462968621369884e-8,1.1356244810556045e-6,1.0175501030072849,7.27547287173024e-4,1.1192951584439834,0.024715123791991936,0.0035813452520503898,97.89862634260554,1.9434725949788808e-7,3.9407355864818807e-7,1.9218833107515942e-10,2.641975043663163e-10,0.012896140635779464,1.1257937452067405e-7,1.2544763426057144,2.257063628831881e-6,1.1284357202504038e-7,Malawi,Karonga,Nyika National Park-Karonga,10206,191
82,13.647980512617776,1.2235988125893015e-6,2.502377340784475e-6,8.016515637882546e-7,1.099947321150237e-5,0.3049535555630037,0.005961404718298658,0.3109304873822313,0.03485697316292278,0.010021344504076156,60.67438316582381,1.8755963197108633e-7,3.8410961953919477e-7,2.780364830032546e-8,1.003057568412682e-6,1.0175503314076262,7.275744483502137e-4,1.11929683417623,0.02471512666416327,0.0035813463434026934,97.89862875615331,1.6732363913693742e-7,3.408024650757712e-7,1.658131508326094e-10,2.352222689502365e-10,0.012896245608172062,1.1261058690153569e-7,1.254478756153504,2.2570819965605498e-6,1.1284580917048595e-7,Malawi,Karonga,Nyika National Park-Karonga,10206,191
83,13.647980356908091,1.0539036429507414e-6,2.161691468670767e-6,6.899129619439238e-7,9.75592739483305e-6,0.30495480445947104,0.005962177196975581,0.3109306430919153,0.034857047836155945,0.010021398098522627,60.674381717814775,1.615454570687782e-7,3.317544738994568e-7,2.3832049870184337e-8,8.859386682847582e-7,1.0175505307425186,7.275984385225985e-4,1.11929828218527,0.024715129145546473,0.0035813472784732877,97.89863084171631,1.4412737790173298e-7,2.9456280365398357e-7,1.4308743443465746e-10,2.0936701356688236e-10,0.01289633636818108,1.1263837248798658e-7,1.2544808417164994,2.2570978774655024e-6,1.1284773950155349e-7,Malawi,Karonga,Nyika National Park-Karonga,10206,191
84,13.647980222395557,9.081762751280209e-7,1.8665255218373992e-6,5.939668761578714e-7,8.651649750425514e-6,0.30495589499256315,0.005962862293463482,0.3109307776044504,0.034857112343006924,0.010021444229640485,60.67438046694996,1.3920579059806994e-7,2.8640951563848906e-7,2.0442290076894728e-8,7.824720898021641e-7,1.0175507047107677,7.276196272655469e-4,1.1192995330500832,0.024715131288733143,0.003581348080226002,97.89863264333583,1.242048840335882e-7,2.5446274189602825e-7,1.2349612236043491e-10,1.8630452667189134e-10,0.012896414811570353,1.1266310082995528e-7,1.2544826433360297,2.2571116032549025e-6,1.128494053566272e-7,Malawi,Karonga,Nyika National Park-Karonga,10206,191
85,13.647980106260347,7.827972129606054e-7,1.6112531553319718e-6,5.115038859001177e-7,7.671247403108908e-6,0.30495684713640137,0.0059634698016009765,0.3109308937396599,0.034857168036117527,0.010021483950293156,60.67437938699797,1.1998574958773365e-7,2.472043044520544e-7,1.7545087793319114e-8,6.910701049407047e-7,1.0175508565204325,7.276383411837147e-4,1.1193006130020697,0.024715133138811275,0.0035813487681316193,97.89863419879185,1.0706239902633488e-7,2.1975336734148454e-7,1.0659549956834367e-10,1.6574054979042723e-10,0.012896482567327167,1.1268510262312816e-7,1.2544841987920483,2.257123458957939e-6,1.1285084317291863e-7,Malawi,Karonga,Nyika National Park-Karonga,10206,191
86,13.647980006018493,6.748433711916771e-7,1.3906533341385015e-6,4.405854656583761e-7,6.800994493112865e-6,0.30495767847346783,0.005964008431381391,0.31093099398151364,0.03485721610696788,0.010021518160374792,60.674378454853134,1.0343718639143517e-7,2.1333250679286636e-7,1.5066232942748056e-8,6.103289763465908e-7,1.0175509889961427,7.276548688896356e-4,1.1193015451469113,0.024715134735471888,0.0035813493586950027,97.89863554136267,9.230105581030056e-8,1.8973632373075171e-7,9.201088394517277e-11,1.4741062179869582e-10,0.012896541072944518,1.1270467363901544e-7,1.2544855413628633,2.257133696100227e-6,1.1285208426081419e-7,Malawi,Karonga,Nyika National Park-Karonga,10206,191
87,13.647979919541518,5.818275544682726e-7,1.2000864221018428e-6,3.795701467401542e-7,6.028657680171133e-6,0.304958404389928,0.005964485926755282,0.310931080458487,0.0348572575931399,0.010021547630127444,60.67437765071746,8.917876843963529e-8,1.8407839204959495e-7,1.294353355086104e-8,5.390077580341986e-7,1.0175511046093726,7.276694654090573e-4,1.1193023492825855,0.02471513611326207,0.003581349865934144,97.89863669956273,7.958133944554586e-8,1.637890426382773e-7,7.942292511327737e-11,1.3107726883479083e-10,0.012896591582063377,1.1272207828686311e-7,1.2544866995629311,2.257142534039071e-6,1.1285315555569797e-7,Malawi,Karonga,Nyika National Park-Karonga,10206,191
88,13.64797984606526,5.007050670553746e-7,1.0353556080312009e-6,3.2705598680535984e-7,5.343340097106673e-6,0.30495903830721127,0.005964909170773819,0.3109311539347444,0.03485729339212296,0.010021573020650609,60.67437696748086,7.67437394065533e-8,1.5879522545423498e-7,1.1124435104165128e-8,4.760095369235005e-7,1.0175512055149307,7.276823560767752e-4,1.1193030325191837,0.02471513730205212,0.0035813503017928286,97.89863768363226,6.848726233892448e-8,1.413466623478601e-7,6.855697157853185e-11,1.1652746947330666e-10,0.012896635180384591,1.127375528192764e-7,1.254487683632454,2.2571501627465715e-6,1.1285408028874976e-7,Malawi,Karonga,Nyika National Park-Karonga,10206,191
89,13.64797978324873,4.304951250231821e-7,8.929669187499313e-7,2.818333578088349e-7,4.735338709295797e-6,0.3049595918374006,0.005965284279764331,0.31093121675127616,0.03485732426800802,0.01002159489939955,60.67437638337189,6.598166869501065e-8,1.369448391918883e-7,9.564085040147045e-9,4.203647840012443e-7,1.01755129357553,7.276937399836392e-4,1.1193036166281527,0.02471513832726453,0.0035813506764542763,97.8986385249284,5.888504182759753e-8,1.2193827237432662e-7,5.91743088775825e-11,1.0357025165809319e-10,0.012896672793122408,1.1275130823853206e-7,1.2544885249285975,2.2571567441126795e-6,1.1285487849019022e-7,Malawi,Karonga,Nyika National Park-Karonga,10206,191
90,13.64797972908026,3.7027184792865116e-7,7.698618817890796e-7,2.428796695011262e-7,4.196016575383302e-6,0.30496007520236046,0.005965616687411286,0.3109312709197467,0.034857350892988796,0.01002161375363415,60.674375879682394,5.675055590031586e-8,1.180564528086021e-7,8.224869089083567e-9,3.71216621431234e-7,1.0175513704308858,7.277037930248322e-4,1.1193041203176521,0.024715139211256187,0.003581350998608619,97.89863925039637,5.064829677329356e-8,1.0515085746179437e-7,5.1072087060010035e-11,9.203451649575779e-11,0.012896705235094626,1.1276353291474534e-7,1.25448925039657,2.257162420711881e-6,1.1285556743124117e-7,Malawi,Karonga,Nyika National Park-Karonga,10206,191
91,13.647979682381752,3.1858255588462394e-7,6.635053743608718e-7,2.0931771056861708e-7,3.717688193530974e-6,0.3049604973044509,0.005965911219968724,0.3109313176182544,0.034857373846197415,0.010021630002061308,60.674375445456,4.882768122955435e-8,1.0173998018809717e-7,7.074803359667922e-9,3.2780778161195083e-7,1.017551437508236,7.277126705962922e-4,1.1193045545440492,0.024715139973283645,0.003581351275680865,97.89863987581651,4.3578498364337784e-8,9.064171266340477e-8,4.407526390613187e-11,8.17670570675649e-11,0.012896733208885713,1.1277439495375588e-7,1.2544898758167067,2.2571673154803743e-6,1.1285616201082353e-7,Malawi,Karonga,Nyika National Park-Karonga,10206,191
92,13.647979642138198,2.7416536499614186e-007,5.71723623876061e-7,1.8039252420901715e-7,3.2935174812205188e-6,0.30496086589963356,0.00596617216318015,0.3109313578618084,0.03485739362658331,0.010021644005186082,60.67437507125334,4.2019580695298437e-008,8.766108418359642e-8,6.086590655672748e-9,2.894690792346669e-7,1.0175514960501584,7.277205099778058e-4,1.1193049287467167,0.02471514062993343,0.003581351514029993,97.89864041478427,3.750316297655962e-8,7.811658510518335e-8,3.803233557640771e-11,7.263078744528996e-11,0.01289675732024354,1.1278404431627952e-7,1.2544904147844578,2.257171534410072e-6,1.128566751037249e-7,Malawi,Karonga,Nyika National Park-Karonga,10206,191
93,13.647979607464423,2.3597543206807135e-7,4.925653699752151e-7,1.554603214428524e-7,2.917425234215102e-6,0.30496118778713843,0.005966403322086679,0.3109313925355833,0.03485741066926376,0.010021656073200064,60.67437474884267,3.616606618454131e-8,7.55198101228581e-8,5.2371147298633776e-9,2.5560919194902146e-7,1.0175515471456333,7.277274324406508e-4,1.1193052511573738,0.024715141195666805,0.0035813517191011796,97.89864087915574,3.227945809222472e-8,6.731091330787145e-8,3.281350147521198e-11,6.450309341360514e-11,0.012896778097786697,1.1279261473138476e-7,1.2544908791559264,2.257175169997442e-6,1.1285711782479844e-7,Malawi,Karonga,Nyika National Park-Karonga,10206,191
94,13.647979577556411,2.031601068148001e-7,4.2432325094967477e-7,1.339693637916472e-7,2.5840067807295404e-6,0.3049614689097531,0.005966608074339967,0.31093142244359584,0.034857425351368945,0.010021666473158199,60.67437447074723,3.113641531710279e-8,6.505379636275248e-8,4.50669820214584e-9,2.2570562748347306e-7,1.0175515917460174,7.277335451108125e-4,1.1193055292528111,0.02471514168301542,0.0035813518955616816,97.89864127969972,2.7790814243721747e-8,5.7992931198618734e-8,2.830700479709388e-11,5.727435715253791e-11,0.01289679599995242,1.1280022541555333e-7,1.2544912796999161,2.2571783024589144e-6,1.1285749977270596e-7,Malawi,Karonga,Nyika National Park-Karonga,10206,191
95,13.647979550578025,1.7596314839407933e-7,3.656805444641317e-7,1.1544504930125201e-7,2.288458596748381e-6,0.3049617144569881,0.005966789417654284,0.3109314494219818,0.03485743799902833,0.01002167543527525,60.674374219893494,2.6967940128428503e-8,5.6060711294046494e-8,3.878523503867743e-9,1.9929673797965034e-7,1.0175516306815635,7.277389426156961e-4,1.1193057801065551,0.024715142102814447,0.003581352047418524,97.89864164100736,2.407062935120796e-8,4.998387823405451e-8,2.4416283738286328e-11,5.084663297379984e-11,0.01289681142338127,1.128069826127334e-7,1.2544916410075542,2.2571810011978823e-6,1.128578292457073e-7,Malawi,Karonga,Nyika National Park-Karonga,10206,191
96,13.647979526721533,1.5287198023785082e-7,3.153311121369496e-7,9.949007646329046e-8,2.026512790558852e-6,0.3049619290604126,0.005966950012101315,0.3109314732784738,0.03485744890668429,0.01002168315843146,60.674373998068845,2.3428803399270236e-8,4.833997121554864e-8,3.3385725131359085e-9,1.7597465842959194e-7,1.0175516646935328,7.277437085398087e-4,1.1193060019312113,0.024715142464844363,0.003581352178120247,97.8986419605042,2.091202054608205e-8,4.3106111782630406e-8,2.1060273493432812e-11,4.513245401973067e-11,0.012896824726375449,1.1281298097782526e-7,1.2544919605043825,2.2571833289103934e-6,1.1285811343184507e-7,Malawi,Karonga,Nyika National Park-Karonga,10206,191
97,13.64797950614142,1.3268125556461019e-7,2.721674980192153e-7,8.574875240177479e-8,1.794378010004033e-6,0.3049621166652171,0.005967092217852173,0.31093149385858576,0.03485745831629858,0.01002168981445588,60.67437380670946,2.0334258346850914e-8,4.172153696929673e-8,2.8743909273025647e-9,1.5537905235510875e-7,1.0175516944120029,7.277479167118147e-4,1.1193061932905994,0.024715142777141826,0.0035813522906360993,97.89864223612162,1.8150123611440374e-8,3.720891814174659e-8,1.8165995444229143e-11,4.005373444552302e-11,0.0128968362034497,1.1281830482227479e-7,1.2544922361218092,2.25718533712985e-6,1.1285835855672039e-7,Malawi,Karonga,Nyika National Park-Karonga,10206,191
98,13.647979488377137,1.1505551976743432e-7,2.3510731333684495e-7,7.391556318394689e-8,1.5886869682794907e-6,0.30496228072893206,0.005967218128572278,0.3109315116228694,0.03485746643845188,0.010021695551728604,60.674373641532775,1.763287466439526e-8,3.603928500845428e-8,2.475332462010737e-9,1.3719158611190264e-7,1.0175517203888809,7.277516323408735e-4,1.119306358467281,0.024715143046700347,0.003581352387522177,97.89864247402784,1.5739067610847476e-8,3.214482237443754e-8,1.5670555335756995e-11,3.5540790605800434e-11,0.012896846111013294,1.1282302921773596e-7,1.2544924740280252,2.257187070722171e-6,1.1285857000834185e-7,Malawi,Karonga,Nyika National Park-Karonga,10206,191
99,13.647979473028563,9.972184684440202e-8,2.0319170585932512e-7,6.372974082874609e-8,1.4064488648151864e-6,0.3049624242779557,0.005967329601327618,0.3109315269714422,0.03485747345609064,0.010021700497820012,60.67437349881824,1.528280904964628e-8,3.1146080661091916e-8,2.1323472236951854e-9,1.211310306441519e-7,1.017551743107149,7.277549130219352e-4,1.119306501181814,0.024715143279595016,0.0035813524709701703,97.89864267958157,1.3641529946642165e-8,2.778310480531023e-8,1.352011589715205e-11,3.153143168974179e-11,0.012896854671895325,1.1282722099639662e-7,1.2544926795817692,2.2571885686776244e-6,1.1285875242808646e-7,Malawi,Karonga,Nyika National Park-Karonga,10206,191
100,13.647979459760725,8.640229176893665e-8,1.756673926992873e-7,5.496178336399683e-8,1.2450081986555339e-6,0.3049625499165608,0.005967428283051986,0.31093154023927977,0.034857479522375404,0.010021704762747725,60.674373375451054,1.3241452749921046e-8,2.6926336436290336e-8,1.8375099612017202e-9,1.0694895181347657e-7,1.0175517629818311,7.277578096233242e-4,1.1193066245489987,0.0247151434809115,0.0035813525428654287,97.89864285726912,1.1819497516859472e-8,2.4021057941941906e-8,1.1667123184413365e-11,2.7970188270927038e-11,0.012896862072685564,1.1283093963781845e-7,1.2544928572693088,2.2571898636449723e-6,1.1285890982608947e-7,Malawi,Karonga,Nyika National Park-Karonga,10206,191
101,13.647979448275246,7.485310650093505e-8,1.519134689060964e-7,4.741233353025401e-8,1.1020075849890875e-6,0.304962659904183,0.005967515634082658,0.31093155172476006,0.03485748476768975,0.010021708441314078,60.674373268656744,1.1471440636641815e-8,2.3284785359722985e-8,1.583963731664292e-9,9.442589289057041e-8,1.017551780372674,7.277603670710228e-4,1.119306731343305,0.024715143654978847,0.003581352604828859,97.89864301108655,1.0239632556002e-8,2.0774000426376253e-8,1.007015032206023e-11,2.4807601442821765e-11,0.012896868472259748,1.1283423806221724e-7,1.2544930110867334,2.2571909834235234e-6,1.1285904566366014e-7,Malawi,Karonga,Nyika National Park-Karonga,10206,191
102,13.647979437905356,6.520763210896004e-8,1.3146204609457848e-7,4.091033490942257e-8,9.753543956847468e-7,0.3049627562111023,0.005967592949138198,0.3109315620946497,0.03485748930428769,0.010021711614972405,60.67437317223553,9.99319792299094e-9,2.014963598409207e-8,1.365843782844649e-9,8.336799635392845e-8,1.0175517955932705,7.277626250419562e-4,1.1193068277645215,0.024715143805523872,0.0035813526582503317,97.89864314996348,8.920180346043605e-9,1.797812044507411e-8,8.693569483537741e-12,2.1999576018423027e-11,0.012896874007430113,1.1283716334310897e-7,1.2544931499636776,2.2571919519520315e-6,1.1285916291912748e-7,Malawi,Karonga,Nyika National Park-Karonga,10206,191
103,13.647979428712171,5.695795265286028e-8,1.138566028648262e-7,3.531310309884836e-8,8.631915298198737e-7,0.3049628405927075,0.005967661375936277,0.3109315712878327,0.03485749323343757,0.01002171435386049,60.67437308675564,8.728880772234037e-9,1.7450858978397057e-8,1.178268246873228e-9,7.360402608246926e-8,1.0175518089232063,7.277646185763815e-4,1.1193069132444213,0.024715143935908377,0.003581352704324395,97.8986432730815,7.791662220200154e-9,1.5571113628641467e-8,7.507619034537466e-12,1.9506818146824517e-11,0.012896878801646843,1.1283975734248236e-7,1.2544932730817042,2.2571927908316183e-6,1.1285926416062927e-7,Malawi,Karonga,Nyika National Park-Karonga,10206,191
104,13.647979420746266,4.9695141283601664e-8,9.871591805909847e-8,3.049334228005604e-8,7.638711964709953e-7,0.30496291454637275,0.005967721931767609,0.31093157925373893,0.03485749663805106,0.010021716718414161,60.674373012687234,7.615816756476391e-9,1.5129980147402282e-8,1.0168982581242865e-9,6.498273237272212e-8,1.0175518206005227,7.277663786191081e-4,1.1193069873128267,0.024715144048884682,0.0035813527440785994,97.8986433797634,6.79814008911738e-9,1.3500940566438438e-8,6.485671746184868e-12,1.729432380188797e-11,0.01289688295599436,1.1284205728008598e-7,1.2544933797636002,2.2571935177495033e-6,1.1285935160388794e-7,Malawi,Karonga,Nyika National Park-Karonga,10206,191
105,13.647979413838764,4.3315311760311727e-8,8.566893652442417e-8,2.6342151834504004e-8,6.759316114976398e-7,0.30496297938506406,0.0059677755181635865,0.3109315861612397,0.034857499590303855,0.010021718760693875,60.6743729484601,6.6380813571848245e-9,1.313009523857397e-8,8.780305952311219e-10,5.7370523810922075e-8,1.0175518308338956,7.277679324973234e-4,1.1193070515399566,0.02471514414684858,0.0035813527783967237,97.89864347227078,5.9254041096446926e-9,1.1716925354127643e-8,5.604909254093483e-12,1.5330921554867687e-11,0.012896886558480793,1.1284409623822978e-7,1.2544934722709689,2.2571941481049467e-6,1.1285942715978472e-7,Malawi,Karonga,Nyika National Park-Karonga,10206,191
106,13.647979407842714,3.773279956169134e-8,7.438802303551405e-8,2.2767015748364497e-8,5.980759664192745e-7,0.3049630362594848,0.005967822933999394,0.3109315921572894,0.034857502153004205,0.01002172052535622,60.67437289270783,5.78254342929942e-9,1.1400963292682245e-8,7.585254186118153e-10,5.064940496077624e-8,1.0175518398062207,7.277693043431519e-4,1.1193071072922336,0.02471514423188481,0.003581352808035837,97.89864355257168,5.161736657337754e-9,1.0174311303187326e-8,4.8459181801723464e-12,1.3588852045278212e-11,0.012896889685701414,1.1284590361706133e-7,1.2544935525718843,2.257194695300312e-6,1.1285949246910669e-7,Malawi,Karonga,Nyika National Park-Karonga,10206,191
107,13.647979402634972,3.2856723544731774e-8,6.461772770976798e-8,1.968686172281252e-8,5.291541520121524e-7,0.30496308616248,0.0059678648870853885,0.31093159736503084,0.03485750437878327,0.010021722050841697,60.674372844285394,5.035273137566041e-9,9.90341275822325e-9,6.556380028563549e-10,4.471516118412623e-8,1.01755184767512,7.277705154666885e-4,1.1193071557146728,0.02471514430574026,0.0035813528336467973,97.89864362231532,4.494706156364935e-9,8.838201013365843e-9,4.191655043963455e-12,1.2043407613388105e-11,0.012896892401846608,1.1284750553799804e-7,1.2544936223155259,2.257195170567272e-6,1.1285954894561152e-7,Malawi,Karonga,Nyika National Park-Karonga,10206,191
108,13.647979398117009,2.8596390455408504e-8,5.6146712237825385e-8,1.7031548633416583e-8,4.6814632477259974e-7,0.30496312995755515,0.005967902004461154,0.3109316018829928,0.03485750631254655,0.010021723370226852,60.67437280227664,4.3823700248156935e-009,8.605037628103101e-9,5.66998346327943e-10,3.9475751729735526e-8,1.0175518545775923,7.277715846855421e-4,1.1193071977234192,0.024715144369905344,0.003581352855788998,97.89864368282123,3.911906507074851e-9,7.67971974139436e-9,3.6273526417332077e-012,1.0672603129146154e-11,0.012896894761689343,1.1284892520372165e-7,1.2544936828214275,2.2571955834896574e-6,1.128595978068509e-7,Malawi,Karonga,Nyika National Park-Karonga,10206,191
109,13.647979394406766,2.469803116190725e-8,4.876591646888215e-8,1.4741014449310335e-8,4.141481983029575e-7,0.30496316839851945,0.005967934841554905,0.3109316055932351,0.03485750799295843,0.010021724511896084,60.67437276777821,3.784943215085746e-9,7.473785332797156e-9,4.905802577092136e-10,3.484988827154947e-8,1.0175518606332057,7.277725286160571e-4,1.1193072322218511,0.024715144425663277,0.0035813528749419916,97.89864373250991,3.3786230654369478e-9,6.670295560962293e-9,3.140350543499614e-12,9.456877974139248e-12,0.012896896812393917,1.1285018322049812e-7,1.2544937325101035,2.257195942319988e-6,1.1285964009847236e-7,Malawi,Karonga,Nyika National Park-Karonga,10206,191
110,13.64797939129171,2.124647145219909e-8,4.232556991162816e-8,1.2761839095643981e-8,3.663580180154327e-7,0.30496320212609074,0.005967963890303561,0.3109316087082932,0.03485750945112627,0.010021725500151502,60.6743727388139,3.2559908190994993e-9,6.486692602463919e-9,4.245852539361559e-10,3.076577980036866e-8,1.0175518659434126,7.277733619305035e-4,1.1193072611861599,0.024715144474046467,0.003581352891515986,97.8986437742277,2.906460049339104e-9,5.789460569503314e-9,2.7193708591826552e-12,8.378831467722556e-12,0.012896898591908743,1.1285129788489257e-7,1.254493774227893,2.2571962536980644e-6,1.1285967671636039e-7,Malawi,Karonga,Nyika National Park-Karonga,10206,191
111,13.64797938858939,1.829739326434811e-8,3.669339743467322e-8,1.105063763585351e-8,3.2406508780242314e-7,0.3049632317177514,0.005967989586344343,0.3109316114106123,0.034857510716090036,0.010021726355815675,60.67437271368731,2.8040450160389073e-9,5.62347986319746e-9,3.6755353024836904e-10,2.7160025431760084e-8,1.0175518705998257,7.277740975841684e-4,1.1193072863127544,0.02471514451601865,0.003581352905862167,97.89864381041797,2.5030347944534935e-9,5.019135167106558e-9,2.355250617971447e-12,7.422990251348805e-12,0.012896900135662583,1.1285228543837044e-7,1.2544938104181607,2.257196523823053e-6,1.1285970842862188e-7,Malawi,Karonga,Nyika National Park-Karonga,10206,191
112,13.647979386246806,1.577394531020938e-8,3.177793952958207e-8,9.570074437546245e-9,2.8663951673875225e-7,0.3049632576762858,0.005968012315433154,0.3109316137531954,0.03485751181266048,0.01002172709675603,60.674372691905596,2.417327888601525e-9,4.870124411106614e-9,3.182304591464678e-10,2.3976635245528848e-8,1.0175518746821732,7.277747470161552e-4,1.1193073080944649,0.024715144552403187,0.003581352918281645,97.89864384179053,2.1578343581704276e-9,4.346819449159033e-9,2.0400966089083913e-12,6.5755983021386175e-12,0.012896901473926187,1.1285316029644665e-7,1.2544938417907368,2.2571967579915844e-6,1.1285973589474888e-7,Malawi,Karonga,Nyika National Park-Karonga,10206,191
113,13.647979384218539,1.3606280849182834e-8,2.7504808823303077e-8,8.287701922432244e-9,2.5352324217906045e-7,0.3049632804403233,0.005968032419105822,0.3109316157814633,0.034857512762099196,0.010021727738414256,60.67437267304644,2.085135110532564e-9,4.215221343551897e-9,2.7552708055951174e-10,2.1166167448506982e-8,1.0175518782599557,7.277753203265517e-4,1.1193073269536225,0.024715144583905654,0.0035813529290344578,97.89864386895371,1.86130396725419e-9,3.762346087894727e-9,1.7670421503385018e-12,5.824434320240304e-12,0.012896902632641422,1.1285393525071343e-7,1.2544938689539116,2.257196960742823e-6,1.1285975968503372e-7,Malawi,Karonga,Nyika National Park-Karonga,10206,191
114,13.647979382463463,1.174111205021697e-8,2.3796703594607086e-8,7.176528489237266e-9,2.2422183545150757e-7,0.304963300400636,0.005968050199724055,0.3109316175365401,0.03485751358365642,0.010021728294085144,60.67437265672746,1.799300084886912e-9,3.646920341727735e-9,2.385381786568612e-10,1.8684962438357582e-8,1.0175518813951392,7.27775826433049e-4,1.1193073432726057,0.02471514461116485,0.003581352938344341,97.89864389245822,1.6061540428446304e-9,3.255146932891392e-9,1.530372125048669e-12,5.158640492886372e-12,0.012896903635296907,1.1285462165023905e-7,1.2544938924584306,2.2571971361867635e-6,1.1285978029073199e-7,Malawi,Karonga,Nyika National Park-Karonga,10206,191
115,13.64797938094527,1.0134786478934864e-8,2.058197730811157e-8,6.213662429315524e-9,1.9829730625168662e-7,0.3049633179020505,0.005968065924951247,0.3109316190547346,0.034857514294328415,0.010021728775236707,60.67437264261105,1.553132906859971e-9,3.1542386542470203e-9,2.064966911527845e-10,1.6494467528835854e-8,1.017551884142407,7.277762732092723e-4,1.1193073573890207,0.02471514463474476,0.0035813529464041715,97.89864391279036,1.386413087506929e-9,2.8154258329623185e-9,1.325236313031571e-12,4.5685727316621015e-12,0.012896904502631682,1.1285522956306844e-7,1.2544939127905523,2.2571972879523147e-6,1.1285979813580016e-7,Malawi,Karonga,Nyika National Park-Karonga,10206,191
116,13.647979379632334,8.75034313667428e-9,1.7797169635469298e-8,5.379327731412982e-9,1.7536175397710604e-7,0.3049633332473636,0.005968079831712198,0.31093162036767064,0.034857514908918315,0.010021729191810644,60.674372630403155,1.3409691876738476e-9,2.7274487582302706e-9,1.787405885456102e-10,1.4560641103153712e-8,1.017551886549749,7.277766676069006e-4,1.1193073695969094,0.024715144655136606,0.0035813529533810593,97.8986439303736,1.1970249633010469e-9,2.434505273384831e-9,1.1474415135061403e-12,4.04566857551695e-12,0.012896905252709274,1.1285576791936043e-7,1.2544939303737916,2.257197419200232e-6,1.12859813587936e-7,Malawi,Karonga,Nyika National Park-Karonga,10206,191
117,13.64797937849715,7.55639974267339e-9,1.5386316297229656e-8,4.656412963742086e-9,1.5507166983502971e-7,0.3049633467023462,0.0059680921297090815,0.3109316215028546,0.0348575154403019,0.010021729552428445,60.674372619848036,1.157999516279182e-9,2.357972431858272e-9,1.5469754247576674e-10,1.2853425241324563e-8,1.0175518886592607,7.27777015763546e-4,1.1193073801520306,0.02471514467276763,0.0035813529594198486,97.89864394557634,1.0336966782059389e-9,2.10473226478148e-9,9.933570155079066e-13,3.5823270893594145e-12,0.012896905901241776,1.1285624463905082e-7,1.2544939455765212,2.257197532679819e-6,1.1285982696614024e-7,Malawi,Karonga,Nyika National Park-Karonga,10206,191
118,13.64797937751581,6.526263837089261e-9,1.3300196817278957e-8,4.030109416625945e-9,1.3712287639762713e-7,0.3049633585002067,0.005968103004538449,0.31093162248419204,0.03485751589966951,0.010021729864564984,60.6743726107234,1.0001332250480986e-9,2.0382653489575514e-9,1.33872635567494e-10,1.1346279826737514e-8,1.0175518905078569,7.27777323098029e-4,1.1193073892766638,0.02471514468800915,0.0035813529646460613,97.89864395871871,8.927767896463406e-10,1.8193756642610157e-9,8.598387405348403e-13,3.171801690294197e-12,0.012896906461884888,1.1285666674540036e-7,1.2544939587188937,2.257197630780553e-6,1.1285983854709071e-7,Malawi,Karonga,Nyika National Park-Karonga,10206,191
119,13.647979376667573,5.637150844545174e-9,1.1495712554351376e-8,3.4875847022180545e-9,1.2124604478939336e-7,0.30496336884548497,0.0059681126204521665,0.31093162333243046,0.03485751629673301,0.010021730134701859,60.67437260283635,8.638785500311348e-10,1.761721666643001e-9,1.158373100911457e-10,1.0015771155770277e-8,1.0175518921278928,7.277775943945057e-4,1.1193073971637206,0.02471514470118342,0.003581352969168494,97.89864397007857,7.711484392206551e-10,1.5725412621818922e-9,7.441606506306967e-13,2.8081049401713173e-12,0.012896906946490344,1.1285704046584005e-7,1.2544939700787634,2.2571977155762548e-6,1.128598485707803e-7,Malawi,Karonga,Nyika National Park-Karonga,10206,191
120,13.64797937593445,4.869552185148284e-9,9.935259959155465e-9,3.0177078972165605e-9,1.0720271975861982e-7,0.3049633779175113,0.005968121122803412,0.3109316240655549,0.03485751663991132,0.010021730368459755,60.67437259601963,7.462457879935244e-10,1.5225779033830522e-9,1.0022007545610804e-10,8.841208610618006e-9,1.017551893547716,7.277778338767561e-4,1.11930740398043,0.02471514471256979,0.003581352973081456,97.8986439798968,6.661429130607307e-10,1.3590861736198282e-9,6.439569232262863e-13,2.4859238268160425e-12,0.012896907365332229,1.1285737132156131e-7,1.254493979896993,2.2571977888646857e-6,1.1285985724538821e-7,Malawi,Karonga,Nyika National Park-Karonga,10206,191
121,13.64797937530086,4.206727576553076e-9,8.586110816041529e-9,2.6108193199403877e-9,9.478179496307714e-8,0.304963385873477,0.0059681286402136005,0.31093162469914365,0.0348575169364966,0.010021730570712428,60.67437259012842,6.446694872434516e-10,1.3158179045364236e-9,8.669873462521505e-11,7.804323777443905e-9,1.0175518947921571,7.277780452737829e-4,1.1193074098716402,0.024715144722410216,0.0035813529764666978,97.89864398838202,5.754701908822229e-10,1.1745341535431834e-9,5.571734691559655e-13,2.2005443746832172e-12,0.012896907727309732,1.1285766420710324e-7,1.2544939883822095,2.257197852203027e-6,1.12859864751478e-7,Malawi,Karonga,Nyika National Park-Karonga,10206,191
122,13.647979374753323,3.634288720205727e-9,7.419831052597021e-9,2.2585345457065536e-9,8.379638843977416e-8,0.30496339285114676,0.00596813528649185,0.3109316252466818,0.0348575171928013,0.010021730745685308,60.674372585037325,5.569446442579622e-10,1.1370837315638175e-9,7.499377617976628e-11,6.88898706682216e-9,1.0175518958829621,7.277782318777365e-4,1.1193074149627382,0.024715144730914154,0.0035813529793950714,97.8986439957148,4.971619959287822e-10,1.0149961640789084e-9,4.820266143725172e-13,1.9477845943700927e-12,0.012896908040126533,1.1285792346103842e-7,1.25449399571501,2.2571979069392697e-6,1.1285987124563286e-7,Malawi,Karonga,Nyika National Park-Karonga,10206,191
123,13.647979374280167,3.1398532620927174e-9,6.411750621949091e-9,1.953575965067646e-9,7.408107336367307e-8,0.3049633989712488,0.005968141162335085,0.31093162571983746,0.034857517414287324,0.01002173089704108,60.67437258063785,4.811736707711262e-10,9.82594388243578e-10,6.486270337638875e-11,6.080957462133839e-9,1.0175518968391755,7.277783965950622e-4,1.1193074193622166,0.024715144738262824,0.0035813529819279776,97.898644002051455,4.2952445812841225e-10,8.770979104065353e-10,4.169675474616138e-13,1.7239348695046324e-12,0.012896908310448386,1.1285815292874247e-7,1.2544940020516586,2.2571979542397867e-6,1.1285987686361205e-7,Malawi,Karonga,Nyika National Park-Karonga,10206,191
124,13.647979373871301,2.7127548272527106e-9,5.5404870090470655e-9,1.6896273390417938e-9,6.548942398830246e-8,0.3049634043395759,0.005968146356833744,0.3109316261287032,0.034857517605679005,0.010021731027953966,60.67437257683615,4.157219548407569e-10,8.490727725466795e-10,5.6095144286056356e-11,5.367661527721619e-9,1.0175518976774731,7.277785419916641e-4,1.1193074231639168,0.024715144744612987,0.0035813529841186146,97.89864400752711,3.710984478840058e-10,7.579146987410703e-10,3.606515872530578e-13,1.5257049675875565e-12,0.012896908544040974,1.1285835601812582e-7,1.2544940075273168,2.2571979951134548e-6,1.1285988172309347e-7,Malawi,Karonga,Nyika National Park-Karonga,10206,191
125,13.647979373517575,2.343354754734176e-9,4.7866236375903065e-9,1.4609412512690195e-9,5.7885353849828184e-8,0.30496340905340696,0.005968150952748013,0.3109316264824288,0.03485751777125937,0.01002173114130778,60.67437257354715,3.591123837133875e-10,7.335431164508829e-10,4.8499751091522945e-11,4.737444509396023e-9,1.017551898413178,7.277786704457659e-4,1.119307426452915,0.024715144750106752,0.0035813529860153014,97.89864401226431,3.2056542351430297e-10,6.547906881045241e-10,3.1185474588744474e-13,1.3500304796377894e-12,0.012896908746131463,1.128585359005292e-7,1.254494012264521,2.2571980304749225e-6,1.128598859310089e-7,Malawi,Karonga,Nyika National Park-Karonga,10206,191
126,13.647979373211108,2.0233701722302133e-9,4.133417060227204e-9,1.26254968470739e-9,5.1148740859858595e-8,0.3049634131977214,0.0059681550230957755,0.3109316267888953,0.03485751791471756,0.010021731239591502,60.67437257069757,3.1007561969464013e-10,6.3343935734631865e-010,4.191118309179088e-11,4.180044936718684e-9,1.0175518990596666,7.277787840511108e-4,1.1193074293024905,0.02471514475486652,0.0035813529876597347,97.89864401636862,2.7679231107885164e-10,5.654356397300505e-10,2.6951871551575446e-13,1.1942009879812086e-012,0.012896908921222238,1.1285869537867694e-7,1.2544940163688167,2.257198061112013e-6,1.1285988957966497e-7,Malawi,Karonga,Nyika National Park-Karonga,10206,191
127,13.647979372934278,1.7343655537691584e-9,3.543340683005711e-9,1.083178089396793e-9,4.496318650728846e-8,0.3049634169820116,0.005968158759642887,0.3109316270657257,0.03485751804430297,0.010021731328418371,60.674372568123566,2.657864602770434e-10,5.430104317895073e-10,3.595467672163895e-11,3.6688518655514963e-9,1.0175518996497743,7.277788882345003e-4,1.1193074318765042,0.024715144759166002,0.0035813529891458814,97.89864402007602,2.3725717849381305e-10,4.847162749823751e-10,2.3123931836168757e-13,1.0509890357851512e-12,0.012896909079381486,1.1285884188832073e-7,1.2544940200762158,2.2571980887864485e-6,1.1285989287735658e-7,Malawi,Karonga,Nyika National Park-Karonga,10206,191
128,13.647979372722686,1.5135222540634001e-9,3.0922699210434836e-9,9.457799975458714e-10,4.0027702905427263e-8,0.30496341995871473,0.005968161739327106,0.3109316272773173,0.03485751814334988,0.010021731396397632,60.67437256615615,2.3194285065946417e-10,4.738843026481246e-10,3.1392739922752975e-11,3.2622125407734484e-9,1.0175519001135054,7.277789711002445e-4,1.1193074338439177,0.024715144762452252,0.003581352990283124,97.89864402290972,2.0704634218623237e-10,4.2301184547147265e-10,2.0191357221151538e-13,9.364559603889609e-13,0.012896909200268817,1.1285895894531578e-7,1.2544940229099175,2.2571981099390957e-6,1.1285989540127624e-7,Malawi,Karonga,Nyika National Park-Karonga,10206,191
129,13.647979372538032,1.320804623081935e-9,2.6986109659948147e-9,8.257742540425653e-10,3.563293918680382e-8,0.30496342259198034,0.0059681643918626974,0.31093162746197245,0.03485751822978769,0.010021731455751314,60.674372564439196,2.0240942454325364e-10,4.135565519545953e-10,2.7408506326057255e-11,2.9006270663192007e-9,1.0175519005235534,7.277790447811031e-4,1.1193074355608712,0.024715144765320145,0.003581352991276033,97.8986440253827,1.8068302767811846e-10,3.6916099706950806e-10,1.7629873210567014e-13,8.343641729245322e-13,0.012896909305766799,1.1285906324083739e-7,1.2544940253828771,2.2571981283989383e-6,1.1285989760501039e-7,Malawi,Karonga,Nyika National Park-Karonga,10206,191
130,13.647979372376884,1.1526292441379157e-9,2.355059472295881e-9,7.209663622698118e-10,3.1719786357939064e-8,0.3049634249215768,0.0059681667531010394,0.31093162762311966,0.034857518305221394,0.01002173150757178,60.67437256294083,1.7663703181423598e-10,3.6090776969807757e-10,2.39290363996879e-11,2.5791057127339766e-9,1.0175519008861569,7.277791102947728e-4,1.1193074370592448,0.024715144767822935,0.0035813529921428933,97.89864402754084,1.5767703289266298e-10,3.221645605827613e-10,1.5392681994686081e-13,7.433673405988512e-13,0.012896909397834265,1.1285915616175497e-7,1.2544940275410124,2.257198144508731e-6,1.1285989952909563e-7,Malawi,Karonga,Nyika National Park-Karonga,10206,191
131,13.64797937223625,1.0058696869998929e-9,2.0552395200489446e-9,6.294373458926533e-10,2.8235580486857376e-8,0.3049634269826509,0.005968168854973181,0.31093162776375144,0.034857518371051714,0.010021731552813471,60.67437256163321,1.5414655471404008e-10,3.14960833032249e-10,2.089055767112115e-11,2.293211111459332e-9,1.0175519012068273,7.277791685462334e-4,1.1193074383668624,0.024715144770007098,0.0035813529928996808,97.89864402942423,1.376006702369218e-10,2.811503627255092e-10,1.3438856293612232e-13,6.62264175675922e-13,0.012896909478180799,1.1285923894477693e-7,1.2544940294243978,2.257198158567615e-6,1.1285990120895267e-7,Malawi,Karonga,Nyika National Park-Karonga,10206,191
132,13.647979372113523,8.777981001392317e-10,1.793585871215957e-9,5.495094180211244e-10,2.513340199555363e-8,0.30496342880626615,0.005968170725917449,0.3109316278864793,0.03485751842850114,0.01002173159231023,60.674372560492074,1.3451995688960206e-10,2.7486286055374127e-10,1.823732057710347e-11,2.0389971396873003e-9,1.0175519014904328,7.277792203402271e-4,1.1193074395080063,0.02471514477191319,0.003581352993560351,97.89864403106785,1.2008077659270026e-10,2.4535712136037535e-10,1.1732608859066362e-13,5.899828904739396e-13,0.012896909548298429,1.1285931269263823e-7,1.2544940310680082,2.257198170836663e-6,1.1285990267552878e-7,Malawi,Karonga,Nyika National Park-Karonga,10206,191
133,13.64797937200642,7.660343065871727e-10,1.5652410791075047e-9,4.797158800418013e-10,2.2371450884898854e-8,0.30496343041987944,0.005968172391260557,0.3109316279935825,0.03485751847863657,0.01002173162679048,60.67437255949621,1.1739248238660046e-10,2.398694431812026e-10,1.5920595660702697e-11,1.8129545635547746e-9,1.017551901741274,7.277792663923551e-4,1.119307440503869,0.024715144773576614,0.003581352994137096,97.8986440325022,1.0479174977966784e-10,2.1412037211822188e-10,1.0242651776756858e-13,5.255673083963789e-13,0.012896909609489296,1.1285937838855179e-7,1.2544940325023675,2.2571981815437213e-6,1.1285990395586025e-7,Malawi,Karonga,Nyika National Park-Karonga,10206,191
134,13.647979371912953,6.685014279832648e-10,1.3659656011071935e-9,4.1877473737656134e-10,1.991248969330823e-8,0.30496343184776104,0.0059681738735572415,0.31093162808705,0.03485751852238912,0.0100217316568905,60.674372558627134,1.0244585509207303e-10,2.0933086804848475e-10,1.38977949023517e-11,1.6119626926888038e-9,1.0175519019631512,7.277793073389478e-4,1.1193074413729456,0.02471514477502826,0.0035813529946405616,97.89864403375395,9.144947805421727e-11,1.8686017343558985e-10,8.941634723647945e-14,4.681644557659914e-13,0.01289690966288981,1.1285943690910876e-7,1.2544940337541142,2.2571981908876378e-6,1.128599050735646e-7,Malawi,Karonga,Nyika National Park-Karonga,10206,191
135,13.647979371831386,5.833871915700777e-10,1.1920592879005472e-9,3.655655802990873e-10,1.7723346871802663e-8,0.3049634331113657,0.005968175192892931,0.3109316281686178,0.03485751856057136,0.010021731683166037,60.67437255786871,8.940234908949823e-11,1.8268008605602794e-10,1.2131702031491103e-11,1.433246381684222e-9,1.0175519021594208,7.277793437458425e-4,1.1193074421313765,0.024715144776295096,0.003581352995080048,97.89864403484634,7.98060470174753e-11,1.6307036756337744e-10,7.805652613636222e-14,4.170134776378783e-13,0.012896909709491729,1.1285948903579347e-7,1.2544940348464961,2.2571981990419477e-6,1.1285990604927117e-7,Malawi,Karonga,Nyika National Park-Karonga,10206,191
136,13.647979371760202,5.091101867104987e-10,1.0402928209902168e-9,3.1910933171631624e-10,1.577447404570215e-8,0.30496343422966077,0.005968176367153456,0.3109316282398008,0.034857518593892446,0.010021731706102465,60.67437255720684,7.801961752716002e-11,1.5942220415935305e-10,1.0589798481573835e-11,1.2743377874898452e-9,1.0175519023330502,7.277793761161887e-4,1.1193074427932481,0.024715144777400645,0.0035813529954636775,97.89864403579963,6.96451236026147e-11,1.4230920223743673e-10,6.813814197130126e-14,3.7143573725550845e-13,0.012896909750160567,1.1285953546526063e-7,1.254494035799802,2.257198206158099e-6,1.1285990690099794e-7,Malawi,Karonga,Nyika National Park-Karonga,10206,191
137,13.647979371698083,4.442904338326213e-10,9.078478460844516e-10,2.7855051134828406e-10,1.4039551336320461e-8,0.3049634352194155,0.005968177412265378,0.3109316283019212,0.034857518622971255,0.010021731726123674,60.67437255662923,6.808618236366568e-11,1.3912531042578177e-10,9.243673253643488e-12,1.1330423569709029e-9,1.0175519024866606,7.277794048973907e-4,1.1193074433708536,0.02471514477836544,0.0035813529957985416,97.89864403663158,6.077792998902761e-11,1.241911417366324e-10,5.947864181763749e-14,3.308259735805914e-13,0.012896909785651667,1.1285957681850733e-7,1.2544940366317376,2.2571982123682595e-6,1.1285990764448097e-7,Malawi,Karonga,Nyika National Park-Karonga,10206,191
138,13.647979371643872,3.8772371189066255e-10,7.922647051683339e-10,2.431417077382834e-10,1.2495135543719475e-8,0.3049634360954567,0.005968178342410141,0.31093162835613275,0.03485751864834788,0.010021731743599825,60.674372556125164,5.941750010284316e-11,1.2141246368630698e-10,8.06850636767142e-12,1.0074085769977368e-9,1.017551902622569,7.27779430487281e-4,1.1193074438749209,0.024715144779207398,0.0035813529960908334,97.8986440373576,5.303973167010634e-11,1.0837971727639395e-10,5.19185232776397e-14,2.946444045524499e-13,0.01289690981662421,1.128596136490579e-7,1.2544940373577553,2.257198217787772e-6,1.1285990829346251e-7,Malawi,Karonga,Nyika National Park-Karonga,10206,191
139,13.647979371596561,3.3835916240509126e-10,6.91396806790322e-10,2.1222998662748187e-10,1.1120346551897872e-8,0.3049634368708946,0.005968179170214855,0.31093162840344224,0.03485751867049366,0.010021731758854152,60.67437255568527,5.1852529660735136e-11,1.0595470056860217e-10,7.042616828291922e-12,8.957010710797262e-10,1.0175519027428228,7.27779453239611e-4,1.1193074443148123,0.02471514477994216,0.0035813529963459614,97.89864403799118,4.62867737472635e-11,9.458128538014983e-11,4.5318437553045806e-14,2.624096755749459e-13,0.01289690984365347,1.1285964645026734e-7,1.2544940379913392,2.2571982225172956e-6,1.1285990885994298e-7,Malawi,Karonga,Nyika National Park-Karonga,10206,191
140,13.647979371555275,2.9527975052275464e-10,6.033707942984785e-10,1.852449969900248e-10,9.896587817940754e-9,0.3049634375573225,0.005968179906922296,0.31093162844472844,0.034857518689819914,0.010021731772168896,60.67437255530138,4.525073806703376e-11,9.246493112301415e-11,6.147067131760487e-12,7.963766725267796e-10,1.0175519028492321,7.277794734689323e-4,1.1193074446986986,0.02471514478058338,0.003581352996568647,97.8986440385441,4.039360805585504e-11,8.253957930731478e-11,3.955665393984372e-14,2.3369256333257885e-13,0.012896909867241475,1.1285967566183776e-7,1.2544940385442576,2.2571982266446754e-6,1.1285990935440115e-7,Malawi,Karonga,Nyika National Park-Karonga,10206,191
141,13.647979371519245,2.576852176695464e-10,5.265517772803521e-10,1.6168856493802192e-10,8.80729725308361e-9,0.30496343816499283,0.005968180562542347,0.3109316284807583,0.034857518706685624,0.010021731783790488,60.674372554966375,3.9489487999171966e-11,8.069261042813316e-11,5.3653173108425725e-12,7.080631450082813e-10,1.0175519029433964,7.2777949145494e-4,1.11930744503371,0.024715144781142957,0.0035813529967630123,97.89864403902664,3.525076113370362e-11,7.203095304584073e-11,3.4526841165317654e-14,2.0811035453076251e-13,0.012896909887826345,1.1285970167563207e-7,1.2544940390267805,2.257198230246573e-6,1.1285990978598667e-7,Malawi,Karonga,Nyika National Park-Karonga,10206,191
142,13.647979371487802,2.2487720739469106e-10,4.595129839816126e-10,1.4112559120732016e-10,7.837725202097247e-9,0.3049634387029727,0.005968181145986922,0.3109316285122009,0.03485751872140405,0.010021731793934088,60.67437255467401,3.446175835422617e-11,7.041908774443724e-11,4.6829223689239704e-12,6.295402577514062e-10,1.0175519030267297,7.277795074463327e-4,1.1193074453260687,0.024715144781631292,0.0035813529969326574,97.89864403944773,3.076269947598389e-11,6.286023002973093e-11,3.013612639025496e-14,1.8532182765387367e-13,0.012896909905790425,1.1285972484086052e-7,1.2544940394478699,2.25719823338989e-6,1.1285991016268825e-7,Malawi,Karonga,Nyika National Park-Karonga,10206,191
143,13.64797937146036,1.962462868953098e-10,4.0100927352600563e-10,1.23176090412953e-10,6.974736583016898e-9,0.3049634391792817,0.00596818166519015,0.31093162853964035,0.034857518734248576,0.010021731802787542,60.67437255441887,3.007415533019556e-11,6.14535472074107e-11,4.087267707220194e-12,5.597229549756276e-10,1.0175519031004832,7.277795216642473e-4,1.1193074455812053,0.024715144782057455,0.003581352997080724,97.89864403981521,2.684605411378657e-11,5.4857079825676287e-11,2.6303397464098018e-14,1.6502277344190767e-13,0.01289690992146738,1.1285974546870721e-7,1.2544940398153477,2.257198236133011e-6,1.1285991049148073e-7,Malawi,Karonga,Nyika National Park-Karonga,10206,191
144,13.647979371436413,1.7126062228860923e-10,3.4995401770246846e-10,1.0750823006343033e-10,6.206634566607593e-9,0.30496343960101313,0.00596818212721544,0.31093162856358625,0.034857518745457776,0.010021731810514847,60.674372554196225,2.624517694070401e-11,5.362946492545921e-11,3.5673378113573126e-12,4.976463879414969e-10,1.0175519031657612,7.277795343053115e-4,1.1193074458038588,0.024715144782429362,0.0035813529972099556,97.8986440401359,2.342807142071957e-11,4.7872855735239564e-11,2.2957818220864802e-14,1.4694199659523846e-13,0.012896909935148396,1.1285976383645678e-7,1.2544940401360394,2.2571982385268858e-6,1.1285991077845345e-7,Malawi,Karonga,Nyika National Park-Karonga,10206,191
145,13.647979371415518,1.4945609667428906e-10,3.053989241467556e-10,9.383224475353576e-11,5.5230034581770165e-9,0.30496343997444164,0.005968182538350855,0.3109316285844834,0.03485751875523985,0.010021731817259173,60.67437255400192,2.290369863415474e-11,4.6801516860322475e-11,3.1135140462851214e-12,4.4245260359387783e-10,1.0175519032235416,7.277795455443597e-4,1.1193074459981645,0.024715144782753915,0.0035813529973227464,97.89864404041576,2.0445261289214734e-11,4.1777834746844534e-11,2.0037530303240277e-014,1.3083774731022833e-13,0.01289690994708759,1.128597801911752e-7,1.2544940404159015,2.2571982406159803e-6,1.1285991102892258e-7,Malawi,Karonga,Nyika National Park-Karonga,10206,191
146,13.64797937139728,1.3042768700968124e-10,2.6651642701051105e-10,8.189511629022637e-11,4.914568697077236e-9,0.3049634403051179,0.005968182904194052,0.3109316286027201,0.034857518763776504,0.010021731823145499,60.674372553832356,1.9987651823050663e-11,4.084288018502201e-11,2.7173979207768994e-12,3.933787065537321e-10,1.0175519032746887,7.277795555368475e-4,1.1193074461677315,0.02471514478303715,0.0035813529974211876,97.89864404066,1.7842217508972028e-11,3.645880869364406e-11,1.7488518258804073e-14,1.1649453670083913e-13,0.012896909957506723,1.1285979475299229e-7,1.2544940406601324,2.257198242439098e-6,1.1285991124752906e-7,Malawi,Karonga,Nyika National Park-Karonga,10206,191
147,13.647979371381364,1.1382193932880587e-10,2.3258431864144807e-10,7.14759239895537e-11,4.3730721147472195e-9,0.3049634405979524,0.005968183229727945,0.31093162861863494,0.034857518771226295,0.010021731828282929,60.67437255368438,1.7442870731896446e-11,3.564287808402098e-11,2.3716566329349858e-12,3.497463314705389e-10,1.0175519033199665,7.27779564420999e-4,1.1193074463157102,0.024715144783284324,0.003581352997507104,97.89864404087314,1.5570588395882034e-11,3.181698196051141e-11,1.5263617517123426e-14,1.0372029503980999e-13,0.012896909966599323,1.1285980771802918e-7,1.2544940408732685,2.2571982440301016e-6,1.1285991143832428e-7,Malawi,Karonga,Nyika National Park-Karonga,10206,191
148,13.647979371367475,9.933040232693509e-11,2.029723372423925e-10,6.238178123139368e-11,3.891160793362022e-9,0.30496344085728977,0.005968183519388095,0.31093162863252355,0.034857518777727595,0.010021731832766707,60.67437255355524,1.5222086111916748e-11,3.1104924312303824e-11,2.0698881034696372e-12,3.1095228076777717e-10,1.0175519033600509,7.277795723197155e-4,1.1193074464448483,0.02471514478350003,0.003581352997582089,97.89864404105914,1.3588178522655808e-11,2.7766136751967497e-11,1.3321647374946835e-14,9.234383611732387e-14,0.012896909974534283,1.128598192610087e-7,1.2544940410592689,2.257198245418543e-6,1.1285991160484488e-7,Malawi,Karonga,Nyika National Park-Karonga,10206,191
149,13.647979371355355,8.668389719537051e-11,1.7713046168047513e-10,5.444428476484418e-11,3.4622880466662395e-9,0.3049634410869741,0.005968183777122721,0.31093162864464385,0.034857518783401174,0.010021731836679967,60.674372553442545,1.3284047109104754e-11,2.7144729378654894e-11,1.8065030506522064e-12,2.7646019884152306e-10,1.0175519033955394,7.277795793422745e-4,1.119307446557545,0.024715144783688272,0.0035813529976475313,97.89864404122147,1.185816484632104e-11,2.423103188444061e-11,1.1626653329836221e-14,8.22125949190842e-14,0.012896909981458982,1.1285982953758306e-7,1.2544940412215881,2.257198246630213e-6,1.1285991175017804e-7,Malawi,Karonga,Nyika National Park-Karonga,10206,191
150,13.647979371344778,7.564751716604795e-11,1.5457869623639175e-10,4.751641239066601e-11,3.0806252046969194e-9,0.3049634412904067,0.005968184006446156,0.31093162865522106,0.03485751878835241,0.010021731840095277,60.67437255334419,1.1592754961762411e-11,2.368873506413487e-11,1.5766219655902031e-12,2.4579316802524266e-10,1.017551903426961,7.277795855858387e-4,1.1193074466558937,0.024715144783852547,0.003581352997704647,97.89864404136313,1.0348412659483086e-11,2.114600539034992e-11,1.0147245046499132e-14,7.319060931749811e-14,0.012896909987502052,1.1285983868640923e-7,1.2544940413632413,2.2571982476876157e-6,1.1285991187701862e-7,Malawi,Karonga,Nyika National Park-Karonga,10206,191
151,13.647979371335548,6.601626381957874e-11,1.3489815570243515e-10,4.1469812673186836e-11,2.7409830271113317e-9,0.30496344147059756,0.0059681842104864396,0.3109316286644516,0.03485751879267326,0.010021731843075976,60.674372553258365,1.0116794272692578e-11,2.067274822189319e-11,1.3759851125972532e-12,2.185271243382147e-10,1.0175519034547833,7.277795911367991e-4,1.1193074467417206,0.024715144783995908,0.0035813529977544935,97.89864404148675,9.030878646072028e-12,1.845375500303309e-11,8.856017943061618e-15,6.515671959271443e-14,0.012896909992775735,1.1285984683099919e-7,1.2544940414868595,2.2571982486103933e-6,1.1285991198771885e-7,Malawi,Karonga,Nyika National Park-Karonga,10206,191
152,13.647979371327493,5.761123904338079e-11,1.1772328533647304e-10,3.619243734710861e-11,2.4387416970485202e-9,0.3049634416302102,0.005968184392027713,0.31093162867250695,0.03485751879644399,0.010021731845677357,60.67437255318346,8.828749439674536e-12,1.804074849277399e-11,1.2008739153606013e-12,1.9428500227733162e-10,1.0175519034794198,7.277795960719685e-4,1.1193074468166202,0.024715144784121016,0.0035813529977979965,97.89864404159462,7.881089951203902e-12,1.6104273880666608e-11,7.729047886040038e-15,5.800296239227111e-14,0.012896909997377986,1.1285985408136948e-7,1.254494041594739,2.2571982494156853e-6,1.1285991208433194e-7,Malawi,Karonga,Nyika National Park-Karonga,10206,191
153,13.647979371320462,5.027632187683925e-11,1.0273507123670294e-10,3.158647326401024e-11,2.169788461337054e-9,0.304963441771602,0.005968184553547959,0.31093162867953666,0.034857518799734644,0.01002173184794768,60.6743725531181,7.704695391613197e-12,1.5743847803856423e-11,1.0480422933112566e-12,1.7273152797894193e-10,1.0175519035012366,7.277796004596428e-4,1.119307446881984,0.024715144784230196,0.0035813529978359635,97.89864404168878,6.877689581578177e-12,1.405392181443135e-11,6.745449790721988e-15,5.1633138235260643e-14,0.012896910001394292,1.1285986053551177e-7,1.2544940416888832,2.25719825011845e-6,1.1285991216865007e-7,Malawi,Karonga,Nyika National Park-Karonga,10206,191
154,13.647979371314326,4.387526849119271e-11,8.965511507310292e-11,2.7566536118165916e-11,1.9304620841654906e-9,0.30496344189685937,0.005968184697252618,0.3109316286856714,0.03485751880260634,0.010021731849929064,60.674372553061055,6.723753168905281e-12,1.3739382329622917e-11,9.146566931344504e-13,1.5356858898721055e-10,1.0175519035205576,7.27779604360546e-4,1.1193074469390258,0.024715144784325474,0.0035813529978690984,97.89864404177094,6.002039689644266e-12,1.2264614675789478e-11,5.886992076212561e-15,4.5961533898866393e-14,0.012896910004899252,1.128598662807035e-7,1.2544940417710417,2.2571982507317403e-6,1.1285991224223748e-7,Malawi,Karonga,Nyika National Park-Karonga,10206,191
155,13.647979371308972,3.82891814200034e-11,7.824046315199743e-11,2.4058092925140962e-11,1.717503371779178e-9,0.3049634420078291,0.005968184825104513,0.3109316286910251,0.03485751880511242,0.010021731851658274,60.674372553011274,5.867702090416331e-12,1.1990120054418285e-11,7.982437177210913e-13,1.3653111680625311e-10,1.017551903537669,7.277796078286685e-4,1.1193074469888051,0.024715144784408623,0.003581352997898016,97.89864404184263,5.237875370329918e-12,1.0703117052528297e-11,5.137759932164512e-15,4.091178302046964e-14,0.01289691000795797,1.1285987139467638e-7,1.25449404184274,2.2571982512669482e-6,1.1285991230645948e-7,Malawi,Karonga,Nyika National Park-Karonga,10206,191
156,13.6479793713043,3.341430101995948e-11,6.827909379089799e-11,2.0996084371407846e-11,1.5280111064147018e-9,0.30496344210614573,0.0059681849388505005,0.3109316286956971,0.03485751880729943,0.010021731853167397,60.67437255296783,5.1206413013388276e-12,1.0463569220553006e-11,6.966443927618179e-13,1.2138342547380878e-10,1.0175519035528244,7.277796109120139e-4,1.1193074470322466,0.024715144784481186,0.0035813529979232526,97.89864404190521,4.571002538084865e-12,9.340424938359625e-12,4.483861237347673e-15,3.641585003195119e-14,0.01289691001062726,1.1285987594665763e-7,1.2544940419053097,2.257198251734015e-6,1.1285991236250775e-7,Malawi,Karonga,Nyika National Park-Karonga,10206,191
157,13.647979371300224,2.9160078130709794e-11,5.958597920112008e-11,1.8323721782188925e-11,1.3594027996019538e-9,0.3049634421932562,0.005968185040045193,0.31093162869977437,0.034857518809207996,0.01002173185448444,60.67437255292992,4.46869441399495e-12,9.131374819228636e-12,6.079742318959815e-13,1.0791595567411204e-10,1.0175519035662484,7.277796136532625e-4,1.1193074470701574,0.02471514478454451,0.0035813529979452775,97.89864404195981,3.989034271264667e-12,8.151227012471248e-12,3.913169743593242e-15,3.2413124136669846e-14,0.012896910012956704,1.1285987999829815e-7,1.254494041959913,2.2571982521416156e-6,1.1285991241142237e-7,Malawi,Karonga,Nyika National Park-Karonga,10206,191
158,13.647979371296667,2.5447492128152934e-11,5.1999648741660695e-11,1.5991436631212513e-11,1.209379739094456e-9,0.3049634422704417,0.005968185130072085,0.31093162870333246,0.034857518810873574,0.010021731855633847,60.674372552896834,3.899751754476953e-12,7.968791916066531e-12,5.3058836696486e-13,9.594237949315484e-11,1.017551903578139,7.277796160903621e-4,1.1193074471032414,0.024715144784599772,0.0035813529979644987,97.89864404200748,3.4811607257438225e-12,7.113434504425425e-12,3.4151008157183486e-15,2.8849611463886947e-14,0.01289691001498957,1.1285988360449959e-7,1.2544940420075645,2.257198252497322e-6,1.1285991245411112e-7,Malawi,Karonga,Nyika National Park-Karonga,10206,191
159,13.64797937129356,2.2207583125483762e-11,4.5379189716890786e-11,1.3955963295792396e-11,1.0758958608711911e-9,0.30496344233883627,0.005968185210162365,0.31093162870643754,0.0348575188123271,0.010021731856636953,60.67437255286796,3.403245426808763e-12,6.9542260296660774e-12,4.630511023426796e-13,8.529702588742254e-11,1.0175519035886722,7.277796182570516e-4,1.1193074471321132,0.024715144784647997,0.0035813529979812735,97.89864404204907,3.037948343426417e-12,6.207770913193392e-12,2.9804156106328637e-15,2.5677214808022665e-14,0.012896910016763616,1.1285988681415144e-7,1.2544940420491495,2.2571982528077405e-6,1.1285991249136632e-7,Malawi,Karonga,Nyika National Park-Karonga,10206,191
160,13.647979371290852,1.9380171055269456e-11,3.9601630015222135e-11,1.217953819260758e-11,9.57130028637577e-10,0.30496344239944395,0.00596818528141165,0.3109316287091473,0.03485751881359556,0.010021731857512374,60.674372552842755,2.9699530160792388e-12,6.0688320267351584e-12,4.0410933316604933e-13,7.58325913556955e-11,1.0175519035980032,7.277796201833283e-4,1.1193074471573092,0.02471514478469008,0.003581352997995913,97.89864404208535,2.6511646256346495e-12,5.417413960490772e-12,2.6010500973669952e-15,2.285309149710636e-14,0.012896910018311796,1.1285988967078788e-7,1.2544940420854398,2.257198253078637e-6,1.1285991252387944e-7,Malawi,Karonga,Nyika National Park-Karonga,10206,191
161,13.647979371288487,1.6912737837950614e-11,3.455965397662598e-11,1.0629200556827816e-11,8.514613487085723e-10,0.3049634424531539,0.005968185344794902,0.31093162871151214,0.03485751881470252,0.010021731858276364,60.67437255282077,2.591826284091441e-12,5.2961640840025696e-12,3.5266933798860754e-13,6.741810423334696e-11,1.0175519036062697,7.277796218958627e-4,1.1193074471792974,0.024715144784726806,0.003581352998008689,97.89864404211701,2.3136252163327884e-12,4.727683128532645e-12,2.2699657733894356e-15,2.033908095046932e-14,0.012896910019662866,1.1285989221317299e-7,1.2544940421171098,2.2571982533150447e-6,1.1285991255225402e-7,Malawi,Karonga,Nyika National Park-Karonga,10206,191
162,13.647979371286423,1.4759451872047308e-11,3.0159609065193364e-11,9.276181987617118e-12,7.574471886805308e-10,0.30496344250075336,0.005968185401179687,0.3109316287135759,0.034857518815668544,0.010021731858943103,60.674372552801586,2.2618416753939744e-12,4.6218702154901885e-12,3.077765182139637e-13,5.993711452374976e-11,1.0175519036135936,7.277796234183673e-4,1.1193074471984863,0.02471514478475886,0.0035813529980198385,97.89864404214467,2.019060454624231e-12,4.125766978842399e-12,1.981019329354679e-15,1.810119439296884e-14,0.01289691002084192,1.1285989447582229e-7,1.2544940421447475,2.2571982535213527e-6,1.1285991257701675e-7,Malawi,Karonga,Nyika National Park-Karonga,10206,191
163,13.647979371284622,1.2880316725352826e-11,2.6319766323613948e-11,8.095373509746223e-12,6.738036044233443e-10,0.3049634425429394,0.005968185451337998,0.31093162871537683,0.034857518816511585,0.01002173185952497,60.67437255278484,1.9738698567467156e-12,4.033425691383709e-12,2.6859771071270764e-13,5.32860842899725e-11,1.0175519036200826,7.277796247719244e-4,1.1193074472152318,0.02471514478478683,0.003581352998029569,97.89864404216878,1.761998917652003e-12,3.600485187525382e-12,1.7288488613871585e-15,1.6109160003323903e-14,0.012896910021870862,1.1285989648946729e-7,1.2544940421688664,2.2571982537013946e-6,1.1285991259862737e-7,Malawi,Karonga,Nyika National Park-Karonga,10206,191
164,13.647979371283052,1.1240428213685726e-11,2.296880229971549e-11,7.064860323178278e-12,5.993879121263261e-10,0.3049634425803293,0.0059681854959567635,0.3109316287169485,0.03485751881724728,0.010021731860032766,60.67437255277023,1.722561866658758e-12,3.5199003970516458e-12,2.344057472786261e-13,4.7372956394639276e-11,1.0175519036258325,7.277796259752781e-4,1.1193074472298454,0.02471514478481124,0.0035813529980380605,97.89864404218983,1.5376657906640402e-12,3.142080877162912e-12,1.508774533377383e-15,1.433601749777236e-14,0.0128969100227688,1.1285989828146948e-7,1.2544940421899147,2.257198253858514e-6,1.1285991261748705e-7,Malawi,Karonga,Nyika National Park-Karonga,10206,191
165,13.64797937128168,9.809326067239565e-12,2.0044474248516728e-011,6.165515655600022e-12,5.331831708346254e-10,0.3049634426134699,0.005968185535647212,0.31093162871832003,0.034857518817889316,0.01002173186047592,60.674372552757475,1.5032497601948649e-12,3.0717558111282052e-12,2.0456597587587633e-13,4.2115881834662635e-11,1.017551903630927,7.27779627045093e-4,1.1193074472425983,0.02471514478483254,0.0035813529980454712,97.89864404220819,1.3418941764419715e-12,2.7420393881584624e-12,1.316711856968492e-15,1.2757756796432787e-14,0.012896910023552416,1.1285989987618908e-7,1.254494042208283,2.2571982539956297e-6,1.1285991263394595e-7,Malawi,Karonga,Nyika National Park-Karonga,10206,191
166,13.647979371280485,8.560428141645762e-12,1.749246400294907e-11,5.38064621934084e-12,4.742843664964577e-10,0.3049634426428455,0.0059681855709532005,0.31093162871951696,0.034857518818449604,0.010021731860862663,60.67437255274635,1.3118599035136804e-12,2.6806678316973483e-12,1.7852449471810732e-13,3.744208810435197e-11,1.017551903635442,7.277796279961858e-4,1.1193074472537279,0.02471514478485113,0.0035813529980519383,97.89864404222422,1.1710476966556618e-12,2.392930123419026e-12,1.1490959887182123e-15,1.1352995996705657e-14,0.012896910024236263,1.1285990129531358e-7,1.254494042224313,2.257198254115288e-6,1.1285991264830964e-7,Malawi,Karonga,Nyika National Park-Karonga,10206,191
167,13.64797937127944,7.47053666420475e-12,1.5265369039135936e-11,4.695682723572684e-12,4.2188611134298115e-10,0.3049634426688848,0.005968185602358634,0.31093162872056146,0.03485751881893856,0.010021731861200171,60.674372552736635,1.144837307580858e-12,2.3393721597055286e-12,1.557978817553319e-13,3.328687296523194e-11,1.0175519036394425,7.277796288417288e-4,1.1193074472634403,0.024715144784867353,0.003581352998057582,97.8986440422382,1.0219529474628127e-12,2.0882685287960925e-12,1.0028156465097579e-15,1.0102694393145643e-14,0.012896910024833045,1.1285990255815038e-7,1.2544940422383017,2.2571982542197114e-6,1.1285991266084484e-7,Malawi,Karonga,Nyika National Park-Karonga,10206,191
168,13.64797937127853,6.519407343782963e-12,1.3321821996027803e-11,4.097909722265974e-12,3.752716927433072e-10,0.30496344269196785,0.005968185630294066,0.31093162872147306,0.03485751881936527,0.010021731861494715,60.674372552728165,9.990795955759778e-13,2.0415293676850715e-12,1.359642296983288e-13,2.959270973048289e-11,1.017551903642988,7.27779629593434e-4,1.119307447271916,0.024715144784881512,0.0035813529980625075,97.89864404225041,8.918405547289638e-13,1.8223956457106815e-12,8.751554243206903e-16,8.98989674306748e-15,0.012896910025353847,1.1285990368188747e-7,1.2544940422505095,2.25719825431084e-6,1.128599126717843e-7,Malawi,Karonga,Nyika National Park-Karonga,10206,191
169,13.647979371277733,5.689373340721406e-12,1.1625722295098456e-11,3.5762298032830216e-12,3.3380332378745584e-10,0.304963442712431,0.0059681856551425695,0.3109316287222686,0.03485751881973764,0.010021731861751761,60.67437255272077,8.718793774238223e-13,1.7816071475486802e-12,1.1865532077641519e-13,2.630845171024521e-11,1.0175519036461302,7.277796302617133e-4,1.1193074472793128,0.024715144784893867,0.0035813529980668057,97.89864404226105,7.782937339663361e-13,1.5903729987356103e-12,7.637454391324633e-16,7.999505387605778e-15,0.01289691002580834,1.1285990468182566e-7,1.2544940422611632,2.257198254390366e-6,1.1285991268133111e-7,Malawi,Karonga,Nyika National Park-Karonga,10206,191
170,13.647979371277039,4.965017112613575e-12,1.0145565588097635e-11,3.1209577574953222e-12,2.969134639912147e-10,0.3049634427305724,0.005968185677244971,0.3109316287229628,0.03485751882006261,0.010021731861976087,60.67437255271432,7.60873960907853e-13,1.5547775504490231e-12,1.0354979643578616e-13,2.3388624832441594e-11,1.0175519036489151,7.277796308558242e-4,1.1193074472857678,0.02471514478490465,0.003581352998070557,97.89864404227035,6.792033994267904e-13,1.3878908656250138e-12,6.665173788708349e-16,7.11807720430372e-15,0.01289691002620497,1.128599055715853e-7,1.2544940422704605,2.2571982544597678e-6,1.1285991268966257e-7,Malawi,Karonga,Nyika National Park-Karonga,10206,191
171,13.647979371276433,4.332884038713418e-12,8.853858577313646e-12,2.7236409185051584e-12,2.64097092880436e-10,0.3049634427466562,0.005968185696904505,0.3109316287235686,0.034857518820346205,0.010021731862171852,60.67437255270868,6.64001465805736e-13,1.3568273093575227e-12,9.036719562836346e-14,2.07927986682762e-11,1.0175519036513836,7.277796313839965e-4,1.1193074472914009,0.02471514478491406,0.003581352998073831,97.89864404227846,5.927289887703333e-13,1.2111882263843118e-12,5.816661384768893e-16,6.333642694253178e-15,0.012896910026551101,1.1285990636329064e-7,1.254494042278574,2.2571982545203327e-6,1.1285991269693339e-7,Malawi,Karonga,Nyika National Park-Karonga,10206,191
172,13.647979371275905,3.781232505973036e-12,7.726608339404011e-12,2.3769023492037533e-12,2.3490483205350275e-10,0.30496344276091636,0.005968185714390949,0.31093162872409735,0.03485751882059369,0.010021731862342695,60.674372552703765,5.794625251805682e-13,1.1840795794883588e-12,7.886275124643801e-14,1.848502717703525e-11,1.0175519036535718,7.277796318535477e-4,1.119307447296317,0.02471514478492227,0.003581352998076688,97.89864404228554,5.172642753051737e-13,1.0569829039749371e-12,5.07616334068367e-16,5.635544798603794e-15,0.012896910026853165,1.1285990706773376e-7,1.2544940422856545,2.257198254573187e-6,1.128599127032786e-7,Malawi,Karonga,Nyika National Park-Karonga,10206,191
173,13.647979371275444,3.2998158132461334e-12,6.742876667069395e-12,2.074303971144334e-12,2.0893682271262901e-10,0.3049634427735601,0.005968185729944321,0.3109316287245587,0.03485751882080967,0.010021731862491789,60.674372552699474,5.056868628549057e-13,1.0333256424132682e-12,6.882284838941871e-14,1.6433351443881687e-11,1.0175519036555112,7.277796322709828e-4,1.1193074473006068,0.024715144784929435,0.003581352998079181,97.8986440422917,4.5140753297007966e-13,9.22410599353143e-13,4.4299307544787816e-16,5.0142952995975085e-15,0.01289691002711677,1.1285990769452065e-7,1.2544940422918336,2.2571982546193124e-6,1.1285991270881601e-7,Malawi,Karonga,Nyika National Park-Karonga,10206,191
174,13.64797937127504,2.8796918429141864e-12,5.884391150716924e-12,1.8102271022460054e-12,1.8583727583699892e-10,0.30496344278477117,0.005968185743778149,0.3109316287249614,0.03485751882099814,0.010021731862621902,60.67437255269572,4.413041261589966e-13,9.017653054282246e-13,6.006106032694918e-14,1.460935754135941e-11,1.0175519036572307,7.277796326420853e-4,1.1193074473043507,0.024715144784935694,0.003581352998081357,97.8986440422971,3.939354998375111e-13,8.049716883897708e-13,3.8659645577953273e-16,4.4614468935956506e-15,0.012896910027346813,1.1285990825220152e-7,1.2544940422972257,2.257198254659565e-6,1.1285991271364846e-7,Malawi,Karonga,Nyika National Park-Karonga,10206,191
175,13.64797937127469,2.5130569646494212e-12,5.135205776145619e-12,1.5797681899800593e-12,1.6528962123060217e-10,0.3049634427947122,0.0059681857560824,0.3109316287253127,0.03485751882116263,0.010021731862735448,60.674372552692454,3.851184321812474e-13,7.869548891165168e-13,5.241468871664639e-14,1.2987783405988082e-11,1.017551903658755,7.277796329719971e-4,1.119307447307618,0.02471514478494115,0.0035813529980832557,97.89864404230181,3.4378065651852184e-13,7.024847924533781e-13,3.373792859731589e-16,3.9694792308184015e-15,0.01289691002754757,1.1285990874838642e-7,1.2544940423019315,2.2571982546946928e-6,1.1285991271786571e-7,Malawi,Karonga,Nyika National Park-Karonga,10206,191
176,13.647979371274385,2.193101086135058e-12,4.48140473401736e-12,1.378647808217815e-12,1.4701218975055175e-10,0.3049634428035275,0.0059681857670260685,0.31093162872561936,0.034857518821306166,0.010021731862834542,60.6743725526896,3.3608615472640343e-13,6.867618369996286e-13,4.57417439633206e-14,1.1546169298000304e-11,1.0175519036601064,7.277796332652894e-4,1.1193074473104692,0.02471514478494592,0.003581352998084913,97.89864404230592,3.000113974239111e-13,6.13046260255148e-13,2.9442766130803163e-16,3.5316974014090297e-15,0.012896910027722766,1.1285990918984861e-7,1.2544940423060382,2.257198254725348e-6,1.1285991272154607e-7,Malawi,Karonga,Nyika National Park-Karonga,10206,191
177,13.647979371274117,1.9138811583623676e-12,3.9108439395114114e-12,1.2031312313080806e-12,1.3075437021327784e-10,0.3049634428113448,0.005968185776759495,0.3109316287258869,0.034857518821431434,0.01002173186292102,60.67437255268712,2.9329653938221605e-13,5.993251041694073e-13,3.9918309751808143e-14,1.026454701402073e-11,1.017551903661304,7.277796335260264e-4,1.1193074473129574,0.02471514478495007,0.003581352998086359,97.8986440423095,2.6181472657010424e-13,5.349948083517904e-13,2.5694400021457565e-16,3.142141512366336e-15,0.012896910027875656,1.1285990958261631e-7,1.254494042309622,2.257198254752101e-6,1.1285991272475786e-7,Malawi,Karonga,Nyika National Park-Karonga,10206,191
178,13.647979371273882,1.6702107859124034e-12,3.412925461007202e-12,1.0499591132120434e-12,1.1629318888222544e-10,0.30496344281827736,0.005968185785416425,0.31093162872612046,0.03485751882154075,0.010021731862996486,60.67437255268494,2.559547866266489e-13,5.230205891369088e-13,3.483624289727334e-14,9.125163557602226e-12,1.0175519036623661,7.27779633757821e-4,1.1193074473151288,0.024715144784953697,0.003581352998087621,97.89864404231263,2.284811565108926e-13,4.668806635215164e-13,2.2423224087486236e-16,2.7955061470023907e-15,0.01289691002800908,1.1285990993205457e-7,1.2544940423127495,2.2571982547754468e-6,1.1285991272756075e-7,Malawi,Karonga,Nyika National Park-Karonga,10206,191
179,13.647979371273678,1.4575638917752522e-12,2.9784006679085567e-12,9.162869865945373e-13,1.034302651470634e-10,0.30496344282442556,0.005968185793115831,0.31093162872632424,0.03485751882163615,0.010021731863062345,60.674372552683046,2.2336728875075258e-13,4.564309668088052e-13,3.0401165865905195e-14,8.112235448392612e-12,1.0175519036633078,7.277796339638855e-4,1.1193074473170237,0.02471514478495686,0.0035813529980887227,97.89864404231535,1.993915298984964e-13,4.0743863384780943e-13,1.9568492124172074e-16,2.4870686297940677e-15,0.012896910028125519,1.1285991024293815e-7,1.254494042315479,2.2571982547958205e-6,1.1285991273000681e-7,Malawi,Karonga,Nyika National Park-Karonga,10206,191
180,13.6479793712735,1.2719906473179516e-12,2.5991984411665047e-12,7.996324600967419e-13,9.198910208718596e-11,0.3049634428298783,0.00596818579996355,0.3109316287265021,0.03485751882171941,0.01002173186311982,60.67437255268139,1.9492874637873643e-13,3.983193622512761e-13,2.653071473971475e-14,7.2117302738653535e-12,1.017551903664143,7.277796341470757e-4,1.1193074473186773,0.024715144784959626,0.0035813529980896833,97.89864404231774,1.7400551888959839e-13,3.5556460831925363e-13,1.707719029467035e-16,2.2126251365167163e-15,0.01289691002822713,1.1285991051951629e-7,1.2544940423178608,2.2571982548136005e-6,1.1285991273214146e-7,Malawi,Karonga,Nyika National Park-Karonga,10206,191
181,13.647979371273344,1.1100441058330617e-12,2.2682752555855987e-12,6.978291346051065e-13,8.181267513941838e-11,0.30496344283471444,0.005968185806053731,0.3109316287266573,0.03485751882179207,0.010021731863169977,60.674372552679955,1.7011092527962978e-13,3.47606376242293e-13,2.315301013154578e-14,6.411172463841838e-12,1.0175519036648835,7.277796343099304e-4,1.1193074473201206,0.024715144784962034,0.003581352998090522,97.89864404231982,1.518515887773574e-13,3.102950484365126e-13,1.4903053001104914e-16,1.968433793904218e-15,0.012896910028315806,1.128599107655705e-7,1.2544940423199396,2.257198254829117e-6,1.1285991273400435e-7,Malawi,Karonga,Nyika National Park-Karonga,10206,191
182,13.647979371273209,9.68716176915009e-13,1.9794843492568982e-12,6.089863838132018e-13,7.276128612190787e-11,0.30496344283900384,0.00596818581147012,0.31093162872679275,0.03485751882185547,0.01002173186321375,60.67437255267869,1.4845284463274433e-13,3.0335003587127747e-13,2.020532268773044e-14,5.699470602649946e-12,1.0175519036655398,7.277796344547068e-4,1.11930744732138,0.02471514478496414,0.0035813529980912545,97.89864404232164,1.325182394278706e-13,2.7078909089252657e-13,1.3005703985211607e-16,1.7511640061357734e-15,0.01289691002839319,1.12859910984466e-7,1.2544940423217534,2.257198254842658e-6,1.1285991273563005e-7,Malawi,Karonga,Nyika National Park-Karonga,10206,191
183,13.647979371273092,8.453817524137156e-13,1.7274615499955386e-12,5.314542530434757e-13,6.471065345718555e-11,0.3049634428428085,0.005968185816287217,0.310931628726911,0.03485751882191079,0.010021731863251948,60.67437255267759,1.295522144978731e-13,2.6472829777665883e-13,1.763290842229493e-14,5.066763891316963e-12,1.017551903666122,7.277796345834112e-4,1.1193074473224789,0.024715144784965976,0.0035813529980918933,97.8986440423232,1.1564636183428436e-13,2.3631292889135634e-13,1.1349906728059389e-16,1.5578513284241234e-15,0.012896910028460723,1.1285991117919742e-7,1.2544940423233368,2.257198254854475e-6,1.128599127370488e-7,Malawi,Karonga,Nyika National Park-Karonga,10206,191
184,13.647979371272989,7.377499461274832e-13,1.5075256380572585e-12,4.637928251601882e-13,5.755021263544996e-11,0.30496344284618326,0.005968185820571286,0.31093162872701413,0.03485751882195909,0.010021731863285286,60.67437255267663,1.1305796344466477e-13,2.310237790260578e-13,1.5387992274842058e-14,4.504285636788233e-12,1.0175519036666383,7.277796346978277e-4,1.119307447323438,0.02471514478496758,0.0035813529980924506,97.89864404232458,1.0092256781463439e-13,2.0622618199569177e-13,9.904910243920991e-17,1.3858572819599581e-15,0.012896910028519658,1.1285991135242958e-7,1.2544940423247182,2.257198254864787e-6,1.128599127382869e-7,Malawi,Karonga,Nyika National Park-Karonga,10206,191
185,13.647979371272898,6.438215415320613e-13,1.3155913944132662e-12,4.047454852149694e-13,5.118160380713844e-11,0.3049634428491768,0.005968185824381272,0.3109316287271041,0.03485751882200123,0.010021731863314377,60.674372552675784,9.866371754489757e-14,2.0161043202137978e-13,1.3428881032367782e-14,4.004241880445448e-12,1.0175519036670961,7.277796347995423e-4,1.119307447324275,0.024715144784968977,0.0035813529980929367,97.89864404232578,8.807336895525903e-14,1.7997000132900572e-13,8.643878131556085e-17,1.2328335704237537e-15,0.012896910028571091,1.1285991150653378e-7,1.2544940423259237,2.2571982548737865e-6,1.128599127393674e-7,Malawi,Karonga,Nyika National Park-Karonga,10206,191
186,13.647979371272822,5.61851857154672e-13,1.1480937194915861e-12,3.5321558775240844e-13,4.551732593003915e-11,0.3049634428518323,0.005968185827769606,0.31093162872718266,0.034857518822038004,0.010021731863339763,60.67437255267506,8.6102109602572e-14,1.7594191592057538e-13,1.171918915410009e-14,3.559703487415803e-12,1.017551903667502,7.277796348899647e-4,1.1193074473250055,0.024715144784970198,0.0035813529980933618,97.89864404232684,7.686009667602977e-14,1.570566891917241e-13,7.543390289668986e-17,1.0966902170757897e-15,0.012896910028615973,1.1285991164362006e-7,1.254494042326976,2.2571982548816397e-6,1.1285991274031032e-7,Malawi,Karonga,Nyika National Park-Karonga,10206,191
187,13.647979371272752,4.90318339832385e-13,1.001921412922185e-12,3.0824609380098267e-13,4.047953915461769e-11,0.30496344285418797,0.005968185830782926,0.3109316287272512,0.034857518822070103,0.01002173186336192,60.67437255267442,7.513981291808024e-14,1.5354144857993647e-13,1.0227163132335043e-14,3.1645102042015427e-12,1.0175519036678622,7.277796349703487e-4,1.119307447325643,0.024715144784971263,0.003581352998093732,97.89864404232776,6.70744690596847e-14,1.3706064028032111e-13,6.583008050631208e-17,9.755671938510222e-16,0.012896910028655142,1.1285991176556597e-7,1.254494042327894,2.2571982548884935e-6,1.1285991274113319e-7,Malawi,Karonga,Nyika National Park-Karonga,10206,191
188,13.64797937127269,4.2789228391487136e-13,8.743593842716212e-13,2.690017996512555e-13,3.5998999142354516e-11,0.3049634428562778,0.005968185833462712,0.31093162872731106,0.03485751882209811,0.010021731863381254,60.674372552673866,6.557320734123618e-14,1.3399295052075718e-13,8.92509184988175e-15,2.813185357577862e-12,1.017551903668182,7.277796350418084e-4,1.1193074473261995,0.024715144784972193,0.0035813529980940556,97.89864404232857,5.853472210047564e-14,1.19610436245868e-13,5.744894662592847e-17,8.678091606080508e-16,0.012896910028689323,1.1285991187404212e-7,1.2544940423286954,2.257198254894475e-6,1.1285991274185131e-7,Malawi,Karonga,Nyika National Park-Karonga,10206,191
189,13.647979371272639,3.7341415110440546e-13,7.630382213567907e-13,2.347538275973041e-13,3.201410880225219e-11,0.3049634428581318,0.00596818583584586,0.31093162872736324,0.034857518822122555,0.010021731863398128,60.67437255267338,5.722459711105568e-14,1.169333164233856e-13,7.788791990091368e-15,2.5008600148216665e-12,1.0175519036684653,7.277796351053345e-4,1.1193074473266849,0.024715144784973005,0.003581352998094338,97.89864404232927,5.108223351228312e-14,1.0438194675254181e-13,5.013484076728657e-17,7.719429743267835e-16,0.012896910028719153,1.1285991197053498e-7,1.2544940423293947,2.2571982548996942e-6,1.12859912742478e-7,Malawi,Karonga,Nyika National Park-Karonga,10206,191
190,13.647979371272593,3.2587203248868153e-13,6.658901793958889e-13,2.0486609077831415e-13,2.847007452398207e-11,0.3049634428597767,0.005968185837965188,0.3109316287274088,0.03485751882214388,0.010021731863412852,60.67437255267296,4.9938910224323637e-014,1.0204567059585055e-13,6.797158948170744e-15,2.223205556199881e-12,1.0175519036687164,7.277796351618077e-4,1.1193074473271085,0.02471514478497371,0.0035813529980945843,97.89864404232986,4.457857638936724e-14,9.10923088966993e-14,4.375191892665571e-17,6.866576651674311e-16,0.012896910028745184,1.1285991205636719e-7,1.2544940423300048,2.257198254904249e-6,1.128599127430249e-7,Malawi,Karonga,Nyika National Park-Karonga,10206,191
191,13.647979371272553,2.843828527777059e-13,5.8111077348928e-13,1.787834808836052e-13,2.5318155410743643e-11,0.30496344286123606,0.005968185839849885,0.31093162872744856,0.034857518822162495,0.010021731863425701,60.674372552672594,4.3580818045103274e-14,8.905348113531059e-14,5.9317749062272566e-15,1.976373726616467e-12,1.0175519036689393,7.277796352120109e-4,1.1193074473274782,0.024715144784974327,0.003581352998094799,97.89864404233039,3.8902947977263757e-14,7.949467313912925e-14,3.818163095896922e-17,6.107866093817017e-16,0.012896910028767902,1.1285991213271552e-7,1.2544940423305375,2.2571982549082243e-6,1.1285991274350218e-7,Malawi,Karonga,Nyika National Park-Karonga,10206,191
192,13.64797937127252,2.481759675310559e-13,5.071252610615743e-13,1.5602155944898616e-13,2.2514995270097938e-11,0.30496344286253085,0.005968185841525913,0.3109316287274832,0.03485751882217874,0.010021731863436915,60.674372552672274,3.803222162747231e-14,7.77154234626972e-14,5.176566797996604e-15,1.7569433373036844e-12,1.017551903669137,7.277796352566403e-4,1.1193074473278009,0.024715144784974868,0.0035813529980949868,97.89864404233087,3.39499258140159e-14,6.937361818000405e-14,3.3320519059119124e-17,5.432916585510572e-16,0.012896910028787727,1.1285991220062697e-7,1.2544940423310025,2.2571982549116933e-6,1.128599127439187e-7,Malawi,Karonga,Nyika National Park-Karonga,10206,191
193,13.64797937127249,2.1657884875444605e-13,4.425593916664963e-13,1.3615756137567922e-13,2.002202825380251e-11,0.3049634428636797,0.005968185843016365,0.3109316287275135,0.03485751882219291,0.0100217318634467,60.67437255267198,3.319005807619172e-14,6.782089781758201e-14,4.517507812577488e-15,1.5618728798996217e-12,1.0175519036693124,7.277796352963144e-4,1.1193074473280824,0.024715144784975336,0.0035813529980951507,97.89864404233127,2.962750955133577e-14,6.054114959761062e-14,2.907829647566146e-17,4.832490108951141e-16,0.012896910028805029,1.128599122610331e-7,1.254494042331408,2.2571982549147206e-6,1.1285991274428218e-7,Malawi,Karonga,Nyika National Park-Karonga,10206,191
194,13.647979371272465,1.8900459296892986e-13,3.8621388085049256e-13,1.1882254365382064e-13,1.780495003604564e-11,0.30496344286469906,0.005968185844341775,0.31093162872754,0.03485751882220528,0.010021731863455242,60.67437255267175,2.896438619583105e-14,5.918611745399058e-14,3.9423568956506755e-15,1.3884583972398542e-12,1.017551903669468,7.277796353315836e-4,1.119307447328328,0.024715144784975746,0.0035813529980952934,97.89864404233163,2.5855412086002297e-14,5.2833207929895936e-014,2.5376170791473864e-17,4.2983663380445276e-16,0.012896910028820128,1.1285991231476268e-7,1.2544940423317619,2.2571982549173625e-6,1.1285991274459938e-7,Malawi,Karonga,Nyika National Park-Karonga,10206,191
195,13.647979371272442,1.649410197202557e-13,3.3704213393761696e-13,1.0369453352686976e-13,1.5833247311889848e-11,0.3049634428656035,0.0059681858455204115,0.310931628727563,0.03485751882221607,0.010021731863462696,60.674372552671535,2.5276715870069963e-14,5.165069487699138e-14,3.4404314116985464e-15,1.2342960278517163e-12,1.017551903669606,7.277796353629368e-4,1.1193074473285425,0.024715144784976106,0.003581352998095418,97.89864404233192,2.256356825996471e-14,4.6106621337914496e-14,2.2145380642978482e-17,3.823230676111048e-16,0.012896910028833303,1.1285991236255307e-7,1.2544940423320705,2.257198254919668e-6,1.128599127448762e-7,Malawi,Karonga,Nyika National Park-Karonga,10206,191
196,13.64797937127242,1.4394115803766877e-13,2.941308059641747e-13,9.049254888334768e-14,1.4079779191628111e-11,0.30496344286640614,0.0059681858465685175,0.3109316287275832,0.03485751882222549,0.0100217318634692,60.67437255267134,2.2058550140083287e-14,4.5074662710795215e-14,3.0024087462583097e-15,1.0972487057827955e-12,1.0175519036697283,7.277796353908088e-4,1.1193074473287297,0.024715144784976415,0.0035813529980955263,97.8986440423322,1.969083342887004e-14,4.023644624818216e-14,1.9325918710881e-17,3.4005745919555067e-16,0.012896910028844803,1.1285991240506025e-7,1.25449404233234,2.2571982549216802e-6,1.1285991274511778e-7,Malawi,Karonga,Nyika National Park-Karonga,10206,191
197,13.647979371272402,1.2561494413204325e-13,2.5668283667191895e-013,7.897137985230187e-14,1.2520404773473732e-11,0.3049634428671184,0.005968185847500544,0.3109316287276008,0.034857518822233716,0.010021731863474877,60.67437255267117,1.92501129017153e-14,3.9335873862204697e-14,2.6201531644434705e-15,9.754165548731283e-13,1.0175519036698373,7.277796354155859e-4,1.119307447328893,0.024715144784976693,0.0035813529980956212,97.89864404233244,1.718384772546047e-14,3.5113646577484156e-14,1.6865417272736387e-17,3.0246069058796817e-16,0.012896910028854838,1.1285991244286783e-7,1.2544940423325754,2.2571982549234357e-6,1.1285991274532858e-7,Malawi,Karonga,Nyika National Park-Karonga,10206,191
198,13.647979371272386,1.0962197612150118e-13,2.2400264544178586e-13,6.891703470890698e-14,1.1133651806100744e-11,0.30496344286775046,0.005968185848329338,0.3109316287276161,0.03485751882224089,0.01002173186347983,60.67437255267103,1.679923858894142e-14,3.432773268851107e-14,2.2865647108146442e-015,8.671105676871086e-13,1.0175519036699336,7.27779635437612e-4,1.1193074473290356,0.02471514478497693,0.003581352998095704,97.89864404233265,1.499604492200093e-14,3.064306843270955e-14,1.4718175625125127e-17,2.6901748247403276e-16,0.012896910028863593,1.1285991247649501e-7,1.2544940423327808,2.257198254924968e-6,1.1285991274551256e-7,Malawi,Karonga,Nyika National Park-Karonga,10206,191
199,13.647979371272372,9.566519120652641e-14,1.9548321117015752e-13,6.014276552867466e-14,9.900421912536117e-12,0.3049634428683113,0.005968185849066331,0.31093162872762947,0.034857518822247156,0.010021731863484153,60.67437255267091,1.466040321994441e-14,2.995721502720872e-14,1.9954473448671963e-015,7.708292047623284e-13,1.0175519036700191,7.277796354571923e-4,1.1193074473291602,0.024715144784977133,0.0035813529980957765,97.89864404233282,1.3086787481764393e-14,2.6741672666608076e-14,1.2844311316756788e-17,2.392693656582197e-16,0.012896910028871236,1.128599125064037e-7,1.25449404233296,2.2571982549263055e-6,1.1285991274567311e-7,Malawi,Karonga,Nyika National Park-Karonga,10206,191
200,13.647979371272362,8.348534785070163e-14,1.705947971016752e-13,5.248559979155617e-14,8.803728345356531e-12,0.30496344286880905,0.0059681858497216845,0.3109316287276412,0.03485751882225262,0.010021731863487924,60.674372552670796,1.2793878807884533e-14,2.6143140310388843e-14,1.7413938635188077e-15,6.85237590236252e-13,1.0175519036700953,7.277796354745985e-4,1.1193074473292688,0.024715144784977317,0.0035813529980958394,97.89864404233298,1.1420611733512318e-14,2.3336992459929993e-14,1.1209019432245045e-17,2.1280842524544689e-16,0.012896910028877906,1.1285991253300474e-7,1.2544940423331163,2.2571982549274723e-6,1.1285991274581323e-7,Malawi,Karonga,Nyika National Park-Karonga,10206,191
201,13.647979371272351,7.285621047584594e-14,1.488751111870129e-13,4.5803313530408636e-14,7.82846268681071e-12,0.3049634428692508,0.00596818585030444,0.3109316287276514,0.034857518822257384,0.010021731863491215,60.674372552670704,1.1164995429891547e-14,2.281466366904392e-14,1.5196854736492093e-15,6.091490158360473e-13,1.0175519036701626,7.277796354900719e-4,1.1193074473293634,0.024715144784977473,0.003581352998095894,97.89864404233312,9.966569148396982e-15,2.0365787280179722e-14,9.781926172247574e-18,1.8927173273120443e-16,0.012896910028883726,1.128599125566637e-7,1.2544940423332527,2.2571982549284904e-6,1.1285991274593549e-7,Malawi,Karonga,Nyika National Park-Karonga,10206,191
202,13.647979371272344,6.358034722924549e-14,1.2992071919830786e-13,3.99717898161014e-14,6.96118730238359e-12,0.30496344286964283,0.0059681858508226346,0.3109316287276602,0.03485751882226154,0.010021731863494088,60.67437255267062,9.743497247513737e-15,1.990996001873774e-14,1.3262041497490641e-15,5.41508497158472e-13,1.0175519036702223,7.277796355038272e-4,1.119307447329446,0.024715144784977612,0.0035813529980959426,97.89864404233325,8.697651483775282e-15,1.7772868214827298e-14,8.536524726342019e-18,1.6833639048025655e-16,0.012896910028888804,1.1285991257770574e-7,1.2544940423333717,2.2571982549293794e-6,1.128599127460422e-7,Malawi,Karonga,Nyika National Park-Karonga,10206,191
203,13.647979371272337,5.5485462768232926e-14,1.1337955110440243e-13,3.4882713526048395e-14,6.189950707794077e-12,0.3049634428699908,0.005968185851283417,0.310931628727668,0.03485751882226518,0.010021731863496596,60.67437255267055,8.502980516968709e-15,1.7375075684071192e-14,1.157356149121973e-15,4.813781545668747e-13,1.0175519036702751,7.277796355160549e-4,1.1193074473295181,0.024715144784977734,0.0035813529980959842,97.89864404233336,7.590289116216991e-15,1.5510072860030196e-14,7.449682962892367e-18,1.4971512134870892e-16,0.012896910028893236,1.1285991259642012e-7,1.2544940423334756,2.257198254930155e-6,1.1285991274613533e-7,Malawi,Karonga,Nyika National Park-Karonga,10206,191
204,13.64797937127233,4.842119794509744e-14,9.894436151490033e-14,3.04415595869115e-14,5.5041233222393615e-12,0.3049634428702996,0.005968185851693147,0.31093162872767477,0.03485751882226835,0.010021731863498782,60.674372552670484,7.420403150467613e-15,1.5162926231338877e-14,1.0100052642575952e-15,4.2792421628362345e-13,1.0175519036703222,7.277796355269249e-4,1.1193074473295812,0.024715144784977838,0.003581352998096021,97.89864404233344,6.623913245449646e-15,1.3535370723849126e-14,6.5012137935945525e-18,1.3315234357434092e-16,0.012896910028897106,1.1285991261306416e-7,1.2544940423335662,2.2571982549308316e-6,1.128599127462166e-7,Malawi,Karonga,Nyika National Park-Karonga,10206,191
205,13.647979371272323,4.225633694778979e-14,8.634702272347847e-14,2.6565837331487562e-14,4.894251359110491e-12,0.30496344287057364,0.005968185852057478,0.31093162872768065,0.03485751882227111,0.01002173186350069,60.674372552670434,6.4756567189162035e-15,1.3232421894528996e-14,8.814145727994899e-16,3.804054637076559e-13,1.0175519036703637,7.277796355365879e-4,1.1193074473296363,0.02471514478497793,0.0035813529980960527,97.89864404233353,5.7805738373584914e-15,1.1812082527193635e-14,5.673500234117197e-18,1.1842067762424166e-16,0.012896910028900482,1.1285991262786675e-7,1.2544940423336455,2.2571982549314224e-6,1.1285991274628751e-7,Malawi,Karonga,Nyika National Park-Karonga,10206,191
206,13.647979371272317,3.687637002020976e-14,7.535354434608207e-14,2.318355836549184e-14,4.351926853184677e-12,0.3049634428708169,0.005968185852381438,0.31093162872768576,0.03485751882227353,0.010021731863502359,60.674372552670384,5.6511929461189626e-15,1.1547704349813075e-14,7.691956033239432e-16,3.381629589487164e-13,1.017551903670401,7.277796355451778e-4,1.1193074473296842,0.02471514478497801,0.003581352998096081,97.8986440423336,5.044606209490006e-15,1.0308198901336103e-14,4.951168197867444e-18,1.0531783753486157e-16,0.012896910028903428,1.1285991264103148e-7,1.2544940423337143,2.257198254931938e-6,1.128599127463494e-7,Malawi,Karonga,Nyika National Park-Karonga,10206,191
207,13.647979371272312,3.218136649060843e-14,6.575972704583245e-14,2.0231899490343044e-14,3.869672043814639e-12,0.30496344287103283,0.005968185852669499,0.31093162872769026,0.034857518822275634,0.01002173186350381,60.67437255267034,4.931697756769873e-15,1.0077480661924887e-14,6.71263972854348e-16,3.006109123181535e-13,1.017551903670434,7.277796355528137e-4,1.119307447329726,0.024715144784978084,0.0035813529980961057,97.89864404233364,4.402340066021971e-15,8.995785827082637e-15,4.32080094626016e-18,9.36638644859501e-17,0.012896910028905998,1.1285991265273946e-7,1.2544940423337747,2.2571982549323876e-6,1.128599127464034e-7,Malawi,Karonga,Nyika National Park-Karonga,10206,191
208,13.647979371272308,2.8084118600905964e-14,5.738736961401561e-14,1.7656035850071224e-14,3.440836529872692e-12,0.3049634428712245,0.005968185852925636,0.3109316287276942,0.034857518822277465,0.01002173186350508,60.67437255267031,4.3038068238141336e-15,8.794442030840405e-15,5.858006722134398e-16,2.672285632952999e-13,1.0175519036704632,7.277796355596017e-4,1.1193074473297626,0.024715144784978143,0.003581352998096127,97.8986440423337,3.841845577664417e-15,7.850465771786261e-15,3.7706898924213156e-18,8.329866498634224e-17,0.012896910028908241,1.128599126631518e-7,1.254494042333827,2.25719825493278e-6,1.1285991274645054e-7,Malawi,Karonga,Nyika National Park-Karonga,10206,191
209,13.647979371272303,2.4508521658733347e-14,5.0080958955807057e-14,1.5408122631763514e-14,3.0595057868648777e-12,0.3049634428713946,0.005968185853153388,0.31093162872769764,0.03485751882227907,0.01002173186350619,60.67437255267028,3.755857331576626e-15,7.674756542102545e-15,5.112182802036478e-16,2.3755296252087134e-13,1.017551903670489,7.277796355656359e-4,1.1193074473297944,0.0247151447849782,0.003581352998096145,97.89864404233376,3.3527117900013447e-15,6.850964886667724e-15,3.2906171302810674e-18,7.407982017831171e-17,0.0128969100289102,1.1285991267241176e-7,1.254494042333873,2.2571982549331224e-6,1.1285991274649166e-7,Malawi,Karonga,Nyika National Park-Karonga,10206,191
210,13.6479793712723,2.138816041999805e-14,4.370478150211421e-14,1.3446406408520801e-14,2.720419792106056e-12,0.3049634428715456,0.005968185853355898,0.3109316287277006,0.03485751882228047,0.010021731863507155,60.674372552670256,3.277671343673391e-15,6.697626497996203e-15,4.461314791561709e-16,2.1117255485183082e-13,1.017551903670512,7.277796355710001e-4,1.1193074473298223,0.024715144784978244,0.003581352998096161,97.8986440423338,2.9258532441019775e-15,5.978717854744325e-15,2.8716656499910676e-18,6.588063644360219e-17,0.012896910028911909,1.1285991268064684e-7,1.254494042333913,2.2571982549334214e-6,1.1285991274652757e-7,Malawi,Karonga,Nyika National Park-Karonga,10206,191
211,13.647979371272296,1.8665075458955738e-14,3.8140402380285835e-14,1.1734449617217577e-14,2.4189006418426563e-12,0.3049634428716797,0.005968185853535962,0.3109316287277032,0.0348575188222817,0.010021731863507998,60.67437255267022,2.8603667521667246e-15,5.844902110024519e-15,3.893313241700426e-16,1.8772147456041202e-13,1.0175519036705323,7.277796355757686e-4,1.1193074473298468,0.024715144784978285,0.0035813529980961755,97.89864404233384,2.553341218149375e-15,5.217523046400819e-15,2.506053715641434e-18,5.858841076902313e-17,0.0128969100289134,1.1285991268797038e-7,1.254494042333948,2.2571982549336827e-6,1.128599127465589e-7,Malawi,Karonga,Nyika National Park-Karonga,10206,191
212,13.647979371272294,1.6288686593183988e-14,3.3284465537724577e-14,1.024045377170173e-14,2.150788167795369e-12,0.3049634428717987,0.005968185853696068,0.3109316287277055,0.03485751882228277,0.010021731863508734,60.6743725526702,2.496192295999995e-15,5.100744373566267e-15,3.3976278825581697e-16,1.6687447369329983e-13,1.0175519036705505,7.277796355800076e-4,1.119307447329868,0.02471514478497832,0.0035813529980961876,97.89864404233387,2.228256454565309e-15,4.55324158136409e-15,2.1869903283537166e-18,5.210288724286194e-17,0.012896910028914703,1.1285991269448324e-7,1.2544940423339785,2.2571982549339106e-6,1.1285991274658624e-7,Malawi,Karonga,Nyika National Park-Karonga,10206,191
213,13.647979371272292,1.4214853377522586e-14,2.9046773945710675e-14,8.936668839340763e-15,1.9123826696515644e-12,0.30496344287190436,0.005968185853838427,0.31093162872770747,0.034857518822283697,0.010021731863509378,60.67437255267018,2.1783835845146145e-15,4.451330864880828e-15,2.9650516626922833e-16,1.4834241331089747e-13,1.0175519036705665,7.277796355837757e-4,1.1193074473298863,0.02471514478497835,0.003581352998096198,97.89864404233391,1.9445606376497464e-15,3.973534704822208e-15,1.9085490908878306e-18,4.6334883650293486e-17,0.012896910028915838,1.1285991270027511e-7,1.254494042334005,2.257198254934109e-6,1.1285991274661012e-7,Malawi,Karonga,Nyika National Park-Karonga,10206,191
214,13.64797937127229,1.240505521347932e-14,2.5348614226688358e-14,7.798877811857366e-15,1.7003939776832795e-12,0.3049634428719981,0.005968185853965005,0.31093162872770924,0.03485751882228451,0.01002173186350994,60.674372552670164,1.9010374516780735e-15,3.884598995273851e-15,2.587549736926747e-16,1.3186825514932987e-13,1.017551903670581,7.277796355871254e-4,1.1193074473299027,0.024715144784978375,0.0035813529980962076,97.89864404233394,1.6969842343526801e-15,3.4676346001329943e-15,1.6655581309453837e-18,4.120506944622537e-17,0.012896910028916828,1.1285991270542575e-7,1.254494042334028,2.257198254934283e-6,1.1285991274663092e-7,Malawi,Karonga,Nyika National Park-Karonga,10206,191
215,13.647979371272289,1.08256758449721e-14,2.2121294585653607e-14,6.805946897383675e-15,1.5118961463360231e-12,0.3049634428720814,0.005968185854077552,0.3109316287277107,0.03485751882228522,0.010021731863510427,60.67437255267014,1.6590023072046758e-15,3.390021953475146e-15,2.2581102264146764e-16,1.172234981727656e-13,1.0175519036705936,7.27779635590103e-4,1.119307447329917,0.0247151447849784,0.0035813529980962154,97.89864404233396,1.4809286148669569e-15,3.0261443810624358e-15,1.4535040387247082e-18,3.664287844157752e-17,0.012896910028917694,1.128599127100061e-7,1.2544940423340485,2.257198254934434e-6,1.128599127466491e-7,Malawi,Karonga,Nyika National Park-Karonga,10206,191
216,13.647979371272287,9.447378950211052e-15,1.9304868888318416e-14,5.939432979387777e-15,1.3442871567837693e-12,0.30496344287215527,0.00596818585417762,0.310931628727712,0.034857518822285834,0.010021731863510856,60.67437255267013,1.4477824478862772e-15,2.9584131744505494e-15,1.9706139790783348e-16,1.042050106449835e-13,1.0175519036706047,7.277796355927501e-4,1.1193074473299292,0.02471514478497842,0.0035813529980962227,97.89864404233397,1.2923806349725147e-15,2.6408635484910616e-15,1.2684480345549114e-18,3.2585541370726797e-17,0.012896910028918447,1.128599127140793e-7,1.2544940423340663,2.257198254934566e-6,1.1285991274666495e-7,Malawi,Karonga,Nyika National Park-Karonga,10206,191
217,13.647979371272283,8.244563231597373e-15,1.684702318632727e-14,5.183241051704402e-15,1.195253075091321e-12,0.3049634428722209,0.005968185854266595,0.3109316287277131,0.034857518822286375,0.010021731863511227,60.674372552670114,1.2634545517554433e-15,2.5817557027362953e-15,1.7197209114406668e-16,9.263221382699504e-14,1.0175519036706147,7.277796355951031e-4,1.11930744732994,0.024715144784978434,0.0035813529980962292,97.89864404233398,1.1278380935342919e-15,2.304635669518448e-15,1.1069528095754243e-18,2.897722513857632e-17,0.012896910028919106,1.1285991271770145e-7,1.2544940423340816,2.257198254934681e-6,1.1285991274667878e-7,Malawi,Karonga,Nyika National Park-Karonga,10206,191
218,13.647979371272282,7.194886882158471e-15,1.470210400718886e-14,4.5233252670831404e-15,1.0627361737030284e-12,0.30496344287227917,0.005968185854345705,0.3109316287277142,0.03485751882228685,0.010021731863511553,60.67437255267011,1.1025948039945263e-15,2.2530532807899878e-15,1.5007708208228176e-16,8.234457827775708e-14,1.0175519036706235,7.277796355971949e-4,1.1193074473299494,0.02471514478497845,0.0035813529980962345,97.898644042334,9.842446805575702e-16,2.0112154496679156e-15,9.660186806513083e-19,2.5768266997449512e-17,0.012896910028919682,1.1285991272092248e-7,1.2544940423340951,2.2571982549347817e-6,1.1285991274669085e-7,Malawi,Karonga,Nyika National Park-Karonga,10206,191
219,13.64797937127228,6.278852595679409e-15,1.2830270359807812e-14,3.9474280466872456e-15,9.44906578319988e-13,0.3049634428723309,0.005968185854416045,0.31093162872771507,0.03485751882228726,0.010021731863511837,60.6743725526701,9.622153009844335e-16,1.966200396385532e-15,1.3096968256375645e-16,7.319939806496212e-14,1.0175519036706313,7.277796355990542e-4,1.1193074473299576,0.024715144784978462,0.0035813529980962392,97.89864404233401,8.589332074876823e-16,1.7551527291123406e-15,8.430278737037753e-19,2.2914493196366237e-17,0.012896910028920183,1.1285991272378679e-7,1.2544940423341067,2.25719825493487e-6,1.128599127467014e-7,Malawi,Karonga,Nyika National Park-Karonga,10206,191
220,13.64797937127228,5.47944541226483e-15,1.1196753704467559e-14,3.4448524048759843e-15,8.401370505780209e-13,0.3049634428723768,0.005968185854478585,0.3109316287277158,0.03485751882228762,0.010021731863512084,60.67437255267009,8.397085512244945e-16,1.7158688752358229e-15,1.142949826049766e-16,6.506981204249526e-14,1.0175519036706382,7.277796356007071e-4,1.1193074473299647,0.02471514478497848,0.0035813529980962436,97.89864404233403,7.495760652802883e-16,1.531691248198744e-15,7.3569590060222e-19,2.0376612795698216e-17,0.01289691002892062,1.1285991272633387e-7,1.2544940423341169,2.257198254934946e-6,1.1285991274671058e-7,Malawi,Karonga,Nyika National Park-Karonga,10206,191
221,13.64797937127228,4.781816672461859e-15,9.771212141511028e-15,3.0062632605103286e-15,7.469805599560722e-13,0.30496344287241756,0.005968185854534191,0.3109316287277164,0.03485751882228793,0.0100217318635123,60.674372552670086,7.327990422508626e-16,1.4974089123478224e-15,9.97432581957299e-17,5.784304477367529e-14,1.0175519036706446,7.277796356021764e-4,1.119307447329971,0.02471514478497849,0.0035813529980962475,97.89864404233406,6.541419900212796e-16,1.3366803018829534e-15,6.420291265119461e-19,1.8119678364277643e-17,0.012896910028921002,1.1285991272859883e-7,1.2544940423341258,2.257198254935013e-6,1.1285991274671861e-7,Malawi,Karonga,Nyika National Park-Karonga,10206,191
222,13.64797937127228,4.173008209521977e-15,8.527166823039386e-15,2.6235140443918947e-15,6.641503366167148e-13,0.30496344287245375,0.005968185854583631,0.310931628727717,0.0348575188222882,0.01002173186351249,60.67437255267008,6.395009739288988e-16,1.3067627038081427e-15,8.7044218387061e-17,5.141884272221841e-14,1.01755190367065,7.277796356034826e-4,1.1193074473299762,0.0247151447849785,0.0035813529980962505,97.89864404233407,5.708583330355066e-16,1.1664976420918364e-15,5.602877395672581e-19,1.6112606187601242e-17,0.012896910028921335,1.1285991273061292e-7,1.2544940423341335,2.257198254935071e-6,1.1285991274672562e-7,Malawi,Karonga,Nyika National Park-Karonga,10206,191
223,13.64797937127228,3.641711656786721e-15,7.441510119207896e-15,2.2894953822761476e-15,5.905021309300469e-13,0.3049634428724859,0.005968185854627589,0.3109316287277175,0.034857518822288436,0.010021731863512654,60.674372552670064,5.580813730328448e-16,1.1403890747450967e-15,7.596198481531391e-17,4.570808403809661e-14,1.0175519036706548,7.277796356046437e-4,1.119307447329981,0.024715144784978507,0.003581352998096253,97.89864404233407,4.981781346671305e-16,1.0179821959562318e-15,4.889534350778143e-19,1.4327749427169515e-17,0.012896910028921627,1.1285991273240388e-7,1.2544940423341404,2.257198254935122e-6,1.1285991274673173e-7,Malawi,Karonga,Nyika National Park-Karonga,10206,191
224,13.64797937127228,3.178058399430984e-15,6.49407640351011e-15,1.998003042918317e-15,5.250184357247827e-13,0.3049634428725144,0.005968185854666672,0.31093162872771796,0.03485751882228865,0.010021731863512798,60.67437255267006,4.870279039812859e-16,9.95197703462619e-16,6.629071041234639e-17,4.0631542670551314e-14,1.0175519036706593,7.277796356056759e-4,1.1193074473299853,0.024715144784978518,0.0035813529980962557,97.89864404233407,4.347513901406258e-16,8.883753501834538e-16,4.2670121404045653e-19,1.274051839321616e-17,0.01289691002892188,1.1285991273399644e-7,1.2544940423341464,2.2571982549351663e-6,1.1285991274673706e-7,Malawi,Karonga,Nyika National Park-Karonga,10206,191
225,13.64797937127228,2.773436269004034e-15,5.667267484563597e-15,1.7436226984286637e-15,4.667944542598811e-13,0.3049634428725398,0.00596818585470142,0.31093162872771835,0.03485751882228883,0.010021731863512923,60.67437255267005,4.2502077782605984e-16,8.684917199864049e-16,5.785075592394947e-17,3.6118789678762926e-14,1.017551903670663,7.277796356065933e-4,1.1193074473299889,0.024715144784978525,0.003581352998096258,97.89864404233407,3.7939997377762957e-16,7.752697109507633e-16,3.723747721453092e-19,1.1329042735900987e-17,0.012896910028922102,1.1285991273541258e-7,1.2544940423341515,2.257198254935205e-6,1.1285991274674172e-7,Malawi,Karonga,Nyika National Park-Karonga,10206,191
226,13.64797937127228,2.420329575944819e-15,4.945725726946684e-15,1.5216293564779961e-15,4.150256208851462e-13,0.30496344287256233,0.005968185854732314,0.3109316287277187,0.03485751882228899,0.010021731863513034,60.67437255267005,3.709082377156457e-16,7.579176128138832e-16,5.048535321902527e-17,3.210721651166726e-14,1.0175519036706666,7.27779635607409e-4,1.1193074473299922,0.02471514478497853,0.003581352998096259,97.89864404233407,3.310957557972854e-16,6.765643875559247e-16,3.249650221529262e-19,1.0073870932174472e-17,0.012896910028922293,1.1285991273667181e-7,1.254494042334156,2.257198254935239e-6,1.1285991274674579e-7,Malawi,Karonga,Nyika National Park-Karonga,10206,191
227,13.64797937127228,2.112179508741363e-15,4.316048789440247e-15,1.32789959640396e-15,3.689965026878492e-13,0.3049634428725823,0.005968185854759783,0.3109316287277189,0.03485751882228912,0.01002173186351313,60.67437255267005,3.2368516548560026e-16,6.614215134065142e-16,4.405769341358458e-17,2.854116671847119e-14,1.0175519036706695,7.277796356081338e-4,1.1193074473299949,0.024715144784978535,0.003581352998096261,97.89864404233407,2.8894150522865724e-16,5.904259692370658e-16,2.835913507171693e-19,8.957702954733169e-18,0.012896910028922461,1.1285991273779151e-7,1.25449404233416,2.2571982549352688e-6,1.1285991274674933e-7,Malawi,Karonga,Nyika National Park-Karonga,10206,191
228,13.64797937127228,1.84326230669352e-15,3.766540682072697e-15,1.1588349790916454e-15,3.280709293963327e-13,0.3049634428726001,0.005968185854784204,0.3109316287277192,0.03485751882228925,0.010021731863513213,60.67437255267005,2.824744119975804e-16,5.77211046424193e-16,3.8448385724132627e-17,2.537116405396125e-14,1.0175519036706722,7.277796356087784e-4,1.1193074473299973,0.02471514478497854,0.0035813529980962626,97.89864404233407,2.5215422421462324e-16,5.152544703309318e-16,2.474852615183143e-19,7.965152462684356e-18,0.012896910028922608,1.1285991273878716e-7,1.2544940423341635,2.257198254935294e-6,1.1285991274675243e-7,Malawi,Karonga,Nyika National Park-Karonga,10206,191
229,13.64797937127228,1.608582943406032e-15,3.2869945179285678e-15,1.0112952080251709e-15,2.9168321569066575e-13,0.3049634428726158,0.005968185854805917,0.31093162872771934,0.03485751882228935,0.010021731863513286,60.67437255267005,2.4651050445217505e-16,5.037220370883949e-16,3.355323985065313e-17,2.2553226278478053e-14,1.0175519036706746,7.277796356093513e-4,1.1193074473299995,0.024715144784978542,0.003581352998096264,97.89864404233407,2.2005060414894844e-16,4.496536112031225e-16,2.1597610089116464e-19,7.082535256865744e-18,0.012896910028922737,1.1285991273967248e-7,1.2544940423341664,2.2571982549353166e-6,1.1285991274675512e-7,Malawi,Karonga,Nyika National Park-Karonga,10206,191
230,13.64797937127228,1.4037823463511673e-15,2.8685029242482083e-15,8.825397999626299e-16,2.593303550858515e-13,0.3049634428726298,0.005968185854825222,0.31093162872771957,0.03485751882228945,0.01002173186351335,60.67437255267005,2.1512542809200884e-16,4.395894573038427e-16,2.928133069784863e-17,2.004825513990316e-14,1.0175519036706768,7.277796356098605e-4,1.1193074473300013,0.024715144784978545,0.0035813529980962652,97.89864404233407,1.9203433350065987e-16,3.9240488284551717e-16,1.8847860080256635e-19,6.29768110168987e-18,0.01289691002892285,1.1285991274045969e-7,1.254494042334169,2.2571982549353365e-6,1.1285991274675747e-7,Malawi,Karonga,Nyika National Park-Karonga,10206,191
231,13.64797937127228,1.2250564287117754e-15,2.5032925919098394e-15,7.701771820473141e-16,2.305650779081747e-13,0.30496344287264215,0.005968185854842385,0.3109316287277198,0.034857518822289525,0.010021731863513406,60.67437255267005,1.8773621803704488e-16,3.83622070793497e-16,2.555330949155191e-17,1.7821494081284075e-14,1.0175519036706788,7.277796356103132e-4,1.1193074473300029,0.02471514478497855,0.003581352998096266,97.89864404233407,1.675850215713942e-16,3.4244491369157154e-16,1.6448200783503875e-19,5.5997663349425285e-18,0.012896910028922948,1.1285991274115967e-7,1.2544940423341715,2.2571982549353535e-6,1.1285991274675954e-7,Malawi,Karonga,Nyika National Park-Karonga,10206,191
232,13.64797937127228,1.0690854301124827e-15,2.1845798892908757e-15,6.721202695812498e-16,2.0498967777022121e-13,0.30496344287265315,0.005968185854857645,0.31093162872771996,0.034857518822289595,0.010021731863513454,60.67437255267005,1.6383413098005588e-16,3.347803063847392e-16,2.229992991630797e-17,1.5842046155518963e-14,1.0175519036706806,7.277796356107155e-4,1.1193074473300042,0.024715144784978556,0.0035813529980962674,97.89864404233407,1.4624853245325775e-16,2.988457178766147e-16,1.4354059621411652e-19,4.9791649710357845e-18,0.012896910028923035,1.1285991274178207e-7,1.2544940423341735,2.2571982549353683e-6,1.1285991274676132e-7,Malawi,Karonga,Nyika National Park-Karonga,10206,191
233,13.64797937127228,9.329722534363012e-16,1.9064448591033012e-15,5.865476995201977e-16,1.8225052151605756e-13,0.304963442872663,0.005968185854871211,0.31093162872772007,0.03485751882228966,0.010021731863513498,60.67437255267005,1.4297519548890156e-16,2.9215694840285023e-16,1.946076190077371e-17,1.4082445463710849e-14,1.017551903670682,7.277796356110732e-4,1.1193074473300053,0.02471514478497856,0.0035813529980962683,97.89864404233407,1.2762854964117267e-16,2.6079745828250928e-16,1.252653886887009e-19,4.42731625636643e-18,0.012896910028923108,1.1285991274233548e-7,1.254494042334175,2.2571982549353814e-6,1.1285991274676289e-7,Malawi,Karonga,Nyika National Park-Karonga,10206,191
234,13.64797937127228,8.141886524374956e-16,1.6637212576240451e-15,5.118699995921637e-16,1.620331670110423e-13,0.3049634428726717,0.005968185854883273,0.31093162872772023,0.034857518822289706,0.010021731863513534,60.67437255267005,1.2477196541977063e-16,2.5496028551332644e-16,1.698306915978208e-17,1.2518276175338033e-14,1.0175519036706833,7.277796356113913e-4,1.1193074473300064,0.024715144784978563,0.0035813529980962687,97.89864404233407,1.113792146168536e-16,2.2759340414660317e-16,1.093169314812485e-19,3.936606860467395e-18,0.012896910028923172,1.1285991274282754e-7,1.2544940423341766,2.257198254935393e-6,1.1285991274676426e-7,Malawi,Karonga,Nyika National Park-Karonga,10206,191
235,13.64797937127228,7.105282706077178e-16,1.4519005938444143e-15,4.467000646540858e-16,1.4405802151316668e-13,0.3049634428726794,0.005968185854893997,0.31093162872772034,0.034857518822289754,0.010021731863513567,60.67437255267005,1.0888632326442126e-16,2.2249940500973437e-16,1.4820829644164535e-17,1.112783384797406e-14,1.0175519036706842,7.27779635611674e-4,1.119307447330007,0.024715144784978563,0.003581352998096269,97.89864404233407,9.719870266913634e-17,1.9861680382876453e-16,9.539898910759459e-20,3.500266086973655e-18,0.012896910028923231,1.1285991274326506e-7,1.254494042334178,2.2571982549354026e-6,1.1285991274676544e-7,Malawi,Karonga,Nyika National Park-Karonga,10206,191
236,13.64797937127228,6.200656590116311e-16,1.2670483861053448e-15,3.8982739190466427e-16,1.2807648080146415e-13,0.3049634428726863,0.00596818585490353,0.31093162872772045,0.034857518822289796,0.010021731863513595,60.67437255267005,9.502319975654853e-17,1.941713593945682e-16,1.2933880703820982e-17,9.891824350623153e-15,1.0175519036706853,7.277796356119252e-4,1.119307447330008,0.024715144784978563,0.0035813529980962696,97.89864404233407,8.482361662416082e-17,1.7332942890356026e-16,8.325304195198463e-20,3.1122726666761068e-18,0.01289691002892328,1.128599127436541e-7,1.2544940423341788,2.257198254935411e-6,1.128599127467665e-7,Malawi,Karonga,Nyika National Park-Karonga,10206,191
237,13.64797937127228,5.411205118651623e-16,1.1057310807199897e-15,3.4019559638901493e-16,1.1386749585361498e-13,0.30496344287269234,0.005968185854912006,0.3109316287277205,0.034857518822289824,0.010021731863513619,60.67437255267005,8.292509308154616e-17,1.6944996687764237e-16,1.128717308597748e-17,8.793096215996304e-15,1.0175519036706862,7.277796356121486e-4,1.1193074473300089,0.024715144784978563,0.00358135299809627,97.89864404233407,7.402409435125099e-17,1.5126157678881175e-16,7.265348439339482e-20,2.7672718535486244e-18,0.012896910028923323,1.1285991274400002e-7,1.25449404233418,2.2571982549354187e-6,1.128599127467674e-7,Malawi,Karonga,Nyika National Park-Karonga,10206,191
238,13.64797937127228,4.72226455546949e-16,9.649522751271604e-16,2.9688278915969313e-16,1.0123451975017484e-13,0.3049634428726978,0.005968185854919542,0.31093162872772057,0.03485751882228986,0.01002173186351364,60.67437255267005,7.236728588623511e-17,1.478760377658917e-16,9.850119912103991e-18,7.816402710459628e-15,1.017551903670687,7.277796356123472e-4,1.1193074473300095,0.024715144784978563,0.0035813529980962704,97.89864404233407,6.459953916842478e-17,1.3200334621347354e-16,6.340343429140239e-20,2.4605016857664103e-18,0.01289691002892336,1.1285991274430759e-7,1.2544940423341806,2.2571982549354255e-6,1.1285991274676818e-7,Malawi,Karonga,Nyika National Park-Karonga,10206,191
239,13.64797937127228,4.1210381131169926e-16,8.420970609469764e-16,2.590844536303445e-16,9.000279271763518e-14,0.3049634428727026,0.005968185854926243,0.3109316287277206,0.03485751882228988,0.010021731863513659,60.67437255267005,6.315367124647986e-17,1.2904884520379788e-16,8.596028541124513e-18,6.948190322360484e-15,1.017551903670688,7.277796356125237e-4,1.11930744733001,0.024715144784978563,0.003581352998096271,97.89864404233407,5.63748938415727e-17,1.1519702347024485e-16,5.533107599540151e-20,2.1877273993112893e-18,0.012896910028923392,1.1285991274458105e-7,1.2544940423341817,2.257198254935431e-6,1.1285991274676888e-7,Malawi,Karonga,Nyika National Park-Karonga,10206,191
240,13.64797937127228,3.5963582578406475e-16,7.348834531338945e-16,2.260985020603696e-16,8.001692787862264e-14,0.3049634428727069,0.0059681858549322,0.3109316287277207,0.03485751882228991,0.010021731863513676,60.67437255267005,5.5113110061756794e-17,1.1261868183695857e-16,7.501604766107023e-18,6.176410735685262e-15,1.0175519036706886,7.277796356126807e-4,1.1193074473300104,0.024715144784978563,0.0035813529980962718,97.89864404233407,4.919738896837205e-17,1.0053043803069242e-16,4.828646895076265e-20,1.945183093494262e-18,0.012896910028923422,1.1285991274482419e-7,1.2544940423341824,2.2571982549354356e-6,1.1285991274676948e-7,Malawi,Karonga,Nyika National Park-Karonga,10206,191
241,13.64797937127228,3.138479277242286e-16,6.413200030436418e-16,1.9731223460341284e-16,7.11387644188881e-14,0.30496344287271065,0.005968185854937495,0.31093162872772073,0.03485751882228993,0.01002173186351369,60.67437255267005,4.809625221677572e-17,9.828036414189047e-17,6.546520135166453e-18,5.4903536816002e-15,1.0175519036706893,7.277796356128201e-4,1.119307447330011,0.024715144784978563,0.003581352998096272,97.89864404233407,4.293370534950545e-17,8.773116410617211e-17,4.213876262366588e-20,1.7295198471413866e-18,0.012896910028923448,1.1285991274504038e-7,1.254494042334183,2.2571982549354407e-6,1.1285991274677e-7,Malawi,Karonga,Nyika National Park-Karonga,10206,191
242,13.64797937127228,2.738896257681589e-16,5.596688080942186e-16,1.7219095869133332e-16,6.324545856418809e-14,0.30496344287271404,0.005968185854942203,0.31093162872772084,0.03485751882228995,0.010021731863513702,60.67437255267005,4.1972762464538973e-17,8.576756376766725e-17,5.713034359805041e-18,4.88049834988434e-15,1.0175519036706897,7.27779635612944e-4,1.1193074473300115,0.024715144784978563,0.003581352998096272,97.89864404233407,3.746749763939675e-17,7.656146045093127e-17,3.6773766013429044e-20,1.5377595726424744e-18,0.012896910028923469,1.128599127452326e-7,1.2544940423341835,2.2571982549354445e-6,1.1285991274677047e-7,Malawi,Karonga,Nyika National Park-Karonga,10206,191
243,13.64797937127228,2.3901871090049934e-16,4.884132309406559e-16,1.5026805736497236e-16,5.622778603631017e-14,0.30496344287271704,0.005968185854946388,0.3109316287277209,0.03485751882228996,0.010021731863513713,60.67437255267005,3.66288995027565e-17,7.484786059639688e-17,4.985665797128782e-18,4.338381299592413e-15,1.0175519036706904,7.277796356130544e-4,1.1193074473300118,0.024715144784978563,0.003581352998096272,97.89864404233407,3.269723327929537e-17,6.681385441631785e-17,3.209182660737956e-20,1.3672539737605407e-18,0.012896910028923488,1.128599127454035e-7,1.2544940423341842,2.2571982549354475e-6,1.1285991274677087e-7,Malawi,Karonga,Nyika National Park-Karonga,10206,191
244,13.64797937127228,2.0858747022753245e-16,4.262297285604829e-16,1.311363220763074e-16,4.998863257134737e-14,0.3049634428727197,0.005968185854950109,0.31093162872772095,0.03485751882228998,0.010021731863513721,60.67437255267005,3.1965403275957e-17,6.531842563517318e-17,4.3509038853215115e-18,3.856479037050835e-15,1.0175519036706908,7.277796356131523e-4,1.119307447330012,0.024715144784978563,0.003581352998096272,97.89864404233407,2.853430657178034e-17,5.830728823172158e-17,2.800597938101498e-20,1.2156480431179848e-18,0.012896910028923505,1.1285991274555547e-7,1.2544940423341846,2.2571982549354505e-6,1.1285991274677122e-7,Malawi,Karonga,Nyika National Park-Karonga,10206,191
245,13.64797937127228,1.8203065597671687e-16,3.7196326798676745e-16,1.1444038897336564e-16,4.444165167491743e-14,0.3049634428727221,0.005968185854953418,0.31093162872772095,0.03485751882229,0.01002173186351373,60.67437255267005,2.789565126080078e-17,5.700225355099671e-17,3.796958191014884e-18,3.4281036326620726e-15,1.0175519036706913,7.277796356132394e-4,1.1193074473300122,0.024715144784978563,0.003581352998096272,97.89864404233407,2.490139286639398e-17,5.0883755931002204e-17,2.4440331462120703e-20,1.0808475975694635e-18,0.01289691002892352,1.1285991274569057e-7,1.254494042334185,2.257198254935453e-6,1.1285991274677153e-7,Malawi,Karonga,Nyika National Park-Karonga,10206,191
246,13.64797937127228,1.588549862519177e-16,3.246058720460866e-16,9.98701381758082e-17,3.951007109396994e-14,0.30496344287272426,0.005968185854956358,0.31093162872772095,0.03485751882229001,0.010021731863513735,60.67437255267005,2.434404948835244e-17,4.9744874869551606e-17,3.3135394072371988e-18,3.0473099287897357e-15,1.0175519036706915,7.277796356133168e-4,1.1193074473300124,0.024715144784978563,0.003581352998096272,97.89864404233407,2.173101228608055e-17,4.440536845669763e-17,2.132865245482816e-20,9.609904050924886e-19,0.012896910028923535,1.128599127458107e-7,1.2544940423341853,2.2571982549354547e-6,1.128599127467718e-7,Malawi,Karonga,Nyika National Park-Karonga,10206,191
247,13.64797937127228,1.3862998252517691e-16,2.832778965973419e-16,8.715493343608999e-17,3.512563153480835e-14,0.3049634428727261,0.005968185854958973,0.31093162872772095,0.03485751882229002,0.010021731863513742,60.67437255267005,2.1244628417213834e-17,4.341148676828378e-17,2.891668234087967e-18,2.7088130517244036e-15,1.0175519036706917,7.277796356133855e-4,1.1193074473300126,0.024715144784978563,0.003581352998096272,97.89864404233407,1.8964276316239542e-17,3.8751792427530885e-17,1.8613144239609503e-20,8.544205061324031e-19,0.012896910028923545,1.1285991274591751e-7,1.2544940423341855,2.257198254935457e-6,1.1285991274677203e-7,Malawi,Karonga,Nyika National Park-Karonga,10206,191
248,13.64797937127228,1.2097997367566418e-16,2.472116915050828e-16,7.605859519031521e-17,3.122764298017076e-14,0.3049634428727277,0.005968185854961299,0.31093162872772095,0.034857518822290025,0.010021731863513749,60.67437255267005,1.853981757664779e-17,3.788444916939257e-17,2.523508592185089e-18,2.4079150836280596e-15,1.017551903670692,7.277796356134468e-4,1.1193074473300129,0.024715144784978563,0.003581352998096272,97.89864404233407,1.6549793974823265e-17,3.381801499495225e-17,1.6243367398828577e-20,7.596653762026055e-19,0.012896910028923556,1.1285991274601247e-7,1.2544940423341857,2.257198254935458e-6,1.1285991274677224e-7,Malawi,Karonga,Nyika National Park-Karonga,10206,191
249,13.64797937127228,1.0557711805352244e-16,2.1573734185502317e-16,6.637501362635154e-17,2.7762145579684066e-14,0.3049634428727292,0.005968185854963366,0.31093162872772095,0.03485751882229003,0.010021731863513754,60.67437255267005,1.6179376218914572e-17,3.3061099623800086e-17,2.2022220709140473e-18,2.1404398773518955e-15,1.0175519036706921,7.277796356135011e-4,1.1193074473300133,0.024715144784978563,0.003581352998096272,97.89864404233407,1.444271724601543e-17,2.9512393272432666e-17,1.417530432677676e-20,6.754156155637519e-19,0.012896910028923564,1.1285991274609689e-7,1.254494042334186,2.25719825493546e-6,1.1285991274677241e-7,Malawi,Karonga,Nyika National Park-Karonga,10206,191
250,13.64797937127228,9.213531395173558e-17,1.882702245482803e-16,5.792432028875259e-17,2.4681163529998686e-14,0.3049634428727305,0.005968185854965203,0.31093162872772095,0.03485751882229004,0.010021731863513758,60.67437255267005,1.411946011604811e-17,2.885184639894603e-17,1.9218409079866686e-18,1.902675109838652e-15,1.0175519036706924,7.277796356135494e-4,1.1193074473300135,0.024715144784978563,0.003581352998096272,97.89864404233407,1.2603908046589676e-17,2.5754952110668536e-17,1.2370541622310681e-20,6.005068865211393e-19,0.01289691002892357,1.1285991274617195e-7,1.2544940423341862,2.2571982549354615e-6,1.1285991274677257e-7,Malawi,Karonga,Nyika National Park-Karonga,10206,191
251,13.64797937127228,8.040488539076652e-17,1.6430014918439355e-16,5.054954709379173e-17,2.1942041643928768e-14,0.30496344287273164,0.005968185854966836,0.31093162872772095,0.034857518822290046,0.010021731863513761,60.67437255267005,1.2321807174184699e-17,2.517850434820565e-17,1.677157140759086e-18,1.6913207707236011e-15,1.0175519036706926,7.277796356135924e-4,1.1193074473300135,0.024715144784978563,0.003581352998096272,97.89864404233407,1.0999211252364743e-17,2.2475898586194632e-17,1.079555657628391e-20,5.339038497603066e-19,0.012896910028923576,1.1285991274623869e-7,1.2544940423341866,2.2571982549354627e-6,1.128599127467727e-7,Malawi,Karonga,Nyika National Park-Karonga,10206,191
252,13.64797937127228,7.01679444874618e-17,1.4338188147784742e-16,4.411371071815643e-17,1.950685544764856e-14,0.3049634428727327,0.005968185854968288,0.31093162872772095,0.03485751882229006,0.010021731863513766,60.67437255267005,1.0753026729739793e-17,2.1972842654520838e-17,1.4636258706066922e-18,1.5034433711092793e-15,1.0175519036706928,7.277796356136305e-4,1.1193074473300135,0.024715144784978563,0.003581352998096272,97.89864404233407,9.598820280747245e-18,1.961432562907389e-17,9.42109450191417e-21,4.746858786163209e-19,0.012896910028923583,1.1285991274629802e-7,1.2544940423341868,2.2571982549354636e-6,1.1285991274677282e-7,Malawi,Karonga,Nyika National Park-Karonga,10206,191
253,13.64797937127228,6.123434427729369e-17,1.2512687321444644e-16,3.84972681927827e-17,1.7341886660141206e-14,0.3049634428727336,0.005968185854969579,0.31093162872772095,0.034857518822290066,0.01002173186351377,60.67437255267005,9.383979331574874e-18,1.9175317471039708e-17,1.2772808433858238e-18,1.336435237591042e-15,1.0175519036706933,7.277796356136644e-4,1.1193074473300135,0.024715144784978563,0.003581352998096272,97.89864404233407,8.376723445725087e-18,1.7117080699131324e-17,8.221625341632891e-21,4.2203435460859996e-19,0.012896910028923588,1.1285991274635076e-7,1.254494042334187,2.257198254935465e-6,1.1285991274677292e-7,Malawi,Karonga,Nyika National Park-Karonga,10206,191
254,13.64797937127228,5.343814681274785e-17,1.0919604512813738e-16,3.3595896443554147e-17,1.5417156810843294e-14,0.30496344287273436,0.005968185854970727,0.31093162872772095,0.03485751882229007,0.010021731863513772,60.67437255267005,8.189235487685616e-18,1.6733965918655925e-17,1.1146607779618458e-18,1.1879783267963585e-15,1.0175519036706935,7.277796356136946e-4,1.1193074473300135,0.024715144784978563,0.003581352998096272,97.89864404233407,7.310220801503437e-18,1.4937778499388364e-17,7.174869457265926e-21,3.752213693139771e-19,0.012896910028923594,1.1285991274639767e-7,1.254494042334187,2.2571982549354657e-6,1.1285991274677301e-7,Malawi,Karonga,Nyika National Park-Karonga,10206,191
255,13.64797937127228,4.663454093423811e-17,9.529348864318498e-17,2.931855453485546e-17,1.370601255374764e-14,0.30496344287273514,0.005968185854971746,0.31093162872772095,0.03485751882229007,0.010021731863513773,60.67437255267005,7.146603322853907e-18,1.460344089690641e-17,9.727450743897105e-19,1.0560120584605811e-15,1.0175519036706937,7.277796356137214e-4,1.1193074473300135,0.024715144784978563,0.003581352998096272,97.89864404233407,6.379502500352555e-18,1.3035939388255808e-17,6.261383795317951e-21,3.335996769890411e-19,0.012896910028923597,1.1285991274643937e-7,1.254494042334187,2.2571982549354666e-6,1.1285991274677309e-7,Malawi,Karonga,Nyika National Park-Karonga,10206,191
256,13.64797937127228,4.0697152462412055e-17,8.316096949415431e-17,2.5585792623037957e-17,1.2184756949675671e-14,0.3049634428727358,0.0059681858549726526,0.31093162872772095,0.03485751882229007,0.010021731863513775,60.67437255267005,6.236716373699068e-18,1.274416878023652e-17,8.488977075555875e-19,9.387047207987151e-16,1.0175519036706937,7.277796356137452e-4,1.1193074473300135,0.024715144784978563,0.003581352998096272,97.89864404233407,5.567280832837992e-18,1.137623748684615e-17,5.4642007405708214e-21,2.9659375955503307e-19,0.012896910028923602,1.1285991274647644e-7,1.254494042334187,2.257198254935467e-6,1.1285991274677314e-7,Malawi,Karonga,Nyika National Park-Karonga,10206,191
257,13.64797937127228,3.551569684977657e-17,7.257313113070249e-17,2.2328276209372702e-17,1.0832321622900531e-14,0.3049634428727364,0.005968185854973459,0.31093162872772095,0.03485751882229007,0.010021731863513777,60.67437255267005,5.4426738645910425e-18,1.1121614354187065e-17,7.408182641291901e-19,8.34428051481438e-16,1.0175519036706937,7.277796356137665e-4,1.1193074473300135,0.024715144784978563,0.003581352998096272,97.89864404233407,4.858469115731817e-18,9.9278445153079e-18,4.768512949865987e-21,2.6369188086035306e-19,0.012896910028923606,1.128599127465094e-7,1.254494042334187,2.2571982549354674e-6,1.1285991274677321e-7,Malawi,Karonga,Nyika National Park-Karonga,10206,191
258,13.64797937127228,3.0993930690613457e-17,6.333330881239792e-17,1.9485498281152117e-17,9.629975262530586e-15,0.30496344287273686,0.005968185854974176,0.31093162872772095,0.03485751882229007,0.010021731863513779,60.67437255267005,4.749726782698717e-18,9.705639337994926e-18,6.464992133600449e-19,7.417346415711852e-16,1.0175519036706937,7.277796356137854e-4,1.1193074473300135,0.024715144784978563,0.003581352998096272,97.89864404233407,4.239901463079939e-18,8.663857170211698e-18,4.161398312000799e-21,2.3443902074678596e-19,0.012896910028923608,1.128599127465387e-7,1.254494042334187,2.257198254935468e-6,1.1285991274677325e-7,Malawi,Karonga,Nyika National Park-Karonga,10206,191
259,13.64797937127228,2.7047864039325127e-17,5.52698766421008e-17,1.700465541953526e-17,8.561064440822496e-15,0.3049634428727373,0.005968185854974813,0.31093162872772095,0.03485751882229007,0.01002173186351378,60.67437255267005,4.145003921146598e-18,8.469942578428396e-18,5.64188618041702e-19,6.593378489312536e-16,1.0175519036706937,7.277796356138021e-4,1.1193074473300135,0.024715144784978563,0.003581352998096272,97.89864404233407,3.700088235288404e-18,7.5607974067587e-18,3.631579924992141e-21,2.0843059155256174e-19,0.01289691002892361,1.1285991274656476e-7,1.254494042334187,2.2571982549354683e-6,1.1285991274677331e-7,Malawi,Karonga,Nyika National Park-Karonga,10206,191
260,13.64797937127228,2.3604200331759114e-17,4.823305968555335e-17,1.4839666998337764e-17,7.61078316679596e-15,0.3049634428727377,0.0059681858549753795,0.31093162872772095,0.03485751882229007,0.010021731863513784,60.67437255267005,3.617272801644274e-18,7.391571516687891e-18,4.923575930164831e-19,5.860939424304644e-16,1.0175519036706937,7.277796356138168e-4,1.1193074473300135,0.024715144784978563,0.003581352998096272,97.89864404233407,3.229002623796063e-18,6.598176343758809e-18,3.1692166323919183e-21,1.853068504543676e-19,0.012896910028923611,1.1285991274658792e-7,1.254494042334187,2.2571982549354687e-6,1.1285991274677335e-7,Malawi,Karonga,Nyika National Park-Karonga,10206,191
261,13.64797937127228,2.0598974931692366e-17,4.209215196361309e-17,1.2950319255815763e-17,6.765967990317016e-15,0.304963442872738,0.0059681858549758835,0.31093162872772095,0.03485751882229007,0.010021731863513786,60.67437255267005,3.1567310358248868e-18,6.4504958540706234e-18,4.296719067767588e-19,5.209862292106241e-16,1.0175519036706937,7.2777963561383e-4,1.1193074473300135,0.024715144784978563,0.003581352998096272,97.89864404233407,2.8178944072317215e-18,5.758113691093119e-18,2.765720227959145e-21,1.647479306291883e-19,0.012896910028923613,1.128599127466085e-7,1.254494042334187,2.2571982549354695e-6,1.128599127467734e-7,Malawi,Karonga,Nyika National Park-Karonga,10206,191
262,13.64797937127228,1.7976367014036364e-17,3.673308864247975e-17,1.13015183409521e-17,6.0149158246713324e-15,0.30496344287273836,0.005968185854976331,0.31093162872772095,0.03485751882229007,0.010021731863513786,60.67437255267005,2.7548242499153618e-018,5.62923549741429e-18,3.749671986748848e-19,4.631109447928987e-16,1.0175519036706937,7.277796356138418e-4,1.1193074473300135,0.024715144784978563,0.003581352998096272,97.89864404233407,2.4591274196530234e-18,5.025005630682239e-18,2.41359593334583e-21,1.4646942273680558e-19,0.012896910028923615,1.1285991274662682e-7,1.254494042334187,2.25719825493547e-6,1.1285991274677342e-7,Malawi,Karonga,Nyika National Park-Karonga,10206,191
263,13.64797937127228,1.568766271598272e-17,3.205632732634857e-17,9.862638459904987e-18,5.3472219694268024e-15,0.3049634428727386,0.005968185854976728,0.31093162872772095,0.03485751882229007,0.010021731863513786,60.67437255267005,2.4040871907640816e-18,4.9125358735594405e-18,3.272273514122283e-19,4.116647102537168e-16,1.0175519036706937,7.277796356138524e-4,1.1193074473300135,0.024715144784978563,0.003581352998096272,97.89864404233407,2.1460377119064866e-18,4.3852349819861134e-18,2.106303185739467e-21,1.3021844580188222e-19,0.012896910028923616,1.1285991274664308e-7,1.254494042334187,2.2571982549354704e-6,1.1285991274677346e-7,Malawi,Karonga,Nyika National Park-Karonga,10206,191
264,13.64797937127228,1.3690350297048348e-17,2.7974999098372816e-17,8.606953014722119e-18,4.753636094411217e-15,0.30496344287273885,0.005968185854977082,0.31093162872772095,0.03485751882229007,0.010021731863513786,60.67437255267005,2.0980050618358668e-18,4.28708458193022e-18,2.8556561708561553e-19,3.659333824400297e-16,1.0175519036706937,7.277796356138617e-4,1.1193074473300135,0.024715144784978563,0.003581352998096272,97.89864404233407,1.872809771514314e-18,3.826918268478739e-18,1.8381341496531784e-21,1.1577015331483447e-19,0.01289691002892362,1.1285991274665756e-7,1.254494042334187,2.2571982549354704e-6,1.1285991274677349e-7,Malawi,Karonga,Nyika National Park-Karonga,10206,191
265,13.64797937127228,1.1947330500990556e-17,2.4413294966282375e-17,7.511138167967558e-18,4.225934193752869e-15,0.3049634428727391,0.005968185854977397,0.31093162872772095,0.03485751882229007,0.010021731863513786,60.67437255267005,1.830892513547443e-18,3.741264122171709e-18,2.4920814621563667e-19,3.252821425191591e-16,1.0175519036706937,7.277796356138699e-4,1.1193074473300135,0.024715144784978563,0.003581352998096272,97.89864404233407,1.6343685019233127e-18,3.339684986961592e-18,1.604107696272679e-21,1.0292462636571157e-19,0.012896910028923621,1.1285991274667043e-7,1.254494042334187,2.2571982549354704e-6,1.1285991274677351e-7,Malawi,Karonga,Nyika National Park-Karonga,10206,191
266,13.64797937127228,1.0426227452389515e-17,2.1305057741549845e-17,6.554839612187843e-18,3.7568047395708405e-15,0.3049634428727393,0.005968185854977676,0.31093162872772095,0.03485751882229007,0.010021731863513786,60.67437255267005,1.5977880402386767e-18,3.264936103861484e-18,2.17479613815573e-19,2.89146685338026e-16,1.0175519036706937,7.277796356138772e-4,1.1193074473300135,0.024715144784978563,0.003581352998096272,97.89864404233407,1.4262849546749256e-18,2.9144849797340788e-18,1.3998768810721622e-21,9.150411095739528e-20,0.012896910028923621,1.1285991274668186e-7,1.254494042334187,2.2571982549354704e-6,1.1285991274677353e-7,Malawi,Karonga,Nyika National Park-Karonga,10206,191
267,13.64797937127228,9.098787288085721e-18,1.8592553196839125e-17,5.720294497145865e-18,3.3397474611001178e-15,0.3049634428727395,0.005968185854977925,0.31093162872772095,0.03485751882229007,0.010021731863513786,60.67437255267005,1.3943618222467909e-18,2.8492529300795453e-18,1.8979067551131977e-19,2.5702538733853837e-16,1.0175519036706937,7.277796356138837e-4,1.1193074473300135,0.024715144784978563,0.003581352998096272,97.89864404233407,1.2446940635102166e-18,2.5434203316383434e-18,1.2216482011356035e-21,8.135056138685868e-20,0.012896910028923621,1.1285991274669204e-7,1.254494042334187,2.2571982549354704e-6,1.1285991274677354e-7,Malawi,Karonga,Nyika National Park-Karonga,10206,191
268,13.64797937127228,7.940353353238331e-18,1.6225397676421377e-17,4.992001492307095e-18,2.9689833495024518e-15,0.3049634428727397,0.005968185854978146,0.31093162872772095,0.03485751882229007,0.010021731863513786,60.67437255267005,1.2168353012882053e-18,2.4864934569372602e-18,1.6562702071545896e-19,2.2847234435158056e-16,1.0175519036706937,7.277796356138896e-4,1.1193074473300135,0.024715144784978563,0.003581352998096272,97.89864404233407,1.0862228523513522e-18,2.2195986695468157e-18,1.066111132423096e-21,7.232345580101261e-20,0.012896910028923621,1.1285991274670108e-7,1.254494042334187,2.2571982549354704e-6,1.1285991274677355e-7,Malawi,Karonga,Nyika National Park-Karonga,10206,191
269,13.64797937127228,6.9294082140677175e-18,1.4159622240448503e-17,4.356432856094436e-18,2.6393746437464938e-15,0.30496344287273985,0.0059681858549783424,0.31093162872772095,0.03485751882229007,0.010021731863513786,60.67437255267005,1.0619109952930522e-18,2.1699195765074542e-18,1.445398195223309e-19,2.0309118266188254e-16,1.0175519036706937,7.277796356138948e-4,1.1193074473300135,0.024715144784978563,0.003581352998096272,97.89864404233407,9.479277836564465e-19,1.937005139374273e-18,9.30376638166964e-22,6.429785378534352e-20,0.012896910028923621,1.1285991274670911e-7,1.254494042334187,2.2571982549354704e-6,1.1285991274677357e-7,Malawi,Karonga,Nyika National Park-Karonga,10206,191
270,13.64797937127228,6.047173980959181e-18,1.2356855960654243e-17,3.8017831634756846e-18,2.3463536908756144e-15,0.30496344287273996,0.005968185854978518,0.31093162872772095,0.03485751882229007,0.010021731863513786,60.67437255267005,9.267112490300471e-19,1.8936510592340287e-18,1.2613738587542573e-19,1.8052955746914876e-16,1.0175519036706937,7.277796356138993e-4,1.1193074473300135,0.024715144784978563,0.003581352998096272,97.89864404233407,8.27240083452377e-19,1.6903906825248342e-18,8.119235062141293e-22,5.716266918110758e-20,0.012896910028923621,1.1285991274671626e-7,1.254494042334187,2.2571982549354704e-6,1.1285991274677358e-7,Malawi,Karonga,Nyika National Park-Karonga,10206,191
271,13.64797937127228,5.2772635160730276e-18,1.078361319527226e-17,3.3177500254505837e-18,2.0858596967148893e-15,0.30496344287274013,0.005968185854978673,0.31093162872772095,0.03485751882229007,0.010021731863513786,60.67437255267005,8.087247828517409e-19,1.6525563311000105e-18,1.1007790216673857e-19,1.604742623860861e-16,1.0175519036706937,7.277796356139034e-4,1.1193074473300135,0.024715144784978563,0.003581352998096272,97.89864404233407,7.219180273733511e-19,1.4751745369548967e-18,7.085515185600601e-22,5.081913428863253e-20,0.012896910028923621,1.1285991274672262e-7,1.254494042334187,2.2571982549354704e-6,1.128599127467736e-7,Malawi,Karonga,Nyika National Park-Karonga,10206,191
272,13.64797937127228,4.605376049344857e-18,9.410671607358652e-18,2.895342726302246e-18,1.8542824920241214e-15,0.30496344287274024,0.005968185854978811,0.31093162872772095,0.03485751882229007,0.010021731863513786,60.67437255267005,7.057600467042294e-19,1.4421571567470183e-18,9.606307011440054e-20,1.4264688212954999e-16,1.0175519036706937,7.27779635613907e-4,1.1193074473300135,0.024715144784978563,0.003581352998096272,97.89864404233407,6.300053015699262e-19,1.287359151330618e-18,6.183405832144241e-22,4.5179434262743713e-20,0.012896910028923621,1.1285991274672828e-7,1.254494042334187,2.2571982549354704e-6,1.1285991274677362e-7,Malawi,Karonga,Nyika National Park-Karonga,10206,191
273,13.64797937127228,4.019031547565638e-18,8.212529371910407e-18,2.5267152247841217e-18,1.6484125361940524e-15,0.30496344287274035,0.005968185854978934,0.31093162872772095,0.03485751882229007,0.010021731863513786,60.67437255267005,6.159045129868411e-19,1.2585454580962786e-18,8.38325699958078e-20,1.2679992806525959e-16,1.0175519036706937,7.277796356139102e-4,1.1193074473300135,0.024715144784978563,0.003581352998096272,97.89864404233407,5.497946649842998e-19,1.1234559321572312e-18,5.396150692894788e-22,4.016549284516542e-20,0.012896910028923621,1.1285991274673329e-7,1.254494042334187,2.2571982549354704e-6,1.1285991274677363e-7,Malawi,Karonga,Nyika National Park-Karonga,10206,191
274,13.64797937127228,3.5073389028998685e-18,7.166931489961573e-18,2.205020417157912e-18,1.4653964667762926e-15,0.3049634428727404,0.005968185854979044,0.31093162872772095,0.03485751882229007,0.010021731863513786,60.67437255267005,5.374891521390617e-19,1.09831072340651e-18,7.315922531666765e-20,1.127134029807298e-16,1.0175519036706937,7.277796356139131e-4,1.1193074473300135,0.024715144784978563,0.003581352998096272,97.89864404233407,4.797962380502182e-19,9.804204445907091e-19,4.709126828514568e-22,3.5707892669720424e-20,0.012896910028923621,1.1285991274673777e-7,1.254494042334187,2.2571982549354704e-6,1.1285991274677363e-7,Malawi,Karonga,Nyika National Park-Karonga,10206,191
275,13.64797937127228,3.0607936350388853e-18,6.25445641113656e-18,1.924282955079585e-18,1.3026975798286818e-15,0.30496344287274046,0.00596818585497914,0.31093162872772095,0.03485751882229007,0.010021731863513786,60.67437255267005,4.690574311033437e-19,9.58476658421793e-19,6.384478310171796e-20,1.0019174741422049e-16,1.0175519036706937,7.277796356139156e-4,1.1193074473300135,0.024715144784978563,0.003581352998096272,97.89864404233407,4.187098287931489e-19,8.555958633135453e-19,4.1095730541697346e-22,3.174491523182403e-20,0.012896910028923621,1.1285991274674174e-7,1.254494042334187,2.2571982549354704e-6,1.1285991274677363e-7,Malawi,Karonga,Nyika National Park-Karonga,10206,191
276,13.64797937127228,2.6711013493899965e-18,5.45815528634474e-18,1.6792882559790549e-18,1.1580606942422488e-15,0.3049634428727405,0.005968185854979227,0.31093162872772095,0.03485751882229007,0.010021731863513786,60.67437255267005,4.093382588230012e-19,8.364459029305602e-19,5.571623142778743e-20,8.906112516188926e-17,1.0175519036706937,7.277796356139178e-4,1.1193074473300135,0.024715144784978563,0.003581352998096272,97.89864404233407,3.6540078229941145e-19,7.466636230979414e-19,3.5863529058092092e-22,2.822168726466346e-20,0.012896910028923621,1.1285991274674527e-7,1.254494042334187,2.2571982549354704e-6,1.1285991274677363e-7,Malawi,Karonga,Nyika National Park-Karonga,10206,191
277,13.64797937127228,2.3310236721099262e-18,4.763237149883677e-18,1.465485644347816e-18,1.029480913843524e-15,0.3049634428727406,0.0059681858549793035,0.31093162872772095,0.03485751882229007,0.010021731863513786,60.67437255267005,3.572223762489504e-19,7.299517858685297e-19,4.862258579891292e-20,7.916701029177826e-17,1.0175519036706937,7.277796356139199e-4,1.1193074473300135,0.024715144784978563,0.003581352998096272,97.89864404233407,3.188789049680946e-19,6.516003524109365e-19,3.129747784956456e-22,2.5089421732629387e-20,0.012896910028923621,1.128599127467484e-7,1.254494042334187,2.2571982549354704e-6,1.1285991274677363e-7,Malawi,Karonga,Nyika National Park-Karonga,10206,191
278,13.64797937127228,2.0342438002891837e-18,4.1567941833381576e-18,1.2789038248244424e-18,9.151758549739382e-16,0.30496344287274063,0.005968185854979371,0.31093162872772095,0.03485751882229007,0.010021731863513786,60.67437255267005,3.117417523093872e-19,6.370162228364735e-19,4.2432084671774045e-20,7.037204217705049e-17,1.0175519036706937,7.277796356139216e-4,1.1193074473300135,0.024715144784978563,0.003581352998096272,97.89864404233407,2.7828007207240824e-019,5.68640290120918e-19,2.7312764397651235e-22,2.2304742958233958e-20,0.012896910028923621,1.1285991274675119e-7,1.254494042334187,2.2571982549354704e-6,1.1285991274677363e-7,Malawi,Karonga,Nyika National Park-Karonga,10206,191
279,13.64797937127228,1.775249169937339e-18,3.627561958165059e-18,1.1160771170258209e-18,8.135609551808648e-16,0.3049634428727407,0.005968185854979431,0.31093162872772095,0.03485751882229007,0.010021731863513786,60.67437255267005,2.720516031310177e-19,5.559129739965335e-19,3.7029742039499804e-20,6.255411878005712e-17,1.0175519036706937,7.277796356139232e-4,1.1193074473300135,0.024715144784978563,0.003581352998096272,97.89864404233407,2.4285017699849246e-19,4.962424872113095e-19,2.3835374292745847e-22,1.982908655988718e-20,0.012896910028923621,1.1285991274675367e-7,1.254494042334187,2.2571982549354704e-6,1.1285991274677363e-7,Malawi,Karonga,Nyika National Park-Karonga,10206,191
280,13.64797937127228,1.5492290623753024e-18,3.165710203568748e-18,9.73981081966876e-19,7.232275212745989e-16,0.3049634428727408,0.005968185854979485,0.31093162872772095,0.03485751882229007,0.010021731863513786,60.67437255267005,2.3741470052627773e-19,4.851355798776282e-19,3.2315211614111036e-20,5.560470172495466e-17,1.0175519036706937,7.277796356139247e-4,1.1193074473300135,0.024715144784978563,0.003581352998096272,97.89864404233407,2.1193112402539919e-19,4.3306218428676746e-19,2.0800716447046574e-22,1.762816591049952e-20,0.012896910028923621,1.1285991274675587e-7,1.254494042334187,2.2571982549354704e-6,1.1285991274677363e-7,Malawi,Karonga,Nyika National Park-Karonga,10206,191
281,13.64797937127228,1.3519852471154686e-18,2.7626602132664228e-18,8.49976344356357e-19,6.429232129009155e-16,0.30496344287274085,0.0059681858549795325,0.31093162872772095,0.03485751882229007,0.010021731863513786,60.67437255267005,2.0718767828314908e-19,4.2336937951072945e-19,2.8200922935676653e-20,4.942730963556754e-17,1.0175519036706937,7.27779635613926e-4,1.1193074473300135,0.024715144784978563,0.003581352998096272,97.89864404233407,1.8494860446789847e-19,3.7792583322084727e-19,1.8152423341798617e-22,1.567149774515617e-20,0.012896910028923621,1.1285991274675782e-7,1.254494042334187,2.2571982549354704e-6,1.1285991274677363e-7,Malawi,Karonga,Nyika National Park-Karonga,10206,191
282,13.64797937127228,1.179854001457994e-18,2.410925499549216e-18,7.4175956729120995e-19,5.715346914733318e-16,0.3049634428727409,0.005968185854979574,0.31093162872772095,0.03485751882229007,0.010021731863513786,60.67437255267005,1.8080908190254139e-19,3.694670911423846e-19,2.4610454787186253e-20,4.393617882777682e-17,1.0175519036706937,7.277796356139272e-4,1.1193074473300135,0.024715144784978563,0.003581352998096272,97.89864404233407,1.6140142912899211e-19,3.2980929898252345e-19,1.584130402392415e-22,1.3931980362716044e-20,0.012896910028923621,1.1285991274675956e-7,1.254494042334187,2.2571982549354704e-6,1.1285991274677363e-7,Malawi,Karonga,Nyika National Park-Karonga,10206,191
283,13.64797937127228,1.0296380583492858e-18,2.1039727348538286e-18,6.473206687248754e-19,5.080721942683396e-16,0.3049634428727409,0.005968185854979612,0.31093162872772095,0.03485751882229007,0.010021731863513786,60.67437255267005,1.5778893981203125e-19,3.2242750194828857e-19,2.1477115701996092e-20,3.9055072768156575e-17,1.0175519036706937,7.27779635613928e-4,1.1193074473300135,0.024715144784978563,0.003581352998096272,97.89864404233407,1.4085221891683087e-19,2.8781883674946476e-19,1.3824430404387664e-22,1.2385518592377316e-20,0.012896910028923621,1.1285991274676113e-7,1.254494042334187,2.2571982549354704e-6,1.1285991274677363e-7,Malawi,Karonga,Nyika National Park-Karonga,10206,191
284,13.64797937127228,8.985472184621754e-19,1.836100397891614e-18,5.649054850231835e-19,4.516558201246253e-16,0.3049634428727409,0.005968185854979647,0.31093162872772095,0.03485751882229007,0.010021731863513786,60.67437255267005,1.3769966234554473e-19,2.8137687091710235e-19,1.8742705197363648e-20,3.471622377509411e-17,1.0175519036706937,7.277796356139289e-4,1.1193074473300135,0.024715144784978563,0.003581352998096272,97.89864404233407,1.2291928070807477e-19,2.5117449096577207e-19,1.20643398866685e-22,1.1010690342027789e-20,0.012896910028923621,1.1285991274676249e-7,1.254494042334187,2.2571982549354704e-6,1.1285991274677363e-7,Malawi,Karonga,Nyika National Park-Karonga,10206,191
285,13.64797937127228,7.841465233916083e-19,1.602332870236909e-18,4.92983188098899e-19,4.0150333687176454e-16,0.3049634428727409,0.0059681858549796764,0.31093162872772095,0.03485751882229007,0.010021731863513786,60.67437255267005,1.201680994412772e-19,2.455526994707395e-19,1.635643272449743e-20,3.085939227386368e-17,1.0175519036706937,7.277796356139297e-4,1.1193074473300135,0.024715144784978563,0.003581352998096272,97.89864404233407,1.0726951755520244e-19,2.1919560798851043e-19,1.0528339514495669e-22,9.788450119461605e-21,0.012896910028923621,1.1285991274676373e-7,1.254494042334187,2.2571982549354704e-6,1.1285991274677363e-7,Malawi,Karonga,Nyika National Park-Karonga,10206,191
286,13.64797937127228,6.84311027304276e-19,1.3983280162623191e-18,4.3021785091170737e-19,3.5691934167237763e-16,0.3049634428727409,0.005968185854979703,0.31093162872772095,0.03485751882229007,0.010021731863513786,60.67437255267005,1.0486860953285844e-19,2.142895683670702e-19,1.4273974255067427e-20,2.7431030548535135e-17,1.0175519036706937,7.277796356139303e-4,1.1193074473300135,0.024715144784978563,0.003581352998096272,97.89864404233407,9.361224154778741e-20,1.9128819322640548e-19,9.187898713677796e-23,8.701865428209868e-21,0.012896910028923621,1.1285991274676482e-7,1.254494042334187,2.2571982549354704e-6,1.1285991274677363e-7,Malawi,Karonga,Nyika National Park-Karonga,10206,191
287,13.64797937127228,5.971863269442013e-19,1.2202965297562926e-18,3.754436331745936e-19,3.1728562418532345e-16,0.3049634428727409,0.005968185854979727,0.31093162872772095,0.03485751882229007,0.010021731863513786,60.67437255267005,9.151701089126812e-20,1.8700677781133963e-19,1.2456648980661517e-20,2.4383539383825975e-17,1.0175519036706937,7.27779635613931e-4,1.1193074473300135,0.024715144784978563,0.003581352998096272,97.89864404233407,8.169377440418606e-20,1.669338779347608e-19,8.018119348459579e-23,7.735882393840796e-21,0.012896910028923621,1.128599127467658e-7,1.254494042334187,2.2571982549354704e-6,1.1285991274677363e-7,Malawi,Karonga,Nyika National Park-Karonga,10206,191
288,13.64797937127228,5.211541168593983e-19,1.0649315491179887e-18,3.2764312635406793e-19,2.820525991055375e-16,0.3049634428727409,0.005968185854979748,0.31093162872772095,0.03485751882229007,0.010021731863513786,60.67437255267005,7.986530306593652e-20,1.631975611971809e-19,1.087070083269897e-20,2.1674607279218092e-17,1.0175519036706937,7.277796356139314e-4,1.1193074473300135,0.024715144784978563,0.003581352998096272,97.89864404233407,7.129273550181975e-20,1.456802907295415e-19,6.997273248906437e-23,6.877117380406168e-21,0.012896910028923621,1.1285991274676666e-7,1.254494042334187,2.2571982549354704e-6,1.1285991274677363e-7,Malawi,Karonga,Nyika National Park-Karonga,10206,191
289,13.64797937127228,4.548021300466208e-19,9.293472337635499e-19,2.859284557279697e-19,2.507316894364262e-16,0.3049634428727409,0.005968185854979767,0.31093162872772095,0.03485751882229007,0.010021731863513786,60.67437255267005,6.969706037828432e-20,1.4241967212586945e-19,9.486671477363494e-21,1.9266623063532455e-17,1.0175519036706937,7.277796356139319e-4,1.1193074473300135,0.024715144784978563,0.003581352998096272,97.89864404233407,6.221592982319055e-20,1.2713265497519563e-19,6.106398619100458e-23,6.113671715771318e-21,0.012896910028923621,1.1285991274676741e-7,1.254494042334187,2.2571982549354704e-6,1.1285991274677363e-7,Malawi,Karonga,Nyika National Park-Karonga,10206,191
290,13.64797937127228,3.968979056340452e-19,8.110251608413039e-19,2.4952478845281177e-19,2.2288855500619465e-16,0.3049634428727409,0.005968185854979784,0.31093162872772095,0.03485751882229007,0.010021731863513786,60.67437255267005,6.082341190604436e-20,1.2428716985440842e-19,8.27885313941362e-21,1.7126153756418006e-17,1.0175519036706937,7.277796356139324e-4,1.1193074473300135,0.024715144784978563,0.003581352998096272,97.89864404233407,5.429475943822502e-20,1.1094645596926727e-19,5.328947829742945e-23,5.434966963785058e-21,0.012896910028923621,1.1285991274676809e-7,1.254494042334187,2.2571982549354704e-6,1.1285991274677363e-7,Malawi,Karonga,Nyika National Park-Karonga,10206,191
291,13.64797937127228,3.4636589648333064e-19,7.077675465355368e-19,2.177559413997585e-19,1.981370724631821e-16,0.3049634428727409,0.005968185854979799,0.31093162872772095,0.03485751882229007,0.010021731863513786,60.67437255267005,5.307953328044242e-20,1.0846325061541001e-19,7.224811090528462e-21,1.5223480430921762e-17,1.0175519036706937,7.277796356139328e-4,1.1193074473300135,0.024715144784978563,0.003581352998096272,97.89864404233407,4.738209186672427e-20,9.682104172625381e-20,4.6504800525572484e-23,4.8315984655989996e-21,0.012896910028923621,1.128599127467687e-7,1.254494042334187,2.2571982549354704e-6,1.1285991274677363e-7,Malawi,Karonga,Nyika National Park-Karonga,10206,191
292,13.64797937127228,3.0226749132044195e-19,6.176564231509179e-19,1.900318213162301e-19,1.7613398334921403e-16,0.3049634428727409,0.005968185854979811,0.31093162872772095,0.03485751882229007,0.010021731863513786,60.67437255267005,4.632158514268575e-20,9.465399162117519e-20,6.3049669336231715e-21,1.3532185632638163e-17,1.0175519036706937,7.277796356139332e-4,1.1193074473300135,0.024715144784978563,0.003581352998096272,97.89864404233407,4.1349527153219505e-20,8.44940384895437e-20,4.058393027944747e-23,4.2952051242079395e-21,0.012896910028923621,1.1285991274676921e-7,1.254494042334187,2.2571982549354704e-6,1.1285991274677363e-7,Malawi,Karonga,Nyika National Park-Karonga,10206,191
293,13.64797937127228,2.6378358041759286e-19,5.390180136515807e-19,1.6583746408699776e-19,1.5657413613367074e-16,0.3049634428727409,0.005968185854979822,0.31093162872772095,0.03485751882229007,0.010021731863513786,60.67437255267005,4.0424041387070317e-20,8.260289156889348e-20,5.50223494218977e-21,1.2028786629692939e-17,1.0175519036706937,7.277796356139336e-4,1.1193074473300135,0.024715144784978563,0.003581352998096272,97.89864404233407,3.6085012890645196e-20,7.373647724686422e-20,3.541688983206712e-23,3.818353631410277e-21,0.012896910028923621,1.128599127467697e-7,1.254494042334187,2.2571982549354704e-6,1.1285991274677363e-7,Malawi,Karonga,Nyika National Park-Karonga,10206,191
294,13.64797937127228,2.301993409672057e-19,4.703916419412865e-19,1.4472346948799718e-19,1.3918625629931227e-16,0.3049634428727409,0.005968185854979833,0.31093162872772095,0.03485751882229007,0.010021731863513786,60.67437255267005,3.5277357565225775e-20,7.20861062345196e-20,4.801704699966339e-21,1.0692409402509396e-17,1.0175519036706937,7.277796356139339e-4,1.1193074473300135,0.024715144784978563,0.003581352998096272,97.89864404233407,3.149076289299376e-20,6.434854072510853e-20,3.090770353448519e-23,3.3944355357418166e-21,0.012896910028923621,1.1285991274677013e-007,1.254494042334187,2.2571982549354704e-6,1.1285991274677363e-7,Malawi,Karonga,Nyika National Park-Karonga,10206,191
295,13.64797937127228,2.0089095954247662e-19,4.105026014059004e-19,1.2629765376236955e-19,1.2372918588524883e-16,0.3049634428727409,0.005968185854979842,0.31093162872772095,0.03485751882229007,0.010021731863513786,60.67437255267005,3.078593614306707e-20,6.290829065844447e-20,4.1903641460973425e-21,9.504498848015734e-18,1.0175519036706937,7.277796356139341e-4,1.1193074473300135,0.024715144784978563,0.003581352998096272,97.89864404233407,2.748144085715365e-20,5.615585186672073e-20,2.6972615107663596e-23,3.017575727497939e-21,0.012896910028923621,1.128599127467705e-7,1.254494042334187,2.2571982549354704e-6,1.1285991274677363e-7,Malawi,Karonga,Nyika National Park-Karonga,10206,191
296,13.64797937127228,1.7531404501972327e-19,3.582384777625055e-19,1.102177649687791e-19,1.0998854039305281e-16,0.3049634428727409,0.005968185854979851,0.31093162872772095,0.03485751882229007,0.010021731863513786,60.67437255267005,2.6866350815938744e-20,5.489897069327145e-20,3.656857881463187e-21,8.448561175602051e-18,1.0175519036706937,7.277796356139344e-4,1.1193074473300135,0.024715144784978563,0.003581352998096272,97.89864404233407,2.3982575276197775e-20,4.9006234847614846e-20,2.3538531904097192e-23,2.6825510748006722e-21,0.012896910028923621,1.1285991274677084e-7,1.254494042334187,2.2571982549354704e-6,1.1285991274677363e-7,Malawi,Karonga,Nyika National Park-Karonga,10206,191
297,13.64797937127228,1.529935167373175e-19,3.1262848642181003e-19,9.618512579261278e-20,9.77737367415856e-17,0.3049634428727409,0.005968185854979859,0.31093162872772095,0.03485751882229007,0.010021731863513786,60.67437255267005,2.3445796899336754e-20,4.7909376516691647e-20,3.1912762468187902e-21,7.509934918956891e-18,1.0175519036706937,7.277796356139347e-4,1.1193074473300135,0.024715144784978563,0.003581352998096272,97.89864404233407,2.0929176161789203e-20,4.276688847386862e-20,2.0541667241997902e-23,2.38471808501757e-21,0.012896910028923621,1.1285991274677113e-7,1.254494042334187,2.2571982549354704e-6,1.1285991274677363e-7,Malawi,Karonga,Nyika National Park-Karonga,10206,191
298,13.64797937127228,1.3351478006792124e-19,2.7282544056385025e-19,8.393908573790454e-20,8.691535109461537e-17,0.3049634428727409,0.0059681858549798655,0.31093162872772095,0.03485751882229007,0.010021731863513786,60.67437255267005,2.046073901185341e-20,4.180967929326347e-20,2.7849712549545534e-21,6.6755873851058335e-18,1.0175519036706937,7.277796356139349e-4,1.1193074473300135,0.024715144784978563,0.003581352998096272,97.89864404233407,1.8264527881892426e-20,3.7321919454198905e-20,1.7926355593956122e-23,2.1199485906361472e-021,0.012896910028923621,1.1285991274677138e-7,1.254494042334187,2.2571982549354704e-6,1.1285991274677363e-7,Malawi,Karonga,Nyika National Park-Karonga,10206,191
299,13.64797937127228,1.165160254939123e-19,2.3809001499140896e-19,7.325217965174029e-20,7.726276995382161e-17,0.3049634428727409,0.005968185854979871,0.31093162872772095,0.03485751882229007,0.010021731863513786,60.67437255267005,1.785573093161277e-20,3.648657965722696e-20,2.430395957895542e-21,5.933933715051027e-18,1.0175519036706937,7.27779635613935e-4,1.1193074473300135,0.024715144784978563,0.003581352998096272,97.89864404233407,1.5939135691247664e-20,3.257018972977011e-20,1.5644018622697485e-23,1.8845725696637773e-21,0.012896910028923621,1.1285991274677162e-7,1.254494042334187,2.2571982549354704e-6,1.1285991274677363e-7,Malawi,Karonga,Nyika National Park-Karonga,10206,191
300,13.64797937127228,1.0168150814449725e-19,2.0777701346870013e-19,6.392590265273193e-20,6.868210197152538e-17,0.3049634428727409,0.005968185854979876,0.31093162872772095,0.03485751882229007,0.010021731863513786,60.67437255267005,1.5582385705515564e-20,3.184120322341371e-20,2.1209642654508115e-21,5.274676044270097e-18,1.0175519036706937,7.277796356139351e-4,1.1193074473300135,0.024715144784978563,0.003581352998096272,97.89864404233407,1.390980638684534e-20,2.842343787637281e-20,1.3652262858475737e-23,1.675327309290678e-21,0.012896910028923621,1.1285991274677182e-7,1.254494042334187,2.2571982549354704e-6,1.1285991274677363e-7,Malawi,Karonga,Nyika National Park-Karonga,10206,191
301,13.64797937127228,8.87356829646797e-20,1.8132338446678314e-19,5.578702298460021e-20,6.1054321548654825e-017,0.3049634428727409,0.005968185854979879,0.31093162872772095,0.03485751882229007,0.010021731863513786,60.67437255267005,1.3598476881496685e-20,2.7787264036234115e-20,1.8509286113002298e-21,4.6886605303314294e-18,1.0175519036706937,7.277796356139352e-4,1.1193074473300135,0.024715144784978563,0.003581352998096272,97.89864404233407,1.2138846011954645e-20,2.4804639684791268e-20,1.1914092257831441e-023,1.4893122092854458e-21,0.012896910028923621,1.12859912746772e-7,1.254494042334187,2.2571982549354704e-6,1.1285991274677363e-7,Malawi,Karonga,Nyika National Park-Karonga,10206,191
302,13.64797937127228,7.743808657926188e-20,1.582377627131074e-19,4.868436430764264e-20,5.427361849402379e-17,0.3049634428727409,0.005968185854979884,0.31093162872772095,0.03485751882229007,0.010021731863513786,60.67437255267005,1.1867154169554323e-20,2.4249461843562746e-20,1.615273194316777e-21,4.167750262892233e-18,1.0175519036706937,7.277796356139353e-4,1.1193074473300135,0.024715144784978563,0.003581352998096272,97.89864404233407,1.0593359706388689e-20,2.1646577467814744e-20,1.0397221017320112e-23,1.3239485996001248e-21,0.012896910028923621,1.1285991274677218e-7,1.254494042334187,2.2571982549354704e-6,1.1285991274677363e-7,Malawi,Karonga,Nyika National Park-Karonga,10206,191
303,13.64797937127228,6.757887078461017e-20,1.3809134228377292e-19,4.248599766047738e-20,4.824593087539558e-17,0.3049634428727409,0.005968185854979887,0.31093162872772095,0.03485751882229007,0.010021731863513786,60.67437255267005,1.035625896277716e-20,2.1162083425544194e-20,1.4096208121258906e-21,3.704712291807854e-18,1.0175519036706937,7.277796356139354e-4,1.1193074473300135,0.024715144784978563,0.003581352998096272,97.89864404233407,9.244640698013011e-21,1.889059151935937e-20,9.073473878008148e-24,1.1769440160225402e-21,0.012896910028923621,1.1285991274677232e-7,1.254494042334187,2.2571982549354704e-6,1.1285991274677363e-7,Malawi,Karonga,Nyika National Park-Karonga,10206,191
304,13.64797937127228,5.897490470463255e-20,1.2050991170995035e-19,3.707679093391014e-20,4.2887640730530717e-17,0.3049634428727409,0.005968185854979891,0.31093162872772095,0.03485751882229007,0.010021731863513786,60.67437255267005,9.03772700445433e-21,1.8467781998577564e-20,1.23015155637361e-21,3.293117205055278e-18,1.0175519036706937,7.277796356139355e-4,1.1193074473300135,0.024715144784978563,0.003581352998096272,97.89864404233407,8.067637086266292e-21,1.6485490534567446e-20,7.918262781639748e-24,1.0462604393856649e-21,0.012896910028923621,1.1285991274677245e-7,1.254494042334187,2.2571982549354704e-6,1.1285991274677363e-7,Malawi,Karonga,Nyika National Park-Karonga,10206,191
305,13.64797937127228,5.1466373210119574e-20,1.0516690315383873e-19,3.23562703394116e-20,3.8124414562598375e-17,0.3049634428727409,0.005968185854979894,0.31093162872772095,0.03485751882229007,0.010021731863513786,60.67437255267005,7.88706710605556e-21,1.6116512022411145e-20,1.0735318595016322e-21,2.927249862380367e-18,1.0175519036706937,7.277796356139357e-4,1.1193074473300135,0.024715144784978563,0.003581352998096272,97.89864404233407,7.040486513416498e-21,1.4386600752386056e-20,6.910130157578834e-24,9.300860586791314e-22,0.012896910028923621,1.1285991274677257e-7,1.254494042334187,2.2571982549354704e-6,1.1285991274677363e-7,Malawi,Karonga,Nyika National Park-Karonga,10206,191
306,13.64797937127228,4.4913808418488194e-20,9.177732654546498e-20,2.823675414986357e-20,3.3890172550195405e-17,0.3049634428727409,0.005968185854979897,0.31093162872772095,0.03485751882229007,0.010021731863513786,60.67437255267005,6.882906233482437e-21,1.4064599624827436e-20,9.368525751023578e-22,2.602030045434837e-18,1.0175519036706937,7.277796356139358e-4,1.1193074473300135,0.024715144784978563,0.003581352998096272,97.89864404233407,6.144110080262551e-21,1.255493615883967e-20,6.030350357269141e-24,8.268101671642942e-22,0.012896910028923621,1.1285991274677267e-7,1.254494042334187,2.2571982549354704e-6,1.1285991274677363e-7,Malawi,Karonga,Nyika National Park-Karonga,10206,191
307,13.64797937127228,3.9195499135257974e-20,8.00924760094113e-20,2.4641724047577385e-20,3.012617218553059e-17,0.3049634428727409,0.005968185854979899,0.31093162872772095,0.03485751882229007,0.010021731863513786,60.67437255267005,6.006592511755165e-21,1.2273931377439646e-20,8.175749417220305e-22,2.312941922824663e-18,1.0175519036706937,7.27779635613936e-4,1.1193074473300135,0.024715144784978563,0.003581352998096272,97.89864404233407,5.361857963432832e-21,1.0956474337864032e-20,5.262581833021814e-24,7.350008439451586e-22,0.012896910028923621,1.1285991274677276e-7,1.254494042334187,2.2571982549354704e-6,1.1285991274677363e-7,Malawi,Karonga,Nyika National Park-Karonga,10206,191
308,13.64797937127228,3.420523011787593e-20,6.989531025545775e-20,2.1504403827847746e-20,2.6780193639833214e-17,0.3049634428727409,0.005968185854979901,0.31093162872772095,0.03485751882229007,0.010021731863513786,60.67437255267005,5.2418487741097205e-21,1.0711246354416284e-20,7.134834264091045e-22,2.055971350851409e-18,1.0175519036706937,7.27779635613936e-4,1.1193074473300135,0.024715144784978563,0.003581352998096272,97.89864404233407,4.679200151812835e-21,9.561524518767572e-21,4.5925636004964265e-24,6.533851119921456e-22,0.012896910028923621,1.1285991274677284e-7,1.254494042334187,2.2571982549354704e-6,1.1285991274677363e-7,Malawi,Karonga,Nyika National Park-Karonga,10206,191
309,13.64797937127228,2.9850309170761474e-20,6.099642112574391e-20,1.8766519058306473e-20,2.3805815564465027e-17,0.3049634428727409,0.005968185854979904,0.31093162872772095,0.03485751882229007,0.010021731863513786,60.67437255267005,4.574470220321463e-21,9.347518324453453e-21,6.226445720997822e-22,1.8275501395133063e-18,1.0175519036706937,7.27779635613936e-4,1.1193074473300135,0.024715144784978563,0.003581352998096272,97.89864404233407,4.083456557595127e-21,8.3441760822897e-21,4.007850346784161e-24,5.80831297886637e-22,0.012896910028923621,1.128599127467729e-7,1.254494042334187,2.2571982549354704e-6,1.1285991274677363e-7,Malawi,Karonga,Nyika National Park-Karonga,10206,191
310,13.64797937127228,2.604984543386439e-20,5.323051541662818e-20,1.6377214657220376e-20,2.1161771288899052e-17,0.3049634428727409,0.0059681858549799054,0.31093162872772095,0.03485751882229007,0.010021731863513786,60.67437255267005,3.99206056838757e-21,8.157416600740152e-21,5.4337108447549035e-22,1.6245065100712233e-18,1.0175519036706937,7.27779635613936e-4,1.1193074473300135,0.024715144784978563,0.003581352998096272,97.89864404233407,3.563561488426809e-21,7.281817283075984e-21,3.497581263821608e-24,5.163333490251656e-22,0.012896910028923621,1.1285991274677296e-7,1.254494042334187,2.2571982549354704e-6,1.1285991274677363e-7,Malawi,Karonga,Nyika National Park-Karonga,10206,191
311,13.64797937127228,2.2733246856937792e-20,4.6453344625752406e-20,1.4292110278631638e-20,1.8811376492986655e-17,0.3049634428727409,0.005968185854979907,0.31093162872772095,0.03485751882229007,0.010021731863513786,60.67437255267005,3.483801798695697e-21,7.118835533494277e-21,4.741904911287096e-22,1.4440210562061476e-18,1.0175519036706937,7.27779635613936e-4,1.1193074473300135,0.024715144784978563,0.003581352998096272,97.89864404233407,3.10985810736261e-21,6.354715243524578e-21,3.0522783134146224e-24,4.589968911154331e-22,0.012896910028923621,1.1285991274677302e-7,1.254494042334187,2.2571982549354704e-6,1.1285991274677363e-7,Malawi,Karonga,Nyika National Park-Karonga,10206,191
312,13.64797937127228,1.9838908986034012e-020,4.05390255948492e-20,1.2472475966812709e-20,1.6722020417688624e-17,0.3049634428727409,0.005968185854979908,0.31093162872772095,0.03485751882229007,0.010021731863513786,60.67437255267005,3.040253213758517e-21,6.212483906777346e-21,4.138177910091398e-22,1.2835875975893378e-18,1.0175519036706937,7.27779635613936e-4,1.1193074473300135,0.024715144784978563,0.003581352998096272,97.89864404233407,2.7139190608223605e-21,5.545649424706484e-21,2.6636701765366117e-24,4.0802683288296176e-22,0.012896910028923621,1.1285991274677308e-7,1.254494042334187,2.2571982549354704e-6,1.1285991274677363e-7,Malawi,Karonga,Nyika National Park-Karonga,10206,191
313,13.64797937127228,1.7313070686105003e-20,3.537770228192176e-20,1.0884512763275163e-20,1.4864713562216254e-17,0.3049634428727409,0.005968185854979909,0.31093162872772095,0.03485751882229007,0.010021731863513786,60.67437255267005,2.6531760811418172e-21,5.421526612096564e-21,3.6113158605812186e-22,1.140978382262719e-18,1.0175519036706937,7.27779635613936e-4,1.1193074473300135,0.024715144784978563,0.003581352998096272,97.89864404233407,2.3683899439661257e-21,4.839591761935911e-21,2.324538616984084e-24,3.6271634632559033e-22,0.012896910028923621,1.1285991274677314e-7,1.254494042334187,2.2571982549354704e-6,1.1285991274677363e-7,Malawi,Karonga,Nyika National Park-Karonga,10206,191
314,13.64797937127228,1.510881555002885e-20,3.087350523050068e-20,9.498724905024132e-21,1.3213685596935338e-17,0.3049634428727409,0.00596818585497991,0.31093162872772095,0.03485751882229007,0.010021731863513786,60.67437255267005,2.3153806023992818e-21,4.731271943191946e-21,3.15153251701275e-22,1.014213154750725e-18,1.0175519036706937,7.27779635613936e-4,1.1193074473300135,0.024715144784978563,0.003581352998096272,97.89864404233407,2.0668526956508876e-21,4.223427524648726e-21,2.028584405611566e-24,3.224370698944064e-22,0.012896910028923621,1.1285991274677318e-7,1.254494042334187,2.2571982549354704e-6,1.1285991274677363e-7,Malawi,Karonga,Nyika National Park-Karonga,10206,191
315,13.64797937127228,1.31852004456444e-20,2.694277083396254e-20,8.289371952898808e-21,1.1746027917610519e-17,0.3049634428727409,0.005968185854979911,0.31093162872772095,0.03485751882229007,0.010021731863513786,60.67437255267005,2.0205923655247533e-21,4.128898703637915e-21,2.75028759299827e-22,9.015316604632606e-19,1.0175519036706937,7.27779635613936e-4,1.1193074473300135,0.024715144784978563,0.003581352998096272,97.89864404233407,1.803706385586193e-21,3.68571171567585e-21,1.7703103147439122e-24,2.86630398910068e-22,0.012896910028923621,1.1285991274677322e-7,1.254494042334187,2.2571982549354704e-6,1.1285991274677363e-7,Malawi,Karonga,Nyika National Park-Karonga,10206,191
316,13.64797937127228,1.1506495013912906e-20,2.351248731848025e-20,7.233990673508149e-21,1.044137588529769e-17,0.3049634428727409,0.0059681858549799115,0.31093162872772095,0.03485751882229007,0.010021731863513786,60.67437255267005,1.763335800331097e-21,3.603218058395412e-21,2.400128129201572e-22,8.013692046541913e-19,1.0175519036706937,7.27779635613936e-4,1.1193074473300135,0.024715144784978563,0.003581352998096272,97.89864404233407,1.5740631793591724e-21,3.216456485128159e-21,1.5449190094354973e-24,2.547997425761046e-22,0.012896910028923621,1.1285991274677325e-7,1.254494042334187,2.2571982549354704e-6,1.1285991274677363e-7,Malawi,Karonga,Nyika National Park-Karonga,10206,191
317,13.64797937127228,1.0041517992197147e-20,2.0518938579379782e-20,6.31297779391528e-21,9.281626346257171e-18,0.3049634428727409,0.005968185854979912,0.31093162872772095,0.03485751882229007,0.010021731863513786,60.67437255267005,1.5388324719872284e-21,3.144465705805097e-21,2.0945500576857831e-22,7.123349266053308e-19,1.0175519036706937,7.27779635613936e-4,1.1193074473300135,0.024715144784978563,0.003581352998096272,97.89864404233407,1.373657548922039e-21,2.8069456101930703e-21,1.3482239389485539e-24,2.265036403339779e-22,0.012896910028923621,1.1285991274677327e-7,1.254494042334187,2.2571982549354704e-6,1.1285991274677363e-7,Malawi,Karonga,Nyika National Park-Karonga,10206,191
318,13.64797937127228,8.763058035135604e-21,1.7906520680723048e-20,5.509225878910452e-21,8.250686515279311e-18,0.3049634428727409,0.005968185854979913,0.31093162872772095,0.03485751882229007,0.010021731863513786,60.67437255267005,1.342912323557559e-21,2.7441205097019487e-21,1.8278773915283275e-22,6.331924874009616e-19,1.0175519036706937,7.27779635613936e-4,1.1193074473300135,0.024715144784978563,0.003581352998096272,97.89864404233407,1.198767042164216e-21,2.449572594881272e-21,1.1765715732966157e-24,2.0134964220354232e-22,0.012896910028923621,1.1285991274677331e-7,1.254494042334187,2.2571982549354704e-6,1.1285991274677363e-7,Malawi,Karonga,Nyika National Park-Karonga,10206,191
319,13.64797937127228,7.647368275097349e-21,1.5626709035084468e-20,4.807805567442694e-21,7.334250740560866e-18,0.3049634428727409,0.005968185854979915,0.31093162872772095,0.03485751882229007,0.010021731863513786,60.67437255267005,1.171936218910518e-21,2.3947462228173976e-21,1.5951567956998835e-22,5.628429031656957e-19,1.0175519036706937,7.27779635613936e-4,1.1193074473300135,0.024715144784978563,0.003581352998096272,97.89864404233407,1.0461431398964802e-21,2.1376993824928893e-21,1.0267735404289134e-24,1.7898886833164505e-22,0.012896910028923621,1.1285991274677334e-7,1.254494042334187,2.2571982549354704e-6,1.1285991274677363e-7,Malawi,Karonga,Nyika National Park-Karonga,10206,191
320,13.64797937127228,6.673725233885832e-21,1.3637157079311435e-20,4.195688265882596e-21,6.519602054766831e-18,0.3049634428727409,0.005968185854979916,0.31093162872772095,0.03485751882229007,0.010021731863513786,60.67437255267005,1.0227283472625428e-21,2.0898533615463233e-21,1.392065580904811e-22,5.003092854240769e-19,1.0175519036706937,7.27779635613936e-4,1.1193074473300135,0.024715144784978563,0.003581352998096272,97.89864404233407,9.12950915944059e-22,1.8655330564451947e-21,8.960474035318965e-25,1.5911117237729645e-22,0.012896910028923621,1.1285991274677337e-7,1.254494042334187,2.2571982549354704e-6,1.1285991274677363e-7,Malawi,Karonga,Nyika National Park-Karonga,10206,191
321,13.64797937127228,5.8240438926577886e-21,1.1900909704542178e-20,3.661504147257677e-21,5.795435760512801e-18,0.3049634428727409,0.005968185854979917,0.31093162872772095,0.03485751882229007,0.010021731863513786,60.67437255267005,8.925172337997413e-22,1.8237786664595333e-21,1.2148314114065098e-22,4.447232767172355e-19,1.0175519036706937,7.27779635613936e-4,1.1193074473300135,0.024715144784978563,0.003581352998096272,97.89864404233407,7.967163795597348e-22,1.6280182392304195e-21,7.819649784106539e-25,1.4144084172423635e-22,0.012896910028923621,1.1285991274677338e-7,1.254494042334187,2.2571982549354704e-6,1.1285991274677363e-7,Malawi,Karonga,Nyika National Park-Karonga,10206,191
322,13.64797937127228,5.082541770139265e-21,1.038571683026765e-20,3.1953309613957194e-21,5.151702603967482e-18,0.3049634428727409,0.005968185854979917,0.31093162872772095,0.03485751882229007,0.010021731863513786,60.67437255267005,7.788842606737942e-22,1.591579909590337e-21,1.0601622354436233e-22,3.9531299314761414e-19,1.0175519036706937,7.27779635613936e-4,1.1193074473300135,0.024715144784978563,0.003581352998096272,97.89864404233407,6.95280522063956e-22,1.4207431908585268e-21,6.8240723096688875e-25,1.25732774946521e-22,0.012896910028923621,1.128599127467734e-7,1.254494042334187,2.2571982549354704e-6,1.1285991274677363e-7,Malawi,Karonga,Nyika National Park-Karonga,10206,191
323,13.64797937127228,4.435445769529755e-21,9.063434372358387e-21,2.7885097332114e-21,4.579469361835397e-18,0.3049634428727409,0.005968185854979917,0.31093162872772095,0.03485751882229007,0.010021731863513786,60.67437255267005,6.797187421707811e-22,1.3889440945838473e-21,9.251851367234085e-23,3.5139230644404224e-19,1.0175519036706937,7.27779635613936e-4,1.1193074473300135,0.024715144784978563,0.003581352998096272,97.89864404233407,6.067592141472057e-22,1.2398578626021228e-21,5.95524917012673e-25,1.1176908356282015e-22,0.012896910028923621,1.1285991274677341e-7,1.254494042334187,2.2571982549354704e-6,1.1285991274677363e-7,Malawi,Karonga,Nyika National Park-Karonga,10206,191
324,13.64797937127228,3.87073634889627e-21,7.909501478284049e-21,2.4334839258077222e-21,4.070794908398958e-18,0.3049634428727409,0.005968185854979917,0.31093162872772095,0.03485751882229007,0.010021731863513786,60.67437255267005,5.931787195926735e-22,1.2121073445645447e-21,8.073929711839349e-23,3.123513167366326e-19,1.0175519036706937,7.27779635613936e-4,1.1193074473300135,0.024715144784978563,0.003581352998096272,97.89864404233407,5.295082089435273e-22,1.0820023839255104e-21,5.19704233320735e-25,9.935607099191524e-23,0.012896910028923621,1.1285991274677342e-7,1.254494042334187,2.2571982549354704e-6,1.1285991274677363e-7,Malawi,Karonga,Nyika National Park-Karonga,10206,191
325,13.64797937127228,3.3779242631276116e-21,6.902484319385141e-21,2.1236590809130726e-21,3.6186200439216055e-18,0.3049634428727409,0.005968185854979917,0.31093162872772095,0.03485751882229007,0.010021731863513786,60.67437255267005,5.17656747632554e-22,1.0577849896722125e-21,7.045977978249294e-23,2.77647883762287e-19,1.0175519036706937,7.27779635613936e-4,1.1193074473300135,0.024715144784978563,0.003581352998096272,97.89864404233407,4.620926008217045e-22,9.442446542719992e-22,4.535368418936807e-25,8.832154684674508e-23,0.012896910028923621,1.1285991274677343e-7,1.254494042334187,2.2571982549354704e-6,1.1285991274677363e-7,Malawi,Karonga,Nyika National Park-Karonga,10206,191
326,13.64797937127228,2.9478557305225013e-21,6.023677966326149e-21,1.8532803295327773e-21,3.2166695565136196e-18,0.3049634428727409,0.005968185854979917,0.31093162872772095,0.03485751882229007,0.010021731863513786,60.67437255267005,4.517500367395621e-22,9.23110555670985e-22,6.148902386041249e-23,2.468000989165021e-19,1.0175519036706937,7.27779635613936e-4,1.1193074473300135,0.024715144784978563,0.003581352998096272,97.89864404233407,4.03260172603711e-22,8.24025880502582e-22,3.9579371066529226e-025,7.851243934956539e-23,0.012896910028923621,1.1285991274677345e-7,1.254494042334187,2.2571982549354704e-6,1.1285991274677363e-7,Malawi,Karonga,Nyika National Park-Karonga,10206,191
327,13.64797937127228,2.5725424050610705e-21,5.256758952730532e-21,1.6173254976259308e-21,2.8593651591833536e-18,0.3049634428727409,0.005968185854979917,0.31093162872772095,0.03485751882229007,0.010021731863513786,60.67437255267005,3.9423439688028227e-22,8.055825203700301e-22,5.36604012525908e-23,2.1937959362965914e-19,1.0175519036706937,7.27779635613936e-4,1.1193074473300135,0.024715144784978563,0.003581352998096272,97.89864404233407,3.5191813614598586e-22,7.1911304836630585e-22,3.4540228473569864e-25,6.979267278065999e-23,0.012896910028923621,1.1285991274677347e-7,1.254494042334187,2.2571982549354704e-6,1.1285991274677363e-7,Malawi,Karonga,Nyika National Park-Karonga,10206,191
328,13.64797937127228,2.2450129962040264e-21,4.587482073531265e-21,1.41141182129517e-21,2.5417480945912197e-18,0.3049634428727409,0.005968185854979917,0.31093162872772095,0.03485751882229007,0.010021731863513786,60.67437255267005,3.4404149871102793e-22,7.03017848883173e-22,4.6828498515882356e-23,1.9500559115759096e-19,1.0175519036706937,7.27779635613936e-4,1.1193074473300135,0.024715144784978563,0.003581352998096272,97.89864404233407,3.0711283424742265e-22,6.275574451898283e-22,3.014265641064253e-25,6.20412805446951e-23,0.012896910028923621,1.1285991274677349e-7,1.254494042334187,2.2571982549354704e-6,1.1285991274677363e-7,Malawi,Karonga,Nyika National Park-Karonga,10206,191
329,13.64797937127228,1.959183780065813e-21,4.003415786169274e-21,1.2317145387553354e-21,2.2594103340740424e-18,0.3049634428727409,0.005968185854979917,0.31093162872772095,0.03485751882229007,0.010021731863513786,60.67437255267005,3.0023902979908983e-22,6.135114446571079e-22,4.0866415868796286e-23,1.7333961919730978e-19,1.0175519036706937,7.27779635613936e-4,1.1193074473300135,0.024715144784978563,0.003581352998096272,97.89864404233407,2.680120268582525e-22,5.476584633476782e-22,2.6304971786653097e-25,5.515072770319532e-23,0.012896910028923621,1.128599127467735e-7,1.254494042334187,2.2571982549354704e-6,1.1285991274677363e-7,Malawi,Karonga,Nyika National Park-Karonga,10206,191
330,13.64797937127228,1.7097455963684605e-21,3.493711299612127e-21,1.0748958469031477e-21,2.0084334166654326e-18,0.3049634428727409,0.005968185854979917,0.31093162872772095,0.03485751882229007,0.010021731863513786,60.67437255267005,2.620133773191056e-22,5.354007630393934e-22,3.56634100790933e-23,1.5408080991199975e-19,1.0175519036706937,7.27779635613936e-4,1.1193074473300135,0.024715144784978563,0.003581352998096272,97.89864404233407,2.338894325830449e-22,4.779320120747744e-22,2.2955891188622807e-25,4.902541972402524e-23,0.012896910028923621,1.128599127467735e-7,1.254494042334187,2.2571982549354704e-6,1.1285991274677363e-7,Malawi,Karonga,Nyika National Park-Karonga,10206,191
331,13.64797937127228,1.492065233506621e-21,3.0489010627567396e-21,9.380429030715096e-22,1.7853340798570273e-18,0.3049634428727409,0.005968185854979917,0.31093162872772095,0.03485751882229007,0.010021731863513786,60.67437255267005,2.286545155054764e-22,4.67234930265382e-22,3.112283745536802e-23,1.3696172211333804e-19,1.0175519036706937,7.27779635613936e-4,1.1193074473300135,0.024715144784978563,0.003581352998096272,97.89864404233407,2.0411123827393225e-22,4.1708295123723416e-22,2.0033206822606711e-25,4.358037677761763e-23,0.012896910028923621,1.128599127467735e-7,1.254494042334187,2.2571982549354704e-6,1.1285991274677363e-7,Malawi,Karonga,Nyika National Park-Karonga,10206,191
332,13.64797937127228,1.3020993683258925e-21,2.660722908488471e-21,8.1861372014615265e-22,1.5870159279000987e-18,0.3049634428727409,0.005968185854979917,0.31093162872772095,0.03485751882229007,0.010021731863513786,60.67437255267005,1.9954281722666236e-22,4.0774779404441977e-22,2.7160358729677555e-23,1.2174462758477079e-19,1.0175519036706937,7.27779635613936e-4,1.1193074473300135,0.024715144784978563,0.003581352998096272,97.89864404233407,1.7812432622481427e-22,3.6398103457399595e-22,1.7482631029222535e-25,3.874005520572846e-23,0.012896910028923621,1.128599127467735e-7,1.254494042334187,2.2571982549354704e-6,1.1285991274677363e-7,Malawi,Karonga,Nyika National Park-Karonga,10206,191
333,13.64797937127228,1.1363194630596883e-21,2.3219665873254445e-21,7.143899502012391e-22,1.410726467287399e-18,0.3049634428727409,0.005968185854979917,0.31093162872772095,0.03485751882229007,0.010021731863513786,60.67437255267005,1.741375446661846e-22,3.5583440530230937e-22,2.3702372490341884e-23,1.082182099859768e-19,1.0175519036706937,7.27779635613936e-4,1.1193074473300135,0.024715144784978563,0.003581352998096272,97.89864404233407,1.5544600023756797e-22,3.1763991583796805e-22,1.5256787912709563e-25,3.4437299825930257e-23,0.012896910028923621,1.128599127467735e-7,1.254494042334187,2.2571982549354704e-6,1.1285991274677363e-7,Malawi,Karonga,Nyika National Park-Karonga,10206,191
334,13.64797937127228,9.916462241926882e-22,2.026339840000458e-21,6.234356795996414e-22,1.254018913437767e-18,0.3049634428727409,0.005968185854979917,0.31093162872772095,0.03485751882229007,0.010021731863513786,60.67437255267005,1.5196680534018613e-22,3.1053049420712777e-22,2.0684648066007308e-23,9.619463050170152e-20,1.0175519036706937,7.27779635613936e-4,1.1193074473300135,0.024715144784978563,0.003581352998096272,97.89864404233407,1.3565501973878436e-22,2.7719882782064016e-22,1.3314333353155127e-25,3.06124125489409e-23,0.012896910028923621,1.128599127467735e-7,1.254494042334187,2.2571982549354704e-6,1.1285991274677363e-7,Malawi,Karonga,Nyika National Park-Karonga,10206,191
335,13.64797937127228,8.653924058512786e-22,1.7683515213336696e-21,5.4406147019386525e-22,1.1147182387850329e-18,0.3049634428727409,0.005968185854979917,0.31093162872772095,0.03485751882229007,0.010021731863513786,60.67437255267005,1.326187868887139e-22,2.7099455925403626e-22,1.8051132467356545e-23,8.550691949119177e-20,1.0175519036706937,7.27779635613936e-4,1.1193074473300135,0.024715144784978563,0.003581352998096272,97.89864404233407,1.1838377540944383e-22,2.4190659395559835e-22,1.161918705647726e-25,2.7212324397588095e-23,0.012896910028923621,1.128599127467735e-7,1.254494042334187,2.2571982549354704e-6,1.1285991274677363e-7,Malawi,Karonga,Nyika National Park-Karonga,10206,191
336,13.64797937127228,7.552128953175237e-22,1.543209604470017e-21,4.7479297870773475e-22,9.908909912965743e-19,0.3049634428727409,0.005968185854979917,0.31093162872772095,0.03485751882229007,0.010021731863513786,60.67437255267005,1.157341078305789e-22,2.364922367212115e-22,1.575290922589818e-23,7.600665792083301e-20,1.0175519036706937,7.27779635613936e-4,1.1193074473300135,0.024715144784978563,0.003581352998096272,97.89864404233407,1.0331146099307202e-22,2.1110767552307064e-22,1.0139862377807304e-25,2.4189859449202678e-23,0.012896910028923621,1.128599127467735e-7,1.254494042334187,2.2571982549354704e-6,1.1285991274677363e-7,Malawi,Karonga,Nyika National Park-Karonga,10206,191
337,13.64797937127228,6.590611535256517e-22,1.3467321709519792e-21,4.14343571416778e-22,8.808184647401612e-19,0.3049634428727409,0.005968185854979917,0.31093162872772095,0.03485751882229007,0.010021731863513786,60.67437255267005,1.0099914220021537e-22,2.0638266016598302e-22,1.37472897906942e-23,6.756191638612467e-20,1.0175519036706937,7.27779635613936e-4,1.1193074473300135,0.024715144784978563,0.003581352998096272,97.89864404233407,9.015811445152446e-23,1.8422999528808157e-22,8.848881470017223e-26,2.1503080497206855e-23,0.012896910028923621,1.128599127467735e-7,1.254494042334187,2.2571982549354704e-6,1.1285991274677363e-7,Malawi,Karonga,Nyika National Park-Karonga,10206,191
338,13.64797937127228,5.7515120144121885e-22,1.175269733304873e-21,3.6159042545627866e-22,7.829728485053693e-19,0.3049634428727409,0.005968185854979917,0.31093162872772095,0.03485751882229007,0.010021731863513786,60.67437255267005,8.814019407441547e-23,1.8010655659443633e-22,1.1997020606093478e-23,6.005542310568067e-20,1.0175519036706937,7.27779635613936e-4,1.1193074473300135,0.024715144784978563,0.003581352998096272,97.89864404233407,7.867941778532046e-23,1.6077431140131262e-22,7.722264894015915e-26,1.9114707360260516e-23,0.012896910028923621,1.128599127467735e-7,1.254494042334187,2.2571982549354704e-6,1.1285991274677363e-7,Malawi,Karonga,Nyika National Park-Karonga,10206,191
339,13.64797937127228,5.019244462355991e-22,1.025637447308636e-21,3.1555367284862785e-22,6.959960261123446e-19,0.3049634428727409,0.005968185854979917,0.31093162872772095,0.03485751882229007,0.010021731863513786,60.67437255267005,7.691841378317124e-23,1.5717585819573544e-22,1.0469591142266293e-23,5.338293544916981e-20,1.0175519036706937,7.27779635613936e-4,1.1193074473300135,0.024715144784978563,0.003581352998096272,97.89864404233407,6.86621589273296e-23,1.4030494418725742e-22,6.739086210535544e-26,1.6991599774234793e-23,0.012896910028923621,1.128599127467735e-7,1.254494042334187,2.2571982549354704e-6,1.1285991274677363e-7,Malawi,Karonga,Nyika National Park-Karonga,10206,191
340,13.64797937127228,4.380207310656499e-22,8.950559548269124e-22,2.753781998588726e-22,6.186807282789763e-19,0.3049634428727409,0.005968185854979917,0.31093162872772095,0.03485751882229007,0.010021731863513786,60.67437255267005,6.712536137533242e-23,1.3716463668340868e-22,9.136630025491725e-24,4.7451792387150936e-20,1.0175519036706937,7.27779635613936e-4,1.1193074473300135,0.024715144784978563,0.003581352998096272,97.89864404233407,5.992027141635313e-23,1.2244168357358268e-22,5.881083280133516e-26,1.5104297697444123e-23,0.012896910028923621,1.128599127467735e-7,1.254494042334187,2.2571982549354704e-6,1.1285991274677363e-7,Malawi,Karonga,Nyika National Park-Karonga,10206,191
341,13.64797937127228,3.822530707201322e-22,7.810997583733284e-22,2.403177636089797e-22,5.499537790769229e-19,0.3049634428727409,0.005968185854979917,0.31093162872772095,0.03485751882229007,0.010021731863513786,60.67437255267005,5.85791349322798e-23,1.1970119185272036e-22,7.973378051566464e-24,4.2179627762845585e-20,1.0175519036706937,7.27779635613936e-4,1.1193074473300135,0.024715144784978563,0.003581352998096272,97.89864404233407,5.229137828916664e-23,1.0685272684552917e-22,5.132319051467474e-26,1.3426612655384558e-23,0.012896910028923621,1.128599127467735e-7,1.254494042334187,2.2571982549354704e-6,1.1285991274677363e-7,Malawi,Karonga,Nyika National Park-Karonga,10206,191
342,13.64797937127228,3.335856038579159e-22,6.816521684937465e-22,2.097211309234639e-22,4.888612027402679e-19,0.3049634428727409,0.005968185854979917,0.31093162872772095,0.03485751882229007,0.010021731863513786,60.67437255267005,5.1120991814633975e-23,1.0446114740233943e-22,6.958228293775925e-24,3.749322651890476e-20,1.0175519036706937,7.27779635613936e-4,1.1193074473300135,0.024715144784978563,0.003581352998096272,97.89864404233407,4.563377599524077e-23,9.32485155470505e-23,4.4788855371250353e-26,1.1935264458720679e-23,0.012896910028923621,1.128599127467735e-7,1.254494042334187,2.2571982549354704e-6,1.1285991274677363e-7,Malawi,Karonga,Nyika National Park-Karonga,10206,191
343,13.64797937127228,2.9111435230987304e-22,5.948659871306633e-22,1.8301998194114267e-22,4.345549845003724e-19,0.3049634428727409,0.005968185854979917,0.31093162872772095,0.03485751882229007,0.010021731863513786,60.67437255267005,4.4612400083047015e-23,9.116142577803542e-23,6.0723247631224514e-24,3.3327507997166784e-20,1.0175519036706937,7.27779635613936e-4,1.1193074473300135,0.024715144784978563,0.003581352998096272,97.89864404233407,3.982380231159684e-23,8.137635705166658e-23,3.908645478481092e-26,1.0609558257236733e-23,0.012896910028923621,1.128599127467735e-7,1.254494042334187,2.2571982549354704e-6,1.1285991274677363e-7,Malawi,Karonga,Nyika National Park-Karonga,10206,191
344,13.64797937127228,2.540504300564122e-22,5.191291966794148e-22,1.5971835380758341e-22,3.8628130176463436e-19,0.3049634428727409,0.005968185854979917,0.31093162872772095,0.03485751882229007,0.010021731863513786,60.67437255267005,3.8932465324431684e-023,7.955499012360366e-23,5.29921216608953e-24,2.962462219383058e-20,1.0175519036706937,7.27779635613936e-4,1.1193074473300135,0.024715144784978563,0.003581352998096272,97.89864404233407,3.475353936789864e-23,7.101573090092556e-23,3.4110069011136744e-26,9.431097451632697e-24,0.012896910028923621,1.128599127467735e-7,1.254494042334187,2.2571982549354704e-6,1.1285991274677363e-7,Malawi,Karonga,Nyika National Park-Karonga,10206,191
345,13.64797937127228,2.21705389994322e-22,4.530350174245227e-22,1.393834283691758e-22,3.433700623534757e-19,0.3049634428727409,0.005968185854979917,0.31093162872772095,0.03485751882229007,0.010021731863513786,60.67437255267005,3.3975685087983786e-23,6.942625567292328e-23,4.6245302543365874e-24,2.633314642087849e-20,1.0175519036706937,7.27779635613936e-4,1.1193074473300135,0.024715144784978563,0.003581352998096272,97.89864404233407,3.032880911641659e-23,6.197419272764393e-23,2.976726373237978e-26,8.383528482149475e-24,0.012896910028923621,1.128599127467735e-7,1.254494042334187,2.2571982549354704e-6,1.1285991274677363e-7,Malawi,Karonga,Nyika National Park-Karonga,10206,191
346,13.64797937127228,1.934784363151497e-22,3.953557771853798e-22,1.2163749275403685e-22,3.0522560464180285e-19,0.3049634428727409,0.005968185854979917,0.31093162872772095,0.03485751882229007,0.010021731863513786,60.67437255267005,2.964998922057088e-23,6.058708535164404e-23,4.035747088995741e-24,2.340737121875182e-20,1.0175519036706937,7.27779635613936e-4,1.1193074473300135,0.024715144784978563,0.003581352998096272,97.89864404233407,2.6467424013543565e-23,5.408379968098561e-23,2.5977373127649233e-26,7.452313954936554e-24,0.012896910028923621,1.128599127467735e-7,1.254494042334187,2.2571982549354704e-6,1.1285991274677363e-7,Malawi,Karonga,Nyika National Park-Karonga,10206,191
347,13.64797937127228,1.6884526497030764e-22,3.4502010781069696e-22,1.0615092351084817e-22,2.71318430569838e-19,0.3049634428727409,0.005968185854979917,0.31093162872772095,0.03485751882229007,0.010021731863513786,60.67437255267005,2.5875029701523363e-23,5.287329520845191e-23,3.521926265064584e-24,2.080666560456675e-20,1.0175519036706937,7.27779635613936e-4,1.1193074473300135,0.024715144784978563,0.003581352998096272,97.89864404233407,2.3097660419991182e-23,4.719799095712264e-23,2.2670001538585112e-26,6.62453095995284e-24,0.012896910028923621,1.128599127467735e-7,1.254494042334187,2.2571982549354704e-6,1.1285991274677363e-7,Malawi,Karonga,Nyika National Park-Karonga,10206,191
348,13.64797937127228,1.4734832493847836e-22,3.0109304495651387e-22,9.263606398910812e-23,2.411778568168866e-19,0.3049634428727409,0.005968185854979917,0.31093162872772095,0.03485751882229007,0.010021731863513786,60.67437255267005,2.2580688211188862e-23,4.614160476517794e-23,3.0735237721953956e-24,1.8494912841776723e-20,1.0175519036706937,7.27779635613936e-4,1.1193074473300135,0.024715144784978563,0.003581352998096272,97.89864404233407,2.0156926363609765e-23,4.1188865492991304e-23,1.9783715898889763e-26,5.8886917834629954e-024,0.012896910028923621,1.128599127467735e-7,1.254494042334187,2.2571982549354704e-6,1.1285991274677363e-7,Malawi,Karonga,Nyika National Park-Karonga,10206,191
349,13.64797937127228,1.285883194032665e-22,2.62758661508488e-22,8.084188123537227e-23,2.1438548217001626e-19,0.3049634428727409,0.005968185854979917,0.31093162872772095,0.03485751882229007,0.010021731863513786,60.67437255267005,1.9705773711984082e-23,4.026697564052023e-23,2.6822107186356216e-24,1.6440008896384774e-20,1.0175519036706937,7.27779635613936e-4,1.1193074473300135,0.024715144784978563,0.003581352998096272,97.89864404233407,1.7590598919204123e-23,3.594480625690053e-23,1.726490464035876e-26,5.23458452868848e-24,0.012896910028923621,1.128599127467735e-7,1.254494042334187,2.2571982549354704e-6,1.1285991274677363e-7,Malawi,Karonga,Nyika National Park-Karonga,10206,191
350,13.64797937127228,1.1221678898551708e-22,2.293049120661397e-22,7.054930315736366e-23,1.9056938044518763e-19,0.3049634428727409,0.005968185854979917,0.31093162872772095,0.03485751882229007,0.010021731863513786,60.67437255267005,1.7196885850284097e-23,3.5140289018961736e-23,2.34071862537707e-24,1.4613416615143446e-20,1.0175519036706937,7.27779635613936e-4,1.1193074473300135,0.024715144784978563,0.003581352998096272,97.89864404233407,1.5351009611080213e-23,3.136840700448046e-23,1.506678188089237e-26,4.653131434191234e-24,0.012896910028923621,1.128599127467735e-7,1.254494042334187,2.2571982549354704e-6,1.1285991274677363e-7,Malawi,Karonga,Nyika National Park-Karonga,10206,191
351,13.64797937127228,9.792963924467702e-23,2.0011040700098752e-22,6.156714935289635e-23,1.6939893837425368e-19,0.3049634428727409,0.005968185854979917,0.31093162872772095,0.03485751882229007,0.010021731863513786,60.67437255267005,1.500742306648296e-23,3.066631880598551e-23,2.0427044173265808e-24,1.2989769435408421e-20,1.0175519036706937,7.27779635613936e-4,1.1193074473300135,0.024715144784978563,0.003581352998096272,97.89864404233407,1.339655898941682e-23,2.73746630030587e-23,1.314851839474496e-26,4.136262925043526e-24,0.012896910028923621,1.128599127467735e-7,1.254494042334187,2.2571982549354704e-6,1.1285991274677363e-7,Malawi,Karonga,Nyika National Park-Karonga,10206,191
352,13.64797937127228,8.546149225356484e-23,1.746328703959331e-22,5.372858001140672e-23,1.505802668372206e-19,0.3049634428727409,0.005968185854979917,0.31093162872772095,0.03485751882229007,0.010021731863513786,60.67437255267005,1.3096716990356491e-23,2.6761962845809886e-23,1.7826326032139238e-24,1.1546519123246543e-20,1.0175519036706937,7.27779635613936e-4,1.1193074473300135,0.024715144784978563,0.003581352998096272,97.89864404233407,1.1690943938168846e-23,2.388939210143038e-23,1.1474483227021755e-26,3.676805649854534e-24,0.012896910028923621,1.128599127467735e-7,1.254494042334187,2.2571982549354704e-6,1.1285991274677363e-7,Malawi,Karonga,Nyika National Park-Karonga,10206,191
353,13.64797937127228,7.458075731256482e-23,1.5239906749330367e-22,4.688799693312576e-23,1.3385212175847127e-19,0.3049634428727409,0.005968185854979917,0.31093162872772095,0.03485751882229007,0.010021731863513786,60.67437255267005,1.1429277042818285e-23,2.3354699333033053e-23,1.5556724561202107e-24,1.0263622648495473e-20,1.0175519036706937,7.27779635613936e-4,1.1193074473300135,0.024715144784978563,0.003581352998096272,97.89864404233407,1.0202483359622042e-23,2.084785682693955e-23,1.0013581863349866e-26,3.2683829507822554e-24,0.012896910028923621,1.128599127467735e-7,1.254494042334187,2.2571982549354704e-6,1.1285991274677363e-7,Malawi,Karonga,Nyika National Park-Karonga,10206,191
354,13.64797937127228,6.508532924767377e-23,1.3299601455400678e-22,4.0918339102432424e-23,1.189822780639556e-19,0.3049634428727409,0.005968185854979917,0.31093162872772095,0.03485751882229007,0.010021731863513786,60.67437255267005,9.974131213016203e-24,2.0381239749933596e-23,1.3576082847139034e-24,9.123263848594034e-21,1.0175519036706937,7.27779635613936e-4,1.1193074473300135,0.024715144784978563,0.003581352998096272,97.89864404233407,8.903529711037345e-24,1.8193561913574473e-23,8.738678662066487e-27,2.9053263860155534e-24,0.012896910028923621,1.128599127467735e-7,1.254494042334187,2.2571982549354704e-6,1.1285991274677363e-7,Malawi,Karonga,Nyika National Park-Karonga,10206,191
355,13.64797937127228,5.679883439005558e-23,1.160633078545512e-22,3.5708722581775025e-23,1.0576430638123887e-19,0.3049634428727409,0.005968185854979917,0.31093162872772095,0.03485751882229007,0.010021731863513786,60.67437255267005,8.704250765974995e-24,1.778635330829163e-23,1.1847611285196023e-24,8.109606016132105e-21,1.0175519036706937,7.27779635613936e-4,1.1193074473300135,0.024715144784978563,0.003581352998096272,97.89864404233407,7.769955462919835e-24,1.5877204925657015e-23,7.626092820839447e-27,2.582597077491166e-24,0.012896910028923621,1.128599127467735e-7,1.254494042334187,2.2571982549354704e-6,1.1285991274677363e-7,Malawi,Karonga,Nyika National Park-Karonga,10206,191
356,13.64797937127228,4.956735450771774e-23,1.0128642933621332e-22,3.116238088816148e-23,9.401470775239936e-20,0.3049634428727409,0.005968185854979917,0.31093162872772095,0.03485751882229007,0.010021731863513786,60.67437255267005,7.596048194966007e-24,1.552184106022071e-23,1.0339204227414962e-24,7.208571974472284e-21,1.0175519036706937,7.27779635613936e-4,1.1193074473300135,0.024715144784978563,0.003581352998096272,97.89864404233407,6.780704940085711e-24,1.3855760485393655e-23,6.655158515507279e-27,2.2957157928659232e-24,0.012896910028923621,1.128599127467735e-7,1.254494042334187,2.2571982549354704e-6,1.1285991274677363e-7,Malawi,Karonga,Nyika National Park-Karonga,10206,191
357,13.64797937127228,4.325656783768795e-23,8.839090456153895e-23,2.71948675955587e-23,8.357036659732383e-20,0.3049634428727409,0.005968185854979917,0.31093162872772095,0.03485751882229007,0.010021731863513786,60.67437255267005,6.628939093275746e-24,1.3545640622541294e-23,9.022843633437197e-25,6.4076485874932734e-21,1.0175519036706937,7.27779635613936e-4,1.1193074473300135,0.024715144784978563,0.003581352998096272,97.89864404233407,5.917403221159451e-24,1.209168109419222e-23,5.807841040898551e-27,2.0407007918936138e-24,0.012896910028923621,1.128599127467735e-7,1.254494042334187,2.2571982549354704e-6,1.1285991274677363e-7,Malawi,Karonga,Nyika National Park-Karonga,10206,191
358,13.64797937127228,3.77492541145397e-23,7.71372044646281e-23,2.3732487777280502e-23,7.428628658086574e-20,0.3049634428727409,0.005968185854979917,0.31093162872772095,0.03485751882229007,0.010021731863513786,60.67437255267005,5.7849598073216054e-24,1.1821044885319188e-23,7.874078646935482e-25,5.6957129887970615e-21,1.0175519036706937,7.27779635613936e-4,1.1193074473300135,0.024715144784978563,0.003581352998096272,97.89864404233407,5.1640148319700546e-24,1.0552199703329608e-23,5.068401823604062e-27,1.8140125750378993e-24,0.012896910028923621,1.128599127467735e-7,1.254494042334187,2.2571982549354704e-6,1.1285991274677363e-7,Malawi,Karonga,Nyika National Park-Karonga,10206,191
359,13.64797937127228,3.294311725219803e-23,6.73162961973131e-23,2.0710929153051395e-23,6.603357796286312e-20,0.3049634428727409,0.005968185854979917,0.31093162872772095,0.03485751882229007,0.010021731863513786,60.67437255267005,5.048433769178656e-24,1.0316020192401396e-23,6.871571431020848e-25,5.062878117319514e-21,1.0175519036706937,7.27779635613936e-4,1.1193074473300135,0.024715144784978563,0.003581352998096272,97.89864404233407,4.506545893216619e-24,9.208721079507857e-24,4.423106084451845e-27,1.6125047678800415e-24,0.012896910028923621,1.128599127467735e-7,1.254494042334187,2.2571982549354704e-6,1.1285991274677363e-7,Malawi,Karonga,Nyika National Park-Karonga,10206,191
360,13.64797937127228,2.874888523623574e-23,5.874576043002958e-23,1.807406751486656e-23,5.869766849961067e-20,0.3049634428727409,0.005968185854979917,0.31093162872772095,0.03485751882229007,0.010021731863513786,60.67437255267005,4.405680310781431e-24,9.002611329433352e-24,5.996700826704141e-25,4.500355414374635e-21,1.0175519036706937,7.27779635613936e-4,1.1193074473300135,0.024715144784978563,0.003581352998096272,97.89864404233407,3.932784189918647e-24,8.036290660164469e-24,3.859967720635717e-27,1.4333804599800177e-24,0.012896910028923621,1.128599127467735e-7,1.254494042334187,2.2571982549354704e-6,1.1285991274677363e-7,Malawi,Karonga,Nyika National Park-Karonga,10206,191
361,13.64797937127228,2.5088651932941284e-23,5.126640298784208e-23,1.5772924242924623e-23,5.217671306745275e-20,0.3049634428727409,0.005968185854979917,0.31093162872772095,0.03485751882229007,0.010021731863513786,60.67437255267005,3.844760551144335e-24,7.856422267254641e-24,5.2332164725313015e-25,4.000332775469014e-21,1.0175519036706937,7.27779635613936e-4,1.1193074473300135,0.024715144784978563,0.003581352998096272,97.89864404233407,3.432072334548019e-24,7.013131032743053e-24,3.36852666878784e-27,1.274153392501547e-24,0.012896910028923621,1.128599127467735e-7,1.254494042334187,2.2571982549354704e-6,1.1285991274677363e-7,Malawi,Karonga,Nyika National Park-Karonga,10206,191
362,13.64797937127228,2.1894430014943958e-23,4.473929788415854e-23,1.3764756547920806e-23,4.6380179936741513e-20,0.3049634428727409,0.005968185854979917,0.31093162872772095,0.03485751882229007,0.010021731863513786,60.67437255267005,3.355255636560323e-24,6.856163015695398e-24,4.566936960807063e-25,3.555866062053815e-21,1.0175519036706937,7.27779635613936e-4,1.1193074473300135,0.024715144784978563,0.003581352998096272,97.89864404233407,2.9951098104411468e-24,6.120237428217611e-24,2.939654613605948e-27,1.1326134561644302e-24,0.012896910028923621,1.128599127467735e-7,1.254494042334187,2.2571982549354704e-6,1.1285991274677363e-7,Malawi,Karonga,Nyika National Park-Karonga,10206,191
363,13.64797937127228,1.910688812458534e-23,3.904320682770167e-23,1.2012263541325371e-23,4.122759407574208e-20,0.3049634428727409,0.005968185854979917,0.31093162872772095,0.03485751882229007,0.010021731863513786,60.67437255267005,2.9280732146807855e-24,5.9832541707690565e-24,3.9854864237831592e-025,3.1607826666783237e-21,1.0175519036706937,7.27779635613936e-4,1.1193074473300135,0.024715144784978563,0.003581352998096272,97.89864404233407,2.613780218529122e-24,5.341024715329226e-24,2.565385433152918e-27,1.0067960208738013e-24,0.012896910028923621,1.128599127467735e-7,1.254494042334187,2.2571982549354704e-6,1.1285991274677363e-7,Malawi,Karonga,Nyika National Park-Karonga,10206,191
364,13.64797937127228,1.667424881836619e-23,3.407232727114153e-23,1.048289338672945e-23,3.664742004317088e-20,0.3049634428727409,0.005968185854979917,0.31093162872772095,0.03485751882229007,0.010021731863513786,60.67437255267005,2.555278547812312e-24,5.221481809888223e-24,3.4780646570079444e-25,2.8095957923861916e-21,1.0175519036706937,7.27779635613936e-4,1.1193074473300135,0.024715144784978563,0.003581352998096272,97.89864404233407,2.2810005185649354e-24,4.661019338598381e-24,2.2387672314198785e-27,8.94954671524267e-25,0.012896910028923621,1.128599127467735e-7,1.254494042334187,2.2571982549354704e-6,1.1285991274677363e-7,Malawi,Karonga,Nyika National Park-Karonga,10206,191
365,13.64797937127228,1.455132682224045e-23,2.973432717231947e-23,9.148238662879709e-24,3.2576068965155004e-20,0.3049634428727409,0.005968185854979917,0.31093162872772095,0.03485751882229007,0.010021731863513786,60.67437255267005,2.2299471284293054e-24,4.556696324924285e-24,3.0352465099732705e-25,2.4974282559772373e-21,1.0175519036706937,7.27779635613936e-4,1.1193074473300135,0.024715144784978563,0.003581352998096272,97.89864404233407,1.9905894645656064e-24,4.06759047798835e-24,1.9537332097186056e-27,7.955369717243798e-25,0.012896910028923621,1.128599127467735e-7,1.254494042334187,2.2571982549354704e-6,1.1285991274677363e-7,Malawi,Karonga,Nyika National Park-Karonga,10206,191
