"","time","S","E","I","H","C","R","D","inci","hosp","crits","lvl2","lvl3","lvl4","ID","POP","age","tot_pop","start"
"1",1,4392.315564,0,0.333,0,0,0,0,0,0,0,"Malawi","Mzuzu City","Mzilawaingwe Ward",223,4393.315564,"Adults",9874.0508683,29
"2",2,4392.13115368072,0.159645386897541,0.27271825298836,0.0017331377322289,3.12630953050626e-05,0.0832819946747039,2.83891119145688e-07,0.184410319279257,0.00196695934586952,3.26323634905376e-05,"Malawi","Mzuzu City","Mzilawaingwe Ward",223,4393.315564,"Adults",9874.0508683,29
"3",3,4391.96825989257,0.261485828406787,0.258645005071411,0.00288547519714825,0.000104752507142094,0.157181066336435,1.97991286802968e-06,0.347304107431792,0.00370448699947889,0.000114302054547324,"Malawi","Mzuzu City","Mzilawaingwe Ward",223,4393.315564,"Adults",9874.0508683,29
"4",4,4391.79321736301,0.348931771359064,0.271074361479777,0.00378693303217358,0.000202557892819712,0.231345092277804,5.92094804503063e-06,0.522346636989684,0.00544295447397916,0.000231115904110478,"Malawi","Mzuzu City","Mzilawaingwe Ward",223,4393.315564,"Adults",9874.0508683,29
"5",5,4391.60377844679,0.427403406749607,0.300691370487765,0.00461760605463037,0.000316894526267679,0.311743654889287,1.26205061588312e-05,0.711785553213716,0.00732442331670855,0.000377765953383405,"Malawi","Mzuzu City","Mzilawaingwe Ward",223,4393.315564,"Adults",9874.0508683,29
"6",6,4391.39042707632,0.507338546441381,0.342484463216331,0.00547622137080287,0.000445310217243763,0.402369915157673,2.24672770762963e-05,0.925136923680508,0.00944348297857747,0.00055367474730515,"Malawi","Mzuzu City","Mzilawaingwe Ward",223,4393.315564,"Adults",9874.0508683,29
"7",7,4391.14579230443,0.594762235956211,0.394632361553802,0.00642120813372398,0.000588114399432922,0.506331949562841,3.58259657523384e-05,1.16977169557176,0.0118733839838409,0.000760910770331085,"Malawi","Mzuzu City","Mzilawaingwe Ward",223,4393.315564,"Adults",9874.0508683,29
"8",8,4390.86311313522,0.693690851021305,0.456973532088733,0.00749290202532422,0.000747156572528421,0.626493332241168,5.30908309861868e-05,1.45245086478005,0.0146813398437045,0.00100322511749938,"Malawi","Mzuzu City","Mzilawaingwe Ward",223,4393.315564,"Adults",9874.0508683,29
"9",9,4390.53540429318,0.80735191187638,0.53026211198785,0.00872483572045086,0.000925254398416084,0.76582087536897,7.47174733177201e-05,1.78015970682539,0.0179368182288885,0.00128563291050517,"Malawi","Mzuzu City","Mzilawaingwe Ward",223,4393.315564,"Adults",9874.0508683,29
"10",10,4390.1549751338,0.93879139092386,0.615834906234965,0.0101494117629504,0.00112596501212613,0.927585947785202,0.000101244486302998,2.16058886620541,0.0217163234800216,0.00161428903743074,"Malawi","Mzuzu City","Mzilawaingwe Ward",223,4393.315564,"Adults",9874.0508683,29
"11",11,4389.69744765677,1.10489456982235,0.717256810394459,0.0118048476883362,0.00135354927381543,1.11567325486467,0.000133311184954757,2.61811634322859,0.0261106982776415,0.00199653791282546,"Malawi","Mzuzu City","Mzilawaingwe Ward",223,4393.315564,"Adults",9874.0508683,29
"12",12,4389.1636808379,1.29630550190891,0.837924556336188,0.0137448446363088,0.00161329732186225,1.33512328184181,0.000171680059041626,3.15188316210412,0.031237900934092,0.00244134732791238,"Malawi","Mzuzu City","Mzilawaingwe Ward",223,4393.315564,"Adults",9874.0508683,29
"13",13,4388.53974308798,1.51888502372447,0.98010998024434,0.0160254028966177,0.00191169719515055,1.59167154168193,0.000217266275417457,3.77582091201793,0.0372320487718822,0.0029596193689791,"Malawi","Mzuzu City","Mzilawaingwe Ward",223,4393.315564,"Adults",9874.0508683,29
"14",14,4387.80982938218,1.77867925745397,1.14698931643624,0.0187062784525778,0.00225636083681336,1.89183223683439,0.00027116780728352,4.50573461782127,0.0442453857248394,0.00356426174106035,"Malawi","Mzuzu City","Mzilawaingwe Ward",223,4393.315564,"Adults",9874.0508683,29
"15",15,4386.95569745436,2.08236364048086,1.34252663485134,0.0218549889697097,0.00265608593256014,2.24313050054732,0.000334694860091374,5.35986654564188,0.0524537483757935,0.00427039153375062,"Malawi","Mzuzu City","Mzilawaingwe Ward",223,4393.315564,"Adults",9874.0508683,29
"16",16,4385.95613304389,2.43755028455871,1.57147608072491,0.0255496896922367,0.00312102232404931,2.65432447597668,0.000409402830718596,6.35943095610731,0.0620617733263564,0.00509566060380011,"Malawi","Mzuzu City","Mzilawaingwe Ward",223,4393.315564,"Adults",9874.0508683,29
"17",17,4384.78638918555,2.85303977617699,1.83945373718658,0.0298816437803029,0.00366290691663684,3.13563961962899,0.000497130759431065,7.52917481444893,0.0733083796224582,0.00606067594498268,"Malawi","Mzuzu City","Mzilawaingwe Ward",223,4393.315564,"Adults",9874.0508683,29
"18",18,4383.22942309729,3.5036820639211,2.17449699442475,0.0350031145164746,0.00429572979565714,3.70106295472562,0.000600045323332991,9.08614090270692,0.0865209543134978,0.00718987799428843,"Malawi","Mzuzu City","Mzilawaingwe Ward",223,4393.315564,"Adults",9874.0508683,29
"19",19,4381.37732020394,4.25078427399209,2.599661792128,0.0412240921916686,0.0050397014141759,4.37381318869333,0.000720747639039647,10.9382437960583,0.102244196635618,0.0085160229520354,"Malawi","Mzuzu City","Mzilawaingwe Ward",223,4393.315564,"Adults",9874.0508683,29
"20",20,4379.15833035091,5.1328908723958,3.12166052604652,0.0488443490054352,0.0059229213802657,5.18005251275446,0.000862467506841793,13.1572336490893,0.121090843385917,0.0100827884507053,"Malawi","Mzuzu City","Mzilawaingwe Ward",223,4393.315564,"Adults",9874.0508683,29
"21",21,4376.49263196616,6.18610430540389,3.75466905669542,0.0581606556784654,0.00697983482310382,6.14898893419502,0.00102924704025099,15.8229320338361,0.143744171114454,0.0119441156060005,"Malawi","Mzuzu City","Mzilawaingwe Ward",223,4393.315564,"Adults",9874.0508683,29
"22",22,4373.28744048837,7.44891900403835,4.51854942009738,0.0695047890765645,0.00825108039574759,7.31467311769341,0.00122610033197139,19.0281235116334,0.171000432682681,0.0141648271230877,"Malawi","Mzuzu City","Mzilawaingwe Ward",223,4393.315564,"Adults",9874.0508683,29
"23",23,4369.43296437688,8.9651366306594,5.43843573283959,0.0832673110052362,0.00978433234762469,8.71751643295414,0.00145918331073496,22.8825996231167,0.203804540024357,0.0168222886252921,"Malawi","Mzuzu City","Mzilawaingwe Ward",223,4393.315564,"Adults",9874.0508683,29
"24",24,4364.79844846376,10.7859892024825,6.54502968153696,0.0999160523405581,0.0116357205283155,10.4058088855839,0.0017359937632656,27.5171155362355,0.243285635815163,0.0200087934070156,"Malawi","Mzuzu City","Mzilawaingwe Ward",223,4393.315564,"Adults",9874.0508683,29
"25",25,4359.2279324682,12.9719945144466,7.87530587112115,0.12001353504884,0.0138716587656685,12.4373803395133,0.00206561290327865,33.0876315317989,0.290795965030039,0.023834555951313,"Malawi","Mzuzu City","Mzilawaingwe Ward",223,4393.315564,"Adults",9874.0508683,29
"26",26,4352.53549157165,15.5948024693936,9.47349871680397,0.14423558183413,0.0165710467269166,14.8815056141634,0.00245899942604257,39.7800724283481,0.347955424154143,0.0284313320796733,"Malawi","Mzuzu City","Mzilawaingwe Ward",223,4393.315564,"Adults",9874.0508683,29
"27",27,4344.49982273516,18.7391484889664,11.392317192496,0.173392319015178,0.0198278660297909,17.8211260520678,0.00292934626811934,47.8157412648434,0.416703495640606,0.0339567357924173,"Malawi","Mzuzu City","Mzilawaingwe Ward",223,4393.315564,"Adults",9874.0508683,29
"28",28,4334.85814536249,22.5049358684063,13.6943548067091,0.208452127359458,0.0237541926366145,21.3554291347321,0.00349250766849923,57.457418637512,0.499359542740926,0.0405993114708858,"Malawi","Mzuzu City","Mzilawaingwe Ward",223,4393.315564,"Adults",9874.0508683,29
"29",29,4323.29922475676,27.0094915844562,16.4537150434297,0.250569633561986,0.028483767289621,25.602911694121,0.00416752038330276,69.0163392432418,0.598694397469553,0.0485846182438437,"Malawi","Mzuzu City","Mzilawaingwe Ward",223,4393.315564,"Adults",9874.0508683,29
"30",30,4309.45595112875,32.3897931838937,19.7577370688403,0.301116496795066,0.034175992978014,30.704812923572,0.00497720517274389,82.8596128712519,0.718010577665834,0.058182128556078,"Malawi","Mzuzu City","Mzilawaingwe Ward",223,4393.315564,"Adults",9874.0508683,29
"31",31,4292.89691572352,38.8047852629642,23.7089476010113,0.36171747828754,0.041020736233437,36.8292282893826,0.00594890859990952,99.4186482764788,0.861238395946634,0.0697136073196029,"Malawi","Mzuzu City","Mzilawaingwe Ward",223,4393.315564,"Adults",9874.0508683,29
"32",32,4271.32031031607,48.0109805494412,28.6312669148635,0.434719939742264,0.0492471857618466,44.1949237553057,0.00711533881535032,120.995253683928,1.03349781778945,0.0835660017151368,"Malawi","Mzuzu City","Mzilawaingwe Ward",223,4393.315564,"Adults",9874.0508683,29
"33",33,4245.29932883942,58.8150280944687,34.8157340059426,0.524149716228697,0.0591647867862231,53.1266424568323,0.00851610032098862,147.016235160578,1.24240068378013,0.100239778032634,"Malawi","Mzuzu City","Mzilawaingwe Ward",223,4393.315564,"Adults",9874.0508683,29
"34",34,4213.83522823564,71.6901507872556,42.4085778969985,0.634152659914728,0.0711831759931084,63.9990711154842,0.0102001287151446,178.48033576436,1.49671923840488,0.120380599918969,"Malawi","Mzuzu City","Mzilawaingwe Ward",223,4393.315564,"Adults",9874.0508683,29
"35",35,4175.82902013179,87.0800510063121,51.6323884116097,0.769059704266779,0.085801680892588,77.2400149171518,0.0122281479804081,216.486543868212,1.80646087740501,0.14478067976807,"Malawi","Mzuzu City","Mzilawaingwe Ward",223,4393.315564,"Adults",9874.0508683,29
"36",36,4130.05245695503,105.430928531218,62.764720143436,0.933719618727004,0.103611045172788,93.3484527137981,0.0146749926181032,262.263107044969,2.18329351798728,0.174391704231506,"Malawi","Mzuzu City","Mzilawaingwe Ward",223,4393.315564,"Adults",9874.0508683,29
"37",37,4075.14192018025,127.195763229915,76.126026393952,1.13366710923706,0.125302824145958,112.908252168026,0.0176320944728804,317.173643819747,2.64086696528777,0.210346224156702,"Malawi","Mzuzu City","Mzilawaingwe Ward",223,4393.315564,"Adults",9874.0508683,29
"38",38,4009.61254000347,152.819561354684,92.069309316955,1.37519284906671,0.15168162302188,136.599068583229,0.021210269578865,382.703023996534,3.19506694765673,0.253983334421254,"Malawi","Mzuzu City","Mzilawaingwe Ward",223,4393.315564,"Adults",9874.0508683,29
"39",39,3925.45922413439,188.339529296844,111.700581915956,1.6668786919179,0.183689146087987,165.273118081337,0.0255427334665146,466.856339865608,3.86582685883447,0.306887266589308,"Malawi","Mzuzu City","Mzilawaingwe Ward",223,4393.315564,"Adults",9874.0508683,29
"40",40,3825.51904924435,228.816046843822,135.902965162594,2.02268506775284,0.22253712518127,200.134490192678,0.0307903636262581,566.796514755653,4.68134950035286,0.371045699382231,"Malawi","Mzuzu City","Mzilawaingwe Ward",223,4393.315564,"Adults",9874.0508683,29
"41",41,3707.48153229676,275.018015717578,164.885837314536,2.45571644121864,0.269749203740898,242.500563415544,0.0371496106229199,684.834031703239,5.67244606051627,0.448929799744829,"Malawi","Mzuzu City","Mzilawaingwe Ward",223,4393.315564,"Adults",9874.0508683,29
"42",42,3569.52269067522,327.097535421336,198.91629374491,2.97767042332774,0.327074331965167,293.762439908837,0.0448594944081272,822.792873324783,6.87160646596252,0.543441362728181,"Malawi","Mzuzu City","Mzilawaingwe Ward",223,4393.315564,"Adults",9874.0508683,29
"43",43,3410.49326898664,384.576872839777,238.152255477368,3.59895921598339,0.3964191829208,355.376581752598,0.0542065447148373,981.822295013361,8.31280730507159,0.657869056188809,"Malawi","Mzuzu City","Mzilawaingwe Ward",223,4393.315564,"Adults",9874.0508683,29
"44",44,3230.20067583965,446.258559299426,282.502067402979,4.32792016963694,0.479776264256919,428.814037028558,0.0655279954945151,1162.11488816035,10.0303176819376,0.795831939963145,"Malawi","Mzuzu City","Mzilawaingwe Ward",223,4393.315564,"Adults",9874.0508683,29
"45",45,3029.70807228534,510.144129065385,331.49612946234,5.16942228198814,0.579124338066519,515.472473681308,0.0792128855736828,1362.60749171466,12.0566302292468,0.961185194433259,"Malawi","Mzuzu City","Mzilawaingwe Ward",223,4393.315564,"Adults",9874.0508683,29
"46",46,2795.44755172727,587.477410840821,386.068709934063,6.12714354821053,0.696320758206181,616.735727405938,0.095699785489405,1596.86801227273,14.4238884595975,1.15790149388314,"Malawi","Mzuzu City","Mzilawaingwe Ward",223,4393.315564,"Adults",9874.0508683,29
"47",47,2546.32475462999,658.426964661163,445.521604983001,7.20850956891808,0.833223983997862,734.218030848455,0.115475324477914,1845.99080937001,17.1696523172537,1.39018641554847,"Malawi","Mzuzu City","Mzilawaingwe Ward",223,4393.315564,"Adults",9874.0508683,29
"48",48,2288.06503761109,719.549569840127,506.636304926275,8.40494172394539,0.99148199029405,868.862155222113,0.139072686161861,2104.25052638891,20.3155782515326,1.66225959405649,"Malawi","Mzuzu City","Mzilawaingwe Ward",223,4393.315564,"Adults",9874.0508683,29
"49",49,2028.22792704757,766.686138403661,566.017286230872,9.69047315128444,1.17196834703856,1020.68771199835,0.167058821225069,2364.08763695243,23.8615525913368,1.97772912495514,"Malawi","Mzuzu City","Mzilawaingwe Ward",223,4393.315564,"Adults",9874.0508683,29
"50",50,1775.00932312459,796.18330138228,620.122542020716,11.0244891239874,1.37434973724239,1188.7345501428,0.20000846838253,2617.30624087541,27.7844352127418,2.33903378021604,"Malawi","Mzuzu City","Mzilawaingwe Ward",223,4393.315564,"Adults",9874.0508683,29
"51",51,1536.04258951466,805.808416866503,665.552340734015,12.3549028704652,1.59679753930135,1371.05504766599,0.238468809070092,2856.27297448534,32.0379472203765,2.74698411248617,"Malawi","Mzuzu City","Mzilawaingwe Ward",223,4393.315564,"Adults",9874.0508683,29
"52",52,1317.39959464561,795.258863220797,699.442588962745,13.6227070621426,1.83585963809112,1564.80603167699,0.282918793634996,3074.91596935439,36.554898235485,3.20043808761478,"Malawi","Mzuzu City","Mzilawaingwe Ward",223,4393.315564,"Adults",9874.0508683,29
"53",53,1131.44071469442,758.890996641097,718.786161645213,14.765480202411,2.08649708186919,1766.34498692512,0.333726809872843,3260.87484930558,41.2494924713016,3.69613356776586,"Malawi","Mzuzu City","Mzilawaingwe Ward",223,4393.315564,"Adults",9874.0508683,29
"54",54,969.331204020167,710.796957042137,722.707871862349,15.721098329079,2.34218151283741,1971.35813991126,0.391111322175093,3422.98435997983,46.0203782492731,4.22859589608757,"Malawi","Mzuzu City","Mzilawaingwe Ward",223,4393.315564,"Adults",9874.0508683,29
"55",55,831.030569149507,653.96536603032,712.493932414421,16.4444687146483,2.59537243105867,2175.66374846577,0.455106794281951,3561.28499485049,50.7696237449962,4.79045079870561,"Malawi","Mzuzu City","Mzilawaingwe Ward",223,4393.315564,"Adults",9874.0508683,29
"56",56,714.992635563323,591.935710425306,689.944575527011,16.9095516186595,2.83825997259891,2375.50228367139,0.525547221710078,3677.32292843668,55.4094918720514,5.37308773620739,"Malawi","Mzuzu City","Mzilawaingwe Ward",223,4393.315564,"Adults",9874.0508683,29
"57",57,618.831544731064,528.086798228488,657.281580640058,17.1079674202831,3.06339719246714,2567.67520808007,0.602067707568548,3773.48401926893,59.8656323898343,5.96729978708265,"Malawi","Mzuzu City","Mzilawaingwe Ward",223,4393.315564,"Adults",9874.0508683,29
"58",58,539.830771145991,465.23626838841,616.94716372277,17.0469550882049,3.2642056980887,2749.63907929661,0.684120659925506,3852.48479285401,64.0792231833571,6.56386740459464,"Malawi","Mzuzu City","Mzilawaingwe Ward",223,4393.315564,"Adults",9874.0508683,29
"59",59,475.287545963188,405.484105987861,571.384553575674,16.7465349648969,3.43534031691823,2919.53947984073,0.771003350731805,3917.02801803681,68.0076984452929,7.15405600703424,"Malawi","Mzuzu City","Mzilawaingwe Ward",223,4393.315564,"Adults",9874.0508683,29
"60",60,423.930776350062,349.168185501683,522.706322479727,16.2357756371745,3.57290567690109,3076.17270529201,0.861893062447462,3968.38478764994,71.6237820816439,7.73000207795219,"Malawi","Mzuzu City","Mzilawaingwe Ward",223,4393.315564,"Adults",9874.0508683,29
"61",61,382.047841437152,298.646498593132,472.880083390359,15.5489210691286,3.6745058579462,3218.89482818476,0.955885467527901,4010.26772256285,74.913297006097,8.28494793018356,"Malawi","Mzuzu City","Mzilawaingwe Ward",223,4393.315564,"Adults",9874.0508683,29
"62",62,347.893944683841,253.990605552974,423.646225674593,14.723752632509,3.73921945467343,3347.60278255304,1.05203344837608,4044.42161931616,77.8746901015596,8.81340400560912,"Malawi","Mzuzu City","Mzilawaingwe Ward",223,4393.315564,"Adults",9874.0508683,29
"63",63,320.012412838547,215.004063701439,376.294320250159,13.7984589681425,3.76748687089463,3462.62243738317,1.14938398765438,4072.30315116145,80.5163694360162,9.31121409957857,"Malawi","Mzuzu City","Mzilawaingwe Ward",223,4393.315564,"Adults",9874.0508683,29
"64",64,297.210133756328,181.310364917461,331.719341929322,12.8091035013829,3.76091937628808,3564.59168952097,1.24701099824928,4095.10543024367,82.8539382074971,9.77552276359542,"Malawi","Mzuzu City","Mzilawaingwe Ward",223,4393.315564,"Adults",9874.0508683,29
"65",65,278.520488073693,152.431183242371,290.485875599706,11.7879358081724,3.72206053832339,3654.35697761643,1.34404312130481,4113.79507592631,84.907757389491,10.2046708131616,"Malawi","Mzuzu City","Mzilawaingwe Ward",223,4393.315564,"Adults",9874.0508683,29
"66",66,263.165463954818,127.842887879994,252.89227177588,10.7625641221784,3.65413674854883,3732.8915555249,1.43968399368865,4129.15010004518,86.7010311190801,10.5980436084312,"Malawi","Mzuzu City","Mzilawaingwe Ward",223,4393.315564,"Adults",9874.0508683,29
"67",67,249.594599065253,107.820392869827,219.145094016178,9.75581797527969,3.5608194355108,3801.2386134201,1.5332272178504,4142.72096493475,88.2584828720459,10.9559054699897,"Malawi","Mzuzu City","Mzilawaingwe Ward",223,4393.315564,"Adults",9874.0508683,29
"68",68,238.422145171629,90.6982280938792,189.192990386088,8.78613299940487,3.44602556849,3860.47897667787,1.62406510264615,4153.89341882837,89.6056128906523,11.2792423414752,"Malawi","Mzuzu City","Mzilawaingwe Ward",223,4393.315564,"Adults",9874.0508683,29
"69",69,229.195288638418,76.1472652454903,162.7709925407,7.86670203648521,3.31372891638177,3911.64289398894,1.71169263358562,4163.12027536159,90.7666341128786,11.5695921978178,"Malawi","Mzuzu City","Mzilawaingwe Ward",223,4393.315564,"Adults",9874.0508683,29
"70",70,221.555041039283,63.8390710806271,139.597800603031,7.00619896348048,3.16779041139181,3955.68695527918,1.79570662301027,4170.76052296072,91.7639511277659,11.8288713100615,"Malawi","Mzuzu City","Mzilawaingwe Ward",223,4393.315564,"Adults",9874.0508683,29
"71",71,215.214564288588,53.4644598392509,119.382618685362,6.20970070862948,3.01183946866997,3993.48957985695,1.87580115254982,4177.10099971142,92.6180742994475,12.0592335829806,"Malawi","Mzuzu City","Mzilawaingwe Ward",223,4393.315564,"Adults",9874.0508683,29
"72",72,209.942995819386,44.7426976223113,101.833667919335,5.47945463925309,2.84919604319779,4025.84879146028,1.95176049623618,4182.37256818062,93.3475840902464,12.2629584786179,"Malawi","Mzuzu City","Mzilawaingwe Ward",223,4393.315564,"Adults",9874.0508683,29
"73",73,205.553439199299,37.424750112293,86.6660438618155,4.81552108373038,2.68282585101404,4053.48253347373,2.0234504181224,4186.76212480071,93.9691519743444,12.4423642640463,"Malawi","Mzuzu City","Mzilawaingwe Ward",223,4393.315564,"Adults",9874.0508683,29
"74",74,201.640425548153,31.5129187758195,73.6388793838719,4.21638892821884,2.51531885154192,4077.03382385034,2.09080866206058,4190.67513845185,94.4976731807079,12.5997406238407,"Malawi","Mzuzu City","Mzilawaingwe Ward",223,4393.315564,"Adults",9874.0508683,29
"75",75,198.375828259249,26.5087383460477,62.5008508330782,3.67950668797495,2.34889545024715,4097.08090897608,2.1538354473244,4193.93973574076,94.9465137378878,12.7373090210715,"Malawi","Mzuzu City","Mzilawaingwe Ward",223,4393.315564,"Adults",9874.0508683,29
"76",76,195.647890954868,22.2834424321486,52.9910951338952,3.20133804207705,2.18541293127468,4114.12680094469,2.21258356105049,4196.66767304514,95.3272696961819,12.8571813436449,"Malawi","Mzuzu City","Mzilawaingwe Ward",223,4393.315564,"Adults",9874.0508683,29
"77",77,193.365560263903,18.7223500925259,44.8833555694309,2.77770978128895,2.02638203607886,4128.606056629,2.26714962778029,4198.9500037361,95.6499321428268,12.9613343740486,"Malawi","Mzuzu City","Mzilawaingwe Ward",223,4393.315564,"Adults",9874.0508683,29
"78",78,191.454141282406,15.7250385132738,37.9808831017133,2.40414283937051,1.87299423254143,4140.89369894945,2.31766508124488,4200.8614227176,95.9231016110355,13.051593513438,"Malawi","Mzuzu City","Mzilawaingwe Ward",223,4393.315564,"Adults",9874.0508683,29
"79",79,189.852124073234,13.2046719530169,32.1126917160908,2.0760776930337,1.72615179114509,4151.31255828802,2.36428848546093,4202.46343992677,96.1541636032499,13.1296258207963,"Malawi","Mzuzu City","Mzilawaingwe Ward",223,4393.315564,"Adults",9874.0508683,29
"80",80,188.508588357289,11.0867841765385,27.1303090379194,1.78903599554057,1.58650284157267,4160.14014527546,2.40719831568309,4203.80697564272,96.3494519270319,13.1969402505087,"Malawi","Mzuzu City","Mzilawaingwe Ward",223,4393.315564,"Adults",9874.0508683,29
"81",81,187.479230936206,9.22310506819538,22.8932635018919,1.53869459730102,1.45447480715595,4167.6132080869,2.44658700234922,4204.8363330638,96.5143564436515,13.2548923594718,"Malawi","Mzuzu City","Mzilawaingwe Ward",223,4393.315564,"Adults",9874.0508683,29
"82",82,186.61565528186,7.67898020124713,19.2889438031896,1.32092590139537,1.33030595606153,4173.93109733805,2.48265551819396,4205.69990871815,96.6534024292635,13.3046897507598,"Malawi","Mzuzu City","Mzilawaingwe Ward",223,4393.315564,"Adults",9874.0508683,29
"83",83,185.891580776555,6.39776448611392,16.2319052485067,1.13195995951675,1.21407696018286,4179.2656676714,2.51560889772152,4206.42398322345,96.7704839539875,13.3474020219653,"Malawi","Mzuzu City","Mzilawaingwe Ward",223,4393.315564,"Adults",9874.0508683,29
"84",84,185.284752715968,5.33339560831389,13.6452858284181,0.968387070629569,1.10574154134804,4183.7653486831,2.54565255222209,4207.03081128404,96.8689587179529,13.3839736379361,"Malawi","Mzuzu City","Mzilawaingwe Ward",223,4393.315564,"Adults",9874.0508683,29
"85",85,184.776376176156,4.44826687753711,11.4610125562346,0.827129293161047,1.00515259495671,4187.55763715981,2.57298934214482,4207.53918782385,96.9517055693568,13.4152359338339,"Malawi","Mzuzu City","Mzilawaingwe Ward",223,4393.315564,"Adults",9874.0508683,29
"86",86,184.350608649673,3.71155723911022,9.61950202092296,0.705417481295609,0.912084596741637,4190.75157675879,2.59781725346169,4207.96495535033,97.0211817878756,13.4419183144975,"Malawi","Mzuzu City","Mzilawaingwe Ward",223,4393.315564,"Adults",9874.0508683,29
"87",87,183.994115693715,3.09793158320357,8.06905599372593,0.600771046018374,0.826252591530256,4193.44010947386,2.62032761794333,4208.32144830629,97.0794773992861,13.4646586592099,"Malawi","Mzuzu City","Mzilawaingwe Ward",223,4393.315564,"Adults",9874.0508683,29
"88",88,183.69568756449,2.58651116766306,6.76512619222149,0.510977981155969,0.747328297527987,4195.70222900715,2.64070378979239,4208.61987643552,97.1283648585373,13.4840130430989,"Malawi","Mzuzu City","Mzilawaingwe Ward",223,4393.315564,"Adults",9874.0508683,29
"89",89,183.445909533351,2.1600506530284,5.66953558696112,0.434074887938681,0.67495367523959,4197.60491946061,2.65912020286768,4208.86965446666,97.1693437178269,13.5004647588461,"Malawi","Mzuzu City","Mzilawaingwe Ward",223,4393.315564,"Adults",9874.0508683,29
"90",90,183.236880541914,1.80428010988199,4.74970860003489,0.368326878600725,0.608752233162575,4199.20487388446,2.67574175194296,4209.07868345809,97.2036801555625,13.5144326380588,"Malawi","Mzuzu City","Mzilawaingwe Ward",223,4393.315564,"Adults",9874.0508683,29
"91",91,183.061973619953,1.50737156702303,3.97794702526919,0.312207554401577,0.548338369013553,4200.55000242712,2.69072343721615,4209.25359038005,97.2324416016033,13.5262786778868,"Malawi","Mzuzu City","Mzilawaingwe Ward",223,4393.315564,"Adults",9874.0508683,29
"92",92,182.91563310768,1.25950823565068,3.33076600116473,0.264379342745597,0.49332494921177,4201.68074213338,2.7042102301606,4209.39993089233,97.2565267477005,13.5363149734776,"Malawi","Mzuzu City","Mzilawaingwe Ward",223,4393.315564,"Adults",9874.0508683,29
"93",93,182.793203652782,1.05253386080532,2.78830004768656,0.22367453071916,0.443329346418349,4202.63118544444,2.71633711714328,4209.52236034723,97.2766913494312,13.5448099658962,"Malawi","Mzuzu City","Mzilawaingwe Ward",223,4393.315564,"Adults",9874.0508683,29
"94",94,182.690785568314,0.879664266225662,2.33377837663577,0.189077207053884,0.397978185457674,4203.43005111738,2.72722927892872,4209.62477843169,97.2935703778909,13.5519940538321,"Malawi","Mzuzu City","Mzilawaingwe Ward",223,4393.315564,"Adults",9874.0508683,29
"95",95,182.605113044391,0.735252572515254,1.95306419636431,0.159706364774254,0.356910944250229,4204.10151449775,2.73700237995032,4209.71045095562,97.3076969214052,13.5580645897506,"Malawi","Mzuzu City","Mzilawaingwe Ward",223,4393.315564,"Adults",9874.0508683,29
"96",96,182.533451817118,0.614594861423244,1.6342574370537,0.134800214345404,0.319782603025007,4204.66591412969,2.74576293734621,4209.78211218289,97.3195182350077,13.5631903090444,"Malawi","Mzuzu City","Mzilawaingwe Ward",223,4393.315564,"Adults",9874.0508683,29
"97",97,182.473512799737,0.513769948639885,1.36735056222101,0.113701795209188,0.286265502699261,4205.14035464414,2.75360874735548,4209.84205120027,97.3294094041027,13.5675152450152,"Malawi","Mzuzu City","Mzilawaingwe Ward",223,4393.315564,"Adults",9874.0508683,29
"98",98,182.423380304391,0.429508458979435,1.14393635408245,0.0958459732964189,0.256050498320634,4205.53921305732,2.7606293536106,4209.89218369562,97.3376847909203,13.5711621409906,"Malawi","Mzuzu City","Mzilawaingwe Ward",223,4393.315564,"Adults",9874.0508683,29
"99",99,182.38145115549,0.359082558278005,0.95695704216559,0.080747684003206,0.228847609468284,4205.87457141568,2.76690653490766,4209.93411284452,97.3446077951355,13.5742354533466,"Malawi","Mzuzu City","Mzilawaingwe Ward",223,4393.315564,"Adults",9874.0508683,29
"100",100,182.346383900246,0.300215672779794,0.800491392465054,0.0679914518458592,0.204386211748918,4206.15658056527,2.77251480564377,4209.96918009976,97.3503990407377,13.5768239567217,"Malawi","Mzuzu City","Mzilawaingwe Ward",223,4393.315564,"Adults",9874.0508683,29
"101",101,182.317056149454,0.251007224455486,0.669574102737651,0.0572220718508825,0.182414887320643,4206.39376764796,2.77752191622397,4209.99850785055,97.3552432803993,13.5790030081109,"Malawi","Mzuzu City","Mzilawaingwe Ward",223,4393.315564,"Adults",9874.0508683,29
"102",102,182.29252890235,0.209870043994822,0.560043525508539,0.0481363899986882,0.162701003933925,4206.59329478837,2.78198934583809,4210.02303509766,97.3592951899446,13.5808365026763,"Malawi","Mzuzu City","Mzilawaingwe Ward",223,4393.315564,"Adults",9874.0508683,29
"103",103,182.272016763431,0.175478737827538,0.468413284879504,0.0404761072891634,0.14503008532004,4206.76117623964,2.78597278161534,4210.04354723658,97.3626842205882,13.582378555201,"Malawi","Mzuzu City","Mzilawaingwe Ward",223,4393.315564,"Adults",9874.0508683,29
"104",104,182.254862741825,0.146726012692283,0.391763238863529,0.03402145322835,0.129205047693623,4206.90246292665,2.78952257904223,4210.06070125818,97.3655187137234,13.5836749572876,"Malawi","Mzuzu City","Mzilawaingwe Ward",223,4393.315564,"Adults",9874.0508683,29
"105",105,182.240517192212,0.122686464375097,0.327647790535529,0.0285856684420271,0.115045328819321,4207.02139735375,2.79268420186622,4210.07504680779,97.3678893460498,13.5847644281745,"Malawi","Mzuzu City","Mzilawaingwe Ward",223,4393.315564,"Adults",9874.0508683,29
"106",106,182.228520408528,0.10258693649776,0.274019553451214,0.0240102528152503,0.102385940644888,4207.12154226948,2.79549863857912,4210.08704359148,97.3698719831537,13.5856796761585,"Malawi","Mzuzu City","Mzilawaingwe Ward",223,4393.315564,"Adults",9874.0508683,29
"107",107,182.218487912011,0.085781261701296,0.229164907210726,0.0201608428440518,0.0910764974834953,4207.20588978568,2.79800279307056,4210.097076088,97.371530094423,13.5864483109834,"Malawi","Mzuzu City","Mzilawaingwe Ward",223,4393.315564,"Adults",9874.0508683,29
"108",108,182.210098136337,0.0717293437354773,0.19164973337125,0.0169236517383545,0.0809802315078063,4207.276953053,2.80022985030679,4210.10546586367,97.3729167766742,13.5870936230816,"Malawi","Mzuzu City","Mzilawaingwe Ward",223,4393.315564,"Adults",9874.0508683,29
"109",109,182.203082138623,0.0599797780992671,0.160273904853967,0.014202411389731,0.0719730142182565,4207.33684313615,2.80220961666749,4210.11248186138,97.3740764466349,13.5876352465608,"Malawi","Mzuzu City","Mzilawaingwe Ward",223,4393.315564,"Adults",9874.0508683,29
"110",110,182.197214999497,0.050155177754248,0.134033343976106,0.0119157441781514,0.0639424013207962,4207.38733349829,2.80396883498596,4210.11834900051,97.3750462567515,13.5880897235881,"Malawi","Mzuzu City","Mzilawaingwe Ward",223,4393.315564,"Adults",9874.0508683,29
"111",111,182.192308614663,0.0419400621434998,0.112087994882994,0.00999491586479872,0.0567867095158775,4207.42991422759,2.80553147534167,4210.12325538534,97.3758572827424,13.5884709837345,"Malawi","Mzuzu City","Mzilawaingwe Ward",223,4393.315564,"Adults",9874.0508683,29
"112",112,182.188205672895,0.0350707127571438,0.0937350692019131,0.00838191734640281,0.0504141336068441,4207.46583749185,2.80691900233883,4210.12735832711,97.3765355162695,13.5887907502256,"Malawi","Mzuzu City","Mzilawaingwe Ward",223,4393.315564,"Adults",9874.0508683,29
"113",113,182.184774623859,0.0293266246102262,0.0783867437256773,0.00702782066242417,0.0447419094902416,4207.49615565742,2.80815062022674,4210.13078937615,97.3771026948403,13.5890588852004,"Malawi","Mzuzu City","Mzilawaingwe Ward",223,4393.315564,"Adults",9874.0508683,29
"114",114,182.181905439401,0.0245234186214843,0.0655512503286436,0.00589138139023487,0.0396955252714059,4207.52175348785,2.80924349713439,4210.1336585606,97.3775770011163,13.5892836823584,"Malawi","Mzuzu City","Mzilawaingwe Ward",223,4393.315564,"Adults",9874.0508683,29
"115",115,182.179506110147,0.0205069548447577,0.0548172651699633,0.00493785730938731,0.0352079832895131,4207.54337486025,2.81021296898839,4210.13605788986,97.3779736411348,13.5894721125252,"Malawi","Mzuzu City","Mzilawaingwe Ward",223,4393.315564,"Adults",9874.0508683,29
"116",116,182.177499698098,0.017148351074583,0.045840798876514,0.00413799727361698,0.0312191135238162,4207.56164531595,2.81107272520142,4210.13806430191,97.3783053308901,13.5896300326743,"Malawi","Mzuzu City","Mzilawaingwe Ward",223,4393.315564,"Adults",9874.0508683,29
"117",117,182.175821860757,0.0143398429003137,0.038334135518818,0.00346718555211117,0.0276749366046706,4207.57709106134,2.81183497732783,4210.13974213925,97.3785827051633,13.5897623624002,"Malawi","Mzuzu City","Mzilawaingwe Ward",223,4393.315564,"Adults",9874.0508683,29
"118",118,182.174418791222,0.0119913251824802,0.0320566411533416,0.00290471692957842,0.0245270757869073,4207.59015483792,2.81251061179869,4210.14114520878,97.3788146577329,13.5898732325661,"Malawi","Mzuzu City","Mzilawaingwe Ward",223,4393.315564,"Adults",9874.0508683,29
"119",119,182.17324549422,0.010027451470961,0.026807075293574,0.00243318224150247,0.0217322164302976,4207.60120925233,2.81310932800781,4210.14231850578,97.3790086261512,13.5899661108032,"Malawi","Mzuzu City","Mzilawaingwe Ward",223,4393.315564,"Adults",9874.0508683,29
"120",120,182.172264341981,0.00838521993854504,0.0224171333612586,0.00203794993022528,0.0192516103055179,4207.61056798149,2.81363976298899,4210.14329965802,97.379170830327,13.5900439071617,"Malawi","Mzuzu City","Mzilawaingwe Ward",223,4393.315564,"Adults",9874.0508683,29
"121",121,182.171443868392,0.00701194981886878,0.0187460614691209,0.00170672722589755,0.0170506225796918,4207.61849516671,2.81410960380211,4210.14412013161,97.3793064717646,13.5901090631588,"Malawi","Mzuzu City","Mzilawaingwe Ward",223,4393.315564,"Adults",9874.0508683,29
"122",122,182.170757760411,0.00586358856825176,0.0156761517182517,0.00142918960031957,0.0150983188427516,4207.62521330216,2.81452568869949,4210.14480623959,97.379419900227,13.5901636267524,"Malawi","Mzuzu City","Mzilawaingwe Ward",223,4393.315564,"Adults",9874.0508683,29
"123",123,182.170184013775,0.00490330015215496,0.0131089654623813,0.0011966685266027,0.0133670894466932,4207.63090986455,2.81489409808376,4210.14537998623,97.3795147532611,13.5902093153896,"Malawi","Mzuzu City","Mzilawaingwe Ward",223,4393.315564,"Adults",9874.0508683,29
"124",124,182.169704227645,0.00410028208344095,0.0109621812891734,0.00100188787928869,0.0118323086242973,4207.63574287629,2.81522023618335,4210.14585977236,97.3795940727707,13.5902475690643,"Malawi","Mzuzu City","Mzilawaingwe Ward",223,4393.315564,"Adults",9874.0508683,29
"125",125,182.169303014624,0.00342877664161338,0.00916695766535446,0.000838741866006807,0.0104720257260367,4207.63984557916,2.81550890431563,4210.14626098538,97.3796604025267,13.5902795949177,"Malawi","Mzuzu City","Mzilawaingwe Ward",223,4393.315564,"Adults",9874.0508683,29
"126",126,182.168967507111,0.00286724519765314,0.0076657243483954,0.000702108127706149,0.00926668604184224,4207.64333036263,2.81576436653799,4210.14659649289,97.3797158697606,13.5903064047094,"Malawi","Mzuzu City","Mzilawaingwe Ward",223,4393.315564,"Adults",9874.0508683,29
"127",127,182.168686944762,0.00239767673758366,0.00641033810002261,0.000587690285437974,0.00819887882107204,4207.64629206287,2.81599040841996,4210.14687705524,97.3797622533531,13.5903288463083,"Malawi","Mzuzu City","Mzilawaingwe Ward",223,4393.315564,"Adults",9874.0508683,29
"128",128,182.168452329422,0.00200501000380319,0.00536053936938496,0.000491885511294643,0.00725311016219496,4207.64881073592,2.81619038961246,4210.14711167058,97.3798010408729,13.590347630135,"Malawi","Mzuzu City","Mzilawaingwe Ward",223,4393.315564,"Adults",9874.0508683,29
"129",129,182.168256136486,0.00167665058718472,0.00448266084441655,0.000411673193054994,0.0064155986035492,4207.65095398946,2.8163672908302,4210.14730786352,97.37983347629,13.5903633513585,"Malawi","Mzuzu City","Mzilawaingwe Ward",223,4393.315564,"Adults",9874.0508683,29
"130",130,182.168092073629,0.00140206671276257,0.00374854851375589,0.00034452129290037,0.00567409139233812,4207.65277894265,2.8165237558082,4210.14747192638,97.3798605998581,13.5903765085312,"Malawi","Mzuzu City","Mzilawaingwe Ward",223,4393.315564,"Adults",9874.0508683,29
"131",131,182.167954879004,0.00117245143070605,0.00313465884978336,0.000288307684056497,0.00501769952620327,4207.65433387476,2.81666212874423,4210.147609121,97.3798832814749,13.5903875192228,"Malawi","Mzuzu City","Mzilawaingwe Ward",223,4393.315564,"Adults",9874.0508683,29
"132",132,182.167840152462,0.00098044019497848,0.00262130365585731,0.000241254079261406,0.00443674981365374,4207.6556596121,2.81678448769026,4210.14772384754,97.3799022485826,13.5903967331353,"Malawi","Mzuzu City","Mzilawaingwe Ward",223,4393.315564,"Adults",9874.0508683,29
"133",133,182.167744214461,0.000819874554110728,0.00219201894636013,0.000201870529951908,0.00392265233520921,4207.65679069486,2.81689267431265,4210.14781978554,97.3799181094936,13.5904044431039,"Malawi","Mzuzu City","Mzilawaingwe Ward",223,4393.315564,"Adults",9874.0508683,29
"134",134,182.167663988045,0.00068560464018677,0.00183303691475796,0.000168908845570412,0.00346778181007602,4207.65775635934,2.81698832040084,4210.14790001196,97.3799313728994,13.5904108943208,"Malawi","Mzuzu City","Mzilawaingwe Ward",223,4393.315564,"Adults",9874.0508683,29
"135",135,182.167596900161,0.000573324006770793,0.00153284436392463,0.000141323500449789,0.00306537150370771,4207.658581365,2.8170728714668,4210.14796709984,97.3799424641863,13.5904162920678,"Malawi","Mzuzu City","Mzilawaingwe Ward",223,4393.315564,"Adults",9874.0508683,29
"136",136,182.167540799139,0.000479431469410568,0.00128181357047755,0.000118238827266271,0.00270941842843395,4207.65928669082,2.81714760774379,4210.14802320087,97.3799517390764,13.5904208081988,"Malawi","Mzuzu City","Mzilawaingwe Ward",223,4393.315564,"Adults",9874.0508683,29
"137",137,182.167493885682,0.000400915614468705,0.00107189348673442,9.89215026700929e-05,0.00239459869780286,4207.65989012216,2.81721366286224,4210.14807011432,97.3799594950362,13.5904245865717,"Malawi","Mzuzu City","Mzilawaingwe Ward",223,4393.315564,"Adults",9874.0508683,29
"138",138,182.16745465516,0.000335258214617264,0.000896351531427924,8.27574712554774e-05,0.00211619200116968,4207.66040674517,2.81727204045227,4210.14810934485,97.3799659808175,13.5904277476008,"Malawi","Mzuzu City","Mzilawaingwe Ward",223,4393.315564,"Adults",9874.0508683,29
"139",139,182.167421849353,0.000280353448461702,0.00074955770148627,6.92325949944991e-05,0.00187001426030943,4207.66084936375,2.81732362889675,4210.14814215065,97.3799714044347,13.5904303920703,"Malawi","Mzuzu City","Mzilawaingwe Ward",223,4393.315564,"Adults",9874.0508683,29
"140",140,182.167394416088,0.000234440348169467,0.000626803945491674,5.79164288988061e-05,0.00165235760095018,4207.66122885115,2.81736921443959,4210.14816958392,97.3799759398377,13.5904326043302,"Malawi","Mzuzu City","Mzilawaingwe Ward",223,4393.315564,"Adults",9874.0508683,29
"141",141,182.167371475521,0.000196046376113959,0.000524153323986125,4.84486384839443e-05,0.00145993693176453,4207.66155444639,2.81740949281585,4210.14819252448,97.379979732486,13.5904344549694,"Malawi","Mzuzu City","Mzilawaingwe Ward",223,4393.315564,"Adults",9874.0508683,29
"142",142,182.167352291642,0.000163939712091314,0.000438312472855343,4.05274902409696e-05,0.00128984192667197,4207.66183400708,2.81744507967661,4210.14821170836,97.3799829040604,13.5904360030802,"Malawi","Mzuzu City","Mzilawaingwe Ward",223,4393.315564,"Adults",9874.0508683,29
"143",143,182.167336249289,0.000137090800241746,0.000366528785251793,3.39005551850331e-05,0.00113949571222824,4207.66207421533,2.81747651953329,4210.14822775072,97.3799855562624,13.5904372980852,"Malawi","Mzuzu City","Mzilawaingwe Ward",223,4393.315564,"Adults",9874.0508683,29
"144",144,182.167322834276,0.000114639079370618,0.000306501469293866,2.83566524250203e-05,0.00100661704654879,4207.66228075755,2.81750429392732,4210.14824116573,97.3799877740997,13.5904383813209,"Malawi","Mzuzu City","Mzilawaingwe Ward",223,4393.315564,"Adults",9874.0508683,29
"145",145,182.16731161628,9.58643504153087e-05,0.000256305003493747,2.37189051613889e-05,0.000889185907463649,4207.66245848071,2.81752882884749,4210.14825238372,97.379989628715,13.5904392874012,"Malawi","Mzuzu City","Mzilawaingwe Ward",223,4393.315564,"Adults",9874.0508683,29
"146",146,182.167302235479,8.0164399745233e-05,0.000214329308386943,1.98392999767202e-05,0.000785414315386177,4207.6626115162,2.81755050100069,4210.14826176453,97.3799911795963,13.5904400452849,"Malawi","Mzuzu City","Mzilawaingwe Ward",223,4393.315564,"Adults",9874.0508683,29
"147",147,182.167294390996,6.70356740751767e-05,0.000179228080709714,1.65939844538722e-05,0.000693719958526831,4207.66274338784,2.81756964347148,4210.14826960901,97.3799924764857,13.5904406791993,"Malawi","Mzuzu City","Mzilawaingwe Ward",223,4393.315564,"Adults",9874.0508683,29
"148",148,182.167287831224,5.60570734012575e-05,0.000149875463994341,1.38793182816651e-05,0.000612702733976241,4207.66285710344,2.81758655074645,4210.14827616878,97.3799935609804,13.5904412094138,"Malawi","Mzuzu City","Mzilawaingwe Ward",223,4393.315564,"Adults",9874.0508683,29
"149",149,182.167282345761,4.68764657700695e-05,0.000125329994333934,1.16085823130892e-05,0.00054112394918695,4207.66295523209,2.81760148316014,4210.14828165424,97.3799944678648,13.5904416528854,"Malawi","Mzuzu City","Mzilawaingwe Ward",223,4393.315564,"Adults",9874.0508683,29
"150",150,182.167277758578,3.91992418002686e-05,0.000104804000099508,9.70918215702793e-06,0.000477887473601435,4207.66303997061,2.8176146709165,4210.14828624143,97.3799952262411,13.5904420238072,"Malawi","Mzuzu City","Mzilawaingwe Ward",223,4393.315564,"Adults",9874.0508683,29
"151",151,182.167273923021,3.27799585144631e-05,8.76412612609455e-05,8.12060583846819e-06,0.000422026348581188,4207.66311319186,2.81762631694807,4210.14829007698,97.3799958603548,13.5904423340079,"Malawi","Mzuzu City","Mzilawaingwe Ward",223,4393.315564,"Adults",9874.0508683,29
"152",152,182.167270715976,2.74125674358101e-05,7.32908832113539e-05,6.79202950314685e-06,0.000372683356579711,4207.66317650415,2.81763660104179,4210.14829328403,97.3799963905598,13.5904425934212,"Malawi","Mzuzu City","Mzilawaingwe Ward",223,4393.315564,"Adults",9874.0508683,29
"153",153,182.16726803413,2.29241640176877e-05,6.12905852765126e-05,5.68078539118323e-06,0.000329098729481166,4207.66323128916,2.8176456824496,4210.14829596588,97.3799968339362,13.5904428103855,"Malawi","Mzuzu City","Mzilawaingwe Ward",223,4393.315564,"Adults",9874.0508683,29
"154",154,182.167265791362,1.91706128892802e-05,5.12550044038442e-05,4.75128904039467e-06,0.000290601670091974,4207.66327872837,2.81765370168989,4210.14829820864,97.3799972047219,13.590442991854,"Malawi","Mzuzu City","Mzilawaingwe Ward",223,4393.315564,"Adults",9874.0508683,29
"155",155,182.167263915821,1.60316617664134e-05,4.28626317100764e-05,3.97384027644727e-06,0.000256599951145299,4207.66331983334,2.81766078275255,4210.14830008418,97.3799975147958,13.5904431436297,"Malawi","Mzuzu City","Mzilawaingwe Ward",223,4393.315564,"Adults",9874.0508683,29
"156",156,182.167262347378,1.34066770978959e-05,3.58444112773332e-05,3.32357549911152e-06,0.000226569952233905,4207.6633554728,2.81766703520715,4210.14830165263,97.3799977740988,13.5904432705699,"Malawi","Mzuzu City","Mzilawaingwe Ward",223,4393.315564,"Adults",9874.0508683,29
"157",157,182.167261035748,1.12115005328551e-05,2.99753355680835e-05,2.77969448540894e-06,0.00020004882659824,4207.66338639304,2.81767255585839,4210.14830296426,97.3799979909442,13.5904433767376,"Malawi","Mzuzu City","Mzilawaingwe Ward",223,4393.315564,"Adults",9874.0508683,29
"158",158,182.16725993888,9.37575680687241e-06,2.50672477580146e-05,2.32479798255804e-06,0.000176627489124177,4207.6634132356,2.8176774302267,4210.14830406112,97.3799981722838,13.5904434655313,"Malawi","Mzuzu City","Mzilawaingwe Ward",223,4393.315564,"Adults",9874.0508683,29
"159",159,182.167259021612,7.84059330685553e-06,2.09627982068916e-05,1.94433120297032e-06,0.000155944398332747,4207.66343655241,2.81768173386005,4210.14830497839,97.3799983239314,13.5904435397936,"Malawi","Mzuzu City","Mzilawaingwe Ward",223,4393.315564,"Adults",9874.0508683,29
"160",160,182.167258254534,6.55679372977365e-06,1.75304011073422e-05,1.62611912225319e-06,0.000137680055684514,4207.66345681861,2.81768553349319,4210.14830574547,97.3799984507485,13.5904436019023,"Malawi","Mzuzu City","Mzilawaingwe Ward",223,4393.315564,"Adults",9874.0508683,29
"161",161,182.167257613056,5.48320036045899e-06,1.4660016260155e-05,1.35997759531561e-06,0.000121552137122676,4207.66347444354,2.81768888807286,4210.14830638695,97.379998556801,13.5904436538461,"Malawi","Mzuzu City","Mzilawaingwe Ward",223,4393.315564,"Adults",9874.0508683,29
"162",162,182.167257076612,4.58539454711856e-06,1.22596211699147e-05,1.13738795046517e-06,0.000107311184929,4207.66348978014,2.81769184966412,4210.14830692339,97.3799986454886,13.5904436972882,"Malawi","Mzuzu City","Mzilawaingwe Ward",223,4393.315564,"Adults",9874.0508683,29
"163",163,182.167256628004,3.83459326356386e-06,1.02522608728099e-05,9.51224742946031e-07,9.47367960201017e-05,4207.66350313287,2.81769446425172,4210.148307372,97.3799987196548,13.59044373362,"Malawi","Mzuzu City","Mzilawaingwe Ward",223,4393.315564,"Adults",9874.0508683,29
"164",164,182.16725625285,3.20672634666862e-06,8.57358082036802e-06,7.9552798525034e-07,8.36342499389221e-05,4207.66351476462,2.81769677244841,4210.14830774715,97.3799987816771,13.5904437640051,"Malawi","Mzuzu City","Mzilawaingwe Ward",223,4393.315564,"Adults",9874.0508683,29
"165",165,182.167255939123,2.68166482331597e-06,7.16976371851532e-06,6.65312593381187e-07,7.38315262126257e-05,4207.66352490249,2.81769881012106,4210.14830806088,97.3799988335441,13.5904437894167,"Malawi","Mzuzu City","Mzilawaingwe Ward",223,4393.315564,"Adults",9874.0508683,29
"166",166,182.167255676764,2.24257558944459e-06,5.99580418382673e-06,5.56408973062826e-07,6.517666644401e-05,4207.66353374284,2.81770060894405,4210.14830832324,97.3799988769185,13.5904438106688,"Malawi","Mzuzu City","Mzilawaingwe Ward",223,4393.315564,"Adults",9874.0508683,29
"167",167,182.167255457364,1.87538175244118e-06,5.01406590326377e-06,4.65329660547888e-07,5.75354415653881e-05,4207.66354145553,2.81770219688833,4210.14830854264,97.3799989131909,13.5904438284421,"Malawi","Mzuzu City","Mzilawaingwe Ward",223,4393.315564,"Adults",9874.0508683,29
"168",168,182.167255273888,1.56831133576262e-06,4.19307504089643e-06,3.89157762384551e-07,5.07892891808701e-05,4207.66354818763,2.81770359865353,4210.14830872612,97.3799989435242,13.590443843306,"Malawi","Mzuzu City","Mzilawaingwe Ward",223,4393.315564,"Adults",9874.0508683,29
"169",169,182.167255120453,1.31151987757796e-06,3.50651120917642e-06,3.2545363300657e-07,4.48334899164376e-05,4207.66355406652,2.81770483604992,4210.14830887955,97.3799989688907,13.5904438557368,"Malawi","Mzuzu City","Mzilawaingwe Ward",223,4393.315564,"Adults",9874.0508683,29
"170",170,182.167254992142,1.09677482419877e-06,2.9323636560492e-06,2.7217681029211e-07,3.95755552422677e-05,4207.66355920265,2.81770592833576,4210.14830900786,97.3799989901038,13.5904438661327,"Malawi","Mzuzu City","Mzilawaingwe Ward",223,4393.315564,"Adults",9874.0508683,29
"171",171,182.16725488484,9.1719160016555e-07,2.45222561588307e-06,2.27620715744694e-07,3.49338023777349e-05,4207.66356369181,2.81770689251546,4210.14830911516,97.3799990078435,13.5904438748268,"Malawi","Mzuzu City","Mzilawaingwe Ward",223,4393.315564,"Adults",9874.0508683,29
"172",172,182.167254795107,7.6701289357852e-07,2.05070420162183e-06,1.90358033108402e-07,3.08360946804323e-05,4207.66356761712,2.81770774360289,4210.1483092049,97.3799990226786,13.5904438820976,"Malawi","Mzuzu City","Mzilawaingwe Ward",223,4393.315564,"Adults",9874.0508683,29
"173",173,182.167254720067,6.41424080712412e-07,1.71492691973244e-06,1.5919501996327e-07,2.72187283957547e-05,4207.66357105081,2.81770849485409,4210.14830927994,97.3799990350846,13.5904438881781,"Malawi","Mzuzu City","Mzilawaingwe Ward",223,4393.315564,"Adults",9874.0508683,29
"174",174,182.167254657267,5.36319678303831e-07,1.4339172515156e-06,1.33113652531432e-07,2.40242784906236e-05,4207.66357405689,2.81770915821622,4210.14830934274,97.3799990454671,13.5904438932671,"Malawi","Mzuzu City","Mzilawaingwe Ward",223,4393.315564,"Adults",9874.0508683,29
"175",175,182.167254604774,4.48466737591389e-07,1.19903150740064e-06,1.11312188594899e-07,2.12049354729427e-05,4207.66357668785,2.81770974363409,4210.14830939523,97.3799990541454,13.5904438975208,"Malawi","Mzuzu City","Mzilawaingwe Ward",223,4393.315564,"Adults",9874.0508683,29
"176",176,182.167254560788,3.74850423905957e-07,1.00220915283833e-06,9.30429107565143e-08,1.87136609832634e-05,4207.66357899456,2.81771026089043,4210.14830943922,97.3799990614174,13.5904439010854,"Malawi","Mzuzu City","Mzilawaingwe Ward",223,4393.315564,"Adults",9874.0508683,29
"177",177,182.167254524028,3.13328730516972e-07,8.37723267031431e-07,7.77745274341886e-08,1.65149960090326e-05,4207.66358101479,2.81771071735848,4210.14830947598,97.3799990674947,13.5904439040644,"Malawi","Mzuzu City","Mzilawaingwe Ward",223,4393.315564,"Adults",9874.0508683,29
"178",178,182.167254493303,2.61905836798527e-07,7.00237775855746e-07,6.5011979612234e-08,1.4574533241952e-05,4207.66358278482,2.81771112019195,4210.1483095067,97.3799990725744,13.5904439065545,"Malawi","Mzuzu City","Mzilawaingwe Ward",223,4393.315564,"Adults",9874.0508683,29
"179",179,182.16725446762,2.18922295925653e-07,5.85315942261156e-07,5.4343611267954e-08,1.28619596800575e-05,4207.66358433615,2.81771147569231,4210.14830953238,97.3799990768204,13.590443908636,"Malawi","Mzuzu City","Mzilawaingwe Ward",223,4393.315564,"Adults",9874.0508683,29
"180",180,182.167254446152,1.82993123677126e-07,4.89254839017834e-07,4.54258275044749e-08,1.1350529977686e-05,4207.66358569623,2.81771178941859,4210.14830955385,97.3799990803696,13.5904439103759,"Malawi","Mzuzu City","Mzilawaingwe Ward",223,4393.315564,"Adults",9874.0508683,29
"181",181,182.167254428207,1.52960589312347e-07,4.0895912927531e-07,3.79713937567258e-08,1.00166345814125e-05,4207.66358688899,2.81771206627739,4210.1483095718,97.3799990833363,13.5904439118303,"Malawi","Mzuzu City","Mzilawaingwe Ward",223,4393.315564,"Adults",9874.0508683,29
"182",182,182.167254413208,1.27856945901496e-07,3.41841421478333e-07,3.17401966583063e-08,8.83943262680152e-06,4207.66358793532,2.81771231059937,4210.1483095868,97.3799990858161,13.590443913046,"Malawi","Mzuzu City","Mzilawaingwe Ward",223,4393.315564,"Adults",9874.0508683,29
"183",183,182.16725440067,1.06873271663634e-07,2.85738962819364e-07,2.6531518932711e-08,7.80052771395882e-06,4207.66358885345,2.81771252620678,4210.14830959933,97.3799990878889,13.5904439140622,"Malawi","Mzuzu City","Mzilawaingwe Ward",223,4393.315564,"Adults",9874.0508683,29
"184",184,182.16725439019,8.93334039500265e-08,2.38843948509303e-07,2.21775762275788e-08,6.88368153005725e-06,4207.6635896593,2.81771271647312,4210.14830960981,97.3799990896216,13.5904439149116,"Malawi","Mzuzu City","Mzilawaingwe Ward",223,4393.315564,"Adults",9874.0508683,29
"185",185,182.16725438143,7.46721508302327e-08,1.99645267749451e-07,1.85381140581851e-08,6.07456096597735e-06,4207.66359036678,2.81771288437574,4210.14830961857,97.3799990910698,13.5904439156217,"Malawi","Mzuzu City","Mzilawaingwe Ward",223,4393.315564,"Adults",9874.0508683,29
"186",186,182.167254374107,6.24170787535059e-08,1.66879810784225e-07,1.5495891120257e-08,5.36051481939329e-06,4207.66359098805,2.81771303254237,4210.1483096259,97.3799990922804,13.5904439162152,"Malawi","Mzuzu City","Mzilawaingwe Ward",223,4393.315564,"Adults",9874.0508683,29
"187",187,182.167254367986,5.2173289195992e-08,1.39491767378103e-07,1.29529035492045e-08,4.7303766302318e-06,4207.66359153373,2.81771316329213,4210.14830963202,97.3799990932923,13.5904439167113,"Malawi","Mzuzu City","Mzilawaingwe Ward",223,4393.315564,"Adults",9874.0508683,29
"188",188,182.16725436287,4.36106937381121e-08,1.16598605155607e-07,1.08272285933451e-08,4.17429059663239e-06,4207.66359201313,2.81771327867173,4210.14830963713,97.3799990941382,13.590443917126,"Malawi","Mzuzu City","Mzilawaingwe Ward",223,4393.315564,"Adults",9874.0508683,29
"189",189,182.167254358594,3.64533775354944e-08,9.74626315205278e-08,9.05038610068545e-09,3.68355787490005e-06,4207.6635924344,2.81771338048748,4210.14830964141,97.3799990948452,13.5904439174727,"Malawi","Mzuzu City","Mzilawaingwe Ward",223,4393.315564,"Adults",9874.0508683,29
"190",190,182.167254355019,3.04707084398015e-08,8.14672227867808e-08,7.56513288042834e-09,3.25050088109566e-06,4207.66359280465,2.8177134703335,4210.14830964498,97.3799990954362,13.5904439177625,"Malawi","Mzuzu City","Mzilawaingwe Ward",223,4393.315564,"Adults",9874.0508683,29
"191",191,182.167254352031,2.54699052762114e-08,6.80969545456431e-08,6.32361893063476e-09,2.86834348960827e-06,4207.66359313012,2.81771354961662,4210.14830964797,97.3799990959302,13.5904439180047,"Malawi","Mzuzu City","Mzilawaingwe Ward",223,4393.315564,"Adults",9874.0508683,29
"192",192,182.167254349533,2.12898258031287e-08,5.69209930048227e-08,5.2858461697101e-09,2.53110526950444e-06,4207.66359341629,2.81771361957838,4210.14830965047,97.3799990963431,13.5904439182071,"Malawi","Mzuzu City","Mzilawaingwe Ward",223,4393.315564,"Adults",9874.0508683,29
"193",193,182.167254347446,1.77957741818593e-08,4.75792121139596e-08,4.41838004593948e-09,2.2335081163767e-06,4207.66359366794,2.81771368131445,4210.14830965256,97.3799990966882,13.5904439183764,"Malawi","Mzuzu City","Mzilawaingwe Ward",223,4393.315564,"Adults",9874.0508683,29
"194",194,182.167254345701,1.48751606359275e-08,3.97705891249229e-08,3.69327253921348e-09,1.97089382911448e-06,4207.66359388928,2.81771373579174,4210.14830965431,97.3799990969767,13.5904439185178,"Malawi","Mzuzu City","Mzilawaingwe Ward",223,4393.315564,"Adults",9874.0508683,29
"195",195,182.167254344242,1.24338734400569e-08,3.32435046538915e-08,3.0871618741098e-09,1.73915135041532e-06,4207.66359408398,2.81771378386355,4210.14830965576,97.3799990972179,13.5904439186361,"Malawi","Mzuzu City","Mzilawaingwe Ward",223,4393.315564,"Adults",9874.0508683,29
"196",196,182.167254343023,1.03932463324258e-08,2.77876346814816e-08,2.58051995248197e-09,1.534652539527e-06,4207.66359425528,2.81771382628289,4210.14830965698,97.3799990974195,13.5904439187349,"Malawi","Mzuzu City","Mzilawaingwe Ward",223,4393.315564,"Adults",9874.0508683,29
"197",197,182.167254342003,8.68752363029786e-09,2.32271732246361e-08,2.15702326964215e-09,1.35419547794718e-06,4207.66359440602,2.81771386371428,4210.148309658,97.379999097588,13.5904439188175,"Malawi","Mzuzu City","Mzilawaingwe Ward",223,4393.315564,"Adults",9874.0508683,29
"198",198,182.167254341152,7.26174136675663e-09,1.94151672925903e-08,1.80302705410262e-09,1.1949544256308e-06,4207.66359453867,2.81771389674414,4210.14830965885,97.3799990977288,13.5904439188866,"Malawi","Mzuzu City","Mzilawaingwe Ward",223,4393.315564,"Adults",9874.0508683,29
"199",199,182.167254340439,6.06995617183785e-09,1.62287815806586e-08,1.50712569457751e-09,1.05443564845579e-06,4207.66359465543,2.81771392588994,4210.14830965957,97.3799990978466,13.5904439189443,"Malawi","Mzuzu City","Mzilawaingwe Ward",223,4393.315564,"Adults",9874.0508683,29
"200",200,182.167254339844,5.07376482681279e-09,1.35653403147821e-08,1.25978529648644e-09,9.30438428857514e-07,4207.66359475821,2.81771395160835,4210.14830966016,97.379999097945,13.5904439189926,"Malawi","Mzuzu City","Mzilawaingwe Ward",223,4393.315564,"Adults",9874.0508683,29
"201",201,182.167254339347,4.24106678681751e-09,1.13390187021179e-08,1.0530365329586e-09,8.21020652062008e-07,4207.6635948487,2.81771397430236,4210.14830966066,97.3799990980272,13.5904439190329,"Malawi","Mzuzu City","Mzilawaingwe Ward",223,4393.315564,"Adults",9874.0508683,29
"202",202,182.167254338931,3.54502979625786e-09,9.47807737538054e-09,8.80217897061103e-10,7.24468431465727e-07,4207.66359492837,2.81771399432758,4210.14830966108,97.379999098096,13.5904439190666,"Malawi","Mzuzu City","Mzilawaingwe Ward",223,4393.315564,"Adults",9874.0508683,29
"203",203,182.167254338583,2.96322526573372e-09,7.92255071568582e-09,7.35761085164478e-10,6.39269299518935e-07,4207.66359499853,2.8177140119978,4210.14830966142,97.3799990981534,13.5904439190948,"Malawi","Mzuzu City","Mzilawaingwe Ward",223,4393.315564,"Adults",9874.0508683,29
"204",204,182.167254338293,2.47690554949777e-09,6.62231456409249e-09,6.15011598258915e-10,5.64088545939804e-07,4207.66359506032,2.81771402758995,4210.14830966171,97.3799990982015,13.5904439191183,"Malawi","Mzuzu City","Mzilawaingwe Ward",223,4393.315564,"Adults",9874.0508683,29
"205",205,182.16725433805,2.07039983496352e-09,5.53547105718643e-09,5.14078782325278e-10,4.97748334071411e-07,4207.66359511473,2.81771404134839,4210.14830966196,97.3799990982416,13.590443919138,"Malawi","Mzuzu City","Mzilawaingwe Ward",223,4393.315564,"Adults",9874.0508683,29
"206",206,182.167254337847,1.73060917784583e-09,4.62699854082445e-09,4.29710477062501e-10,4.39209269450637e-07,4207.66359516267,2.81771405348874,4210.14830966216,97.3799990982752,13.5904439191545,"Malawi","Mzuzu City","Mzilawaingwe Ward",223,4393.315564,"Adults",9874.0508683,29
"207",207,182.167254337677,1.44658441131379e-09,3.86762305784076e-09,3.59188234903582e-10,3.87554132854632e-07,4207.6635952049,2.81771406420128,4210.14830966233,97.3799990983033,13.5904439191683,"Malawi","Mzuzu City","Mzilawaingwe Ward",223,4393.315564,"Adults",9874.0508683,29
"208",208,182.167254337535,1.20917332800768e-09,3.23287504535759e-09,3.0023973483691e-10,3.41973523817663e-07,4207.6635952421,2.81771407365391,4210.14830966247,97.3799990983267,13.5904439191798,"Malawi","Mzuzu City","Mzilawaingwe Ward",223,4393.315564,"Adults",9874.0508683,29
"209",209,182.167254337416,1.01072576596999e-09,2.70230084540046e-09,2.50965569422147e-10,3.01753190390602e-07,4207.66359527487,2.81771408199481,4210.14830966259,97.3799990983463,13.5904439191894,"Malawi","Mzuzu City","Mzilawaingwe Ward",223,4393.315564,"Adults",9874.0508683,29
"210",210,182.167254337317,8.44847095394483e-10,2.25880362111022e-09,2.09778046385361e-10,2.66262847208244e-07,4207.66359530375,2.81771408935471,4210.14830966269,97.3799990983627,13.5904439191974,"Malawi","Mzuzu City","Mzilawaingwe Ward",223,4393.315564,"Adults",9874.0508683,29
"211",211,182.167254337234,7.06192162729294e-10,1.88809244071554e-09,1.75350033205824e-10,2.34946307143452e-07,4207.6635953292,2.81771409584898,4210.14830966277,97.3799990983764,13.5904439192041,"Malawi","Mzuzu City","Mzilawaingwe Ward",223,4393.315564,"Adults",9874.0508683,29
"212",212,182.167254337165,5.90293052339208e-10,1.57822177694868e-09,1.4657219663059e-10,2.07312772321695e-07,4207.66359535163,2.81771410157942,4210.14830966284,97.3799990983879,13.5904439192097,"Malawi","Mzuzu City","Mzilawaingwe Ward",223,4393.315564,"Adults",9874.0508683,29
"213",213,182.167254337107,4.93415115644006e-10,1.319206583069e-09,1.22517259491536e-10,1.82929148362977e-07,4207.66359537139,2.81771410663586,4210.1483096629,97.3799990983974,13.5904439192144,"Malawi","Mzuzu City","Mzilawaingwe Ward",223,4393.315564,"Adults",9874.0508683,29
"214",214,182.167254337059,4.12436628520747e-10,1.10270054198411e-09,1.02410123262891e-10,1.61413261691178e-07,4207.66359538881,2.81771411109757,4210.14830966295,97.3799990984054,13.5904439192183,"Malawi","Mzuzu City","Mzilawaingwe Ward",223,4393.315564,"Adults",9874.0508683,29
"215",215,182.167254337019,3.44748199137656e-10,9.21727120602416e-10,8.56028937661485e-11,1.42427873851621e-07,4207.66359540417,2.8177141150345,4210.14830966299,97.3799990984121,13.5904439192216,"Malawi","Mzuzu City","Mzilawaingwe Ward",223,4393.315564,"Adults",9874.0508683,29
"216",216,182.167254336985,2.88168684810893e-10,7.70454763108486e-10,7.1554005390123e-11,1.25675399225399e-07,4207.6635954177,2.81771411850837,4210.14830966302,97.3799990984177,13.5904439192244,"Malawi","Mzuzu City","Mzilawaingwe Ward",223,4393.315564,"Adults",9874.0508683,29
"217",217,182.167254336956,2.40874908450167e-10,6.44008979152701e-10,5.98107712345779e-11,1.10893243517086e-07,4207.66359542963,2.81771412157364,4210.14830966305,97.3799990984224,13.5904439192267,"Malawi","Mzuzu City","Mzilawaingwe Ward",223,4393.315564,"Adults",9874.0508683,29
"218",218,182.167254336933,2.01342909827115e-10,5.38315271821981e-10,4.99947969593618e-11,9.78496900919432e-08,4207.66359544015,2.81771412427836,4210.14830966307,97.3799990984263,13.5904439192286,"Malawi","Mzuzu City","Mzilawaingwe Ward",223,4393.315564,"Adults",9874.0508683,29
"219",219,182.167254336913,1.68298838590064e-10,4.4996784401674e-10,4.17897883826691e-11,8.63402698004488e-08,4207.66359544942,2.81771412666495,4210.14830966309,97.3799990984296,13.5904439192302,"Malawi","Mzuzu City","Mzilawaingwe Ward",223,4393.315564,"Adults",9874.0508683,29
"220",220,182.167254336897,1.40677906637418e-10,3.76119852523936e-10,3.49313599937902e-11,7.61845574853695e-08,4207.6635954576,2.81771412877082,4210.14830966311,97.3799990984323,13.5904439192315,"Malawi","Mzuzu City","Mzilawaingwe Ward",223,4393.315564,"Adults",9874.0508683,29
"221",221,182.167254336883,1.17590077160846e-10,3.14391673413358e-10,2.91985160118645e-11,6.72233450371619e-08,4207.6635954648,2.81771413062898,4210.14830966312,97.3799990984346,13.5904439192326,"Malawi","Mzuzu City","Mzilawaingwe Ward",223,4393.315564,"Adults",9874.0508683,29
"222",222,182.167254336871,9.8219251813831e-11,2.62601366414168e-10,2.43886188094986e-11,5.93016219907763e-08,4207.66359547117,2.81771413227159,4210.14830966313,97.3799990984365,13.5904439192336,"Malawi","Mzuzu City","Mzilawaingwe Ward",223,4393.315564,"Adults",9874.0508683,29
"223",223,182.167254336862,8.19862621679096e-11,2.19200452813043e-10,2.03578601145486e-11,5.230289792366e-08,4207.66359547679,2.8177141337228,4210.14830966314,97.3799990984381,13.5904439192343,"Malawi","Mzuzu City","Mzilawaingwe Ward",223,4393.315564,"Adults",9874.0508683,29
"224",224,182.167254336853,6.8086657035294e-11,1.82038132463709e-10,1.69064920434547e-11,4.60215635862189e-08,4207.66359548183,2.81771413502526,4210.14830966315,97.3799990984395,13.590443919235,"Malawi","Mzuzu City","Mzilawaingwe Ward",223,4393.315564,"Adults",9874.0508683,29
"225",225,182.167254336847,5.77568333078895e-11,1.54420065981585e-10,1.4341519765696e-11,4.09085013020766e-08,4207.66359548593,2.81771413608545,4210.14830966316,97.3799990984405,13.5904439192355,"Malawi","Mzuzu City","Mzilawaingwe Ward",223,4393.315564,"Adults",9874.0508683,29
"226",226,182.167254336842,4.89942073693117e-11,1.30992097394021e-10,1.21656923465283e-11,3.63634895690871e-08,4207.66359548958,2.81771413702786,4210.14830966316,97.3799990984414,13.590443919236,"Malawi","Mzuzu City","Mzilawaingwe Ward",223,4393.315564,"Adults",9874.0508683,29
"227",227,182.167254336837,4.15610105029527e-11,1.11118522523351e-10,1.03199707586055e-11,3.23234218974882e-08,4207.66359549281,2.81771413786557,4210.14830966317,97.3799990984421,13.5904439192363,"Malawi","Mzuzu City","Mzilawaingwe Ward",223,4393.315564,"Adults",9874.0508683,29
"228",228,182.167254336834,3.52555472730417e-11,9.42600835737586e-11,8.75427304814734e-12,2.87322020760894e-08,4207.66359549569,2.8177141386102,4210.14830966317,97.3799990984427,13.5904439192366,"Malawi","Mzuzu City","Mzilawaingwe Ward",223,4393.315564,"Adults",9874.0508683,29
"229",229,182.16725433683,2.99067226343237e-11,7.99593366940197e-11,7.42611542126774e-12,2.55399654884837e-08,4207.66359549824,2.8177141392721,4210.14830966317,97.3799990984432,13.5904439192369,"Malawi","Mzuzu City","Mzilawaingwe Ward",223,4393.315564,"Adults",9874.0508683,29
"230",230,182.167254336828,2.53693993684115e-11,6.78282395068961e-11,6.29945949590039e-12,2.27023869135218e-08,4207.66359550051,2.81771413986046,4210.14830966318,97.3799990984437,13.5904439192371,"Malawi","Mzuzu City","Mzilawaingwe Ward",223,4393.315564,"Adults",9874.0508683,29
"231",231,182.167254336825,2.15204598705328e-11,5.75376218068259e-11,5.34373444124301e-12,2.01800652065181e-08,4207.66359550253,2.81771414038346,4210.14830966318,97.3799990984441,13.5904439192373,"Malawi","Mzuzu City","Mzilawaingwe Ward",223,4393.315564,"Adults",9874.0508683,29
"232",232,182.167254336823,1.82554654255687e-11,4.88082537194719e-11,4.53300747203725e-12,1.79379763234858e-08,4207.66359550432,2.81771414084834,4210.14830966318,97.3799990984444,13.5904439192374,"Malawi","Mzuzu City","Mzilawaingwe Ward",223,4393.315564,"Adults",9874.0508683,29
"233",233,182.167254336822,1.5485822324801e-11,4.14032689628694e-11,3.84528019032565e-12,1.59449870986339e-08,4207.66359550591,2.81771414126158,4210.14830966318,97.3799990984447,13.5904439192376,"Malawi","Mzuzu City","Mzilawaingwe Ward",223,4393.315564,"Adults",9874.0508683,29
"234",234,182.16725433682,1.31363779276086e-11,3.51217376198077e-11,3.26189168196547e-12,1.41734230280743e-08,4207.66359550733,2.8177141416289,4210.14830966318,97.3799990984449,13.5904439192377,"Malawi","Mzuzu City","Mzilawaingwe Ward",223,4393.315564,"Adults",9874.0508683,29
"235",235,182.167254336819,1.11433814386599e-11,2.97932140223916e-11,2.76701217178047e-12,1.2598684061859e-08,4207.66359550858,2.81771414195541,4210.14830966319,97.3799990984451,13.5904439192378,"Malawi","Mzuzu City","Mzilawaingwe Ward",223,4393.315564,"Adults",9874.0508683,29
"236",236,182.167254336818,9.45275406748564e-12,2.52731118088283e-11,2.34721349838567e-12,1.11989030724687e-08,4207.6635955097,2.81771414224565,4210.14830966319,97.3799990984453,13.5904439192379,"Malawi","Mzuzu City","Mzilawaingwe Ward",223,4393.315564,"Adults",9874.0508683,29
"237",237,182.167254336817,8.01862163222936e-12,2.14387806573177e-11,1.99110475409591e-12,9.95464225994786e-09,4207.66359551069,2.81771414250363,4210.14830966319,97.3799990984454,13.5904439192379,"Malawi","Mzuzu City","Mzilawaingwe Ward",223,4393.315564,"Adults",9874.0508683,29
"238",238,182.167254336817,6.80206979063733e-12,1.81861782415198e-11,1.68902320348034e-12,8.84862328021614e-09,4207.66359551158,2.81771414273296,4210.14830966319,97.3799990984456,13.590443919238,"Malawi","Mzuzu City","Mzilawaingwe Ward",223,4393.315564,"Adults",9874.0508683,29
"239",239,182.167254336816,5.77008812221304e-12,1.54270471030648e-11,1.43277209402678e-12,7.86548735099232e-09,4207.66359551236,2.8177141429368,4210.14830966319,97.3799990984457,13.590443919238,"Malawi","Mzuzu City","Mzilawaingwe Ward",223,4393.315564,"Adults",9874.0508683,29
"240",240,182.167254336816,4.89467440982426e-12,1.3086519837195e-11,1.21539824472822e-12,6.99158200571731e-09,4207.66359551306,2.817714143118,4210.14830966319,97.3799990984458,13.5904439192381,"Malawi","Mzuzu City","Mzilawaingwe Ward",223,4393.315564,"Adults",9874.0508683,29
"241",241,182.167254336815,4.15207481597001e-12,1.11010876096579e-11,1.03100337772119e-12,6.21477153563456e-09,4207.66359551368,2.81771414327906,4210.14830966319,97.3799990984458,13.5904439192381,"Malawi","Mzuzu City","Mzilawaingwe Ward",223,4393.315564,"Adults",9874.0508683,29
"242",242,182.167254336815,3.52213933633621e-12,9.41687688174561e-12,8.74584073676727e-13,5.52426848889808e-09,4207.66359551423,2.81771414342223,4210.14830966319,97.3799990984459,13.5904439192382,"Malawi","Mzuzu City","Mzilawaingwe Ward",223,4393.315564,"Adults",9874.0508683,29
"243",243,182.167254336814,2.98777504125038e-12,7.98818758342731e-12,7.41896008312775e-13,4.91048388779124e-09,4207.66359551472,2.81771414354949,4210.14830966319,97.3799990984459,13.5904439192382,"Malawi","Mzuzu City","Mzilawaingwe Ward",223,4393.315564,"Adults",9874.0508683,29
"244",244,182.167254336814,2.53448226906322e-12,6.77625306875902e-12,6.29338786233102e-13,4.36489408490507e-09,4207.66359551515,2.81771414366261,4210.14830966319,97.379999098446,13.5904439192382,"Malawi","Mzuzu City","Mzilawaingwe Ward",223,4393.315564,"Adults",9874.0508683,29
"245",245,182.167254336814,2.14996118633115e-12,5.74818820578908e-12,5.33858247188083e-13,3.87992241009011e-09,4207.66359551554,2.81771414376317,4210.14830966319,97.379999098446,13.5904439192382,"Malawi","Mzuzu City","Mzilawaingwe Ward",223,4393.315564,"Adults",9874.0508683,29
"246",246,182.167254336814,1.82377803906663e-12,4.87609705756261e-12,4.52863593909215e-13,3.44883396503862e-09,4207.66359551588,2.81771414385255,4210.14830966319,97.379999098446,13.5904439192382,"Malawi","Mzuzu City","Mzilawaingwe Ward",223,4393.315564,"Adults",9874.0508683,29
"247",247,182.167254336814,1.54708203894022e-12,4.13631594225727e-12,3.8415709290283e-13,3.0656421052645e-09,4207.66359551619,2.817714143932,4210.14830966319,97.3799990984461,13.5904439192383,"Malawi","Mzuzu City","Mzilawaingwe Ward",223,4393.315564,"Adults",9874.0508683,29
"248",248,182.167254336813,1.31236520231504e-12,3.50877133333378e-12,3.25874440705204e-13,2.72502531124066e-09,4207.66359551646,2.81771414400262,4210.14830966319,97.3799990984461,13.5904439192383,"Malawi","Mzuzu City","Mzilawaingwe Ward",223,4393.315564,"Adults",9874.0508683,29
"249",249,182.167254336813,1.11325862552891e-12,2.97643517600357e-12,2.7643417744814e-13,2.42225329434069e-09,4207.6635955167,2.8177141440654,4210.14830966319,97.3799990984461,13.5904439192383,"Malawi","Mzuzu City","Mzilawaingwe Ward",223,4393.315564,"Adults",9874.0508683,29
"250",250,182.167254336813,9.44359668429562e-13,2.52486284095299e-12,2.34494775158528e-13,2.15312131195763e-09,4207.66359551691,2.8177141441212,4210.14830966319,97.3799990984461,13.5904439192383,"Malawi","Mzuzu City","Mzilawaingwe Ward",223,4393.315564,"Adults",9874.0508683,29
"251",251,182.167254336813,8.01085356903517e-13,2.14180117780192e-12,1.98918236412071e-13,1.91389177981411e-09,4207.6635955171,2.8177141441708,4210.14830966319,97.3799990984462,13.5904439192383,"Malawi","Mzuzu City","Mzilawaingwe Ward",223,4393.315564,"Adults",9874.0508683,29
"252",252,182.167254336813,6.79548026562006e-13,1.81685603305738e-12,1.68739215623398e-13,1.70124237083577e-09,4207.66359551727,2.81771414421489,4210.14830966319,97.3799990984462,13.5904439192383,"Malawi","Mzuzu City","Mzilawaingwe Ward",223,4393.315564,"Adults",9874.0508683,29
"253",253,182.167254336813,5.76449833248464e-13,1.54121021085678e-12,1.43138825106017e-13,1.51221988000431e-09,4207.66359551742,2.81771414425408,4210.14830966319,97.3799990984462,13.5904439192383,"Malawi","Mzuzu City","Mzilawaingwe Ward",223,4393.315564,"Adults",9874.0508683,29
"254",254,182.167254336813,4.88993267972012e-13,1.30738422353138e-12,1.21422415152225e-13,1.3441992146487e-09,4207.66359551756,2.81771414428892,4210.14830966319,97.3799990984462,13.5904439192383,"Malawi","Mzuzu City","Mzilawaingwe Ward",223,4393.315564,"Adults",9874.0508683,29
"255",255,182.167254336813,4.14805248142158e-13,1.10903334009656e-12,1.03000725214312e-13,1.19484694078627e-09,4207.66359551767,2.81771414431988,4210.14830966319,97.3799990984462,13.5904439192383,"Malawi","Mzuzu City","Mzilawaingwe Ward",223,4393.315564,"Adults",9874.0508683,29
"256",256,182.167254336813,3.51872725364878e-13,9.40775425699023e-13,8.73738947400918e-14,1.06208887937435e-09,4207.66359551778,2.81771414434741,4210.14830966319,97.3799990984462,13.5904439192383,"Malawi","Mzuzu City","Mzilawaingwe Ward",223,4393.315564,"Adults",9874.0508683,29
"257",257,182.167254336813,2.98488062555428e-13,7.98044900545212e-13,7.41178998099095e-14,9.44081302557826e-10,4207.66359551787,2.81771414437188,4210.14830966319,97.3799990984462,13.5904439192383,"Malawi","Mzuzu City","Mzilawaingwe Ward",223,4393.315564,"Adults",9874.0508683,29
"258",258,182.167254336813,2.53202698207845e-13,6.769688555722e-13,6.28730475442134e-14,8.39185329976764e-10,4207.66359551796,2.81771414439363,4210.14830966319,97.3799990984462,13.5904439192383,"Malawi","Mzuzu City","Mzilawaingwe Ward",223,4393.315564,"Adults",9874.0508683,29
"259",259,182.167254336813,2.14787840528307e-13,5.7426196333246e-13,5.33342160865844e-14,7.45944169626059e-10,4207.66359551803,2.81771414441296,4210.14830966319,97.3799990984462,13.5904439192383,"Malawi","Mzuzu City","Mzilawaingwe Ward",223,4393.315564,"Adults",9874.0508683,29
"260",260,182.167254336813,1.82201124890697e-13,4.87137332561038e-13,4.52425753318054e-14,6.63062887251684e-10,4207.6635955181,2.81771414443014,4210.14830966319,97.3799990984462,13.5904439192383,"Malawi","Mzuzu City","Mzilawaingwe Ward",223,4393.315564,"Adults",9874.0508683,29
"261",261,182.167254336813,1.54558329883995e-13,4.13230887516108e-13,3.83785637473138e-14,5.8939042337399e-10,4207.66359551815,2.81771414444542,4210.14830966319,97.3799990984462,13.5904439192383,"Malawi","Mzuzu City","Mzilawaingwe Ward",223,4393.315564,"Adults",9874.0508683,29
"262",262,182.167254336813,1.31109384483033e-13,3.50537220170686e-13,3.25559307194337e-14,5.23903608234755e-10,4207.66359551821,2.81771414445899,4210.14830966319,97.3799990984462,13.5904439192383,"Malawi","Mzuzu City","Mzilawaingwe Ward",223,4393.315564,"Adults",9874.0508683,29
"263",263,182.167254336813,1.11218015311276e-13,2.97355174642352e-13,2.76166827679281e-14,4.65692952704491e-10,4207.66359551825,2.81771414447106,4210.14830966319,97.3799990984462,13.5904439192383,"Malawi","Mzuzu City","Mzilawaingwe Ward",223,4393.315564,"Adults",9874.0508683,29
"264",264,182.167254336813,9.43444817360274e-14,2.52241687326425e-13,2.34267964981519e-14,4.13950017844879e-10,4207.66359551829,2.81771414448179,4210.14830966319,97.3799990984462,13.5904439192383,"Malawi","Mzuzu City","Mzilawaingwe Ward",223,4393.315564,"Adults",9874.0508683,29
"265",265,182.167254336813,8.00309303202569e-14,2.13972630214911e-13,1.9872581964688e-14,3.67956187734578e-10,4207.66359551833,2.81771414449133,4210.14830966319,97.3799990984462,13.5904439192383,"Malawi","Mzuzu City","Mzilawaingwe Ward",223,4393.315564,"Adults",9874.0508683,29
"266",266,182.167254336813,6.78889712446362e-14,1.8150959489321e-13,1.68575977699173e-14,3.27072689680813e-10,4207.66359551836,2.8177141444998,4210.14830966319,97.3799990984462,13.5904439192383,"Malawi","Mzuzu City","Mzilawaingwe Ward",223,4393.315564,"Adults",9874.0508683,29
"267",267,182.167254336813,5.75891395770316e-14,1.53971715938323e-13,1.43000341896483e-14,2.90731723204005e-10,4207.66359551839,2.81771414450734,4210.14830966319,97.3799990984462,13.5904439192383,"Malawi","Mzuzu City","Mzilawaingwe Ward",223,4393.315564,"Adults",9874.0508683,29
"268",268,182.167254336813,4.88519554272661e-14,1.30611769161706e-13,1.21304933187874e-14,2.58428574607163e-10,4207.66359551842,2.81771414451404,4210.14830966319,97.3799990984462,13.5904439192383,"Malawi","Mzuzu City","Mzilawaingwe Ward",223,4393.315564,"Adults",9874.0508683,29
"269",269,182.167254336813,4.14403404289353e-14,1.10795896113048e-13,1.02901060043818e-14,2.29714607667245e-10,4207.66359551844,2.81771414451999,4210.14830966319,97.3799990984462,13.5904439192383,"Malawi","Mzuzu City","Mzilawaingwe Ward",223,4393.315564,"Adults",9874.0508683,29
"270",270,182.167254336813,3.51531847569838e-14,9.39864047031919e-14,8.7289344689775e-15,2.04191033081714e-10,4207.66359551846,2.81771414452528,4210.14830966319,97.3799990984462,13.5904439192383,"Malawi","Mzuzu City","Mzilawaingwe Ward",223,4393.315564,"Adults",9874.0508683,29
"271",271,182.167254336813,2.98198901305601e-14,7.97271792448151e-14,7.40461728095393e-15,1.81503370156775e-10,4207.66359551848,2.81771414452998,4210.14830966319,97.3799990984462,13.5904439192383,"Malawi","Mzuzu City","Mzilawaingwe Ward",223,4393.315564,"Adults",9874.0508683,29
"272",272,182.167254336813,2.52957407287314e-14,6.76313040208918e-14,6.28121990403316e-15,1.61336523827949e-10,4207.66359551849,2.81771414453417,4210.14830966319,97.3799990984462,13.5904439192383,"Malawi","Mzuzu City","Mzilawaingwe Ward",223,4393.315564,"Adults",9874.0508683,29
"273",273,182.167254336813,2.1457976411569e-14,5.73705645537423e-14,5.32825963640277e-15,1.43410408648113e-10,4207.66359551851,2.81771414453788,4210.14830966319,97.3799990984462,13.5904439192383,"Malawi","Mzuzu City","Mzilawaingwe Ward",223,4393.315564,"Adults",9874.0508683,29
"274",274,182.167254336813,1.82024616957609e-14,4.8666541697761e-14,4.51987848183209e-15,1.27476058973445e-10,4207.66359551852,2.81771414454119,4210.14830966319,97.3799990984462,13.5904439192383,"Malawi","Mzuzu City","Mzilawaingwe Ward",223,4393.315564,"Adults",9874.0508683,29
"275",275,182.167254336813,1.5440860099358e-14,4.12830568992592e-14,3.8341415091921e-15,1.13312171329166e-10,4207.66359551853,2.81771414454412,4210.14830966319,97.3799990984462,13.5904439192383,"Malawi","Mzuzu City","Mzilawaingwe Ward",223,4393.315564,"Adults",9874.0508683,29
"276",276,182.167254336813,1.30982371831558e-14,3.50197636299839e-14,3.25244166182978e-15,1.00722030938409e-10,4207.66359551854,2.81771414454673,4210.14830966319,97.3799990984462,13.5904439192383,"Malawi","Mzuzu City","Mzilawaingwe Ward",223,4393.315564,"Adults",9874.0508683,29
"277",277,182.167254336813,1.11110272486443e-14,2.97067111016201e-14,2.75899486669174e-15,8.95307797322255e-11,4207.66359551855,2.81771414454905,4210.14830966319,97.3799990984462,13.5904439192383,"Malawi","Mzuzu City","Mzilawaingwe Ward",223,4393.315564,"Adults",9874.0508683,29
"278",278,182.167254336813,9.4253085200687e-15,2.51997327508621e-14,2.34041174331371e-15,7.95829879007485e-11,4207.66359551856,2.81771414455112,4210.14830966319,97.3799990984462,13.5904439192383,"Malawi","Mzuzu City","Mzilawaingwe Ward",223,4393.315564,"Adults",9874.0508683,29
"279",279,182.167254336813,7.9953400086763e-15,2.13765343643017e-14,1.98533429127826e-15,7.0740495260738e-11,4207.66359551857,2.81771414455295,4210.14830966319,97.3799990984462,13.5904439192383,"Malawi","Mzuzu City","Mzilawaingwe Ward",223,4393.315564,"Adults",9874.0508683,29
"280",280,182.167254336813,6.78232035782043e-15,1.8133375696697e-14,1.68412769789001e-15,6.28804924616201e-11,4207.66359551857,2.81771414455458,4210.14830966319,97.3799990984462,13.5904439192383,"Malawi","Mzuzu City","Mzilawaingwe Ward",223,4393.315564,"Adults",9874.0508683,29
"281",281,182.167254336813,5.75333499091027e-15,1.53822555402815e-14,1.42861890346818e-15,5.58938153827462e-11,4207.66359551858,2.81771414455603,4210.14830966319,97.3799990984462,13.5904439192383,"Malawi","Mzuzu City","Mzilawaingwe Ward",223,4393.315564,"Adults",9874.0508683,29
"282",282,182.167254336813,4.88046299368438e-15,1.30485238636213e-14,1.21187483039308e-15,4.96834290351907e-11,4207.66359551858,2.81771414455732,4210.14830966319,97.3799990984462,13.5904439192383,"Malawi","Mzuzu City","Mzilawaingwe Ward",223,4393.315564,"Adults",9874.0508683,29
"283",283,182.167254336813,4.14001949658207e-15,1.1068856226808e-14,1.0280142582932e-15,4.41630799130691e-11,4207.66359551859,2.81771414455846,4210.14830966319,97.3799990984462,13.5904439192383,"Malawi","Mzuzu City","Mzilawaingwe Ward",223,4393.315564,"Adults",9874.0508683,29
"284",284,182.167254336813,3.51191299970267e-15,9.38953550993355e-15,8.72048240725418e-16,3.92560980786507e-11,4207.66359551859,2.81771414455948,4210.14830966319,97.3799990984462,13.5904439192383,"Malawi","Mzuzu City","Mzilawaingwe Ward",223,4393.315564,"Adults",9874.0508683,29
"285",285,182.167254336813,2.97910020176454e-15,7.96499433081321e-15,7.39744733160221e-16,3.48943323447583e-11,4207.66359551859,2.81771414456038,4210.14830966319,97.3799990984462,13.5904439192383,"Malawi","Mzuzu City","Mzilawaingwe Ward",223,4393.315564,"Adults",9874.0508683,29
"286",286,182.167254336813,2.52712354007893e-15,6.75657860021478e-15,6.27513759020001e-16,3.10172037671923e-11,4207.6635955186,2.81771414456119,4210.14830966319,97.3799990984462,13.5904439192383,"Malawi","Mzuzu City","Mzilawaingwe Ward",223,4393.315564,"Adults",9874.0508683,29
"287",287,182.167254336813,2.14371889306249e-15,5.73149866586537e-15,5.3230999784386e-16,2.75708643013041e-11,4207.6635955186,2.8177141445619,4210.14830966319,97.3799990984462,13.5904439192383,"Malawi","Mzuzu City","Mzilawaingwe Ward",223,4393.315564,"Adults",9874.0508683,29
"288",288,182.167254336813,1.81848280054663e-15,4.86193958516977e-15,4.51550152373388e-16,2.45074489381803e-11,4207.6635955186,2.81771414456254,4210.14830966319,97.3799990984462,13.5904439192383,"Malawi","Mzuzu City","Mzilawaingwe Ward",223,4393.315564,"Adults",9874.0508683,29
"289",289,182.167254336813,1.54259017196517e-15,4.12430638264797e-15,3.83042852339616e-16,2.17844109352717e-11,4207.66359551861,2.8177141445631,4210.14830966319,97.3799990984462,13.5904439192383,"Malawi","Mzuzu City","Mzilawaingwe Ward",223,4393.315564,"Adults",9874.0508683,29
"290",290,182.167254336813,1.30855482269865e-15,3.49858381412031e-15,3.24929192954221e-16,1.93639309082191e-11,4207.66359551861,2.8177141445636,4210.14830966319,97.3799990984462,13.5904439192383,"Malawi","Mzuzu City","Mzilawaingwe Ward",223,4393.315564,"Adults",9874.0508683,29
"291",291,182.167254336813,1.11002634084615e-15,2.9677932648007e-15,2.75632294648953e-16,1.72123915775782e-11,4207.66359551861,2.81771414456405,4210.14830966319,97.3799990984462,13.5904439192383,"Malawi","Mzuzu City","Mzilawaingwe Ward",223,4393.315564,"Adults",9874.0508683,29
"292",292,182.167254336813,9.41617772523685e-16,2.51753204454652e-15,2.33814515397889e-16,1.52999108756928e-11,4207.66359551861,2.81771414456444,4210.14830966319,97.3799990984462,13.5904439192383,"Malawi","Mzuzu City","Mzilawaingwe Ward",223,4393.315564,"Adults",9874.0508683,29
"293",293,182.167254336813,7.98759450030726e-16,2.13558257931219e-15,1.98341154605211e-16,1.35999269294569e-11,4207.66359551861,2.8177141445648,4210.14830966319,97.3799990984462,13.5904439192383,"Malawi","Mzuzu City","Mzilawaingwe Ward",223,4393.315564,"Adults",9874.0508683,29
"294",294,182.167254336813,6.77574996597897e-16,1.81158089444578e-15,1.68249663685754e-16,1.20888291551472e-11,4207.66359551862,2.81771414456511,4210.14830966319,97.3799990984462,13.5904439192383,"Malawi","Mzuzu City","Mzilawaingwe Ward",223,4393.315564,"Adults",9874.0508683,29
"295",295,182.167254336813,5.74776143177409e-16,1.53673539431764e-15,1.42723527886258e-16,1.07456303419101e-11,4207.66359551862,2.81771414456539,4210.14830966319,97.3799990984462,13.5904439192383,"Malawi","Mzuzu City","Mzilawaingwe Ward",223,4393.315564,"Adults",9874.0508683,29
"296",296,182.167254336813,4.8757350319152e-16,1.30358830753112e-15,1.21070110646506e-16,9.55167516972883e-12,4207.66359551862,2.81771414456564,4210.14830966319,97.3799990984462,13.5904439192383,"Malawi","Mzuzu City","Mzilawaingwe Ward",223,4393.315564,"Adults",9874.0508683,29
"297",297,182.167254336813,4.13600884164168e-16,1.1058133246713e-15,1.02701859320559e-16,8.49038111370022e-12,4207.66359551862,2.81771414456586,4210.14830966319,97.3799990984462,13.5904439192383,"Malawi","Mzuzu City","Mzilawaingwe Ward",223,4393.315564,"Adults",9874.0508683,29
"298",298,182.167254336813,3.50851082476289e-16,9.38043937610688e-16,8.71203622867693e-17,7.54700813623133e-12,4207.66359551862,2.81771414456605,4210.14830966319,97.3799990984462,13.5904439192383,"Malawi","Mzuzu City","Mzilawaingwe Ward",223,4393.315564,"Adults",9874.0508683,29
"299",299,182.167254336813,2.97621419073168e-16,7.95727822459725e-16,7.39028248459239e-17,6.7084539685721e-12,4207.66359551862,2.81771414456622,4210.14830966319,97.3799990984462,13.5904439192383,"Malawi","Mzuzu City","Mzilawaingwe Ward",223,4393.315564,"Adults",9874.0508683,29
"300",300,182.167254336813,2.52467538267198e-16,6.75003314928906e-16,6.26905969391917e-17,5.96307213848876e-12,4207.66359551862,2.81771414456638,4210.14830966319,97.3799990984462,13.5904439192383,"Malawi","Mzuzu City","Mzilawaingwe Ward",223,4393.315564,"Adults",9874.0508683,29
"301",301,182.167254336813,2.14164215993662e-16,5.72594626333906e-16,5.31794413924475e-17,5.30051021678286e-12,4207.66359551862,2.81771414456652,4210.14830966319,97.3799990984462,13.5904439192383,"Malawi","Mzuzu City","Mzilawaingwe Ward",223,4393.315564,"Adults",9874.0508683,29
"302",302,182.167254336813,1.81672114074539e-16,4.85722956991523e-16,4.5111278621646e-17,4.71156603616323e-12,4207.66359551862,2.81771414456664,4210.14830966319,97.3799990984462,13.5904439192383,"Malawi","Mzuzu City","Mzilawaingwe Ward",223,4393.315564,"Adults",9874.0508683,29
"303",303,182.167254336813,1.54109578386798e-16,4.12031095120577e-16,3.82671837968029e-17,4.18805988558164e-12,4207.66359551862,2.81771414456675,4210.14830966319,97.3799990984462,13.5904439192383,"Malawi","Mzuzu City","Mzilawaingwe Ward",223,4393.315564,"Adults",9874.0508683,29
"304",304,182.167254336813,1.30728715695014e-16,3.49519455283192e-16,3.24614464468395e-17,3.72272090501369e-12,4207.66359551862,2.81771414456684,4210.14830966319,97.3799990984462,13.5904439192383,"Malawi","Mzuzu City","Mzilawaingwe Ward",223,4393.315564,"Adults",9874.0508683,29
"305",305,182.167254336813,1.10895100008895e-16,2.96491820800872e-16,2.75365313159358e-17,3.30908610289205e-12,4207.66359551862,2.81771414456693,4210.14830966319,97.3799990984462,13.5904439192383,"Malawi","Mzuzu City","Mzilawaingwe Ward",223,4393.315564,"Adults",9874.0508683,29
"306",306,182.167254336813,9.40705578021762e-17,2.51509317924682e-16,2.33588037385177e-17,2.94141059367148e-12,4207.66359551862,2.81771414456701,4210.14830966319,97.3799990984462,13.5904439192383,"Malawi","Mzuzu City","Mzilawaingwe Ward",223,4393.315564,"Adults",9874.0508683,29
"307",307,182.167254336813,7.97985649902637e-17,2.13351372838671e-16,1.98149035418528e-17,2.61458780889973e-12,4207.66359551862,2.81771414456707,4210.14830966319,97.3799990984462,13.5904439192383,"Malawi","Mzuzu City","Mzilawaingwe Ward",223,4393.315564,"Adults",9874.0508683,29
"308",308,182.167254336813,6.76918594217899e-17,1.80982592088293e-16,1.68086690841635e-17,2.32407857364641e-12,4207.66359551862,2.81771414456713,4210.14830966319,97.3799990984462,13.5904439192383,"Malawi","Mzuzu City","Mzilawaingwe Ward",223,4393.315564,"Adults",9874.0508683,29
"309",309,182.167254336813,5.74219327442734e-17,1.53524667797196e-16,1.42585279658727e-17,2.0658480632213e-12,4207.66359551862,2.81771414456719,4210.14830966319,97.3799990984462,13.5904439192383,"Malawi","Mzuzu City","Mzilawaingwe Ward",223,4393.315564,"Adults",9874.0508683,29
"310",310,182.167254336813,4.87101165227401e-17,1.30232545298187e-16,1.20952836108372e-17,1.83630976464259e-12,4207.66359551862,2.81771414456723,4210.14830966319,97.3799990984462,13.5904439192383,"Malawi","Mzuzu City","Mzilawaingwe Ward",223,4393.315564,"Adults",9874.0508683,29
"311",311,182.167254336813,4.13200207352568e-17,1.10474206511875e-16,1.02602376582009e-17,1.63227566455045e-12,4207.66359551862,2.81771414456728,4210.14830966319,97.3799990984462,13.5904439192383,"Malawi","Mzuzu City","Mzilawaingwe Ward",223,4393.315564,"Adults",9874.0508683,29
"312",312,182.167254336813,3.50511194683902e-17,9.37135205068353e-17,8.70359721709077e-18,1.45091197174739e-12,4207.66359551862,2.81771414456731,4210.14830966319,97.3799990984462,13.5904439192383,"Malawi","Mzuzu City","Mzilawaingwe Ward",223,4393.315564,"Adults",9874.0508683,29
"313",313,182.167254336813,2.97333097642049e-17,7.9495695901284e-17,7.38312376595978e-18,1.28969975941459e-12,4207.66359551862,2.81771414456735,4210.14830966319,97.3799990984462,13.5904439192383,"Malawi","Mzuzu City","Mzilawaingwe Ward",223,4393.315564,"Adults",9874.0508683,29
"314",314,182.167254336813,2.52222959763054e-17,6.74349403657269e-17,6.26298703526419e-18,1.14639998037962e-12,4207.66359551862,2.81771414456738,4210.14830966319,97.3799990984462,13.5904439192383,"Malawi","Mzuzu City","Mzilawaingwe Ward",223,4393.315564,"Adults",9874.0508683,29
"315",315,182.167254336813,2.13956743921338e-17,5.72039923744173e-17,5.31279277426378e-18,1.01902236954658e-12,4207.66359551862,2.8177141445674,4210.14830966319,97.3799990984462,13.5904439192383,"Malawi","Mzuzu City","Mzilawaingwe Ward",223,4393.315564,"Adults",9874.0508683,29
"316",316,182.167254336813,1.81496118800474e-17,4.85252411558403e-17,4.50675802097423e-18,9.05797801586156e-13,4207.66359551862,2.81771414456743,4210.14830966319,97.3799990984462,13.5904439192383,"Malawi","Mzuzu City","Mzilawaingwe Ward",223,4393.315564,"Adults",9874.0508683,29
"317",317,182.167254336813,1.53960284382111e-17,4.11631938872869e-17,3.82301149671168e-18,8.05153719971747e-13,4207.66359551862,2.81771414456745,4210.14830966319,97.3799990984462,13.5904439192383,"Malawi","Mzuzu City","Mzilawaingwe Ward",223,4393.315564,"Adults",9874.0508683,29
"318",318,182.167254336813,1.30602071954262e-17,3.49180857352628e-17,3.24300014185024e-18,7.15692296104318e-13,4207.66359551862,2.81771414456747,4210.14830966319,97.3799990984462,13.5904439192383,"Malawi","Mzuzu City","Mzilawaingwe Ward",223,4393.315564,"Adults",9874.0508683,29
"319",319,182.167254336813,1.10787670126665e-17,2.9620459353925e-17,2.75098568949238e-18,6.36171015185512e-13,4207.66359551862,2.81771414456748,4210.14830966319,97.3799990984462,13.5904439192383,"Malawi","Mzuzu City","Mzilawaingwe Ward",223,4393.315564,"Adults",9874.0508683,29
"320",320,182.167254336813,9.39794267305734e-18,2.51265667594163e-17,2.3336176168768e-18,5.6548541920274e-13,4207.66359551862,2.8177141445675,4210.14830966319,97.3799990984462,13.5904439192383,"Malawi","Mzuzu City","Mzilawaingwe Ward",223,4393.315564,"Adults",9874.0508683,29
"321",321,182.167254336813,7.97212599425946e-18,2.13144688126553e-17,1.97957088681326e-18,5.02653767349138e-13,4207.66359551862,2.81771414456751,4210.14830966319,97.3799990984462,13.5904439192383,"Malawi","Mzuzu City","Mzilawaingwe Ward",223,4393.315564,"Adults",9874.0508683,29
"322",322,182.167254336813,6.76262827719948e-18,1.80807264723349e-17,1.67923864947255e-18,4.46803400831773e-13,4207.66359551862,2.81771414456752,4210.14830966319,97.3799990984462,13.5904439192383,"Malawi","Mzuzu City","Mzilawaingwe Ward",223,4393.315564,"Adults",9874.0508683,29
"323",323,182.167254336813,5.73663051091906e-18,1.53375940372214e-17,1.42447156617649e-18,3.97158622693075e-13,4207.66359551862,2.81771414456753,4210.14830966319,97.3799990984462,13.5904439192383,"Malawi","Mzuzu City","Mzilawaingwe Ward",223,4393.315564,"Adults",9874.0508683,29
"324",324,182.167254336813,4.86629284796715e-18,1.30106382180291e-17,1.2083566818931e-18,3.5302992431192e-13,4207.66359551862,2.81771414456754,4210.14830966319,97.3799990984462,13.5904439192383,"Malawi","Mzuzu City","Mzilawaingwe Ward",223,4393.315564,"Adults",9874.0508683,29
"325",325,182.167254336813,4.12799918636187e-18,1.10367184332422e-17,1.02502984626475e-18,3.13804408956012e-13,4207.66359551862,2.81771414456755,4210.14830966319,97.3799990984462,13.5904439192383,"Malawi","Mzuzu City","Mzilawaingwe Ward",223,4393.315564,"Adults",9874.0508683,29
"326",326,182.167254336813,3.50171636076132e-18,9.36227352770749e-18,8.6951659335703e-19,2.78937279373999e-13,4207.66359551862,2.81771414456756,4210.14830966319,97.3799990984462,13.5904439192383,"Malawi","Mzuzu City","Mzilawaingwe Ward",223,4393.315564,"Adults",9874.0508683,29
"327",327,182.167254336813,2.9704505542753e-18,7.94186842204313e-18,7.3759716245605e-19,2.47944271209601e-13,4207.66359551862,2.81771414456756,4210.14830966319,97.3799990984462,13.5904439192383,"Malawi","Mzuzu City","Mzilawaingwe Ward",223,4393.315564,"Adults",9874.0508683,29
"328",328,182.167254336813,2.51978618092515e-18,6.73696125696241e-18,6.25691997325524e-19,2.20394927148266e-13,4207.66359551862,2.81771414456757,4210.14830966319,97.3799990984462,13.5904439192383,"Malawi","Mzuzu City","Mzilawaingwe Ward",223,4393.315564,"Adults",9874.0508683,29
"329",329,182.167254336813,2.13749472733202e-18,5.71485758338221e-18,5.30764617063248e-19,1.9590661837177e-13,4207.66359551862,2.81771414456757,4210.14830966319,97.3799990984462,13.5904439192383,"Malawi","Mzuzu City","Mzilawaingwe Ward",223,4393.315564,"Adults",9874.0508683,29
"330",330,182.167254336813,1.81320293918117e-18,4.84782321772512e-18,4.50239222978448e-19,1.74139230295139e-13,4207.66359551862,2.81771414456758,4210.14830966319,97.3799990984462,13.5904439192383,"Malawi","Mzuzu City","Mzilawaingwe Ward",223,4393.315564,"Adults",9874.0508683,29
"331",331,182.167254336813,1.53811134905228e-18,4.11233169111664e-18,3.81930805809609e-19,1.54790438775074e-13,4207.66359551862,2.81771414456758,4210.14830966319,97.3799990984462,13.5904439192383,"Malawi","Mzuzu City","Mzilawaingwe Ward",223,4393.315564,"Adults",9874.0508683,29
"332",332,182.167254336813,1.30475550803368e-18,3.48842587245293e-18,3.23985856783362e-19,1.37591511182268e-13,4207.66359551862,2.81771414456759,4210.14830966319,97.3799990984462,13.5904439192383,"Malawi","Mzuzu City","Mzilawaingwe Ward",223,4393.315564,"Adults",9874.0508683,29
"333",333,182.167254336813,1.10680344228054e-18,2.95917644335538e-18,2.74832073743964e-19,1.22303574019682e-13,4207.66359551862,2.81771414456759,4210.14830966319,97.3799990984462,13.5904439192383,"Malawi","Mzuzu City","Mzilawaingwe Ward",223,4393.315564,"Adults",9874.0508683,29
"334",334,182.167254336813,9.38883838619495e-19,2.51022253104734e-18,2.3313569765884e-19,1.08714295248585e-13,4207.66359551862,2.81771414456759,4210.14830966319,97.3799990984462,13.5904439192383,"Malawi","Mzuzu City","Mzilawaingwe Ward",223,4393.315564,"Adults",9874.0508683,29
"335",335,182.167254336813,7.96440297116962e-19,2.12938203449578e-18,1.97765321851399e-19,9.66349352439025e-14,4207.66359551862,2.8177141445676,4210.14830966319,97.3799990984462,13.5904439192383,"Malawi","Mzuzu City","Mzilawaingwe Ward",223,4393.315564,"Adults",9874.0508683,29
"336",336,182.167254336813,6.75607695840088e-19,1.80632107024608e-18,1.67761191945971e-19,8.58977254202448e-14,4207.66359551862,2.8177141445676,4210.14830966319,97.3799990984462,13.5904439192383,"Malawi","Mzuzu City","Mzilawaingwe Ward",223,4393.315564,"Adults",9874.0508683,29
"337",337,182.167254336813,5.73107313040679e-19,1.53227356855667e-18,1.42309163496962e-19,7.63535381209055e-14,4207.66359551862,2.8177141445676,4210.14830966319,97.3799990984462,13.5904439192383,"Malawi","Mzuzu City","Mzilawaingwe Ward",223,4393.315564,"Adults",9874.0508683,29
