"","time","S","E","I","H","C","R","D","inci","hosp","crits","lvl2","lvl3","lvl4","ID","POP","age","tot_pop","start"
"1",1,1376.662207,0,0.333,0,0,0,0,0,0,0,"Malawi","Lilongwe City","Area 5",109,1377.662207,"Pediatrics",2786.4320974,85
"2",2,1376.51162484528,0.130312562138015,0.268636512060023,1.37449899768876e-05,8.90611574314605e-08,0.0846192425707689,3.90478648360814e-09,0.150582154724727,1.56043088551889e-05,9.29659439150686e-08,"Malawi","Lilongwe City","Area 5",109,1377.662207,"Pediatrics",2786.4320974,85
"3",3,1376.38223144848,0.210236758801902,0.245372826529156,2.2547765332833e-05,2.96222107629839e-07,0.157343095086369,2.71149948298596e-08,0.279975551519861,2.9014507382027e-05,3.23337102459699e-07,"Malawi","Lilongwe City","Area 5",109,1377.662207,"Pediatrics",2786.4320974,85
"4",4,1376.25988888264,0.264393320033579,0.244020605372281,2.89032595077352e-05,5.66085039191181e-07,0.226874642069741,8.05363501766058e-08,0.402318117356498,4.18356872950909e-05,6.46621389367787e-07,"Malawi","Lilongwe City","Area 5",109,1377.662207,"Pediatrics",2786.4320974,85
"5",5,1376.13490438959,0.307514051658861,0.254837560055807,3.41107123525089e-05,8.71131982598666e-07,0.297915846769696,1.70083066564696e-07,0.527302610411766,5.49350133357761e-05,1.04121504916336e-06,"Malawi","Lilongwe City","Area 5",109,1377.662207,"Pediatrics",2786.4320974,85
"6",6,1376.00250249542,0.346446478619227,0.273036797409031,3.88623950952572e-05,1.19830126839469e-06,0.373180868626325,2.99230838631707e-07,0.659704504581785,6.88130372357851e-05,1.49753210702639e-06,"Malawi","Lilongwe City","Area 5",109,1377.662207,"Pediatrics",2786.4320974,85
"7",7,1375.85963861269,0.384855330910422,0.296265852841066,4.35394500408303e-05,1.54213795585084e-06,0.454401651624082,4.70347422281977e-07,0.802568387310989,8.37891576034866e-05,2.01248537813282e-06,"Malawi","Lilongwe City","Area 5",109,1377.662207,"Pediatrics",2786.4320974,85
"8",8,1375.7040999512,0.424784389092517,0.323433581966996,4.8362926228932e-05,1.90124109044099e-06,0.542838128174779,6.85398427986764e-07,0.958107048800038,0.000100095716597487,2.58663951842776e-06,"Malawi","Lilongwe City","Area 5",109,1377.662207,"Pediatrics",2786.4320974,85
"9",9,1375.5340398733,0.467457602837235,0.354110008681311,5.34717444630048e-05,2.27642664288544e-06,0.639542820679781,9.46326144478338e-07,1.12816712669558,0.00011792680021028,3.22275278736377e-06,"Malawi","Lilongwe City","Area 5",109,1377.662207,"Pediatrics",2786.4320974,85
"10",10,1375.34773069907,0.513694714920288,0.388217492515604,5.89634660659197e-05,2.66977101297236e-06,0.745501205000382,1.25526194888401e-06,1.3144763009353,0.000137464125303047,3.92503296185638e-06,"Malawi","Lilongwe City","Area 5",109,1377.662207,"Pediatrics",2786.4320974,85
"11",11,1375.13648321624,0.570191987521663,0.426676721528074,6.49292932130477e-05,3.08415922842768e-06,0.861785446613535,1.6146456736717e-06,1.52572378376139,0.000158905391255035,4.69880490209938e-06,"Malawi","Lilongwe City","Area 5",109,1377.662207,"Pediatrics",2786.4320974,85
"12",12,1374.90399514248,0.631177705593324,0.470176029200904,7.14910229095782e-05,3.52341619244888e-06,0.989781080951943,2.02733672387497e-06,1.758211857522,0.000182506081236055,5.55075291632385e-06,"Malawi","Lilongwe City","Area 5",109,1377.662207,"Pediatrics",2786.4320974,85
"13",13,1374.64767420449,0.697791501258806,0.518733159873349,7.87509326038585e-05,3.99225944170996e-06,1.13092289445083,2.49673171726959e-06,2.01453279550675,0.000208530755783449,6.48899115897955e-06,"Malawi","Lilongwe City","Area 5",109,1377.662207,"Pediatrics",2786.4320974,85
"14",14,1374.3648496126,0.770960641651861,0.572613104031786,8.67960461423058e-05,4.49594576013095e-06,1.28668932287174,3.02685296901086e-06,2.29735738740026,0.000237252020725142,7.52279872914182e-06,"Malawi","Lilongwe City","Area 5",109,1377.662207,"Pediatrics",2786.4320974,85
"15",15,1374.05267466898,0.851536525658217,0.632233703281494,9.57104258675633e-05,5.04011037714804e-06,1.45865772913887,3.62240439612438e-06,2.60953233101922,0.000268960721333012,8.66251477327242e-06,"Malawi","Lilongwe City","Area 5",109,1377.662207,"Pediatrics",2786.4320974,85
"16",16,1373.70806118124,0.940370218118954,0.698119131320115,0.000105581748440521,5.63073096449847e-06,1.64854096802395,4.28881587283558e-06,2.9541458187583,0.000303972685187202,9.91954683733405e-06,"Malawi","Lilongwe City","Area 5",109,1377.662207,"Pediatrics",2786.4320974,85
"17",17,1373.32762367827,1.03835779626539,0.77088065731797,0.000116504996090094,6.2741617090656e-06,1.85821705668884,5.0322981568829e-06,3.33458332172816,0.000342634193409064,1.13064598659485e-05,"Malawi","Lilongwe City","Area 5",109,1377.662207,"Pediatrics",2786.4320974,85
"18",18,1372.89383096476,1.15853232535978,0.852803589610938,0.000128611388525146,6.97724189392122e-06,2.08989867179133,5.85985054058769e-06,3.76837603524302,0.000385353237215325,1.28370924345089e-05,"Malawi","Lilongwe City","Area 5",109,1377.662207,"Pediatrics",2786.4320974,85
"19",19,1372.41347206789,1.28946417207521,0.945578250084799,0.000142121748142869,7.74816797871362e-06,2.34653586059891,6.7794335248567e-06,4.24873493210857,0.000432673778214275,1.45276015035703e-05,"Malawi","Lilongwe City","Area 5",109,1377.662207,"Pediatrics",2786.4320974,85
"20",20,1371.88074272275,1.43353194917795,1.04950118563352,0.00015723629627892,8.59669776928599e-06,2.63125750932178,7.80012483269997e-06,4.78146427725213,0.000485172748318639,1.6396822601986e-05,"Malawi","Lilongwe City","Area 5",109,1377.662207,"Pediatrics",2786.4320974,85
"21",21,1371.28956138972,1.59276865147897,1.16533570197183,0.000174136835779346,9.53365975081117e-06,2.94734865404049,8.93229179866581e-06,5.37264561027862,0.000543455866768885,1.8465951549477e-05,"Malawi","Lilongwe City","Area 5",109,1377.662207,"Pediatrics",2786.4320974,85
"22",22,1370.63337046237,1.76912030042869,1.29414401460718,0.000193008409014331,1.05707464582309e-05,3.29835845573189,1.01877106967395e-05,6.02883653763393,0.00060817755211374,2.07584571549704e-05,"Malawi","Lilongwe City","Area 5",109,1377.662207,"Pediatrics",2786.4320974,85
"23",23,1369.90500508887,1.96457916994914,1.43721279052048,0.000214050180354857,1.17205309954615e-05,3.68817260027759,1.15796736399638e-05,6.75720191113221,0.000680054273063364,2.33002046354254e-05,"Malawi","Lilongwe City","Area 5",109,1377.662207,"Pediatrics",2786.4320974,85
"24",24,1369.09659029537,2.18126221584021,1.59601917948287,0.000237481914374496,1.29965666522694e-05,4.12107170772339,1.31231035784544e-05,7.56561670463109,0.000759875318988972,2.61196702307238e-05,"Malawi","Lilongwe City","Area 5",109,1377.662207,"Pediatrics",2786.4320974,85
"25",25,1368.23758639966,2.38816022064266,1.76781610747989,0.000263473062082176,1.44133039260192e-05,4.60135155116803,1.48346811865698e-05,8.42462060033778,0.000848432764333955,2.9247985112589e-05,"Malawi","Lilongwe City","Area 5",109,1377.662207,"Pediatrics",2786.4320974,85
"26",26,1367.28846848889,2.62214908846241,1.95189789391982,0.000292004128448105,1.59841952837123e-05,5.13236680754936,1.67328549589206e-05,9.37373851111029,0.000946345133300764,3.27170502426329e-05,"Malawi","Lilongwe City","Area 5",109,1377.662207,"Pediatrics",2786.4320974,85
"27",27,1366.24219604835,2.88265780649908,2.15182744712306,0.000323177241888684,1.77214230679165e-05,5.71816596169887,1.88376595425871e-05,10.4200109516455,0.00105435889409876,3.65590826105037e-05,"Malawi","Lilongwe City","Area 5",109,1377.662207,"Pediatrics",2786.4320974,85
"28",28,1365.09019496272,3.17058081496126,2.37035206256504,0.000357215245913916,1.96377389420014e-05,6.36368113609433,2.11706717202144e-05,11.5720120372772,0.00117338345915823,4.08084106622159e-05,"Malawi","Lilongwe City","Area 5",109,1377.662207,"Pediatrics",2786.4320974,85
"29",29,1363.82264509529,3.48767167522527,2.60987708736061,0.000394410354584868,2.17474612097401e-05,7.07457322915911,2.3755152215658e-05,12.839561904713,0.00130446262309283,4.55026134253982e-05,"Malawi","Lilongwe City","Area 5",109,1377.662207,"Pediatrics",2786.4320974,85
"30",30,1362.428598678,3.83622645614992,2.87272293549117,0.000435099273932178,2.40669461041876e-05,7.85717314786204,2.66162763463918e-05,14.2336083219995,0.00144876372294377,5.06832224505794e-05,"Malawi","Lilongwe City","Area 5",109,1377.662207,"Pediatrics",2786.4320974,85
"31",31,1360.89599963787,4.21893554205129,3.16125615930958,0.000479653285144736,2.66147940674496e-05,8.7184796112883,2.97814032488271e-05,15.7662073621316,0.00160757723147027,5.63961973162768e-05,"Malawi","Lilongwe City","Area 5",109,1377.662207,"Pediatrics",2786.4320974,85
"32",32,1359.21165843015,4.63880750151997,3.47796644335396,0.000528474577477598,2.94119700146376e-05,9.66618345806874,3.32803630242413e-05,17.4505485698532,0.00178232123825518,6.26923330388789e-05,"Malawi","Lilongwe City","Area 5",109,1377.662207,"Pediatrics",2786.4320974,85
"33",33,1357.36119841425,5.09913685350805,3.82551015212155,0.000581996338509437,3.24818862406219e-05,10.7087099561387,3.71457593687427e-05,19.3010085857524,0.00197454925069673,6.96276456093646e-05,"Malawi","Lilongwe City","Area 5",109,1377.662207,"Pediatrics",2786.4320974,85
"34",34,1355.3289895123,5.60349121665937,4.20673782813375,0.000640684384413161,3.58504874837896e-05,11.8552704947533,4.1413279553003e-05,21.3332174876979,0.00218595972514901,7.72637670367926e-05,"Malawi","Lilongwe City","Area 5",109,1377.662207,"Pediatrics",2786.4320974,85
"35",35,1353.09807509696,6.15570696923359,4.62471327281035,0.000705039468503235,3.95463506492609e-05,13.1159209531555,4.61220173859306e-05,23.564131903036,0.00241840682920707,8.56683680351916e-05,"Malawi","Lilongwe City","Area 5",109,1377.662207,"Pediatrics",2786.4320974,85
"36",36,1350.65009663889,6.75988809607454,5.08272717922101,0.000775599838422938,4.36008009359235e-05,14.5016245703648,5.13148088400222e-05,26.0121103611085,0.00267391203394185,9.49156097759457e-05,"Malawi","Lilongwe City","Area 5",109,1377.662207,"Pediatrics",2786.4320974,85
"37",37,1347.96521880162,7.42040453092823,5.58430701601014,0.000852943787819805,4.8048045527804e-05,16.0243186210233,5.70385854755204e-05,28.6969881983805,0.00295467640788629,0.000105086631003324,"Malawi","Lilongwe City","Area 5",109,1377.662207,"Pediatrics",2786.4320974,85
"38",38,1345.02205806723,8.1418874242161,6.13322371033752,0.000937692026720765,5.29253216935813e-05,17.6969838361164,6.33447478245434e-05,31.6401489327663,0.00326309341708326,0.000116270069518125,"Malawi","Lilongwe City","Area 5",109,1377.662207,"Pediatrics",2786.4320974,85
"39",39,1341.79762234139,8.92921976093367,6.73349483176507,0.00103050963794113,5.82730437703764e-05,19.5337109936966,7.02895344962037e-05,34.8645846586115,0.00360176120327273,0.00012856257826658,"Malawi","Lilongwe City","Area 5",109,1377.662207,"Pediatrics",2786.4320974,85
"40",40,1338.26725314541,9.78751989960887,7.38938447605988,0.00113210787027921,6.41349703107404e-05,21.5497753016297,7.79344511115797e-05,38.3949538545902,0.00397349629872562,0.00014206942142232,"Malawi","Lilongwe City","Area 5",109,1377.662207,"Pediatrics",2786.4320974,85
"41",41,1334.40458675211,10.7221182731613,8.10539714405865,0.00124324526153824,7.05583582262153e-05,23.7617046803603,8.63466895098493e-05,42.2576202478895,0.00438134621625953,0.000156905047736065,"Malawi","Lilongwe City","Area 5",109,1377.662207,"Pediatrics",2786.4320974,85
"42",42,1330.18153197909,11.738523537037,8.88626638625961,0.00136472815548516,7.75941110781513e-05,26.1873471757715,9.55995750854674e-05,46.4806750209098,0.00482860187875753,0.000173193686163619,"Malawi","Lilongwe City","Area 5",109,1377.662207,"Pediatrics",2786.4320974,85
"43",43,1325.56827153742,12.8423763609351,9.73693680649768,0.00149741035770826,8.52969114324724e-05,28.8459338148512,0.000105773031096657,51.0939354625842,0.00531880920829084,0.000191069942529129,"Malawi","Lilongwe City","Area 5",109,1377.662207,"Pediatrics",2786.4320974,85
"44",44,1320.53329161388,14.0393902977421,10.6625369140289,0.00164219186074219,9.37253279765992e-05,31.7581353031077,0.000116954057968029,56.1289153861253,0.00585577957963476,0.000210679385944629,"Malawi","Lilongwe City","Area 5",109,1377.662207,"Pediatrics",2786.4320974,85
"45",45,1315.04344657224,15.3352766986027,11.6683419283912,0.00180001636307155,0.00010294188739769,34.9461096052963,0.00012923722408168,61.6187604277648,0.00644359859265894,0.000232179111479369,"Malawi","Lilongwe City","Area 5",109,1377.662207,"Pediatrics",2786.4320974,85
"46",46,1309.06406583884,16.7356512001908,12.7597252434386,0.00197186729351067,0.000113013101087163,38.4335371119734,0.000142725162015269,67.5981411611594,0.00708663255555931,0.000255738263102432,"Malawi","Lilongwe City","Area 5",109,1377.662207,"Pediatrics",2786.4320974,85
"47",47,1302.55911050303,18.2459201115745,13.9420958844187,0.00215876213357355,0.000124009431855048,42.2456402003487,0.00015752906598871,74.1030964969733,0.0077895320904487,0.000281538497843758,"Malawi","Lilongwe City","Area 5",109,1377.662207,"Pediatrics",2786.4320974,85
"48",48,1295.49138158571,19.8711481914089,15.2208227252489,0.00236174496107083,0.000136005189242661,46.4091829783142,0.000173769166946562,81.1708254142893,0.00855723208485529,0.000309774356189223,"Malawi","Lilongwe City","Area 5",109,1377.662207,"Pediatrics",2786.4320974,85
"49",49,1287.82281752047,21.61588805297,16.6011331359064,0.00258187574578189,0.000149078320825538,50.9524457613492,0.000191575241083275,88.8393894795333,0.00939494698395816,0.000340653561908813,"Malawi","Lilongwe City","Area 5",109,1377.662207,"Pediatrics",2786.4320974,85
"50",50,1279.51483480517,23.4840067707644,18.0880013243034,0.00282021811030696,0.000163310108104366,55.9051694845284,0.000211087013343155,97.147372194828,0.0103081605392574,0.000374397121447521,"Malawi","Lilongwe City","Area 5",109,1377.662207,"Pediatrics",2786.4320974,85
"51",51,1270.52876289572,25.4784753504989,19.6860145656504,0.00307782364628248,0.000178784726282141,61.2984651252097,0.000232454546673258,106.133444104278,0.0113026091053905,0.000411239272955399,"Malawi","Lilongwe City","Area 5",109,1377.662207,"Pediatrics",2786.4320974,85
"52",52,1260.82637646888,27.601126688213,21.3992173689537,0.0033557123786782,0.000195588646116625,67.1646793343459,0.000255838578055504,115.835830531115,0.0123842568621208,0.000451427224172129,"Malawi","Lilongwe City","Area 5",109,1377.662207,"Pediatrics",2786.4320974,85
"53",53,1250.37050830848,29.8524044723718,23.2309285268152,0.00365485038447706,0.000213809864565693,73.53721562133,0.000281410758254973,126.291698691524,0.0135592628408904,0.000495220622820666,"Malawi","Lilongwe City","Area 5",109,1377.662207,"Pediatrics",2786.4320974,85
"54",54,1239.12576145339,32.2310874105458,25.1835398137979,0.00397612326156602,0.00023353693157419,80.4502993082837,0.000309353784496771,137.536445546605,0.0148339375829853,0.000542890716070962,"Malawi","Lilongwe City","Area 5",109,1377.662207,"Pediatrics",2786.4320974,85
"55",55,1227.05931872252,34.7339948616175,27.2582983873672,0.00432030502459218,0.000254857766559701,87.9386800043123,0.000339861396059422,149.602888277484,0.0162146882769746,0.000594719162619123,"Malawi","Lilongwe City","Area 5",109,1377.662207,"Pediatrics",2786.4320974,85
"56",56,1214.14183455575,37.3556978384632,29.4550638747988,0.00468802393772284,0.000277858214258676,96.0372717106287,0.000373138208662026,162.520372444251,0.0177079523961369,0.000650996422920703,"Malawi","Lilongwe City","Area 5",109,1377.662207,"Pediatrics",2786.4320974,85
"57",57,1200.34840638456,40.0882321636858,31.7720554956846,0.00507972417779306,0.00030262034370397,104.780721212191,0.000409399353045758,176.313800615436,0.0193201181127876,0.000712019696749728,"Malawi","Lilongwe City","Area 5",109,1377.662207,"Pediatrics",2786.4320974,85
"58",58,1185.65961089597,42.920824756407,34.205597289743,0.00549562332516595,0.000329220487828166,114.202900344183,0.000448869879718283,191.002596104026,0.0210574306760949,0.000778090367546449,"Malawi","Lilongwe City","Area 5",109,1377.662207,"Pediatrics",2786.4320974,85
"59",59,1170.06256326695,45.8396674717665,36.7498595535192,0.00593566837392216,0.000357726996519181,124.336331528486,0.000491783909090257,206.599643733051,0.0229258864861109,0.000849510905609438,"Malawi","Lilongwe City","Area 5",109,1377.662207,"Pediatrics",2786.4320974,85
"60",60,1153.55200974418,48.8277372925514,39.3966092640587,0.0063994885157867,0.000388197660293482,135.211524629583,0.000538383454743092,223.110197255823,0.0249311108165182,0.000926581115036575,"Malawi","Lilongwe City","Area 5",109,1377.662207,"Pediatrics",2786.4320974,85
"61",61,1136.13134282263,51.8646908863459,42.1350026129008,0.00688634869585467,0.000420677012750295,146.856274735443,0.000588916969104429,240.530864177367,0.0270782283329492,0.00100959398185472,"Malawi","Lilongwe City","Area 5",109,1377.662207,"Pediatrics",2786.4320974,85
"62",62,1117.81354747107,54.9268653796614,44.9514056878432,0.00739510453166806,0.000455193347254406,159.29489452604,0.000643637503710355,258.848659528927,0.0293717215509633,0.00109883085096476,"Malawi","Lilongwe City","Area 5",109,1377.662207,"Pediatrics",2786.4320974,85
"63",63,1098.62206017139,57.9873826536376,47.829263944776,0.00792415869677636,0.000491755477685015,172.547381515576,0.000702800451798353,278.040146828616,0.0318152772864437,0.00119455592948337,"Malawi","Lilongwe City","Area 5",109,1377.662207,"Pediatrics",2786.4320974,85
"64",64,1078.59141083456,61.0163841668794,50.7490638014835,0.00847142356615206,0.000530349504398161,186.628579763088,0.000766660921653478,298.070796165443,0.0344116320871848,0.00129701042605164,"Malawi","Lilongwe City","Area 5",109,1377.662207,"Pediatrics",2786.4320974,85
"65",65,1057.76763445239,63.981417648704,53.6883750941695,0.00903429239331294,0.000570935546149945,201.547339106101,0.000835470694648302,318.894572547609,0.0371624172092779,0.00140640624079825,"Malawi","Lilongwe City","Area 5",109,1377.662207,"Pediatrics",2786.4320974,85
"66",66,1036.2084001755,66.8479776930492,56.6219951894194,0.00960962170192441,0.000613444565835829,217.305701400983,0.000909474777812727,340.453806824497,0.0400680085748955,0.00152291934364856,"Malawi","Lilongwe City","Area 5",109,1377.662207,"Pediatrics",2786.4320974,85
"67",67,1013.98282110955,69.5801876336065,59.5222151395823,0.010193726556742,0.00065777545125531,233.898142707683,0.000988907573269023,362.679385890453,0.0431273870472287,0.00164668302452433,"Malawi","Lilongwe City","Area 5",109,1377.662207,"Pediatrics",2786.4320974,85
"68",68,991.170911567736,72.1416194113889,62.3592068814742,0.0107823922755428,0.000703792478882824,251.310908965943,0.00107398870464235,385.491295432265,0.0463380159460463,0.00177778118352518,"Malawi","Lilongwe City","Area 5",109,1377.662207,"Pediatrics",2786.4320974,85
"69",69,967.862679038096,74.4962289204435,65.1015309589134,0.0113709049125602,0.000751323314026304,269.521480935761,0.00116491856034508,408.799527961904,0.0496957423999878,0.00191624187437138,"Malawi","Lilongwe City","Area 5",109,1377.662207,"Pediatrics",2786.4320974,85
"70",70,944.156861129093,76.6093662938397,67.7167630371523,0.0119541013215691,0.000800157727139588,288.498200407238,0.00126187362862013,432.505345870907,0.0531947284367634,0.00206203135575971,"Malawi","Lilongwe City","Area 5",109,1377.662207,"Pediatrics",2786.4320974,85
"71",71,920.159336056928,78.4488188320976,70.1722206925141,0.0125264396806781,0.000850047173663556,308.200089929877,0.00136500173018305,456.502870943073,0.0568274177576102,0.00221504890384661,"Malawi","Lilongwe City","Area 5",109,1377.662207,"Pediatrics",2786.4320974,85
"72",72,895.981247108653,79.9858421377286,72.4357686700417,0.0130820906643731,0.000900705368103238,328.576891870298,0.00147441724640979,480.680959891347,0.0605845429546336,0.00237512261451303,"Malawi","Lilongwe City","Area 5",109,1377.662207,"Pediatrics",2786.4320974,85
"73",73,871.73697489722,81.1960918864557,74.4766480107063,0.0136150439427306,0.000951809920347639,349.569335155138,0.00159019661806099,504.925232102781,0.0644551747109031,0.00254200653840863,"Malawi","Lilongwe City","Area 5",109,1377.662207,"Pediatrics",2786.4320974,85
"74",74,847.541747505689,82.0605353317791,76.2664085423637,0.0141192425474869,0.00100300536162724,371.109680998626,0.00171237363319763,529.120459494311,0.0684268224439842,0.00271537899482487,"Malawi","Lilongwe City","Area 5",109,1377.662207,"Pediatrics",2786.4320974,85
"75",75,823.509522937724,82.5660263261691,77.7796914154248,0.0145887142250803,0.00105390717154414,393.122482763447,0.00184093583871896,553.152684062276,0.0724855744303421,0.00289484301026309,"Malawi","Lilongwe City","Area 5",109,1377.662207,"Pediatrics",2786.4320974,85
"76",76,799.750802603188,82.7057521853881,78.9949804415877,0.0150177145423495,0.00110410702925575,415.52557412702,0.00197582124493855,576.911404396813,0.0766162800262355,0.0030799282741943,"Malawi","Lilongwe City","Area 5",109,1377.662207,"Pediatrics",2786.4320974,85
"77",77,776.370521978738,82.4794768208852,79.8952603804219,0.0154008746194713,0.00115317922987988,438.231276850448,0.00211691565810916,600.291685021263,0.0808027723792522,0.00327009488798904,"Malawi","Lilongwe City","Area 5",109,1377.662207,"Pediatrics",2786.4320974,85
"78",78,753.466246506287,81.8934645684771,80.4685407668543,0.0157333404591807,0.00120068795362252,461.14775707902,0.00226405094963255,623.195960493714,0.0850281185242819,0.00346473890325506,"Malawi","Lilongwe City","Area 5",109,1377.662207,"Pediatrics",2786.4320974,85
"79",79,731.126643820087,80.960187590706,80.7081905971705,0.0160109013153379,0.00124619530785712,484.180510891122,0.00241700429178058,645.535563179914,0.0892748933080919,0.0036631995996377,"Malawi","Lilongwe City","Area 5",109,1377.662207,"Pediatrics",2786.4320974,85
"80",80,709.430286043867,79.6978253429419,80.6130729150788,0.0162301031168053,0.00128926979590216,507.233927826768,0.00257549843270694,667.231920956134,0.0935254676889873,0.0038647682286091,"Malawi","Lilongwe City","Area 5",109,1377.662207,"Pediatrics",2786.4320974,85
"81",81,688.444832380136,78.1295430108105,80.1875201024143,0.0163883357524994,0.00132949502619651,530.212854472823,0.00273920303829593,688.217374619864,0.0977622970423482,0.00406869806449244,"Malawi","Lilongwe City","Area 5",109,1377.662207,"Pediatrics",2786.4320974,85
"82",82,668.226569751063,76.2826440097762,79.4411069995539,0.0164838960781004,0.00136647828129998,553.024128128137,0.00290773711206071,708.435637248938,0.101968203945314,0.00427421539336068,"Malawi","Lilongwe City","Area 5",109,1377.662207,"Pediatrics",2786.4320974,85
"83",83,648.820298490652,74.1876400412238,78.3882447238995,0.0165160243744355,0.0013998585850233,575.57802718879,0.00308067247634819,727.841908509349,0.106126645601865,0.00448053106137149,"Malawi","Lilongwe City","Area 5",109,1377.662207,"Pediatrics",2786.4320974,85
"84",84,630.259547965095,71.877255071656,77.0476568049724,0.0164849072722725,0.00142931414524575,597.789575398653,0.00325753820704335,746.402659034906,0.110221954318055,0.00468685235228911,"Malawi","Lilongwe City","Area 5",109,1377.662207,"Pediatrics",2786.4320974,85
"85",85,612.567058353136,69.3854510078709,75.4417305924708,0.0163916538223069,0.00145456876386532,619.579682997997,0.00343782594002783,764.095148646865,0.11423954790017,0.00489239470389314,"Malawi","Lilongwe City","Area 5",109,1377.662207,"Pediatrics",2786.4320974,85
"86",86,595.755479642474,66.7465124402978,73.5957847331617,0.0162382462333351,0.0014753969999243,640.876095544916,0.00362099591778983,780.906727357527,0.118166104587618,0.00509639291771413,"Malawi","Lilongwe City","Area 5",109,1377.662207,"Pediatrics",2786.4320974,85
"87",87,579.82824510189,63.9942000876012,71.5373162655567,0.0160274638621399,0.00149162806817119,661.614119969439,0.00380648358411163,796.833961898111,0.121989696907796,0.00529811165228282,"Malawi","Lilongwe City","Area 5",109,1377.662207,"Pediatrics",2786.4320974,85
"88",88,564.780551414875,61.1610265540856,69.2952325945565,0.0157627896338533,0.00150314824317251,681.737136792026,0.00399370658020348,811.881655585126,0.125699886101373,0.00549685482337599,"Malawi","Lilongwe City","Area 5",109,1377.662207,"Pediatrics",2786.4320974,85
"89",89,550.600399190297,58.2776643500165,66.8991037649562,0.01544830286682,0.00150990175456956,701.196899418143,0.00418207196642723,826.061807809704,0.129287777286756,0.00569197372099679,"Malawi","Lilongwe City","Area 5",109,1377.662207,"Pediatrics",2786.4320974,85
"90",90,537.26964881878,55.3724793747201,64.3784861935163,0.0150885611828457,0.00151189031318002,719.953621178086,0.00437098340205828,839.392558181221,0.132746035487612,0.0058828737152383,"Malawi","Lilongwe City","Area 5",109,1377.662207,"Pediatrics",2786.4320974,85
"91",91,524.765079200887,52.471194612986,61.7622953394188,0.0146884765395654,0.00150917121888772,737.975880350591,0.00455984835911525,851.897127799113,0.136068868099625,0.00606901957800297,"Malawi","Lilongwe City","Area 5",109,1377.662207,"Pediatrics",2786.4320974,85
"92",92,513.059350232128,49.5966967847423,59.0782937809077,0.0142531976368588,0.00150185428251262,755.240363065594,0.00474808470898949,863.602856767873,0.139251977466901,0.00624993899150211,"Malawi","Lilongwe City","Area 5",109,1377.662207,"Pediatrics",2786.4320974,85
"93",93,502.121930053478,46.7689379936245,56.3526538197538,0.0137879917959397,0.00149009776652273,771.731471916503,0.00493512707858572,874.540276946523,0.142292488698109,0.00642522484510844,"Malawi","Lilongwe City","Area 5",109,1377.662207,"Pediatrics",2786.4320974,85
"94",94,491.91994521193,44.0049359973959,53.6096140158533,0.0132981348188373,0.00147410338053563,787.440819103933,0.00512043268823223,884.74226178807,0.145188856194194,0.00659453606876786,"Malawi","Lilongwe City","Area 5",109,1377.662207,"Pediatrics",2786.4320974,85
"95",95,482.418933695811,41.3188582483227,50.8712438555102,0.0127888117348394,0.00145411057021501,802.366624791573,0.00530348647810487,894.243273304189,0.147940752701237,0.00675759704831987,"Malawi","Lilongwe City","Area 5",109,1377.662207,"Pediatrics",2786.4320974,85
"96",96,473.583460875625,38.7221613089172,48.1572993234042,0.0122650362327041,0.00143039079494102,816.5131062598,0.00548380522691793,903.078746124376,0.150548956669883,0.00691419602185895,"Malawi","Lilongwe City","Area 5",109,1377.662207,"Pediatrics",2786.4320974,85
"97",97,465.377712147947,36.2237900233473,45.4851342579568,0.01173157419418,0.00140324101904526,829.889774814134,0.00566094140162337,911.284494852053,0.153015222607552,0.00706418242066862,"Malawi","Lilongwe City","Area 5",109,1377.662207,"Pediatrics",2786.4320974,85
"98",98,457.765948751528,33.8303893942491,42.8697096895038,0.0111928881922338,0.00137297755384739,842.510758813124,0.00583448584904864,918.896258248473,0.155342156250154,0.00720746340289603,"Malawi","Lilongwe City","Area 5",109,1377.662207,"Pediatrics",2786.4320974,85
"99",99,450.712896818388,31.5465403260984,40.323649524041,0.010653093580668,0.00133992992670351,854.394123238116,0.00600406984917488,925.949310181612,0.157533089098236,0.00734399977587839,"Malawi","Lilongwe City","Area 5",109,1377.662207,"Pediatrics",2786.4320974,85
"100",100,444.184053581852,29.375005647634,37.857333691921,0.0101159292384499,0.00130443511935713,865.561224347846,0.00616936638994812,932.478153418148,0.159591959424555,0.00747380150930524,"Malawi","Lilongwe City","Area 5",109,1377.662207,"Pediatrics",2786.4320974,85
"101",101,438.145940978186,27.3169760921587,35.4790416507909,0.00958473880869765,0.00126683196863065,876.036066617311,0.00633009077616768,938.516266021815,0.161523193704664,0.00759692274479832,"Malawi","Lilongwe City","Area 5",109,1377.662207,"Pediatrics",2786.4320974,85
"102",102,432.566281110117,25.3722909375897,33.1951121159126,0.00906246468543342,0.0012274564581202,885.844746914724,0.00648600051433217,944.095925889884,0.163331604134481,0.00771345697245236,"Malawi","Lilongwe City","Area 5",109,1377.662207,"Pediatrics",2786.4320974,85
"103",103,427.414134735586,23.5396645188959,31.0101160904896,0.00855165025464718,0.00118663725778849,895.014916472816,0.00663689470098853,949.248072264415,0.165022289430188,0.00782353195877702,"Malawi","Lilongwe City","Area 5",109,1377.662207,"Pediatrics",2786.4320974,85
"104",104,422.659992956032,21.8168851073555,28.9270440016979,0.00805445029788897,0.00114469196075701,903.575303179794,0.00678261286190654,954.002214043968,0.16660054675116,0.00792730482266354,"Malawi","Lilongwe City","Area 5",109,1377.662207,"Pediatrics",2786.4320974,85
"105",105,418.275832763072,20.2009935423272,26.9474906932148,0.0075726473863244,0.0011019239602333,911.555292396648,0.00692303339119526,958.386374236928,0.168071794414896,0.00802495735142856,"Malawi","Lilongwe City","Area 5",109,1377.662207,"Pediatrics",2786.4320974,85
"106",106,414.235145682426,18.6884568361658,25.0718455867506,0.0071076744943589,0.00105861971760401,918.984534528911,0.00705807153497612,962.427061317575,0.169441499545962,0.00811669125258013,"Malawi","Lilongwe City","Area 5",109,1377.662207,"Pediatrics",2786.4320974,85
"107",107,410.512936571228,17.2753023354046,23.299464554685,0.00666064035013161,0.00101504690481072,925.892640174256,0.00718767717130511,966.149270428772,0.170715121872448,0.00820272407611583,"Malawi","Lilongwe City","Area 5",109,1377.662207,"Pediatrics",2786.4320974,85
"108",108,407.085705647941,15.9572381912486,21.6288297032009,0.00623235632378046,0.000971453036449902,932.308917815834,0.0073118324157201,969.57650135206,0.17189806536718,0.00828328545216999,"Malawi","Lilongwe City","Area 5",109,1377.662207,"Pediatrics",2786.4320974,85
"109",109,403.931418450311,14.7297691884996,20.0577040170078,0.00582336545270848,0.000928064413435724,938.262133365306,0.0074305490098238,972.73078854969,0.172995633917899,0.00835861342325952,"Malawi","Lilongwe City","Area 5",109,1377.662207,"Pediatrics",2786.4320974,85
"110",110,401.029461864207,13.5882815805885,18.5832728224543,0.00543397192141389,0.000885085662611329,943.78032780954,0.00754386562684506,975.632745135794,0.174012997710542,0.00842895128945639,"Malawi","Lilongwe City","Area 5",109,1377.662207,"Pediatrics",2786.4320974,85
"111",111,398.360592105135,12.5281176699227,17.2022685069426,0.00506426987011596,0.00084269965526169,948.89066990332,0.00765184515493801,978.301614894865,0.17495516607411,0.0084945448101997,"Malawi","Lilongwe City","Area 5",109,1377.662207,"Pediatrics",2786.4320974,85
"112",112,395.906875716586,11.544639543981,15.9110778420354,0.00471417169531012,0.000801067761917367,953.619344085946,0.00775457199431446,980.755331283414,0.175826966819947,0.00855563975623182,"Malawi","Lilongwe City","Area 5",109,1377.662207,"Pediatrics",2786.4320974,85
"113",113,393.651628224561,10.6332765675018,14.7058413320497,0.0043834343920548,0.000760330403984584,957.991464961692,0.00785214940033532,983.010578775439,0.176633030478453,0.0086124798043199,"Malawi","Lilongwe City","Area 5",109,1377.662207,"Pediatrics",2786.4320974,85
"114",114,391.579349726642,9.78956470706445,13.5825365753718,0.00407168441688287,0.000720607845918108,962.031019001749,0.00794469691096687,985.082857273359,0.177377779554582,0.00866530475688497,"Malawi","Lilongwe City","Area 5",109,1377.662207,"Pediatrics",2786.4320974,85
"115",115,389.675659057274,9.00917799306964,12.5370478788515,0.00377844103730751,0.000682001161882896,965.760829280719,0.00803234788775808,986.986547942727,0.178065422030127,0.00871434904964097,"Malawi","Lilongwe City","Area 5",109,1377.662207,"Pediatrics",2786.4320974,85
"116",116,387.927229105903,8.28794988435257,11.5652280432049,0.0035031369789302,0.000644593363668329,969.202536989012,0.00811524718531671,988.734977894097,0.178699947958631,0.00875984054898503,"Malawi","Lilongwe City","Area 5",109,1377.662207,"Pediatrics",2786.4320974,85
"117",117,386.321722474565,7.62188962000716,10.662947990472,0.00324513733519047,0.00060845062319269,972.37659977803,0.0081935489682274,990.340484525436,0.179285129163592,0.00880199959142008,"Malawi","Lilongwe City","Area 5",109,1377.662207,"Pediatrics",2786.4320974,85
"118",118,384.847728518071,7.00719362816695,9.82613665139344,0.00300375657172247,0.000573623553301636,975.302303407557,0.00826741468756025,991.81447848193,0.17982452138896,0.00884103824086188,"Malawi","Lilongwe City","Area 5",109,1377.662207,"Pediatrics",2786.4320974,85
"119",119,383.494702996651,6.44025110223235,9.05081471332253,0.00277827309794129,0.000540148536532676,977.997782754943,0.00833701121733591,993.167504003349,0.180321468175313,0.00887715975386858,"Malawi","Lilongwe City","Area 5",109,1377.662207,"Pediatrics",2786.4320974,85
"120",120,382.252909719475,5.9176468571662,8.33312003317115,0.00256794218555811,0.000508049052314175,980.480051889791,0.00840250915876899,994.409297280525,0.180779106407221,0.00891055821108316,"Malawi","Lilongwe City","Area 5",109,1377.662207,"Pediatrics",2786.4320974,85
"121",121,381.11336473274,5.43616139702579,7.66932673366494,0.0023720071385443,0.000477336986032832,982.765040711135,0.00846408131055417,995.548842267261,0.181200373070284,0.00894141829658699,"Malawi","Lilongwe City","Area 5",109,1377.662207,"Pediatrics",2786.4320974,85
"122",122,380.067783569423,4.99276789939127,7.05586012175832,0.00218970856142426,0.000448013911885147,984.867635785656,0.00852190129916409,996.594423430578,0.181588012782409,0.00896991521104923,"Malawi","Lilongwe City","Area 5",109,1377.662207,"Pediatrics",2786.4320974,85
"123",123,379.108531083117,4.58462796033179,6.48930635513156,0.00202029228014454,0.000420072320777542,986.801725094452,0.00857614236749041,997.553675916883,0.181944586045503,0.00899621468826794,"Malawi","Lilongwe City","Area 5",109,1377.662207,"Pediatrics",2786.4320974,85
"124",124,378.228574117982,4.20908597636105,5.96641835029066,0.00186301589448697,0.000393496787596017,988.580245066371,0.00862697631360586,998.433632882019,0.182272477918524,0.00902047310120187,"Malawi","Lilongwe City","Area 5",109,1377.662207,"Pediatrics",2786.4320974,85
"125",125,377.421437167405,3.86366210383852,5.4841191647973,0.00171715397332598,0.000368265074398584,990.215228572342,0.00867457257030856,999.240769832596,0.182573906867469,0.00904283764470713,"Malawi","Lilongwe City","Area 5",109,1377.662207,"Pediatrics",2786.4320974,85
"126",126,376.681160653823,3.54604485229235,5.039502343601,0.00158200227041437,0.000344349155840588,991.717853701439,0.00871909741860534,999.981046346177,0.182850933759333,0.00906344657444592,"Malawi","Lilongwe City","Area 5",109,1377.662207,"Pediatrics",2786.4320974,85
"127",127,376.002261874295,3.25408317180031,4.62983024808654,0.00145688097972551,0.000321716168361537,993.098492395347,0.0087607133241418,1000.65994512571,0.183105470829792,0.00908242949250332,"Malawi","Lilongwe City","Area 5",109,1377.662207,"Pediatrics",2786.4320974,85
"128",128,375.379698797418,2.98577809671689,4.25253106102897,0.00134113708147328,0.000300329278765347,994.366758000087,0.00879957838971554,1001.28250820258,0.183339290451091,0.00909990766848087,"Malawi","Lilongwe City","Area 5",109,1377.662207,"Pediatrics",2786.4320974,85
"129",129,374.808835575306,2.73927433644166,3.90519415499286,0.00123414607987667,0.000280148488023008,995.531552792789,0.0088358459027443,1001.85337142469,0.183554033895223,0.0091159943907673,"Malawi","Lilongwe City","Area 5",109,1377.662207,"Pediatrics",2786.4320974,85
"130",130,374.285411679331,2.51285218262331,3.58556471605459,0.00113531306451708,0.000261131329624864,996.601112313605,0.00886966399254595,1002.37679532067,0.183751219507933,0.0091307953221708,"Malawi","Lilongwe City","Area 5",109,1377.662207,"Pediatrics",2786.4320974,85
"131",131,373.805512899229,2.30491922630333,3.2915377377331,0.00104407325187142,0.000243233505056227,997.583048654612,0.00890117536686635,1002.85669410077,0.183932250690323,0.00914440887192256,"Malawi","Lilongwe City","Area 5",109,1377.662207,"Pediatrics",2786.4320974,85
"132",132,373.365543195419,2.11400211592417,3.02115131681746,0.000959892199580151,0.000226409475968959,998.484393553058,0.00893051710626796,1003.29666380458,0.184098423844318,0.00915692658223691,"Malawi","Lilongwe City","Area 5",109,1377.662207,"Pediatrics",2786.4320974,85
"133",133,372.962199829413,1.9387390172927,2.77257958665061,0.000882265570245605,0.000210612956730194,999.31163786757,0.00895782054731571,1003.70000717059,0.184250935651163,0.0091684335040459,"Malawi","Lilongwe City","Area 5",109,1377.662207,"Pediatrics",2786.4320974,85
"134",134,372.59245009593,1.77787214418755,2.54412565562619,0.00081071863938221,0.000195797352501628,1000.07076937705,0.0089832112175596,1004.06975690407,0.184390890040606,0.00917900857006121,"Malawi","Lilongwe City","Area 5",109,1377.662207,"Pediatrics",2786.4320974,85
"135",135,372.25350977468,1.63024057349618,2.33421454347747,0.000744805582949625,0.000181916139499163,1000.7673085778,0.00900680882090179,1004.40869722532,0.184519304790968,0.00918872496040094,"Malawi","Lilongwe City","Area 5",109,1377.662207,"Pediatrics",2786.4320974,85
"136",136,371.942823186562,1.49477350371943,2.14138603550324,0.000684108596285082,0.000168923191037218,1001.40634251516,0.00902872726748768,1004.71938381344,0.184637117766783,0.00919765045852489,"Malawi","Lilongwe City","Area 5",109,1377.662207,"Pediatrics",2786.4320974,85
"137",137,371.658044806108,1.37048384366078,1.96428771354326,0.000628236878550937,0.000156773053854604,1001.99255655201,0.00904907474101936,1005.00416219389,0.18474519277603,0.00920584779487395,"Malawi","Lilongwe City","Area 5",109,1377.662207,"Pediatrics",2786.4320974,85
"138",138,371.397022311354,1.25646214356795,1.80166820327014,0.000576825517411187,0.000145421179571199,1002.53026414131,0.00906795379752451,1005.26518468865,0.184844325059325,0.0092133749770957,"Malawi","Lilongwe City","Area 5",109,1377.662207,"Pediatrics",2786.4320974,85
"139",139,371.157781186808,1.15187098533737,1.65237071523282,0.000529534334810342,0.000134824112750971,1003.02343429269,0.00908546148820596,1005.50442581319,0.184935246353949,0.00922028560095692,"Malawi","Lilongwe City","Area 5",109,1377.662207,"Pediatrics",2786.4320974,85
"140",140,370.938509178574,1.05593923287821,1.51532628253107,0.000486046587951929,0.000124939658646161,1003.47571963026,0.00910168951529896,1005.72369782143,0.185018630066854,0.00922662917394511,"Malawi","Lilongwe City","Area 5",109,1377.662207,"Pediatrics",2786.4320974,85
"141",141,370.73754413275,0.967957479944001,1.38954816048639,0.000446067801922732,0.000115726988781111,1003.89047870764,0.00911672439056537,1005.92466286725,0.185095095388852,0.00923245137934647,"Malawi","Lilongwe City","Area 5",109,1377.662207,"Pediatrics",2786.4320974,85
"142",142,370.553361741954,0.887273313957993,1.27412613152686,0.000409324544857559,0.000107146735790874,1004.27079869367,0.0091306476108231,1006.10884525805,0.185165211477137,0.00923779434661396,"Malawi","Lilongwe City","Area 5",109,1377.662207,"Pediatrics",2786.4320974,85
"143",143,370.384563874535,0.813286747932413,1.16822097264427,0.000375563183009685,9.9161067442199e-05,1004.61951714479,0.00914353584687791,1006.27764312547,0.185229501469412,0.0092426969143201,"Malawi","Lilongwe City","Area 5",109,1377.662207,"Pediatrics",2786.4320974,85
"144",144,370.229868317109,0.745446288167524,1.07105928123607,0.000344548685177661,9.1733729170077e-05,1004.93924136993,0.00915546113927766,1006.43233868289,0.185288446054132,0.00924719486844773,"Malawi","Lilongwe City","Area 5",109,1377.662207,"Pediatrics",2786.4320974,85
"145",145,370.08809926196,0.683245141440148,0.981928681622191,0.000316063462287866,8.48300703640801e-05,1005.23236653035,0.00916649109689694,1006.57410773804,0.185342486807508,0.00925132116726101,"Malawi","Lilongwe City","Area 5",109,1377.662207,"Pediatrics",2786.4320974,85
"146",146,369.958178562329,0.626217673511514,0.900173350295149,0.000289906237393244,7.84170542902732e-05,1005.50109240148,0.009176689098031,1006.70402843767,0.185392029283819,0.00925510615232127,"Malawi","Lilongwe City","Area 5",109,1377.662207,"Pediatrics",2786.4320974,85
"147",147,369.839117668206,0.57393620536381,0.825189716102849,0.000265890974492632,7.24632534540132e-05,1005.74743894161,0.00918611449210849,1006.82308933179,0.185437445885743,0.0092585777455625,"Malawi","Lilongwe City","Area 5",109,1377.662207,"Pediatrics",2786.4320974,85
"148",148,369.730010236739,0.526007988667109,0.756422521420167,0.000243845845600786,6.69388333341305e-05,1005.9732606457,0.0091948227999206,1006.93219676326,0.185479078510695,0.00926176163325472,"Malawi","Lilongwe City","Area 5",109,1377.662207,"Pediatrics",2786.4320974,85
"149",149,369.630025346256,0.482072405178158,0.69336115245218,0.00022361224399183,6.1815526378622e-05,1006.18025980243,0.00920286591117025,1007.03218165374,0.185517240994969,0.00926468143754886,"Malawi","Lilongwe City","Area 5",109,1377.662207,"Pediatrics",2786.4320974,85
"150",150,369.538401247066,0.441798419254479,0.635536162311696,0.000205043861478274,5.70665974612707e-05,1006.36999876863,0.00921029227829944,1007.12380575293,0.185552221376692,0.00926735887576069,"Malawi","Lilongwe City","Area 5",109,1377.662207,"Pediatrics",2786.4320974,85
"151",151,369.454439637326,0.404882190543039,0.582516087687411,0.000188005806796074,5.26668030269642e-05,1006.54391126473,0.00921714710554892,1007.20776736267,0.185584283978314,0.00926981390857587,"Malawi","Lilongwe City","Area 5",109,1377.662207,"Pediatrics",2786.4320974,85
"152",152,369.377500407161,0.371044872789856,0.533904489661857,0.000172373774984332,4.85923450640222e-05,1006.70331279174,0.00922347253254226,1007.28470659284,0.18561367132711,0.00927206487760627,"Malawi","Lilongwe City","Area 5",109,1377.662207,"Pediatrics",2786.4320974,85
"153",153,369.306996805498,0.340030605001667,0.48933717829086,0.000158033274006769,4.48208208116569e-05,1006.8494102493,0.00922930781190847,1007.3552101945,0.185640605928409,0.00927412863272012,"Malawi","Lilongwe City","Area 5",109,1377.662207,"Pediatrics",2786.4320974,85
"154",154,369.242391012751,0.311604639180546,0.448479670923284,0.000144878893203096,4.13311697370499e-05,1006.9833107776,0.00923468948038808,1007.41981598725,0.185665291895705,0.00927602065012511,"Malawi","Lilongwe City","Area 5",109,1377.662207,"Pediatrics",2786.4320974,85
"155",155,369.183190076783,0.285551618772359,0.411024834882009,0.000132813619898113,3.81036184360922e-05,1007.1060299008,0.00923965152316982,1007.47901692322,0.185687916452016,0.00927775514160589,"Malawi","Lilongwe City","Area 5",109,1377.662207,"Pediatrics",2786.4320974,85
"156",156,369.12894217961,0.261674004240723,0.376690691951527,0.000121748204881287,3.51196241375447e-05,1007.21849903084,0.00924422553128336,1007.53326482039,0.185708651313299,0.00927934515542089,"Malawi","Lilongwe City","Area 5",109,1377.662207,"Pediatrics",2786.4320974,85
"157",157,369.079233217327,0.239790611847149,0.345218407170227,0.000111600567005523,3.2361817751732e-05,1007.32157236042,0.00924844085186119,1007.58297378267,0.185727653959264,0.00928080266961291,"Malawi","Lilongwe City","Area 5",109,1377.662207,"Pediatrics",2786.4320974,85
"158",158,369.033683661562,0.219735272292425,0.316370427455035,0.00010229524000869,2.98139468503574e-05,1007.41603320477,0.00925232473127678,1007.62852333844,0.185745068802551,0.00928213867812713,"Malawi","Lilongwe City","Area 5",109,1377.662207,"Pediatrics",2786.4320974,85
"159",159,368.991945678492,0.20135560236835,0.289928756442553,9.37628601050054e-05,2.74608190252116e-05,1007.50259983657,0.00925590245119326,1007.67026132151,0.185761028264474,0.00928336327021846,"Malawi","Lilongwe City","Area 5",109,1377.662207,"Pediatrics",2786.4320974,85
"160",160,368.953700489399,0.184511868609493,0.265693373727661,8.59396880446921e-05,2.52882461643544e-05,1007.58193084287,0.00925919745756529,1007.7085065106,0.185775653762637,0.00928448570372963,"Malawi","Lilongwe City","Area 5",109,1377.662207,"Pediatrics",2786.4320974,85
"161",161,368.918655949124,0.169075945177827,0.243480774598584,7.87671667145136e-05,2.32829898556673e-05,1007.65463004946,0.00926223148274816,1007.74355105088,0.185789056618791,0.00928551447260382,"Malawi","Lilongwe City","Area 5",109,1377.662207,"Pediatrics",2786.4320974,85
"162",162,368.886544324437,0.154930358793479,0.223122621262781,7.2191512168252e-05,2.14327081767938e-05,1007.72125104663,0.00926502466087574,1007.77566267556,0.185801338893219,0.00928645736905252,"Malawi","Lilongwe City","Area 5",109,1377.662207,"Pediatrics",2786.4320974,85
"163",163,368.857120258551,0.141967407372165,0.204464506706896,6.61633338628737e-05,1.97259041516894e-05,1007.7823013425,0.00926759563667773,1007.80508674145,0.185812594150451,0.00928732154082941,"Malawi","Lilongwe City","Area 5",109,1377.662207,"Pediatrics",2786.4320974,85
"164",164,368.830158904104,0.130088352194655,0.187364814609717,6.06372840568197e-05,1.81518759629562e-05,1007.83824617826,0.00926996166796652,1007.8320480959,0.185822908162646,0.00928811354392946,"Malawi","Lilongwe City","Area 5",109,1377.662207,"Pediatrics",2786.4320974,85
"165",165,368.805454210945,0.119202677232151,0.17169366882953,5.55717342481134e-05,1.67006690430542e-05,1007.88951203187,0.00927213872202121,1007.85675278905,0.185832359555533,0.00928883939106425,"Malawi","Lilongwe City","Area 5",109,1377.662207,"Pediatrics",2786.4320974,85
"166",166,368.782817357295,0.109227406907087,0.157331970477087,5.09284757151362e-05,1.53630301634572e-05,1007.93648983225,0.00927414156610074,1007.87938964271,0.185841020400999,0.00928950459626418,"Malawi","Lilongwe City","Area 5",109,1377.662207,"Pediatrics",2786.4320974,85
"167",167,368.762075311055,0.100086480952918,0.144170511001811,4.66724435758852e-05,1.41303635317435e-05,1007.97953791033,0.00927598385234608,1007.90013168894,0.185848956761132,0.00929011421587781,"Malawi","Lilongwe City","Area 5",109,1377.662207,"Pediatrics",2786.4320974,85
"168",168,368.743069510766,0.0917101811266314,0.132109156338995,4.27714624844645e-05,1.29946889293155e-05,1008.01898470742,0.009277678197324,1007.91913748923,0.185856229187551,0.0092906728862533,"Malawi","Lilongwe City","Area 5",109,1377.662207,"Pediatrics",2786.4320974,85
"169",169,368.725654656964,0.0840346038913632,0.121056099011772,3.91960118558695e-05,1.19486019120218e-05,1008.05513125926,0.00927923625646326,1007.93655234304,0.185862893179361,0.00929118485837526,"Malawi","Lilongwe City","Area 5",109,1377.662207,"Pediatrics",2786.4320974,85
"170",170,368.709697604014,0.077001177296016,0.110927170032358,3.59190098283579e-05,1.09852360352741e-05,1008.08825347562,0.00928066879364468,1007.95250939599,0.185868999603427,0.00929165402967995,"Malawi","Lilongwe City","Area 5",109,1377.662207,"Pediatrics",2786.4320974,85
"171",171,368.695076344279,0.0705562179023069,0.101645206682976,3.29156143942329e-05,1.00982270806735e-05,1008.11860423155,0.00928198574619562,1007.96713065572,0.18587459507992,0.00929208397327628,"Malawi","Lilongwe City","Area 5",109,1377.662207,"Pediatrics",2786.4320974,85
"172",172,368.681679077307,0.064650523667341,0.0931394729323832,3.01630401448847e-05,9.28167925163986e-06,1008.14641528509,0.00928319628553419,1007.98052792269,0.185879722335861,0.00929247796478582,"Malawi","Lilongwe City","Area 5",109,1377.662207,"Pediatrics",2786.4320974,85
"173",173,368.669403356513,0.0592390009682938,0.0853451266763265,2.76403898151521e-05,8.53013327334119e-06,1008.17189903645,0.00928430887370856,1007.99280364349,0.185884420529453,0.00929283900698189,"Malawi","Lilongwe City","Area 5",109,1377.662207,"Pediatrics",2786.4320974,85
"174",174,368.658155306792,0.0542803224333457,0.078202730474165,2.53284993066129e-05,7.83853633507416e-06,1008.19525014195,0.00928533131608081,1008.00405169321,0.185888725547624,0.00929316985241587,"Malawi","Lilongwe City","Area 5",109,1377.662207,"Pediatrics",2786.4320974,85
"175",175,368.647848907588,0.0497366127753854,0.071657803006518,2.32097950740261e-05,7.20221382099311e-06,1008.21664699381,0.00928627081036743,1008.01435809241,0.185892670278842,0.00929347302418842,"Malawi","Lilongwe City","Area 5",109,1377.662207,"Pediatrics",2786.4320974,85
"176",176,368.638405338273,0.0455731620791289,0.0656604086405829,2.12681636177677e-05,6.6168428264923e-06,1008.23625307201,0.00928713399211001,1008.02380166173,0.185896284862348,0.00929375083493649,"Malawi","Lilongwe City","Area 5",109,1377.662207,"Pediatrics",2786.4320974,85
"177",177,368.629752373947,0.0417581610373566,0.060164778205812,1.94888307483845e-05,6.07842720275917e-06,1008.25421819258,0.0092879269771742,1008.03245462605,0.185899596918287,0.00929400540437694,"Malawi","Lilongwe City","Area 5",109,1377.662207,"Pediatrics",2786.4320974,85
"178",178,368.621823833343,0.0382624586163046,0.0551289623799271,1.78582508670117e-05,5.58327421402963e-06,1008.27067964874,0.00928865540114753,1008.04038316666,0.185902631758098,0.00929423867536155,"Malawi","Lilongwe City","Area 5",109,1377.662207,"Pediatrics",2786.4320974,85
"179",179,368.614559073974,0.0350593406864124,0.050514514058978,1.63640055860008e-05,5.12797271934206e-06,1008.28576325485,0.0092893244558497,1008.04764792603,0.185905412576967,0.00929445242856902,"Malawi","Lilongwe City","Area 5",109,1377.662207,"Pediatrics",2786.4320974,85
"180",180,368.607902528952,0.0321243266922655,0.0462861968414417,1.4994710503346e-05,4.70937277064052e-06,1008.29958430451,0.00928993892322755,1008.05430447105,0.185907960630467,0.00929464829599818,"Malawi","Lilongwe City","Area 5",109,1377.662207,"Pediatrics",2786.4320974,85
"181",181,368.601803282254,0.029434982958083,0.042411717666786,1.37399294824836e-05,4.32456654760708e-06,1008.31224844942,0.00929050320680772,1008.06040371775,0.185910295396589,0.00929482777335531,"Malawi","Lilongwe City","Area 5",109,1377.662207,"Pediatrics",2786.4320974,85
"182",182,368.596214679571,0.0269707519348156,0.0388614813081729,1.25900960996815e-05,3.97087057151521e-06,1008.32385250486,0.00929102136083526,1008.06599232043,0.185912434724235,0.00929499223140676,"Malawi","Lilongwe City","Area 5",109,1377.662207,"Pediatrics",2786.4320974,85
"183",183,368.591093971863,0.0247127954786849,0.0356083656044843,1.15364414893583e-05,3.64580912897657e-06,1008.33448518769,0.00929149711726056,1008.07111302814,0.18591439496928,0.00929514292638952,"Malawi","Lilongwe City","Area 5",109,1377.662207,"Pediatrics",2786.4320974,85
"184",184,368.586401987936,0.0226438508356659,0.0326275148876956,1.05709279632749e-05,3.34709880552832e-06,1008.3442277944,0.00929193391077521,1008.07580501206,0.185916191119578,0.00929528100958072,"Malawi","Lilongwe City","Area 5",109,1377.662207,"Pediatrics",2786.4320974,85
"185",185,368.582102835556,0.0207480993624048,0.0298961510738284,9.68618840318305e-06,3.07263413022877e-06,1008.35315482028,0.00929233490190488,1008.08010416444,0.185917836909105,0.00929540753603509,"Malawi","Lilongwe City","Area 5",109,1377.662207,"Pediatrics",2786.4320974,85
"186",186,368.578163626903,0.0190110457079877,0.0273934002427888,8.87547045640604e-06,2.82047419868436e-06,1008.3613345282,0.00929270299842009,1008.0840433731,0.185919344922832,0.00929552347261875,"Malawi","Lilongwe City","Area 5",109,1377.662207,"Pediatrics",2786.4320974,85
"187",187,368.574554227947,0.0174194075185238,0.0251001342445395,8.13258554460014e-06,2.58883029102522e-06,1008.368829468,0.00929304087505516,1008.08765277205,0.185920726692468,0.00929562970534617,"Malawi","Lilongwe City","Area 5",109,1377.662207,"Pediatrics",2786.4320974,85
"188",188,368.571247024371,0.0159610125206795,0.0229988225685115,7.45186122754397e-06,2.37605414805591e-06,1008.37569696163,0.00929335099208619,1008.09095997563,0.185921992785912,0.00929572704623423,"Malawi","Lilongwe City","Area 5",109,1377.662207,"Pediatrics",2786.4320974,85
"189",189,368.568216715295,0.0146247076985438,0.0210734018692322,6.82809914638273e-06,2.18062750398953e-06,1008.3819895308,0.00929363561184287,1008.09399028471,0.185923152886083,0.00929581623934684,"Malawi","Lilongwe City","Area 5",109,1377.662207,"Pediatrics",2786.4320974,85
"190",190,368.565440121455,0.013400274844701,0.0193091545628352,6.25653588962216e-06,2.00115223127748e-06,1008.38775529464,0.00929389681418637,1008.09676687855,0.185924215864242,0.00929589796641763,"Malawi","Lilongwe City","Area 5",109,1377.662207,"Pediatrics",2786.4320974,85
"191",191,368.562896001398,0.0122783496676247,0.0176925924221889,5.73280548255511e-06,1.83634080588547e-06,1008.39303835086,0.00929413651143298,1008.0993109986,0.18592518985026,0.00929597285223884,"Malawi","Lilongwe City","Area 5",109,1377.662207,"Pediatrics",2786.4320974,85
"192",192,368.560564892095,0.011250351606255,0.0162113556318158,5.25290681689451e-06,1.68500791720908e-06,1008.39787910629,0.00929435646141963,1008.10164210791,0.185926082293553,0.00929604146933682,"Malawi","Lilongwe City","Area 5",109,1377.662207,"Pediatrics",2786.4320974,85
"193",193,368.558428962764,0.0103084194492457,0.014854120181072,4.81317376388867e-06,1.54606270331215e-06,1008.40231458009,0.00929455827955784,1008.10377803724,0.185926900018987,0.00929610434226113,"Malawi","Lilongwe City","Area 5",109,1377.662207,"Pediatrics",2786.4320974,85
"194",194,368.556471867857,0.00944534659317412,0.0136105046992648,4.41024510547581e-06,1.41850086843914e-06,1008.40637870865,0.0092947434510306,1008.10573513214,0.185927649283086,0.00929616195189903,"Malawi","Lilongwe City","Area 5",109,1377.662207,"Pediatrics",2786.4320974,85
"195",195,368.554678633187,0.00865453088565616,0.0124709982620768,4.04104121994109e-06,1.30139848822973e-06,1008.41010258189,0.00929491334033065,1008.10752836681,0.185928335817597,0.00929621473881887,"Malawi","Lilongwe City","Area 5",109,1377.662207,"Pediatrics",2786.4320974,85
"196",196,368.553035540862,0.0079299239309759,0.0114268874484576,3.70274051994635e-06,1.19390572243173e-06,1008.41351468191,0.00929506920092635,1008.10917145914,0.185928964873495,0.00929626310664876,"Malawi","Lilongwe City","Area 5",109,1377.662207,"Pediatrics",2786.4320974,85
"197",197,368.551530020175,0.00726598301684108,0.0104701871558233,3.39275710095531e-06,1.0952408059371e-06,1008.41664110947,0.00929521218447505,1008.11067697983,0.18592954126272,0.00929630742528097,"Malawi","Lilongwe City","Area 5",109,1377.662207,"Pediatrics",2786.4320974,85
"198",198,368.550150552856,0.00665762937444798,0.00959358049179619,3.10872131727344e-06,1.00468476157226e-06,1008.41950578052,0.009295343348894,1008.11205644714,0.185930069394428,0.00929634803365555,"Malawi","Lilongwe City","Area 5",109,1377.662207,"Pediatrics",2786.4320974,85
"199",199,368.54888658498,0.00610020936132037,0.00879036290004838,2.84846171970089e-06,9.21576455976319e-07,1008.42213060906,0.00929546366589248,1008.11332041502,0.185930553308689,0.00929638524234844,"Malawi","Lilongwe City","Area 5",109,1377.662207,"Pediatrics",2786.4320974,85
"200",200,368.54772844621,0.00558945886944814,0.00805439092407774,2.60998848874644e-06,8.45308030033308e-07,1008.42453567467,0.00929557402791475,1008.11447855379,0.185930996707384,0.00929641933594477,"Malawi","Lilongwe City","Area 5",109,1377.662207,"Pediatrics",2786.4320974,85
"201",201,368.546667275854,0.00512147074291086,0.0073800352807647,2.39147826220456e-06,7.75320681765357e-07,1008.42673937607,0.00929567525453037,1008.11553972415,0.185931402982505,0.00929645057521211,"Malawi","Lilongwe City","Area 5",109,1377.662207,"Pediatrics",2786.4320974,85
"202",202,368.545694955071,0.00469266489730891,0.00676213783972803,2.19126021951148e-06,7.11100772956408e-07,1008.42875857173,0.0092957680983204,1008.11651204493,0.185931775242086,0.00929647919909334,"Malawi","Lilongwe City","Area 5",109,1377.662207,"Pediatrics",2786.4320974,85
"203",203,368.544804044767,0.0042997609450814,0.0061959722055588,2.00780332972214e-06,6.52176237157e-07,1008.43060870885,0.00929585325029531,1008.11740295523,0.185932116333979,0.00929650542653244,"Malawi","Lilongwe City","Area 5",109,1377.662207,"Pediatrics",2786.4320974,85
"204",204,368.543987728682,0.003939753114092,0.00567720759034786,1.83970466479245e-06,5.98113266334495e-07,1008.43230394145,0.00929593134488152,1008.11821927132,0.185932428867622,0.00929652945814784,"Malawi","Lilongwe City","Area 5",109,1377.662207,"Pediatrics",2786.4320974,85
"205",205,368.543239761251,0.0036098872608857,0.00520187571200622,1.68567868755035e-06,5.48513255489922e-07,1008.43385723862,0.00929600296451023,1008.11896723875,0.185932715234002,0.0092965514777657,"Malawi","Lilongwe City","Area 5",109,1377.662207,"Pediatrics",2786.4320974,85
"206",206,368.542554419822,0.00330763980833675,0.00476634045987345,1.54454743453048e-06,5.03009985861846e-07,1008.43528048371,0.00929606864383928,1008.11965258018,0.185932977623937,0.00929657165382512,"Malawi","Lilongwe City","Area 5",109,1377.662207,"Pediatrics",2786.4320974,85
"207",207,368.541926460875,0.00303069844740004,0.00436727009492589,1.41523151941061e-06,4.61267028729007e-07,1008.43658456521,0.00929612887363701,1008.12028053913,0.185933218044834,0.00929659014066572,"Malawi","Lilongwe City","Area 5",109,1377.662207,"Pediatrics",2786.4320974,85
"208",208,368.541351079911,0.00277694445171793,0.00400161177832145,1.29674188745524e-06,4.22975353150669e-07,1008.43777946004,0.00929618410435444,1008.12085592009,0.185933438336039,0.00929660707970757,"Malawi","Lilongwe City","Area 5",109,1377.662207,"Pediatrics",2786.4320974,85
"209",209,368.540823874694,0.00254443647293535,0.0036665682297247,1.18817225919746e-06,3.87851122105081e-07,1008.43887430983,0.00929623474941037,1008.12138312531,0.185933640182908,0.00929662260053246,"Malawi","Lilongwe City","Area 5",109,1377.662207,"Pediatrics",2786.4320974,85
"210",210,368.540340811571,0.00233139569299901,0.00335957633719821,1.08869220593622e-06,3.55633662631984e-07,1008.43987749089,0.00929628118821203,1008.12186618843,0.185933825129699,0.00929663682187464,"Malawi","Lilongwe City","Area 5",109,1377.662207,"Pediatrics",2786.4320974,85
"211",211,368.539898194615,0.00213619221792553,0.00307828755840379,9.97540803675354e-07,3.26083596655857e-07,1008.44079667822,0.0092963237689321,1008.12230880539,0.185933994591379,0.00929664985252874,"Malawi","Lilongwe City","Area 5",109,1377.662207,"Pediatrics",2786.4320974,85
"212",212,368.539492637347,0.00195733261084942,0.00282054996093669,9.14020817764787e-07,2.98981120099125e-07,1008.44163890427,0.00929636281106161,1008.12271436265,0.185934149864452,0.00929666179218169,"Malawi","Lilongwe City","Area 5",109,1377.662207,"Pediatrics",2786.4320974,85
"213",213,368.539121036828,0.00179344846891736,0.00258439176489941,8.37493373904591e-07,2.74124418826012e-07,1008.44241061271,0.00929639860775624,1008.12308596317,0.185934292136875,0.00929667273217505,"Malawi","Lilongwe City","Area 5",109,1377.662207,"Pediatrics",2786.4320974,85
"214",214,368.53878054992,0.0016432859556488,0.00236800626358725,7.67373074558012e-07,2.51328210817249e-07,1008.44311770773,0.00929643142799276,1008.12342645008,0.185934422497146,0.00929668275620356,"Malawi","Lilongwe City","Area 5",109,1377.662207,"Pediatrics",2786.4320974,85
"215",215,368.538468571534,0.00150569620980961,0.00216973800559202,7.03123523893969e-07,2.30422404742087e-07,1008.44376559919,0.00929646151855048,1008.12373842847,0.185934541942628,0.0092966919409552,"Malawi","Lilongwe City","Area 5",109,1377.662207,"Pediatrics",2786.4320974,85
"216",216,368.538182714699,0.00137962655728028,0.00198807013306223,6.44253227074539e-07,2.11250865843752e-07,1008.444359244,0.00929648910583191,1008.1240242853,0.185934651387182,0.00929670035669773,"Malawi","Lilongwe City","Area 5",109,1377.662207,"Pediatrics",2786.4320974,85
"217",217,368.537920792298,0.00126411245819216,0.00182161278016882,5.9031183243614e-07,1.93670280742449e-07,1008.44490318409,0.00929651439753539,1008.1242862077,0.185934751668155,0.00929670806781612,"Malawi","Lilongwe City","Area 5",109,1377.662207,"Pediatrics",2786.4320974,85
"218",218,368.537680800338,0.00115827012838151,0.00166909244224303,5.40886688097389e-07,1.77549113382548e-07,1008.44540158107,0.00929653758419161,1008.12452619966,0.185934843552788,0.00929671513330497,"Malawi","Lilongwe City","Area 5",109,1377.662207,"Pediatrics",2786.4320974,85
"219",219,368.537460902616,0.00106128977857142,0.00152934223460088,4.95599686661916e-07,1.62766644949785e-07,1008.44585824817,0.00929655884057489,1008.12474609738,0.185934927744083,0.00929672160721982,"Malawi","Lilongwe City","Area 5",109,1377.662207,"Pediatrics",2786.4320974,85
"220",220,368.537259416671,0.000972429419320239,0.00140129296699169,4.54104373847492e-07,1.49212091133171e-07,1008.4462766793,0.00929657832699945,1008.12494758333,0.185935004886185,0.00929672753909057,"Malawi","Lilongwe City","Area 5",109,1377.662207,"Pediatrics",2786.4320974,85
"221",221,368.537074800899,0.000891009179935234,0.00128396495804809,4.16083296851193e-07,1.36783789920995e-07,1008.44666007591,0.00929659619051074,1008.1251321991,0.18593507556931,0.00929673297430065,"Malawi","Lilongwe City","Area 5",109,1377.662207,"Pediatrics",2786.4320974,85
"222",222,368.536905642807,0.000816406127745699,0.00117646057053869,3.8124558615005e-07,1.25388458566754e-07,1008.4470113713,0.00929661256597432,1008.12530135719,0.185935140334244,0.00929673795443287,"Malawi","Lilongwe City","Area 5",109,1377.662207,"Pediatrics",2786.4320974,85
"223",223,368.536750648034,0.000748049426751191,0.00107795723584939,3.49324695638359e-07,1.14940497139005e-07,1008.44733325346,0.00929662757709538,1008.12545635197,0.185935199676546,0.0092967425175925,"Malawi","Lilongwe City","Area 5",109,1377.662207,"Pediatrics",2786.4320974,85
"224",224,368.536608630674,0.000685416071156178,0.00098770130647165,3.20076411026984e-07,1.05361372929911e-07,1008.44762818517,0.00929664133731919,1008.12559836933,0.185935254050253,0.0092967466986921,"Malawi","Lilongwe City","Area 5",109,1377.662207,"Pediatrics",2786.4320974,85
"225",225,368.536478504285,0.000628026918255269,0.000905002339816356,2.93276997925093e-07,9.65790464291547e-08,1008.44789842265,0.00929665395066987,1008.12572849572,0.185935303871324,0.00929675052971628,"Malawi","Lilongwe City","Area 5",109,1377.662207,"Pediatrics",2786.4320974,85
"226",226,368.536359273256,0.000575442884284613,0.000829227616902181,2.68721425957738e-07,8.85274196615546e-08,1008.44814603348,0.00929666551255595,1008.12584772675,0.185935349520938,0.00929675403997559,"Malawi","Lilongwe City","Area 5",109,1377.662207,"Pediatrics",2786.4320974,85
"227",227,368.536250025328,0.000527261644392113,0.000759797387264206,2.46221828150903e-07,8.11458559826886e-08,1008.44837291216,0.00929667611047093,1008.12595697467,0.185935391348366,0.0092967572563269,"Malawi","Lilongwe City","Area 5",109,1377.662207,"Pediatrics",2786.4320974,85
"228",228,368.536149924628,0.000483114560388925,0.000696180442081015,2.25606066632725e-07,7.43787320699963e-08,1008.44858079456,0.00929668582464629,1008.12605707537,0.185935429673633,0.00929676020337834,"Malawi","Lilongwe City","Area 5",109,1377.662207,"Pediatrics",2786.4320974,85
"229",229,368.536058205268,0.000442663858881994,0.00063789004810251,2.0671641520147e-07,6.8175025468924e-08,1008.44877127121,0.00929669472865231,1008.12614879473,0.18593546478997,0.00929676290367776,"Malawi","Lilongwe City","Area 5",109,1377.662207,"Pediatrics",2786.4320974,85
"230",230,368.535974165486,0.000405600047494627,0.000584480224578223,1.89408353016664e-07,6.24879360305933e-08,1008.44894579946,0.00929670288994914,1008.12623283451,0.185935496966056,0.00929676537788515,"Malawi","Lilongwe City","Area 5",109,1377.662207,"Pediatrics",2786.4320974,85
"231",231,368.53589716228,0.000371639546968057,0.000535542331241153,1.73549459059884e-07,5.72745382144259e-08,1008.44910571465,0.00929671037039252,1008.12630983772,0.185935526448074,0.00929676764493072,"Malawi","Lilongwe City","Area 5",109,1377.662207,"Pediatrics",2786.4320974,85
"232",232,368.535826606484,0.000340522521531287,0.000490701941986168,1.59018399147109e-07,5.24954618223625e-08,1008.44925224031,0.0092967172266979,1008.12638039352,0.185935553461593,0.00929676972215971,"Malawi","Lilongwe City","Area 5",109,1377.662207,"Pediatrics",2786.4320974,85
"233",233,368.535761958261,0.000312010890941725,0.000449615980303612,1.4570399774615e-07,4.81145988626462e-08,1008.44938649754,0.00929672351086624,1008.12644504174,0.1859355782133,0.00929677162546509,"Malawi","Lilongwe City","Area 5",109,1377.662207,"Pediatrics",2786.4320974,85
"234",234,368.535702722978,0.000285886508962545,0.000411970094529223,1.33504387491024e-07,4.40988344238001e-08,1008.44950951355,0.00929672927057477,1008.12650427702,0.185935600892571,0.00929677336940918,"Malawi","Lilongwe City","Area 5",109,1377.662207,"Pediatrics",2786.4320974,85
"235",235,368.535648447413,0.000261949494345613,0.000377476252844942,1.22326229892103e-07,4.04177996114735e-08,1008.44962222955,0.00929673454953542,1008.12655855259,0.18593562167293,0.00929677496733502,"Malawi","Lilongwe City","Area 5",109,1377.662207,"Pediatrics",2786.4320974,85
"236",236,368.535598716294,0.000240016701553954,0.000345870539630086,1.12084001283694e-07,3.70436447559406e-08,1008.44972550795,0.00929673938782372,1008.12660828371,0.185935640713371,0.00929677643146847,"Malawi","Lilongwe City","Area 5",109,1377.662207,"Pediatrics",2786.4320974,85
"237",237,368.535553149119,0.00021992031952398,0.00031691113630724,1.02699338548547e-07,3.39508312417246e-08,1008.44982013895,0.00929674382218052,1008.12665385088,0.185935658159574,0.00929677777301175,"Malawi","Lilongwe City","Area 5",109,1377.662207,"Pediatrics",2786.4320974,85
"238",238,368.535511397244,0.000201506587747046,0.000290376471238782,9.41004396156219e-08,3.11159404431621e-08,1008.4499068466,0.00929674788628873,1008.12669560276,0.185935674145023,0.00929677900222916,"Malawi","Lilongwe City","Area 5",109,1377.662207,"Pediatrics",2786.4320974,85
"239",239,368.535473141218,0.000184634619848611,0.000266063524520633,8.62215141465553e-08,2.85174983716123e-08,1008.44998629429,0.00929675161102722,1008.12673385878,0.185935688792026,0.00929678012852558,"Malawi","Lilongwe City","Area 5",109,1377.662207,"Pediatrics",2786.4320974,85
"240",240,368.535438088336,0.000169175325664949,0.00024378627470549,7.90022802097198e-08,2.61358147523201e-08,1008.4500590899,0.0092967550247037,1008.12676891166,0.185935702212649,0.00929678116051844,"Malawi","Lilongwe City","Area 5",109,1377.662207,"Pediatrics",2786.4320974,85
"241",241,368.535405970403,0.000155010423570588,0.000223374275573612,7.23875030922551e-08,2.39528353523563e-08,1008.45012579041,0.00929675815326829,1008.1268010296,0.185935714509576,0.00929678210610363,"Malawi","Lilongwe City","Area 5",109,1377.662207,"Pediatrics",2786.4320974,85
"242",242,368.535376541677,0.00014203153550043,0.000204671352063369,6.63265727227525e-08,2.19520064762677e-08,1008.45018690614,0.00929676102050951,1008.12683045832,0.185935725776892,0.00929678297251598,"Malawi","Lilongwe City","Area 5",109,1377.662207,"Pediatrics",2786.4320974,85
"243",243,368.535349576994,0.000130139357743011,0.000187534405385304,6.07731164724431e-08,2.01181506337161e-08,1008.45024290471,0.00929676364823388,1008.12685742301,0.185935736100807,0.0092967837663845,"Malawi","Lilongwe City","Area 5",109,1377.662207,"Pediatrics",2786.4320974,85
"244",244,368.53532487004,0.000119242901160881,0.000171832318178814,5.56846443732237e-08,1.84373524640577e-08,1008.45029421456,0.00929676605643077,1008.12688212996,0.185935745560309,0.00929678449378323,"Malawi","Lilongwe City","Area 5",109,1377.662207,"Pediatrics",2786.4320974,85
"245",245,368.53530223178,0.000109258795025322,0.000157444951335584,5.10222240387775e-08,1.68968540770366e-08,1008.45034122829,0.00929676826342351,1008.12690476822,0.185935754227776,0.00929678516027757,"Malawi","Lilongwe City","Area 5",109,1377.662207,"Pediatrics",2786.4320974,85
"246",246,368.535281488898,0.000100110603552026,0.000144262159123084,4.67501615141104e-08,1.54849520986031e-08,1008.45038430582,0.00929677028601796,1008.1269255111,0.185935762169563,0.00929678577097005,"Malawi","Lilongwe City","Area 5",109,1377.662207,"Pediatrics",2786.4320974,85
"247",247,368.53526248307,9.17285003973287e-05,0.000132183320134155,4.28358492813673e-08,1.41909490114968e-08,1008.45042377595,0.00929677213957293,1008.12694451693,0.185935769446288,0.00929678633052193,"Malawi","Lilongwe City","Area 5",109,1377.662207,"Pediatrics",2786.4320974,85
"248",248,368.535245068792,8.40483154053452e-05,0.000121115963637465,3.92493211214743e-08,1.30050087962231e-08,1008.45045994084,0.00929677383820813,1008.12696193121,0.185935776113659,0.00929678684321691,"Malawi","Lilongwe City","Area 5",109,1377.662207,"Pediatrics",2786.4320974,85
"249",249,368.535229112678,7.70112209337196e-05,0.000110975317570318,3.59631056403014e-08,1.19181097049183e-08,1008.45049307751,0.00929677539487238,1008.12697788732,0.185935782222747,0.00929678731298207,"Malawi","Lilongwe City","Area 5",109,1377.662207,"Pediatrics",2786.4320974,85
"250",250,368.535214492511,7.05633167300568e-05,0.000101683710338947,3.29520324195415e-08,1.09219815255272e-08,1008.45052343977,0.00929677682143402,1008.12699250749,0.185935787820343,0.00929678774341553,"Malawi","Lilongwe City","Area 5",109,1377.662207,"Pediatrics",2786.4320974,85
"251",251,368.535201096445,6.46552747755752e-05,9.31700590355831e-05,3.01930661708927e-08,1.00090519003124e-08,1008.45055125989,0.00929677812875832,1008.12700590356,0.18593579294927,0.0092967881378102,"Malawi","Lilongwe City","Area 5",109,1377.662207,"Pediatrics",2786.4320974,85
"252",252,368.535188821989,5.92418943092682e-05,8.53692282225221e-05,2.76650989457549e-08,9.17237887249797e-09,1008.45057675073,0.00929677932680464,1008.12701817801,0.185935797648769,0.00929678849918349,"Malawi","Lilongwe City","Area 5",109,1377.662207,"Pediatrics",2786.4320974,85
"253",253,368.535177575234,5.42817588405386e-05,7.82215356805814e-05,2.53487899696916e-08,8.40559886241485e-09,1008.45060010729,0.00929678042470132,1008.12702942477,0.185935801954793,0.00929678883030017,"Malawi","Lilongwe City","Area 5",109,1377.662207,"Pediatrics",2786.4320974,85
"254",254,368.535167270134,4.97369196416898e-05,7.16722963161274e-05,2.32264178420936e-08,7.702878622353e-09,1008.45062150829,0.00929678143081491,1008.12703972987,0.185935805900288,0.00929678913369352,"Malawi","Lilongwe City","Area 5",109,1377.662207,"Pediatrics",2786.4320974,85
"255",255,368.535157827848,4.55726053021542e-05,6.56714036238136e-05,2.12817449057185e-08,7.05887111030602e-09,1008.45064111745,0.00929678235281363,1008.12704917215,0.185935809515439,0.00929678941168473,"Malawi","Lilongwe City","Area 5",109,1377.662207,"Pediatrics",2786.4320974,85
"256",256,368.535149176134,4.17569557054985e-05,6.017294634243e-05,1.94998930207104e-08,6.46867503944801e-09,1008.4506590848,0.0092967831977256,1008.12705782387,0.185935812827906,0.00929678966640063,"Malawi","Lilongwe City","Area 5",109,1377.662207,"Pediatrics",2786.4320974,85
"257",257,368.535141248802,3.82607782777752e-05,5.51348572039318e-05,1.7867229738541e-08,5.92779778390783e-09,1008.4506755478,0.00929678397199221,1008.1270657512,0.185935815863029,0.00929678989978998,"Malawi","Lilongwe City","Area 5",109,1377.662207,"Pediatrics",2786.4320974,85
"258",258,368.535133985199,3.50573246431902e-05,5.0518591089731e-05,1.63712640054826e-08,5.43212136348487e-09,1008.4506906324,0.00929678468151705,1008.1270730148,0.185935818644032,0.0092967901136384,"Malawi","Lilongwe City","Area 5",109,1377.662207,"Pediatrics",2786.4320974,85
"259",259,368.535127329755,3.21220859797317e-05,4.62888301338678e-05,1.50005505983597e-08,4.97787125282141e-09,1008.45070445402,0.00929678533171074,1008.12707967025,0.18593582119219,0.00929679030958198,"Malawi","Lilongwe City","Area 5",109,1377.662207,"Pediatrics",2786.4320974,85
"260",260,368.53512123155,2.94326055089325e-05,4.2413213516697e-05,1.37446025614129e-08,4.56158778129188e-09,1008.4507171184,0.00929678592753206,1008.12708576845,0.185935823526999,0.00929679048911982,"Malawi","Lilongwe City","Area 5",109,1377.662207,"Pediatrics",2786.4320974,85
"261",261,368.535115643929,2.69683066851841e-05,3.88620898818759e-05,1.25938109743948e-08,4.18009990913726e-09,1008.45072872243,0.00929678647352565,1008.12709135607,0.185935825666322,0.00929679065362554,"Malawi","Lilongwe City","Area 5",109,1377.662207,"Pediatrics",2786.4320974,85
"262",262,368.535110524141,2.47103357701458e-05,3.56082904825144e-05,1.15393714380993e-08,3.83050118304383e-09,1008.45073935489,0.00929678697385656,1008.12709647586,0.185935827626526,0.00929679080435773,"Malawi","Lilongwe City","Area 5",109,1377.662207,"Pediatrics",2786.4320974,85
"263",263,368.535105833018,2.26414175878425e-05,3.26269213209274e-05,1.057321671492e-08,3.51012769059015e-09,1008.45074909713,0.00929678743234191,1008.12710116698,0.185935829422608,0.00929679094246958,"Malawi","Lilongwe City","Area 5",109,1377.662207,"Pediatrics",2786.4320974,85
"264",264,368.535101534667,2.07457233568827e-05,2.98951726917402e-05,9.68795500910951e-09,3.21653784788162e-09,1008.45075802368,0.00929678785247995,1008.12710546533,0.18593583106831,0.00929679106901778,"Malawi","Lilongwe City","Area 5",109,1377.662207,"Pediatrics",2786.4320974,85
"265",265,368.535097596203,1.90087495886257e-05,2.73921446712404e-05,8.87681341456332e-09,2.94749386836705e-09,1008.45076620284,0.00929678823747664,1008.1271094038,0.185935832576223,0.00929679118497049,"Malawi","Lilongwe City","Area 5",109,1377.662207,"Pediatrics",2786.4320974,85
"266",266,368.535093986275,1.74166690684137e-05,2.50979118638249e-05,8.13333483331923e-09,2.70086170773553e-09,1008.45077369972,0.00929678859038909,1008.12711301373,0.18593583395835,0.00929679129125078,"Malawi","Lilongwe City","Area 5",109,1377.662207,"Pediatrics",2786.4320974,85
"267",267,368.535090680344,1.59586603803355e-05,2.29968803115239e-05,7.45246582856141e-09,2.47497080601963e-09,1008.45078056528,0.00929678891361022,1008.12711631966,0.185935835224086,0.00929679138858102,"Malawi","Lilongwe City","Area 5",109,1377.662207,"Pediatrics",2786.4320974,85
"268",268,368.535087648767,1.46216489084104e-05,2.10702091320355e-05,6.82810075218855e-09,2.26780227568872e-09,1008.45078686107,0.00929678921003175,1008.12711935123,0.185935836384781,0.00929679147783401,"Malawi","Lilongwe City","Area 5",109,1377.662207,"Pediatrics",2786.4320974,85
"269",269,368.535084871197,1.33966618810484e-05,1.93049683134645e-05,6.25604945466484e-09,2.07797018719221e-09,1008.45079262936,0.00929678948163858,1008.1271221288,0.185935837448225,0.00929679155960876,"Malawi","Lilongwe City","Area 5",109,1377.662207,"Pediatrics",2786.4320974,85
"270",270,368.535082326334,1.22743052739756e-05,1.76876208069972e-05,5.73192506740377e-09,1.90402331579537e-09,1008.45079791438,0.00929678973050904,1008.12712467367,0.185935838422572,0.00929679163453234,"Malawi","Lilongwe City","Area 5",109,1377.662207,"Pediatrics",2786.4320974,85
"271",271,368.535079994676,1.12459783686177e-05,1.62057727385972e-05,5.25171118308261e-09,1.74463268218454e-09,1008.45080275662,0.00929678995854625,1008.12712700532,0.18593583931529,0.00929679170317892,"Malawi","Lilongwe City","Area 5",109,1377.662207,"Pediatrics",2786.4320974,85
"272",272,368.535077858362,1.03038034765626e-05,1.4848072140246e-05,4.81172903819499e-09,1.59858076219437e-09,1008.45080719319,0.00929679016749362,1008.12712914164,0.185935840133216,0.00929679176607437,"Malawi","Lilongwe City","Area 5",109,1377.662207,"Pediatrics",2786.4320974,85
"273",273,368.535075901026,9.44056288937751e-06,1.36041180931127e-05,4.4086080696995e-09,1.46475180112921e-09,1008.45081125806,0.00929679035894873,1008.12713109897,0.185935840882618,0.00929679182370052,"Malawi","Lilongwe City","Area 5",109,1377.662207,"Pediatrics",2786.4320974,85
"274",274,368.535074107673,8.64964358439959e-06,1.24643810471436e-05,4.03926009353974e-09,1.3421233147276e-09,1008.45081498239,0.00929679053437551,1008.12713289233,0.185935841569236,0.00929679187649881,"Malawi","Lilongwe City","Area 5",109,1377.662207,"Pediatrics",2786.4320974,85
"275",275,368.535072464566,7.9249865700687e-06,1.14201298263276e-05,3.70085564974232e-09,1.22975830001068e-09,1008.45081839469,0.00929679069511543,1008.12713453544,0.18593584219833,0.00929679192487372,"Malawi","Lilongwe City","Area 5",109,1377.662207,"Pediatrics",2786.4320974,85
"276",276,368.535070959116,7.26104046990627e-06,1.04633647419681e-05,3.39080232688581e-09,1.12679809508214e-09,1008.45082152112,0.00929679084239776,1008.12713604089,0.185935842774719,0.00929679196919585,"Malawi","Lilongwe City","Area 5",109,1377.662207,"Pediatrics",2786.4320974,85
"277",277,368.53506957979,6.65271899513275e-06,9.58675630958442e-06,3.10672490249417e-09,1.03245583461348e-09,1008.45082438562,0.00929679097734889,1008.12713742021,0.185935843302819,0.00929679200980471,"Malawi","Lilongwe City","Area 5",109,1377.662207,"Pediatrics",2786.4320974,85
"278",278,368.535068316023,6.09536198018587e-06,8.78358910004312e-06,2.84644714724179e-09,9.4601045141018e-10,1008.45082701013,0.00929679110100098,1008.12713868398,0.185935843786675,0.00929679204701142,"Malawi","Lilongwe City","Area 5",109,1377.662207,"Pediatrics",2786.4320974,85
"279",279,368.535067158133,5.58469968263418e-06,8.04771029476736e-06,2.60797515357446e-09,8.66801178567439e-10,1008.45082941477,0.00929679121429982,1008.12713984187,0.185935844229995,0.00929679208110099,"Malawi","Lilongwe City","Area 5",109,1377.662207,"Pediatrics",2786.4320974,85
"280",280,368.53506609725,5.11682007399901e-06,7.37348255092232e-06,2.38948206103336e-09,7.94222510506297e-10,1008.45083161795,0.00929679131811207,1008.12714090275,0.185935844636173,0.00929679211233457,"Malawi","Lilongwe City","Area 5",109,1377.662207,"Pediatrics",2786.4320974,85
"281",281,368.535065125246,4.6881388709106e-06,6.75574081549396e-06,2.18929406126884e-09,7.27719584648179e-10,1008.45083363655,0.00929679141323187,1008.12714187475,0.185935845008323,0.00929679214095144,"Malawi","Lilongwe City","Area 5",109,1377.662207,"Pediatrics",2786.4320974,85
