"","time","S","E","I","H","C","R","D","inci","hosp","crits","lvl2","lvl3","lvl4","ID","POP","age","tot_pop","start"
"1",1,6959.904893,0,1,0,0,0,0,0,0,0,"Malawi","Lilongwe","STA Chitekwele",51,6960.904893,"Elderly",63179.798583,11
"2",2,6946.32006365783,11.6387544940001,2.41018737154071,0.0597106157618001,0.000939825745489023,0.475226065929842,0.0000109691906668287,13.5848293421686,0.0628702801740749,0.000958222595048545,"Malawi","Lilongwe","STA Chitekwele",51,6960.904893,"Elderly",63179.798583,11
"3",3,6891.27808872182,55.7858007968033,11.1230682854452,0.297055612724669,0.0064102569832528,2.41434726529289,0.000122060932918299,68.6268042781822,0.318867961495611,0.00661497004624872,"Malawi","Lilongwe","STA Chitekwele",51,6960.904893,"Elderly",63179.798583,11
"4",4,6640.32400005232,256.008864235487,51.679345594988,1.40158838614558,0.0324397969313465,11.4579293654387,0.000725568690857276,319.580892947682,1.51256865503748,0.0336566759569948,"Malawi","Lilongwe","STA Chitekwele",51,6960.904893,"Elderly",63179.798583,11
"5",5,5616.48774147601,1058.89802120698,226.696605800428,6.37758084631802,0.152663606736432,52.2886496312708,0.00363043225595937,1343.41715152399,6.90105434106355,0.158752343643057,"Malawi","Lilongwe","STA Chitekwele",51,6960.904893,"Elderly",63179.798583,11
"6",6,2911.11333455362,3009.18970636645,801.529016768037,25.7602996656589,0.665715840402185,212.630082355228,0.0167374506028514,4048.79155844638,28.048007825547,0.693786859504965,"Malawi","Lilongwe","STA Chitekwele",51,6960.904893,"Elderly",63179.798583,11
"7",7,489.477648861341,3998.68908007511,1744.63167613203,77.0901502286931,2.41193306785289,648.536036993241,0.0683676417293092,6470.42724413866,85.4214007404584,2.52659505685786,"Malawi","Lilongwe","STA Chitekwele",51,6960.904893,"Elderly",63179.798583,11
"8",8,34.7277660101875,3074.27837697302,2322.69777103779,156.634179535607,6.52635000074147,1365.81415912809,0.226290314567319,6925.17712698982,179.405748751346,6.90587014952154,"Malawi","Lilongwe","STA Chitekwele",51,6960.904893,"Elderly",63179.798583,11
"9",9,1.6667714238706,2117.88404529158,2392.71712693239,239.656564429917,13.451152951483,2194.9391634343,0.590068536458028,6958.23812157613,287.273910596134,14.4407794813466,"Malawi","Lilongwe","STA Chitekwele",51,6960.904893,"Elderly",63179.798583,11
"10",10,0.0894124951844794,1442.87025639126,2183.56326957136,309.085584557553,22.7879931677288,3001.24943657152,1.25894024540427,6959.81548050481,391.18945083139,24.8994100445608,"Malawi","Lilongwe","STA Chitekwele",51,6960.904893,"Elderly",63179.798583,11
"11",11,0.0067987181186762,982.242933561595,1864.15659190618,358.659382283089,33.7493026118785,3719.7811935464,2.30869037273935,6959.89809428188,482.712675849373,37.6212956108918,"Malawi","Lilongwe","STA Chitekwele",51,6960.904893,"Elderly",63179.798583,11
"12",12,0.000790249045407335,668.629589494538,1526.11911034665,388.233259315255,45.4917221501144,4328.64643308039,3.78398836400249,6959.90410275095,559.165008706184,51.8379938835477,"Malawi","Lilongwe","STA Chitekwele",51,6960.904893,"Elderly",63179.798583,11
"13",13,0.000139163484315494,455.144908457592,1213.90399920347,400.452805452811,57.2770190085841,4828.4262925053,5.69972920875791,6959.90475383651,620.840146859683,66.836253045843,"Malawi","Lilongwe","STA Chitekwele",51,6960.904893,"Elderly",63179.798583,11
"14",14,0.0000354592219441584,309.822595235514,945.482656004411,398.90898400759,68.5304505897803,5230.11390570309,8.04626600039811,6959.90485754077,669.380535008044,82.0251513039229,"Malawi","Lilongwe","STA Chitekwele",51,6960.904893,"Elderly",63179.798583,11
"15",15,0.0000123411625884304,210.899865060518,724.717527929183,387.194847306215,78.8460319510967,5548.45089773913,10.7957106726996,6959.90488065883,706.886294232644,96.9519315717839,"Malawi","Lilongwe","STA Chitekwele",51,6960.904893,"Elderly",63179.798583,11
"16",16,0.00000553160457573923,143.562313312527,548.540143793085,368.476225502772,87.9672747071431,5798.45101974367,13.9079104091997,6959.90488746839,735.455449776386,111.292763638527,"Malawi","Lilongwe","STA Chitekwele",51,6960.904893,"Elderly",63179.798583,11
"17",17,0.00000301803138742976,97.7246804103249,410.984436107213,345.343731909042,95.7590478727106,5993.75748406632,17.3355096163551,6959.90488998196,756.971143584751,124.833094640277,"Malawi","Lilongwe","STA Chitekwele",51,6960.904893,"Elderly",63179.798583,11
"18",18,0.00000191866360773611,66.5223553011034,305.347891711567,319.809270636385,102.178749754178,6146.01869805802,21.0279256200821,6959.90489108133,773.025070031641,137.44548874444,"Malawi","Lilongwe","STA Chitekwele",51,6960.904893,"Elderly",63179.798583,11
"19",19,0.00000137327066220156,45.2825996184034,225.270457142926,293.369008997595,107.250469873703,6264.79805152456,24.9343044695453,6959.90489162672,784.911595561076,149.068746365578,"Malawi","Lilongwe","STA Chitekwele",51,6960.904893,"Elderly",63179.798583,11
"20",20,0.00000107365820986419,30.824425677625,165.199944070067,267.090052029907,111.043579123204,6357.74129786446,29.0055931610782,6959.90489192634,793.655295790601,159.689969725449,"Malawi","Lilongwe","STA Chitekwele",51,6960.904893,"Elderly",63179.798583,11
"21",21,0.000000896723821774287,20.9825664687732,120.523869754526,241.6988849552,113.655874178233,6430.84779769749,33.1958990490613,6959.90489210327,800.05133584715,169.329987186901,"Malawi","Lilongwe","STA Chitekwele",51,6960.904893,"Elderly",63179.798583,11
"22",22,0.00000078396537338962,14.2830755056526,87.5356033645764,217.660888112078,115.200850396055,6488.76117453327,37.4633003044051,6959.90489221603,804.707500695522,178.031985402899,"Malawi","Lilongwe","STA Chitekwele",51,6960.904893,"Elderly",63179.798583,11
"23",23,0.000000711497280560578,9.72266285003101,63.3260407339569,195.247248074401,115.798440010419,6535.04025219805,41.7702484216503,6959.9048922885,808.082792133168,185.852922571357,"Malawi","Lilongwe","STA Chitekwele",51,6960.904893,"Elderly",63179.798583,11
"24",24,0.000000663049928332524,6.61833426667632,45.6523202934474,174.588782519178,115.568522211164,6572.39325313177,46.083679914715,6959.90489233695,810.520471354312,192.857225843961,"Malawi","Lilongwe","STA Chitekwele",51,6960.904893,"Elderly",63179.798583,11
"25",25,0.000000630279497694828,4.50517870405635,32.8088567125503,155.717870891945,114.626581112682,6602.87147746423,50.3749274842612,6959.90489236972,812.275180839197,199.112300310022,"Malawi","Lilongwe","STA Chitekwele",51,6960.904893,"Elderly",63179.798583,11
"26",26,0.000000607766090344951,3.06673016916566,23.5128991434143,138.600272203646,113.080973074625,6628.02451671853,54.6195010828579,6959.90489239223,813.534540593086,204.685429133185,"Malawi","Lilongwe","STA Chitekwele",51,6960.904893,"Elderly",63179.798583,11
"27",27,0.00000059214596539622,2.08755992579731,16.8084254888203,123.158737210284,111.031371271323,6649.02200828228,58.7967902293561,6959.90489240785,814.435985143805,209.641718860891,"Malawi","Lilongwe","STA Chitekwele",51,6960.904893,"Elderly",63179.798583,11
"28",28,0.000000581229864771592,1.42102710064596,11.9882491248311,109.290174743853,108.56804728966,6666.74766929131,62.8897248684699,6959.90489241877,815.079685472112,214.042812236877,"Malawi","Lilongwe","STA Chitekwele",51,6960.904893,"Elderly",63179.798583,11
"29",29,0.000000573470380042569,0.967310429854063,8.53258960560571,96.8778584977448,105.771730855948,6681.87098209131,66.8844209460656,6959.90489242653,815.538333206161,217.946153508795,"Malawi","Lilongwe","STA Chitekwele",51,6960.904893,"Elderly",63179.798583,11
"30",30,0.000000568031734978713,0.658459728996461,6.06149146254036,85.7999043176343,102.713854039039,6694.90135445763,70.7698284261308,6959.90489243196,815.864476605011,221.404642307113,"Malawi","Lilongwe","STA Chitekwele",51,6960.904893,"Elderly",63179.798583,11
"31",31,0.000000564200234336577,0.448221513254658,4.29852388825508,75.9349854694703,99.457038388751,6706.22872987486,74.5373933012165,6959.90489243579,816.095972966676,224.466553928318,"Malawi","Lilongwe","STA Chitekwele",51,6960.904893,"Elderly",63179.798583,11
"32",32,0.000000561499735447184,0.305109805105698,3.04340750302715,67.1660382431592,96.0557231469252,6716.15387308254,78.1807406577525,6959.9048924385,816.260012986235,227.175636002673,"Malawi","Lilongwe","STA Chitekwele",51,6960.904893,"Elderly",63179.798583,11
"33",33,0.000000559596920751648,0.207691877265049,2.15156591409885,59.3825269866103,92.5568634059646,6724.91086162446,81.6953826320054,6959.9048924404,816.376072841739,229.571316854524,"Malawi","Lilongwe","STA Chitekwele",51,6960.904893,"Elderly",63179.798583,11
"34",34,0.000000558256483806312,0.141378387993783,1.51897342796316,52.4816953585245,89.0006492542622,6732.68374311298,85.0784529000223,6959.90489244174,816.45806844061,231.688979350642,"Malawi","Lilongwe","STA Chitekwele",51,6960.904893,"Elderly",63179.798583,11
"35",35,0.000000557312640261992,0.0962379096689469,1.07099806138567,46.3691188837127,85.4212134951128,6739.61885625988,88.3284678329276,6959.90489244268,816.51592075614,233.56026804354,"Malawi","Lilongwe","STA Chitekwele",51,6960.904893,"Elderly",63179.798583,11
"36",36,0.000000556624381723952,0.0655103130412723,0.754237570373322,40.9587865035276,81.8473075282584,6745.83393704418,91.4451134840035,6959.90489244337,816.556688033644,235.213407800904,"Malawi","Lilongwe","STA Chitekwele",51,6960.904893,"Elderly",63179.798583,11
"37",37,0.000000556136913675351,0.0445936521973993,0.530570014031883,36.1728773320486,78.3029331195389,6751.42486135897,94.4290569670801,6959.90489244386,816.585382636451,236.673519230714,"Malawi","Lilongwe","STA Chitekwele",51,6960.904893,"Elderly",63179.798583,11
"38",38,0.000000555790383224064,0.0303554343623467,0.372840546923153,31.9413479401143,74.8079239410531,6756.47064412916,97.2817804525981,6959.90489244421,816.605557872908,237.962921809852,"Malawi","Lilongwe","STA Chitekwele",51,6960.904893,"Elderly",63179.798583,11
"39",39,0.000000555548695358781,0.02066331200433,0.261744498906631,28.20141263644,71.3784744782562,6761.03716165707,100.005435861778,6959.90489244445,816.619728732388,239.101419093225,"Malawi","Lilongwe","STA Chitekwele",51,6960.904893,"Elderly",63179.798583,11
"40",40,0.000000555379064102757,0.0140657607894209,0.183582522059991,24.8969724524943,68.0276167211893,6765.17993669991,102.60271828818,6959.90489244462,816.629672714137,240.106563115451,"Malawi","Lilongwe","STA Chitekwele",51,6960.904893,"Elderly",63179.798583,11
"41",41,0.000000555260167952811,0.00957473254875682,0.128649417409523,21.9780303778687,64.7656466310883,6768.94623504009,105.076756245739,6959.90489244474,816.636644349143,240.993896788243,"Malawi","Lilongwe","STA Chitekwele",51,6960.904893,"Elderly",63179.798583,11
"42",42,0.000000555176896179749,0.00651761639502222,0.090079848312955,19.4001174683339,61.6005034403708,6772.37665716024,107.431016911178,6959.90489244482,816.64152798887,241.777174278821,"Malawi","Lilongwe","STA Chitekwele",51,6960.904893,"Elderly",63179.798583,11
"43",43,0.000000555118618653558,0.00443662511219384,0.0630247981042147,17.1237448631086,58.5381052885196,6775.50635617634,109.669224693706,6959.90489244488,816.644946227166,242.46856007592,"Malawi","Lilongwe","STA Chitekwele",51,6960.904893,"Elderly",63179.798583,11
"44",44,0.000000555077862353754,0.00302006491032473,0.0440632910266699,15.1138908016308,55.5826450617392,6778.36598168834,111.79529153728,6959.90489244492,816.647336980557,243.078807936701,"Malawi","Lilongwe","STA Chitekwele",51,6960.904893,"Elderly",63179.798583,11
"45",45,0.000000555049379112576,0.00205580032834487,0.0307851042315113,13.3395266598983,52.7368501656727,6780.9824171409,113.813257573924,6959.90489244495,816.649007903931,243.617421126878,"Malawi","Lilongwe","STA Chitekwele",51,6960.904893,"Elderly",63179.798583,11
"46",46,0.000000555029486154465,0.00139940570105384,0.0214940057963275,11.7731838953425,50.0022098685317,6783.37936442198,115.727240847622,6959.90489244497,816.650174943103,244.092795443865,"Malawi","Lilongwe","STA Chitekwele",51,6960.904893,"Elderly",63179.798583,11
"47",47,0.000000555015601608572,0.000952596760304856,0.014997622277236,10.390561169589,47.3791737339375,6785.57781236735,117.541394955078,6959.90489244498,816.650989517944,244.512346607309,"Malawi","Lilongwe","STA Chitekwele",51,6960.904893,"Elderly",63179.798583,11
"48",48,0.000000555005916461371,0.000648442914644145,0.0104584582784414,9.17017017694011,44.8673243220162,6787.59641745581,119.259873589043,6959.90489244499,816.651557735646,244.882623494451,"Malawi","Lilongwe","STA Chitekwele",51,6960.904893,"Elderly",63179.798583,11
"49",49,0.000000554999132427779,0.000441403838389452,0.00728896526201856,8.09301774661441,42.4655270689085,6789.45181616727,120.886801093116,6959.904892445,816.651953870149,245.209408635958,"Malawi","Lilongwe","STA Chitekwele",51,6960.904893,"Elderly",63179.798583,11
"50",50,0.000000554994213223267,0.000300468455930382,0.00507725213462441,7.14232157133749,40.1720600537062,6791.15888488696,122.426248212421,6959.904892445,816.652229882703,245.497807313394,"Malawi","Lilongwe","STA Chitekwele",51,6960.904893,"Elderly",63179.798583,11
"51",51,0.000000554990847269665,0.000204533083483501,0.00353481220059508,6.30325666266242,37.9847260395035,6792.73095805485,123.88221234271,6959.904892445,816.652422096776,245.752326475287,"Malawi","Lilongwe","STA Chitekwele",51,6960.904893,"Elderly",63179.798583,11
"52",52,0.000000554988423102189,0.000139224332563723,0.00245970719763907,5.56272975701251,35.900948929486,6794.18001316766,125.258601659331,6959.90489244501,816.652555890036,245.976944575298,"Malawi","Lilongwe","STA Chitekwele",51,6960.904893,"Elderly",63179.798583,11
"53",53,0.000000554986744675794,0.00009477540336383,0.0017108382254277,4.90917908718169,33.9178564604047,6795.51682867583,126.55922260797,6959.90489244501,816.652648962035,246.175173285949,"Malawi","Lilongwe","STA Chitekwele",51,6960.904893,"Elderly",63179.798583,11
"54",54,0.000000554985596976321,0.0000645220760274817,0.0011894695292216,4.33239621552576,32.032351273009,6796.7511207955,127.787770169378,6959.90489244501,816.652713678292,246.350112241646,"Malawi","Lilongwe","STA Chitekwele",51,6960.904893,"Elderly",63179.798583,11
"55",55,0.000000554984802513878,0.0000439192626816686,0.000826574957517125,3.82336862692243,30.2411712386834,6797.8916614435,128.947820641689,6959.90489244501,816.652758670177,246.504497260273,"Malawi","Lilongwe","STA Chitekwele",51,6960.904893,"Elderly",63179.798583,11
"56",56,0.000000554984247872166,0.0000298950962418511,0.000574150944192313,3.37414046487555,28.5409406232361,6798.94638079677,130.042826514094,6959.90489244501,816.652789929859,246.64074290942,"Malawi","Lilongwe","STA Chitekwele",51,6960.904893,"Elderly",63179.798583,11
"57",57,0.000000554983848027506,0.0000203496966158207,0.000398655974270704,2.97768903213096,26.9282135282874,6799.92245783269,131.076113046243,6959.90489244501,816.652811638782,246.760980210952,"Malawi","Lilongwe","STA Chitekwele",51,6960.904893,"Elderly",63179.798583,11
"58",58,0.000000554983574508223,0.0000138506275052136,0.000276688928525221,2.62781565517851,25.3995103633975,6800.82639953281,132.050876354075,6959.90489244501,816.652826710417,246.867089902817,"Malawi","Lilongwe","STA Chitekwele",51,6960.904893,"Elderly",63179.798583,11
"59",59,0.000000554983383228182,0.00000942783233872038,0.00019196762498894,2.31904913213543,23.951348378115,6801.66411080693,132.970182732386,6959.90489244501,816.652837168796,246.960731834941,"Malawi","Lilongwe","STA Chitekwele",51,6960.904893,"Elderly",63179.798583,11
"60",60,0.000000554983250696864,0.00000641739969844793,0.000133139659244192,2.04656061389599,22.5802669236873,6802.44095631664,133.836969033741,6959.90489244501,816.652844423673,247.043370866428,"Malawi","Lilongwe","STA Chitekwele",51,6960.904893,"Elderly",63179.798583,11
"61",61,0.000000554983158823732,0.00000436780132640129,0.0000923067168890061,1.80608824149027,21.2828483193757,6803.1618153221,134.654043887538,6959.90489244501,816.652849454649,247.116299776417,"Malawi","Lilongwe","STA Chitekwele",51,6960.904893,"Elderly",63179.798583,11
"62",62,0.000000554983095139835,0.00000297312494238177,0.0000639761926936556,1.59387065648195,20.0557348199726,6803.83113038959,135.424089629654,6959.90489244501,816.652852942008,247.180659467876,"Malawi","Lilongwe","STA Chitekwele",51,6960.904893,"Elderly",63179.798583,11
"63",63,0.000000554983050707437,0.00000202372881595826,0.0000443262527041517,1.40658827942796,18.8956422626999,6804.45295075257,136.149664800341,6959.90489244501,816.65285535872,247.237456803821,"Malawi","Lilongwe","STA Chitekwele",51,6960.904893,"Elderly",63179.798583,11
"64",64,0.000000554983018689505,0.00000137718938860857,0.0000306994790471922,1.24131134449304,17.7993709075952,6805.0309710277,136.833207088561,6959.90489244501,816.652857033264,247.287580385764,"Malawi","Lilongwe","STA Chitekwele",51,6960.904893,"Elderly",63179.798583,11
"65",65,0.000000554982997126074,0.000000937300459187042,0.000021254609530854,1.09545442952663,16.7638136597672,6805.56856550448,137.477036659339,6959.90489244501,816.652858192943,247.331814356388,"Malawi","Lilongwe","STA Chitekwele",51,6960.904893,"Elderly",63179.798583,11
"66",66,0.000000554982981855117,0.000000638129270044799,0.0000147150214201246,0.966735864405554,15.7859624107008,6806.06881909841,138.083359718357,6959.90489244501,816.652858995266,247.370850719182,"Malawi","Lilongwe","STA Chitekwele",51,6960.904893,"Elderly",63179.798583,11
"67",67,0.00000055498297139943,0.000000434471253109868,0.0000101851205611599,0.853141921101435,14.8629125881106,6806.53455503772,138.654272278493,6959.90489244501,816.652859550607,247.40530020529,"Malawi","Lilongwe","STA Chitekwele",51,6960.904893,"Elderly",63179.798583,11
"68",68,0.000000554982964146397,0.000000295824063524002,0.00000704686613643178,0.752895458416333,13.9918660782654,6806.96835947617,139.191764089483,6959.90489244501,816.652859935053,247.435701786429,"Malawi","Lilongwe","STA Chitekwele",51,6960.904893,"Elderly",63179.798583,11
"69",69,0.000000554982959129631,0.000000201398055696911,0.00000487519391423331,0.664428154937688,13.1701329369071,6807.37260363595,139.697722640637,6959.90489244501,816.652860200911,247.462531098915,"Malawi","Lilongwe","STA Chitekwele",51,6960.904893,"Elderly",63179.798583,11
"70",70,0.0000005549829556718,0.000000137074687753322,0.000003371130996547,0.58635595664114,12.3951320547378,6807.74946372025,140.173937205189,6959.90489244501,816.652860384914,247.486207892083,"Malawi","Lilongwe","STA Chitekwele",51,6960.904893,"Elderly",63179.798583,11
"71",71,0.000000554982953343733,0.0000000933237296839666,0.00000233039661022368,0.517457430865594,11.6643909230105,6808.10093877252,140.6221028949,6959.90489244501,816.652860512146,247.507102594009,"Malawi","Lilongwe","STA Chitekwele",51,6960.904893,"Elderly",63179.798583,11
"72",72,0.000000554982951705766,0.0000000635287186820352,0.00000161127426622904,0.456654658963685,10.9755446692766,6808.42886675119,141.043824690789,6959.90489244501,816.652860600009,247.525542107346,"Malawi","Lilongwe","STA Chitekwele",51,6960.904893,"Elderly",63179.798583,11
"73",73,0.000000554982950589708,0.0000000432371062551035,0.00000111316942806105,0.402996376136183,10.3263344900065,6808.73493899559,141.44062142688,6959.90489244501,816.652860660827,247.541814923248,"Malawi","Lilongwe","STA Chitekwele",51,6960.904893,"Elderly",63179.798583,11
"74",74,0.000000554982949813244,0.0000000294457953568583,0.000000769063161281793,0.355643090458052,9.71460559625927,6809.02071325367,141.813929706125,6959.90489244501,816.652860702816,247.556175634577,"Malawi","Lilongwe","STA Chitekwele",51,6960.904893,"Elderly",63179.798583,11
"75",75,0.000000554982949278161,0.0000000200389196051712,0.000000531492507212152,0.313853950610447,9.1383047705455,6809.28762544026,142.165107732073,6959.90489244501,816.652860731791,247.568848919005,"Malawi","Lilongwe","STA Chitekwele",51,6960.904893,"Elderly",63179.798583,11
"76",76,0.000000554982948907484,0.0000000136383938390189,0.000000366776694579818,0.276975156095978,8.59547761807863,6809.53700024677,142.49543904366,6959.90489244501,816.652860751867,247.580033054029,"Malawi","Lilongwe","STA Chitekwele",51,6960.904893,"Elderly",63179.798583,11
"77",77,0.000000554982948652881,0.00000000929196326627217,0.000000253342463169764,0.244429728520034,8.08426558462883,6809.77006072627,142.806136142969,6959.90489244501,816.652860765685,247.589903019076,"Malawi","Lilongwe","STA Chitekwele",51,6960.904893,"Elderly",63179.798583,11
"78",78,0.000000554982948479443,0.00000000631874693693392,0.000000174990367726826,0.215708485692766,7.60290280181436,6809.98793696772,143.098344008482,6959.90489244501,816.652860775226,247.598613233006,"Malawi","Lilongwe","STA Chitekwele",51,6960.904893,"Elderly",63179.798583,11
"79",79,0.000000554982948357989,0.00000000430295283992338,0.000000120590324910682,0.190362075323167,7.14971281200673,6810.19167394442,143.373143488377,6959.90489244501,816.652860781844,247.606299970043,"Malawi","Lilongwe","STA Chitekwele",51,6960.904893,"Elderly",63179.798583,11
"80",80,0.000000554982948275512,0.00000000293265876797045,0.0000000833423267186696,0.167993944866079,6.72310521665519,6810.38223862701,143.631554570217,6959.90489244501,816.652860786375,247.613083491822,"Malawi","Lilongwe","STA Chitekwele",51,6960.904893,"Elderly",63179.798583,11
"81",81,0.000000554982948218094,0.00000000199126174894041,0.0000000575038889402651,0.148254137871791,6.32157228492594,6810.56052643783,143.8745395249,6959.90489244501,816.652860789517,247.619069928869,"Malawi","Lilongwe","STA Chitekwele",51,6960.904893,"Elderly",63179.798583,11
"82",82,0.000000554982948178305,0.00000000135864393378092,0.0000000395656796918578,0.130833818570873,5.94368555372378,6810.72736710783,144.103005923975,6959.90489244501,816.652860791696,247.624352941075,"Malawi","Lilongwe","STA Chitekwele",51,6960.904893,"Elderly",63179.798583,11
"83",83,0.000000554982948151307,0.000000000925324580868834,0.000000027397479910311,0.115460440187764,5.58809244465055,6810.88353000136,144.317809530497,6959.90489244501,816.652860793174,247.629015183016,"Malawi","Lilongwe","STA Chitekwele",51,6960.904893,"Elderly",63179.798583,11
"84",84,0.000000554982948132235,0.000000000626983505866173,0.0000000188503462943323,0.101893481077643,5.25351291912136,6811.02972896088,144.519757064465,6959.90489244501,816.652860794212,247.633129597101,"Malawi","Lilongwe","STA Chitekwele",51,6960.904893,"Elderly",63179.798583,11
"85",85,0.000000554982948118577,0.00000000042978751251151,0.0000000129591378849709,0.0899206814676358,4.93873618898303,6811.16662671659,144.709608844591,6959.90489244501,816.652860794926,247.636760554791,"Malawi","Lilongwe","STA Chitekwele",51,6960.904893,"Elderly",63179.798583,11
"86",86,0.000000554982948109654,0.000000000291468003769284,0.00000000900744805824031,0.0793547227466598,4.64261749647564,6811.29483890776,144.888081308745,6959.90489244501,816.652860795406,247.639964863706,"Malawi","Lilongwe","STA Chitekwele",51,6960.904893,"Elderly",63179.798583,11
"87",87,0.000000554982948103075,0.000000000197356327747202,0.00000000615573864758813,0.0700302968520527,4.3640749746584,6811.41493775128,145.055849415875,6959.90489244501,816.652860795751,247.64279265639,"Malawi","Lilongwe","STA Chitekwele",51,6960.904893,"Elderly",63179.798583,11
"88",88,0.000000554982948098715,0.00000000013640870854624,0.00000000424300958004782,0.0618015198303009,4.10208659690175,6811.52745539136,145.213548932552,6959.90489244501,816.652860795983,247.645288174668,"Malawi","Lilongwe","STA Chitekwele",51,6960.904893,"Elderly",63179.798583,11
"89",89,0.000000554982948095783,0.0000000000913417039112141,0.00000000296337156411265,0.0545396495756365,3.85568722188535,6811.6328869629,145.36177860761,6959.90489244501,816.652860796138,247.647490461811,"Malawi","Lilongwe","STA Chitekwele",51,6960.904893,"Elderly",63179.798583,11
"90",90,0.00000055498294809358,0.0000000000623006186478291,0.00000000199706225983017,0.0481310715839983,3.62396573885845,6811.731693394,145.501102238519,6959.90489244501,816.652860796255,247.649433973382,"Malawi","Lilongwe","STA Chitekwele",51,6960.904893,"Elderly",63179.798583,11
"91",91,0.000000554982948092194,0.0000000000434531267934552,0.0000000013939830190682,0.0424755213520001,3.40606231632913,6811.82430397262,145.632050633283,6959.90489244501,816.652860796328,247.651149116316,"Malawi","Lilongwe","STA Chitekwele",51,6960.904893,"Elderly",63179.798583,11
"92",92,0.000000554982948091188,0.0000000000283026473011976,0.00000000097439765859068,0.0374845158058435,3.20116575606523,6811.91111870037,145.755123471783,6959.90489244501,816.652860796379,247.652662724633,"Malawi","Lilongwe","STA Chitekwele",51,6960.904893,"Elderly",63179.798583,11
"93",93,0.000000554982948090417,0.0000000000199067774160362,0.000000000641007255848075,0.0330799688946113,3.00851095327332,6811.99251045172,145.870791070476,6959.90489244501,816.652860796419,247.653998479276,"Malawi","Lilongwe","STA Chitekwele",51,6960.904893,"Elderly",63179.798583,11
"94",94,0.000000554982948089993,0.0000000000138179979609347,0.000000000463433867900514,0.0291929698955456,2.82737646286195,6812.06882695735,145.979496054435,6959.90489244501,816.652860796441,247.655177278605,"Malawi","Lilongwe","STA Chitekwele",51,6960.904893,"Elderly",63179.798583,11
"95",95,0.000000554982948089649,0.00000000000860605270262662,0.000000000318016768850758,0.0257627053412255,2.65708217097545,6812.14039262773,146.08165494065,6959.90489244501,816.652860796458,247.656217565354,"Malawi","Lilongwe","STA Chitekwele",51,6960.904893,"Elderly",63179.798583,11
"96",96,0.000000554982948089382,0.00000000000655997082811871,0.000000000202900287411488,0.0227355075158435,2.49698707039643,6812.20751023039,146.177659636506,6959.90489244501,816.652860796472,247.657135615182,"Malawi","Lilongwe","STA Chitekwele",51,6960.904893,"Elderly",63179.798583,11
"97",97,0.000000554982948089274,0.00000000000429147053757855,0.000000000158199738183922,0.0200640148209076,2.34648713787596,6812.27046243491,146.267878857258,6959.90489244501,816.652860796478,247.657945791306,"Malawi","Lilongwe","STA Chitekwele",51,6960.904893,"Elderly",63179.798583,11
"98",98,0.00000055498294808914,0.00000000000257371170705492,0.000000000100836280266577,0.0177064308123719,2.20501331108295,6812.32951323676,146.352659466269,6959.90489244501,816.652860796485,247.658660769221,"Malawi","Lilongwe","STA Chitekwele",51,6960.904893,"Elderly",63179.798583,11
"99",99,0.000000554982948089046,0.00000000000220362469320645,0.0000000000577273680306874,0.0156258701801457,2.07202956263788,6812.38490927051,146.432327741633,6959.90489244501,816.65286079649,247.659291735031,"Malawi","Lilongwe","STA Chitekwele",51,6960.904893,"Elderly",63179.798583,11
"100",100,0.00000055498294808903,0.00000000000135485630082727,0.0000000000515514455833948,0.0137897826727494,1.94703106891524,6812.43688102117,146.507190572208,6959.90489244501,816.652860796491,247.659848560157,"Malawi","Lilongwe","STA Chitekwele",51,6960.904893,"Elderly",63179.798583,11
"101",101,0.000000554982948088994,0.000000000000812663538621714,0.0000000000357226279737006,0.0121694414493901,1.82954246689091,6812.48564394715,146.577536589493,6959.90489244501,816.652860796493,247.660339956512,"Malawi","Lilongwe","STA Chitekwele",51,6960.904893,"Elderly",63179.798583,11
"102",102,0.000000554982948088964,0.000000000000702233429169541,0.000000000022069237653403,0.01073949518033,1.71911620262321,6812.53139951386,146.643637233339,6959.90489244501,816.652860796494,247.660773612321,"Malawi","Lilongwe","STA Chitekwele",51,6960.904893,"Elderly",63179.798583,11
"103",103,0.000000554982948088956,0.000000000000400276965151924,0.0000000000189483282953824,0.00947757193091331,1.61533096338108,6812.57433615126,146.705747758433,6959.90489244501,816.652860796494,247.661156312258,"Malawi","Lilongwe","STA Chitekwele",51,6960.904893,"Elderly",63179.798583,11
"104",104,0.00000055498294808894,0.000000000000256887560682805,0.000000000011753114512006,0.00836392848859056,1.51779019022214,6812.61463014171,146.764108184586,6959.90489244501,816.652860796495,247.661494043792,"Malawi","Lilongwe","STA Chitekwele",51,6960.904893,"Elderly",63179.798583,11
"105",105,0.00000055498294808893,0.00000000000022691217113292,0.00000000000715561367808528,0.00738114152451325,1.42612066893168,6812.65244644183,146.818944192735,6959.90489244501,816.652860796496,247.661792090848,"Malawi","Lilongwe","STA Chitekwele",51,6960.904893,"Elderly",63179.798583,11
"106",106,0.000000554982948088928,0.000000000000119655377957937,0.00000000000627515374766097,0.006513835010283,1.33997119571785,6812.68793944447,146.870467969818,6959.90489244501,816.652860796496,247.66205511647,"Malawi","Lilongwe","STA Chitekwele",51,6960.904893,"Elderly",63179.798583,11
"107",107,0.000000554982948088922,0.0000000000000837668292950687,0.00000000000366042911087058,0.00574843964196209,1.25901131434779,6812.72125368577,146.918879005264,6959.90489244501,816.652860796496,247.662287235785,"Malawi","Lilongwe","STA Chitekwele",51,6960.904893,"Elderly",63179.798583,11
"108",108,0.000000554982948088919,0.0000000000000728821824103792,0.00000000000233604097780659,0.00507298055047243,1.18293012148501,6812.75252450128,146.964364841703,6959.90489244501,816.652860796497,247.662492080375,"Malawi","Lilongwe","STA Chitekwele",51,6960.904893,"Elderly",63179.798583,11
"109",109,0.000000554982948088919,0.0000000000000353064425644752,0.00000000000209319310208758,0.00447688995064588,1.11143513708227,6812.78187863562,147.007101782371,6959.90489244501,816.652860796497,247.662672855106,"Malawi","Lilongwe","STA Chitekwele",51,6960.904893,"Elderly",63179.798583,11
"110",110,0.000000554982948088917,0.0000000000000277311502175705,0.0000000000011332998123624,0.00395084180419915,1.04425123674579,6812.80943480888,147.047255557598,6959.90489244501,816.652860796497,247.662832388257,"Malawi","Lilongwe","STA Chitekwele",51,6960.904893,"Elderly",63179.798583,11
"111",111,0.000000554982948088916,0.0000000000000231143995897966,0.000000000000772449428214333,0.00348660591026122,0.98111964307634,6812.83530424344,147.084981952597,6959.90489244501,816.652860796497,247.662973175779,"Malawi","Lilongwe","STA Chitekwele",51,6960.904893,"Elderly",63179.798583,11
"112",112,0.000000554982948088916,0.0000000000000103444354589888,0.000000000000693866699932614,0.00307691914174203,0.921796973084956,6812.85959115406,147.120427398741,6959.90489244501,816.652860796497,247.66309742034,"Malawi","Lilongwe","STA Chitekwele",51,6960.904893,"Elderly",63179.798583,11
"113",113,0.000000554982948088915,0.00000000000000932777729571872,0.000000000000345511707728746,0.00271537181105321,0.866054338877719,6812.88239320401,147.153729530323,6959.90489244501,816.652860796497,247.663207065788,"Malawi","Lilongwe","STA Chitekwele",51,6960.904893,"Elderly",63179.798583,11
"114",114,0.000000554982948088915,0.00000000000000721089816267619,0.000000000000259025488016535,0.0023963073881717,0.813676498904432,6812.90380192997,147.185017708763,6959.90489244501,816.652860796497,247.663303827564,"Malawi","Lilongwe","STA Chitekwele",51,6960.904893,"Elderly",63179.798583,11
"115",115,0.000000554982948088914,0.00000000000000302951606656809,0.00000000000022828732115834,0.00211473400261952,0.764461057168629,6812.92390313777,147.214413516086,6959.90489244501,816.652860796497,247.663389219538,"Malawi","Lilongwe","STA Chitekwele",51,6960.904893,"Elderly",63179.798583,11
"116",116,0.000000554982948088914,0.00000000000000317345389402096,0.000000000000103944452771009,0.00186624634383221,0.718217707899935,6812.94277727137,147.242031219408,6959.90489244501,816.652860796497,247.663464577695,"Malawi","Lilongwe","STA Chitekwele",51,6960.904893,"Elderly",63179.798583,11
"117",117,0.000000554982948088914,0.0000000000000017708911571575,0.000000000000105487614028585,0.00164695657961919,0.674767522503609,6812.96049975735,147.267978208591,6959.90489244501,816.652860796497,247.663531081089,"Malawi","Lilongwe","STA Chitekwele",51,6960.904893,"Elderly",63179.798583,11
"118",118,0.000000554982948088914,0.00000000000000115941593896159,0.0000000000000633247823628707,0.00145343398472562,0.633942280200203,6812.97714132457,147.292355406266,6959.90489244501,816.652860796497,247.663589770146,"Malawi","Lilongwe","STA Chitekwele",51,6960.904893,"Elderly",63179.798583,11
"119",119,0.000000554982948088914,0.0000000000000016906659309409,0.0000000000000116930210407506,0.00128265095231872,0.595583833767821,6812.99276830453,147.315257655771,6959.90489244501,816.652860796497,247.663641563039,"Malawi","Lilongwe","STA Chitekwele",51,6960.904893,"Elderly",63179.798583,11
"120",120,0.000000554982948088914,0.000000000000000184931542106946,0.0000000000000498559396460245,0.00113193548593469,0.559543512579214,6813.00744291127,147.336774085688,6959.90489244501,816.652860796497,247.663687270097,"Malawi","Lilongwe","STA Chitekwele",51,6960.904893,"Elderly",63179.798583,11
"121",121,0.000000554982948088914,0.000000000000000228440786117808,0.0000000000000182831243508653,0.000998929554703128,0.525681561139528,6813.02122350218,147.356988452146,6959.90489244501,816.652860796497,247.663727606434,"Malawi","Lilongwe","STA Chitekwele",51,6960.904893,"Elderly",63179.798583,11
"122",122,0.000000554982948088914,0.000000000000000554284828092114,0.00000000000000259535930447285,0.000881552232486354,0.493866610047056,6813.03416482182,147.375979460925,6959.90489244501,816.652860796497,247.663763203126,"Malawi","Lilongwe","STA Chitekwele",51,6960.904893,"Elderly",63179.798583,11
"123",123,0.000000554982948088914,-0.000000000000000237441667067844,0.000000000000027474415061169,0.000777967108836638,0.463975177344541,6813.0463182299,147.393821070674,6959.90489244501,816.652860796497,247.663794617097,"Malawi","Lilongwe","STA Chitekwele",51,6960.904893,"Elderly",63179.798583,11
"124",124,0.000000554982948088914,0.000000000000000225732332190237,-0.00000000000000256238642527162,0.000686553558773242,0.435891199073396,6813.05773191438,147.410582778013,6959.90489244501,816.652860796497,247.663822339829,"Malawi","Lilongwe","STA Chitekwele",51,6960.904893,"Elderly",63179.798583,11
"125",125,0.000000554982948088914,0.000000000000000203472239002279,0.00000000000000181804834689843,0.000605881384766194,0.409505587288167,6813.0684510907,147.426329885653,6959.90489244501,816.652860796497,247.663846805054,"Malawi","Lilongwe","STA Chitekwele",51,6960.904893,"Elderly",63179.798583,11
"126",126,0.000000554982948088914,-0.00000000000000021623968810245,0.0000000000000140830834389328,0.00053468844152235,0.384715813974592,6813.07851818807,147.441123754534,6959.90489244501,816.652860796497,247.663868395539,"Malawi","Lilongwe","STA Chitekwele",51,6960.904893,"Elderly",63179.798583,11
"127",127,0.000000554982948088914,0.000000000000000214965040673785,-0.00000000000000775449135386855,0.000471860890104998,0.361425519405685,6813.08797302381,147.455022040915,6959.90489244501,816.652860796497,247.663887449075,"Malawi","Lilongwe","STA Chitekwele",51,6960.904893,"Elderly",63179.798583,11
"128",128,0.000000554982948088914,0.00000000000000000938165716017073,0.00000000000000431422142918921,0.000416415770967772,0.33954414354369,6813.09685296641,147.468078919301,6959.90489244501,816.652860796497,247.663904263761,"Malawi","Lilongwe","STA Chitekwele",51,6960.904893,"Elderly",63179.798583,11
"129",129,0.000000554982948088914,-0.000000000000000119907776345456,0.00000000000000582662897704939,0.000367485625416075,0.318986579172804,6813.10519308818,147.480345292046,6959.90489244501,816.652860796497,247.66391910267,"Malawi","Lilongwe","STA Chitekwele",51,6960.904893,"Elderly",63179.798583,11
"130",130,0.000000554982948088914,0.000000000000000168547827670109,-0.00000000000000693215269405519,0.000324304923841622,0.299672845516695,6813.11302630816,147.491868986417,6959.90489244501,816.652860796497,247.66393219796,"Malawi","Lilongwe","STA Chitekwele",51,6960.904893,"Elderly",63179.798583,11
"131",131,0.000000554982948088914,-0.0000000000000000709414738197874,0.00000000000000539285192137933,0.000286198088719152,0.281527781161996,6813.12038352592,147.502694939848,6959.90489244501,816.652860796497,247.663943754514,"Malawi","Lilongwe","STA Chitekwele",51,6960.904893,"Elderly",63179.798583,11
"132",132,0.000000554982948088914,-0.0000000000000000319630301952018,0.000000000000000824362890542235,0.000252568925001735,0.264480755173141,6813.12729374682,147.512865374106,6959.90489244501,816.652860796497,247.663953953136,"Malawi","Lilongwe","STA Chitekwele",51,6960.904893,"Elderly",63179.798583,11
"133",133,0.000000554982948088914,0.000000000000000104035760708084,-0.00000000000000422108082315672,0.000222891292398554,0.248465395345015,6813.13378419938,147.522419959008,6959.90489244501,816.652860796497,247.663962953389,"Malawi","Lilongwe","STA Chitekwele",51,6960.904893,"Elderly",63179.798583,11
"134",134,0.000000554982948088914,-0.0000000000000000847236991061306,0.00000000000000483338133508991,0.000196700873736404,0.233419332597914,6813.13988044524,147.531395966311,6959.90489244501,816.652860796497,247.663970896084,"Malawi","Lilongwe","STA Chitekwele",51,6960.904893,"Elderly",63179.798583,11
"135",135,0.000000554982948088914,0.0000000000000000211306727561436,-0.0000000000000016847121849379,0.000173587910558731,0.219283960574674,6813.14560648217,147.53982841437,6959.90489244501,816.652860796497,247.663977905488,"Malawi","Lilongwe","STA Chitekwele",51,6960.904893,"Elderly",63179.798583,11
"136",136,0.000000554982948088914,0.0000000000000000458483363171898,-0.00000000000000159789430316671,0.000153190792290757,0.206004209552293,6813.15098484057,147.547750204101,6959.90489244501,816.652860796497,247.663984091265,"Malawi","Lilongwe","STA Chitekwele",51,6960.904893,"Elderly",63179.798583,11
"137",137,0.000000554982948088914,-0.0000000000000000657853034118771,0.00000000000000337445699095715,0.00013519039872647,0.193528333830239,6813.15603667401,147.55519224678,6959.90489244501,816.652860796497,247.663989550194,"Malawi","Lilongwe","STA Chitekwele",51,6960.904893,"Elderly",63179.798583,11
"138",138,0.000000554982948088914,0.0000000000000000408866055822419,-0.00000000000000242515018588392,0.000119305107276831,0.181807711804944,6813.16078184397,147.562183584142,6959.90489244501,816.652860796497,247.663994367682,"Malawi","Lilongwe","STA Chitekwele",51,6960.904893,"Elderly",63179.798583,11
"139",139,0.000000554982948088914,0.0000000000000000059763285739407,0.000000000000000187161861962847,0.000105286386875533,0.170796657984822,6813.16523899937,147.568751501275,6959.90489244501,816.652860796497,247.6639986191,"Malawi","Lilongwe","STA Chitekwele",51,6960.904893,"Elderly",63179.798583,11
"140",140,0.000000554982948088914,-0.0000000000000000377238901672313,0.00000000000000178020534624521,0.000092914909632432,0.160452246242601,6813.16942565117,147.574921632702,6959.90489244501,816.652860796497,247.664002370963,"Malawi","Lilongwe","STA Chitekwele",51,6960.904893,"Elderly",63179.798583,11
"141",141,0.000000554982948088914,0.000000000000000038766402029551,-0.00000000000000212804727552683,0.0000819971193645353,0.150734143642038,6813.17335824217,147.58071806209,6959.90489244501,816.652860796497,247.664005681971,"Malawi","Lilongwe","STA Chitekwele",51,6960.904893,"Elderly",63179.798583,11
"142",142,0.000000554982948088914,-0.0000000000000000142911757195179,0.00000000000000104496135548393,0.00007236220333833,0.141604454214094,6813.17705221267,147.586163415938,6959.90489244501,816.652860796497,247.664008603925,"Malawi","Lilongwe","STA Chitekwele",51,6960.904893,"Elderly",63179.798583,11
"143",143,0.000000554982948088914,-0.0000000000000000136459165833349,0.000000000000000519233087604796,0.0000638594198503542,0.133027572093697,6813.18052206187,147.591278951634,6959.90489244501,816.652860796497,247.66401118254,"Malawi","Lilongwe","STA Chitekwele",51,6960.904893,"Elderly",63179.798583,11
"144",144,0.000000554982948088914,0.0000000000000000267886722177778,-0.00000000000000140450591067218,0.0000563557398131615,0.12497004346224,6813.18378140562,147.5960846402,6959.90489244501,816.652860796497,247.66401345816,"Malawi","Lilongwe","STA Chitekwele",51,6960.904893,"Elderly",63179.798583,11
"145",145,0.000000554982948088914,-0.0000000000000000196824544646505,0.00000000000000119890944880345,0.0000497337654693258,0.117400436773147,6813.18684303044,147.600599244041,6959.90489244501,816.652860796497,247.664015466388,"Malawi","Lilongwe","STA Chitekwele",51,6960.904893,"Elderly",63179.798583,11
"146",146,0.000000554982948088914,0.00000000000000000160441539592562,-0.000000000000000245633923251887,0.0000438898936646248,0.110289220768221,6813.18971894434,147.604840390014,6959.90489244501,816.652860796497,247.664017238643,"Malawi","Lilongwe","STA Chitekwele",51,6960.904893,"Elderly",63179.798583,11
"147",147,0.000000554982948088914,0.0000000000000000135394021900207,-0.000000000000000665262136618806,0.000038732694934876,0.103608649821204,6813.19242042442,147.608824638086,6959.90489244501,816.652860796497,247.664018802652,"Malawi","Lilongwe","STA Chitekwele",51,6960.904893,"Elderly",63179.798583,11
"148",148,0.000000554982948088914,-0.0000000000000000165813325963404,0.00000000000000095593604631908,0.0000341814830623068,0.0973326561720616,6813.19495806152,147.612567545848,6959.90489244501,816.652860796497,247.664020182885,"Malawi","Lilongwe","STA Chitekwele",51,6960.904893,"Elderly",63179.798583,11
"149",149,0.000000554982948088914,0.00000000000000000832675036637869,-0.000000000000000559908552742396,0.0000301650527111881,0.0914367486410829,6813.19734180219,147.616083729132,6959.90489244501,816.652860796497,247.664021400937,"Malawi","Lilongwe","STA Chitekwele",51,6960.904893,"Elderly",63179.798583,11
"150",150,0.000000554982948088914,0.0000000000000000034559238971215,-0.000000000000000117624563754706,0.0000266205653921081,0.085897917436002,6813.19958098804,147.619386918976,6959.90489244501,816.652860796497,247.664022475864,"Malawi","Lilongwe","STA Chitekwele",51,6960.904893,"Elderly",63179.798583,11
"151",151,0.000000554982948088914,-0.0000000000000000103857695260531,0.00000000000000057854814202569,0.0000234925663342504,0.0806945446881064,6813.20168439262,147.622490015144,6959.90489244501,816.652860796497,247.664023424483,"Malawi","Lilongwe","STA Chitekwele",51,6960.904893,"Elderly",63179.798583,11
"152",152,0.000000554982948088914,0.00000000000000000911381259059557,-0.000000000000000565416030226541,0.0000207321168745848,0.0758063203747509,6813.20366025612,147.625405136412,6959.90489244501,816.652860796497,247.664024261637,"Malawi","Lilongwe","STA Chitekwele",51,6960.904893,"Elderly",63179.798583,11
"153",153,0.000000554982948088914,-0.00000000000000000226734362606502,0.000000000000000186762827669371,0.0000182960287939373,0.0712141633059157,6813.20551631786,147.628143667821,6959.90489244501,816.652860796497,247.664025000423,"Malawi","Lilongwe","STA Chitekwele",51,6960.904893,"Elderly",63179.798583,11
"154",154,0.000000554982948088914,-0.00000000000000000450778531208917,0.000000000000000235135048154008,0.0000161461886239332,0.0669001468715163,6813.20725984689,147.630716305071,6959.90489244501,816.652860796497,247.664025652399,"Malawi","Lilongwe","STA Chitekwele",51,6960.904893,"Elderly",63179.798583,11
"155",155,0.000000554982948088914,0.0000000000000000068838704921335,-0.000000000000000415588209056955,0.0000142489613466357,0.06284742926413,6813.20889767056,147.633133096235,6959.90489244501,816.652860796497,247.664026227765,"Malawi","Lilongwe","STA Chitekwele",51,6960.904893,"Elderly",63179.798583,11
"156",156,0.000000554982948088914,-0.0000000000000000043095327147423,0.000000000000000287706886532897,0.0000125746641627653,0.0590401879087281,6813.2104362015,147.635403480951,6959.90489244501,816.652860796497,247.664026735525,"Malawi","Lilongwe","STA Chitekwele",51,6960.904893,"Elderly",63179.798583,11
"157",157,0.000000554982948088914,-0.000000000000000000457867320648308,0.00000000000000000109108266162983,0.0000110971020947909,0.0554635578469443,6813.21188146283,147.637536327241,6959.90489244501,816.652860796497,247.664027183621,"Malawi","Lilongwe","STA Chitekwele",51,6960.904893,"Elderly",63179.798583,11
"158",158,0.000000554982948088914,0.00000000000000000387144620860925,-0.000000000000000228834244518946,0.0000097931581558152,0.0521035738384188,6813.21323911191,147.639539966115,6959.90489244501,816.652860796497,247.664027579064,"Malawi","Lilongwe","STA Chitekwele",51,6960.904893,"Elderly",63179.798583,11
"159",159,0.000000554982948088914,-0.00000000000000000403922078513759,0.000000000000000260018550808097,0.00000864243167669686,0.0489471159558975,6813.21451446257,147.641422224065,6959.90489244501,816.652860796497,247.664027928042,"Malawi","Lilongwe","STA Chitekwele",51,6960.904893,"Elderly",63179.798583,11
"160",160,0.000000554982948088914,0.00000000000000000157657058506788,-0.000000000000000115312177926267,0.0000076269191306047,0.0459818584640713,6813.21571250602,147.643190453614,6959.90489244501,816.652860796497,247.664028236014,"Malawi","Lilongwe","STA Chitekwele",51,6960.904893,"Elderly",63179.798583,11
"161",161,0.000000554982948088914,0.00000000000000000135071972812108,-0.0000000000000000742161987971113,0.00000673073246053457,0.043196221784672,6813.2168379305,147.644851562002,6959.90489244501,816.652860796497,247.664028507798,"Malawi","Lilongwe","STA Chitekwele",51,6960.904893,"Elderly",63179.798583,11
"162",162,0.000000554982948088914,-0.00000000000000000275928678505857,0.000000000000000175820293250503,0.00000593985050572078,0.0405793273621319,6813.21789513966,147.646412038144,6959.90489244501,816.652860796497,247.664028747646,"Malawi","Lilongwe","STA Chitekwele",51,6960.904893,"Elderly",63179.798583,11
"163",163,0.000000554982948088914,0.00000000000000000208291979408456,-0.000000000000000141717922147859,0.00000524189963540636,0.0381209552552134,6813.21888826991,147.647877977955,6959.90489244501,816.652860796497,247.664028959312,"Malawi","Lilongwe","STA Chitekwele",51,6960.904893,"Elderly",63179.798583,11
"164",164,0.000000554982948088914,-0.000000000000000000219558060029868,0.0000000000000000225285087306741,0.00000462596015855881,0.0358115042904599,6813.21982120662,147.649255108146,6959.90489244501,816.652860796497,247.664029146106,"Malawi","Lilongwe","STA Chitekwele",51,6960.904893,"Elderly",63179.798583,11
"165",165,0.000000554982948088914,-0.00000000000000000137014961876784,0.0000000000000000863745673470091,0.00000408239548199049,0.0336419546231428,6813.22069759943,147.650548808576,6959.90489244501,816.652860796497,247.664029310951,"Malawi","Lilongwe","STA Chitekwele",51,6960.904893,"Elderly",63179.798583,11
"166",166,0.000000554982948088914,0.00000000000000000164833524846464,-0.000000000000000115974172100348,0.00000360270132811582,0.0316038325613998,6813.2215208765,147.651764133253,6959.90489244501,816.652860796497,247.664029456427,"Malawi","Lilongwe","STA Chitekwele",51,6960.904893,"Elderly",63179.798583,11
"167",167,0.000000554982948088914,-0.000000000000000000072772012532047,0.00000000000000000804653828277531,0.0000031793729102016,0.0296891775358755,6813.22229425806,147.652905830053,6959.90489244501,816.652860796497,247.664029584808,"Malawi","Lilongwe","STA Chitekwele",51,6960.904893,"Elderly",63179.798583,11
"168",168,0.000000554982948088914,-0.000000000000000000547961523413363,0.0000000000000000386374859826323,0.00000280578696480458,0.0278905109906789,6813.22302076895,147.653978359292,6959.90489244501,816.652860796497,247.664029698105,"Malawi","Lilongwe","STA Chitekwele",51,6960.904893,"Elderly",63179.798583,11
"169",169,0.000000554982948088914,0.000000000000000000401846768474542,-0.0000000000000000269761821257104,0.00000247609848869162,0.0262008072441455,6813.22370325056,147.654985911115,6959.90489244501,816.652860796497,247.664029798089,"Malawi","Lilongwe","STA Chitekwele",51,6960.904893,"Elderly",63179.798583,11
"170",170,0.000000554982948088914,-0.000000000000000000245526392912181,0.0000000000000000188866332626563,0.00000218514940787322,0.0246134660891525,6813.22434437193,147.655932421853,6959.90489244501,816.652860796497,247.664029886324,"Malawi","Lilongwe","STA Chitekwele",51,6960.904893,"Elderly",63179.798583,11
"171",171,0.000000554982948088914,-0.000000000000000000173753038331108,0.000000000000000012625416750428,0.00000192838772584675,0.0231222870272188,6813.2249466402,147.656821589399,6959.90489244501,816.652860796497,247.664029964191,"Malawi","Lilongwe","STA Chitekwele",51,6960.904893,"Elderly",63179.798583,11
"172",172,0.000000554982948088914,0.000000000000000000149200322707644,-0.000000000000000010394033887079,0.00000170179631939445,0.0217214450719659,6813.2255124105,147.657656887651,6959.90489244501,816.652860796497,247.664030032909,"Malawi","Lilongwe","STA Chitekwele",51,6960.904893,"Elderly",63179.798583,11
"173",173,0.000000554982948088914,-0.000000000000000000112530313698347,0.00000000000000000849218331708921,0.00000150183009074658,0.020405468016433,6813.2260438951,147.658441580074,6959.90489244501,816.652860796497,247.664030093552,"Malawi","Lilongwe","STA Chitekwele",51,6960.904893,"Elderly",63179.798583,11
"174",174,0.000000554982948088914,-0.0000000000000000000346740434339045,0.00000000000000000258113885426491,0.00000132536050038379,0.0191692150755026,6813.22654317214,147.659178732444,6959.90489244501,816.652860796497,247.66403014707,"Malawi","Lilongwe","STA Chitekwele",51,6960.904893,"Elderly",63179.798583,11
"175",175,0.000000554982948088914,0.0000000000000000000511500591814246,-0.00000000000000000369102029433379,0.00000116962662207164,0.0180078568204798,6813.22701219374,147.659871224827,6959.90489244501,816.652860796497,247.664030194299,"Malawi","Lilongwe","STA Chitekwele",51,6960.904893,"Elderly",63179.798583,11
"176",176,0.000000554982948088914,-0.0000000000000000000485536628209106,0.00000000000000000367663964848694,0.00000103219194677663,0.016916856327646,6813.22745279368,147.660521762822,6959.90489244501,816.652860796497,247.664030235978,"Malawi","Lilongwe","STA Chitekwele",51,6960.904893,"Elderly",63179.798583,11
"177",177,0.000000554982948088914,-0.0000000000000000000025124305995284,0.000000000000000000203382507944773,0.000000910906262631679,0.0158919514674776,6813.22786669452,147.661132888126,6959.90489244501,816.652860796497,247.66403027276,"Malawi","Lilongwe","STA Chitekwele",51,6960.904893,"Elderly",63179.798583,11
"178",178,0.000000554982948088914,0.000000000000000000015576712863652,-0.00000000000000000116690658414589,0.000000803872014205816,0.0149291382655914,6813.22825551441,147.66170698847,6959.90489244501,816.652860796497,247.66403030522,"Malawi","Lilongwe","STA Chitekwele",51,6960.904893,"Elderly",63179.798583,11
"179",179,0.000000554982948088914,-0.0000000000000000000192535990653622,0.00000000000000000147781251201482,0.000000709414614579546,0.0140246552706379,6813.2286207734,147.662246306934,6959.90489244501,816.652860796497,247.664030333866,"Malawi","Lilongwe","STA Chitekwele",51,6960.904893,"Elderly",63179.798583,11
"180",180,0.000000554982948088914,0.00000000000000000000273322373464847,-0.000000000000000000203786293385433,0.000000626056245877099,0.0131749688682703,6813.22896389938,147.662752950717,6959.90489244501,816.652860796497,247.664030359146,"Malawi","Lilongwe","STA Chitekwele",51,6960.904893,"Elderly",63179.798583,11
"181",181,0.000000554982948088914,0.00000000000000000000402119957570897,-0.000000000000000000315575874953828,0.000000552492738303616,0.0123767594839921,6813.22928623368,147.663228899363,6959.90489244501,816.652860796497,247.664030381455,"Malawi","Lilongwe","STA Chitekwele",51,6960.904893,"Elderly",63179.798583,11
"182",182,0.000000554982948088914,-0.0000000000000000000071295402731186,0.000000000000000000558229094347319,0.000000487573165970836,0.0116269086211325,6813.22958903633,147.663676012496,6959.90489244501,816.652860796497,247.664030401143,"Malawi","Lilongwe","STA Chitekwele",51,6960.904893,"Elderly",63179.798583,11
"183",183,0.000000554982948088914,0.00000000000000000000219139606994616,-0.000000000000000000169993567203433,0.000000430281840273371,0.0109224866834474,6813.22987349097,147.664096037083,6959.90489244501,816.652860796497,247.664030418518,"Malawi","Lilongwe","STA Chitekwele",51,6960.904893,"Elderly",63179.798583,11
"184",184,0.000000554982948088914,0.000000000000000000000709872323724528,-0.0000000000000000000608448740511855,0.0000003797224190965,0.0102607415348902,6813.23014070951,147.664490614256,6959.90489244501,816.652860796497,247.664030433851,"Malawi","Lilongwe","STA Chitekwele",51,6960.904893,"Elderly",63179.798583,11
"185",185,0.000000554982948088914,-0.00000000000000000000246617109678176,0.000000000000000000197900132050548,0.000000335103883242846,0.00963908775196139,6813.23039173644,147.664861285728,6959.90489244501,816.652860796497,247.664030447382,"Malawi","Lilongwe","STA Chitekwele",51,6960.904893,"Elderly",63179.798583,11
"186",186,0.000000554982948088914,0.0000000000000000000011557044432711,-0.0000000000000000000923972706570702,0.000000295728160669725,0.00905509652674301,6813.23062755295,147.66520949981,6959.90489244501,816.652860796497,247.664030459323,"Malawi","Lilongwe","STA Chitekwele",51,6960.904893,"Elderly",63179.798583,11
"187",187,0.000000554982948088914,-0.0000000000000000000000486381113811209,0.00000000000000000000126511908174399,0.000000260979204916295,0.00850648618124842,6813.23084908079,147.665536617073,6959.90489244501,816.652860796497,247.664030469862,"Malawi","Lilongwe","STA Chitekwele",51,6960.904893,"Elderly",63179.798583,11
"188",188,0.000000554982948088914,-0.000000000000000000000789796112940684,0.0000000000000000000652559664647886,0.000000230313356849395,0.0079911132561025,6813.23105718579,147.665843915661,6959.90489244501,816.652860796497,247.664030479162,"Malawi","Lilongwe","STA Chitekwele",51,6960.904893,"Elderly",63179.798583,11
"189",189,0.000000554982948088914,0.000000000000000000000513506668113169,-0.0000000000000000000422926897956284,0.000000203250838932769,0.00750696413879827,6813.23125268134,147.666132596285,6959.90489244501,816.652860796497,247.664030487369,"Malawi","Lilongwe","STA Chitekwele",51,6960.904893,"Elderly",63179.798583,11
"190",190,0.000000554982948088914,-0.000000000000000000000132244984968333,0.00000000000000000000971169296999806,0.000000179368248945643,0.00705214719887839,6813.23143633154,147.666403786913,6959.90489244501,816.652860796497,247.664030494612,"Malawi","Lilongwe","STA Chitekwele",51,6960.904893,"Elderly",63179.798583,11
"191",191,0.000000554982948088914,-0.000000000000000000000228592755899646,0.0000000000000000000195771748809933,0.000000158291935712351,0.00662488539936257,6813.23160885415,147.666658547177,6959.90489244501,816.652860796497,247.664030501003,"Malawi","Lilongwe","STA Chitekwele",51,6960.904893,"Elderly",63179.798583,11
"192",192,0.000000554982948088914,0.000000000000000000000204692556224329,-0.0000000000000000000173908944300047,0.000000139692153203534,0.00622350935559748,6813.23177092346,147.666897872514,6959.90489244501,816.652860796497,247.664030506644,"Malawi","Lilongwe","STA Chitekwele",51,6960.904893,"Elderly",63179.798583,11
"193",193,0.000000554982948088914,-0.0000000000000000000000874559661323923,0.00000000000000000000690487812995399,0.000000123277901548307,0.0058464508144477,6813.23192317287,147.667122698054,6959.90489244501,816.652860796497,247.664030511622,"Malawi","Lilongwe","STA Chitekwele",51,6960.904893,"Elderly",63179.798583,11
"194",194,0.000000554982948088914,-0.000000000000000000000056127122646593,0.00000000000000000000505680517570039,0.000000108792374243181,0.00549223652838453,6813.23206619742,147.667333902272,6959.90489244501,816.652860796497,247.664030516015,"Malawi","Lilongwe","STA Chitekwele",51,6960.904893,"Elderly",63179.798583,11
"195",195,0.000000554982948088914,0.000000000000000000000074720193474071,-0.00000000000000000000656630710507836,0.0000000960089403276432,0.00515948250056775,6813.23220055609,147.667532310423,6959.90489244501,816.652860796497,247.664030519892,"Malawi","Lilongwe","STA Chitekwele",51,6960.904893,"Elderly",63179.798583,11
"196",196,0.000000554982948088914,-0.0000000000000000000000441215908492775,0.00000000000000000000364096245445281,0.0000000847275986663595,0.0048468885784616,6813.23232677395,147.667718697763,6959.90489244501,816.652860796497,247.664030523313,"Malawi","Lilongwe","STA Chitekwele",51,6960.904893,"Elderly",63179.798583,11
"197",197,0.000000554982948088914,-0.00000000000000000000000923006365053636,0.000000000000000000000931659186697258,0.0000000747718488639639,0.00455323337488453,6813.23244534429,147.667893792582,6959.90489244501,816.652860796497,247.664030526332,"Malawi","Lilongwe","STA Chitekwele",51,6960.904893,"Elderly",63179.798583,11
"198",198,0.000000554982948088914,0.0000000000000000000000250113463527597,-0.00000000000000000000228421108122048,0.0000000659859298568233,0.00427736949666903,6813.23255673049,147.668058279045,6959.90489244501,816.652860796497,247.664030528997,"Malawi","Lilongwe","STA Chitekwele",51,6960.904893,"Elderly",63179.798583,11
"199",199,0.000000554982948088914,-0.0000000000000000000000194318426921014,0.000000000000000000001664552818793,0.0000000582323829786692,0.00401821906230699,6813.23266136786,147.668212799867,6959.90489244501,816.652860796497,247.664030531348,"Malawi","Lilongwe","STA Chitekwele",51,6960.904893,"Elderly",63179.798583,11
"200",200,0.000000554982948088914,0.000000000000000000000000906732184034034,-0.0000000000000000000000269463810701869,0.0000000513899013734033,0.00377476949108301,6813.23275966531,147.668357958826,6959.90489244501,816.652860796497,247.664030533423,"Malawi","Lilongwe","STA Chitekwele",51,6960.904893,"Elderly",63179.798583,11
"201",201,0.000000554982948088914,0.00000000000000000000000755116805332685,-0.000000000000000000000723330892731228,0.0000000453514321084112,0.00354606954725712,6813.232852007,147.668494323118,6959.90489244501,816.652860796497,247.664030535254,"Malawi","Lilongwe","STA Chitekwele",51,6960.904893,"Elderly",63179.798583,11
"202",202,0.000000554982948088914,-0.00000000000000000000000779834540357064,0.000000000000000000000692133960862989,0.000000040022501295328,0.00333122562385265,6813.23293875379,147.668622425578,6959.90489244501,816.652860796497,247.664030536871,"Malawi","Lilongwe","STA Chitekwele",51,6960.904893,"Elderly",63179.798583,11
"203",203,0.000000554982948088914,0.0000000000000000000000018369082374409,-0.000000000000000000000146572522088513,0.00000003531973601419,0.00312939825154034,6813.23302024469,147.668742766758,6959.90489244501,816.652860796497,247.664030538297,"Malawi","Lilongwe","STA Chitekwele",51,6960.904893,"Elderly",63179.798583,11
"204",204,0.000000554982948088914,0.0000000000000000000000019530761973706,-0.000000000000000000000200653764814756,0.0000000311695599159789,0.00293979881898736,6813.23309679815,147.668855816882,6959.90489244501,816.652860796497,247.664030539555,"Malawi","Lilongwe","STA Chitekwele",51,6960.904893,"Elderly",63179.798583,11
"205",205,0.000000554982948088914,-0.00000000000000000000000289712592333755,0.000000000000000000000266526762572089,0.0000000275070420958262,0.00276168649186533,6813.23316871333,147.668962017689,6959.90489244501,816.652860796497,247.664030540666,"Malawi","Lilongwe","STA Chitekwele",51,6960.904893,"Elderly",63179.798583,11
"206",206,0.000000554982948088914,0.00000000000000000000000115939043125009,-0.000000000000000000000100744156268576,0.0000000242748812271063,0.00259436531848645,6813.23323627127,147.669061784151,6959.90489244501,816.652860796497,247.664030541646,"Malawi","Lilongwe","STA Chitekwele",51,6960.904893,"Elderly",63179.798583,11
"207",207,0.000000554982948088914,0.000000000000000000000000360356782373371,-0.0000000000000000000000431913737533133,0.0000000214225090628529,0.00243718151076521,6813.23329973598,147.669155506103,6959.90489244501,816.652860796497,247.664030542511,"Malawi","Lilongwe","STA Chitekwele",51,6960.904893,"Elderly",63179.798583,11
"208",208,0.000000554982948088914,-0.000000000000000000000000998640951713408,0.0000000000000000000000954602811208337,0.0000000189052992784807,0.00228952088988736,6813.23335935546,147.669243549758,6959.90489244501,816.652860796497,247.664030543275,"Malawi","Lilongwe","STA Chitekwele",51,6960.904893,"Elderly",63179.798583,11
"209",209,0.000000554982948088914,0.000000000000000000000000566240037650763,-0.0000000000000000000000517129834643401,0.0000000166838692778839,0.00215080648671065,6813.2334153627,147.669326259144,6959.90489244501,816.652860796497,247.664030543948,"Malawi","Lilongwe","STA Chitekwele",51,6960.904893,"Elderly",63179.798583,11
"210",210,0.000000554982948088914,-0.00000000000000000000000000863121194296648,-0.00000000000000000000000303425968627962,0.0000000147234640394378,0.00202049628752581,6813.23346797656,147.669403957444,6959.90489244501,816.652860796497,247.664030544543,"Malawi","Lilongwe","STA Chitekwele",51,6960.904893,"Elderly",63179.798583,11
"211",211,0.000000554982948088914,-0.000000000000000000000000316341881551654,0.0000000000000000000000315936777797023,0.0000000129934123619621,0.00189808111637373,6813.23351740264,147.669476948263,6959.90489244501,816.652860796497,247.664030545068,"Malawi","Lilongwe","STA Chitekwele",51,6960.904893,"Elderly",63179.798583,11
"212",212,0.000000554982948088914,0.000000000000000000000000242134024534259,-0.0000000000000000000000230456394096477,0.0000000114666470034342,0.00178308264564779,6813.2335638341,147.669545516809,6959.90489244501,816.652860796497,247.664030545531,"Malawi","Lilongwe","STA Chitekwele",51,6960.904893,"Elderly",63179.798583,11
"213",213,0.000000554982948088914,-0.0000000000000000000000000544885299125538,0.00000000000000000000000384408876002431,0.0000000101192812048246,0.00167505152721092,6813.23360745236,147.669609931013,6959.90489244501,816.652860796497,247.664030545939,"Malawi","Lilongwe","STA Chitekwele",51,6960.904893,"Elderly",63179.798583,11
"214",214,0.000000554982948088914,-0.000000000000000000000000201483265573433,0.0000000000000000000000196934100140764,0.00000000893023349104378,0.00157356562724452,6813.23364842788,147.669670442577,6959.90489244501,816.652860796497,247.6640305463,"Malawi","Lilongwe","STA Chitekwele",51,6960.904893,"Elderly",63179.798583,11
"215",215,0.000000554982948088914,0.0000000000000000000000000281132852313874,-0.0000000000000000000000028475889394729,0.00000000788089720027382,0.00147822837868136,6813.2336869208,147.669727287959,6959.90489244501,816.652860796497,247.664030546618,"Malawi","Lilongwe","STA Chitekwele",51,6960.904893,"Elderly",63179.798583,11
"216",216,0.000000554982948088914,0.000000000000000000000000030598155967367,-0.00000000000000000000000337191583365764,0.00000000695486160330505,0.00138866728480513,6813.23372308151,147.669780689266,6959.90489244501,816.652860796497,247.664030546899,"Malawi","Lilongwe","STA Chitekwele",51,6960.904893,"Elderly",63179.798583,11
"217",217,0.000000554982948088914,-0.00000000000000000000000000968264520875513,0.000000000000000000000000936071641581101,0.00000000613763894707029,0.00130453239367339,6813.23375705133,147.669830855158,6959.90489244501,816.652860796497,247.664030547147,"Malawi","Lilongwe","STA Chitekwele",51,6960.904893,"Elderly",63179.798583,11
"218",218,0.000000554982948088914,0.0000000000000000000000000142487766204753,-0.00000000000000000000000143849149660698,0.00000000541644301826981,0.00122549495168834,6813.23378896299,147.66987798166,6959.90489244501,816.652860796497,247.664030547366,"Malawi","Lilongwe","STA Chitekwele",51,6960.904893,"Elderly",63179.798583,11
"219",219,0.000000554982948088914,0.0000000000000000000000000101432461212164,-0.0000000000000000000000010851392928005,0.00000000477999036456113,0.00115124612326762,6813.23381894119,147.669922252918,6959.90489244501,816.652860796497,247.664030547559,"Malawi","Lilongwe","STA Chitekwele",51,6960.904893,"Elderly",63179.798583,11
"220",220,0.000000554982948088914,0.000000000000000000000000000626009295270115,-0.0000000000000000000000000689846710074585,0.00000000421832332112368,0.00108149578378337,6813.23384710309,147.669963841922,6959.90489244501,816.652860796497,247.664030547729,"Malawi","Lilongwe","STA Chitekwele",51,6960.904893,"Elderly",63179.798583,11
"221",221,0.000000554982948088914,0.00000000000000000000000000343552658270716,-0.000000000000000000000000349245586063223,0.00000000372265428997254,0.00101597138603904,6813.23387355873,147.67000291118,6959.90489244501,816.652860796497,247.664030547879,"Malawi","Lilongwe","STA Chitekwele",51,6960.904893,"Elderly",63179.798583,11
"222",222,0.000000554982948088914,0.0000000000000000000000000026023267044853,-0.000000000000000000000000276324306499466,0.00000000328522825502634,0.000954416895343968,6813.23389841148,147.670039613355,6959.90489244501,816.652860796497,247.664030548012,"Malawi","Lilongwe","STA Chitekwele",51,6960.904893,"Elderly",63179.798583,11
"223",223,0.000000554982948088914,0.00000000000000000000000000070350301600552,-0.0000000000000000000000000720707468333793,0.00000000289920144256697,0.000896591789103391,6813.23392175846,147.670074091862,6959.90489244501,816.652860796497,247.664030548129,"Malawi","Lilongwe","STA Chitekwele",51,6960.904893,"Elderly",63179.798583,11
"224",224,0.000000554982948088914,0.000000000000000000000000000942445062259487,-0.0000000000000000000000000957588326124736,0.00000000255853424846821,0.000842270117019503,6813.23394369092,147.670106481425,6959.90489244501,816.652860796497,247.664030548232,"Malawi","Lilongwe","STA Chitekwele",51,6960.904893,"Elderly",63179.798583,11
"225",225,0.000000554982948088914,0.000000000000000000000000000722206807070823,-0.0000000000000000000000000756747823893411,0.00000000225789674511252,0.000791239618227988,6813.23396429454,147.670136908606,6959.90489244501,816.652860796497,247.664030548323,"Malawi","Lilongwe","STA Chitekwele",51,6960.904893,"Elderly",63179.798583,11
"226",226,0.000000554982948088914,0.000000000000000000000000000311038406308276,-0.0000000000000000000000000315243053058707,0.00000000199258529161427,0.000743300891921335,6813.23398364983,147.670165492299,6959.90489244501,816.652860796497,247.664030548404,"Malawi","Lilongwe","STA Chitekwele",51,6960.904893,"Elderly",63179.798583,11
"227",227,0.000000554982948088914,0.00000000000000000000000000028085607005191,-0.0000000000000000000000000283843985587532,0.00000000175844894278331,0.000698266618218692,6813.23400183244,147.670192344196,6959.90489244501,816.652860796497,247.664030548475,"Malawi","Lilongwe","STA Chitekwele",51,6960.904893,"Elderly",63179.798583,11
"228",228,0.000000554982948088914,0.000000000000000000000000000209943292712278,-0.0000000000000000000000000216649133097799,0.00000000155182450527418,0.000655960826238312,6813.23401891342,147.670217569221,6959.90489244501,816.652860796497,247.664030548538,"Malawi","Lilongwe","STA Chitekwele",51,6960.904893,"Elderly",63179.798583,11
"229",229,0.000000554982948088914,0.000000000000000000000000000112552958978206,-0.000000000000000000000000011318348223258,0.00000000136947922488881,0.000616218206513013,6813.2340349595,147.67024126594,6959.90489244501,816.652860796497,247.664030548593,"Malawi","Lilongwe","STA Chitekwele",51,6960.904893,"Elderly",63179.798583,11
"230",230,0.000000554982948088914,0.0000000000000000000000000000866660665687772,-0.00000000000000000000000000868976641318767,0.0000000012085602083405,0.000578883465062333,6813.23405003339,147.670263526949,6959.90489244501,816.652860796497,247.664030548642,"Malawi","Lilongwe","STA Chitekwele",51,6960.904893,"Elderly",63179.798583,11
"231",231,0.000000554982948088914,0.0000000000000000000000000000629540076864604,-0.0000000000000000000000000063965824475486,0.00000000106654978815222,0.000543810716597729,6813.234064194,147.670284439233,6959.90489244501,816.652860796497,247.664030548685,"Malawi","Lilongwe","STA Chitekwele",51,6960.904893,"Elderly",63179.798583,11
"232",232,0.000000554982948088914,0.0000000000000000000000000000378082474630744,-0.00000000000000000000000000376987761815043,0.000000000941226132349263,0.000510862914490098,6813.23407749665,147.670304084507,6959.90489244501,816.652860796497,247.664030548723,"Malawi","Lilongwe","STA Chitekwele",51,6960.904893,"Elderly",63179.798583,11
"233",233,0.000000554982948088914,0.0000000000000000000000000000271573475115871,-0.00000000000000000000000000269787011952686,0.000000000830628482662747,0.000479911315272469,6813.23408999333,147.670322539534,6959.90489244501,816.652860796497,247.664030548756,"Malawi","Lilongwe","STA Chitekwele",51,6960.904893,"Elderly",63179.798583,11
"234",234,0.000000554982948088914,0.0000000000000000000000000000192758824977809,-0.000000000000000000000000001929589711074,0.000000000733026477376425,0.000450834975585656,6813.23410173288,147.670339876428,6959.90489244501,816.652860796497,247.664030548786,"Malawi","Lilongwe","STA Chitekwele",51,6960.904893,"Elderly",63179.798583,11
"235",235,0.000000554982948088914,0.0000000000000000000000000000122921287480295,-0.00000000000000000000000000121404599594515,0.000000000646893078855637,0.000423520279601375,6813.23411276116,147.670356162934,6959.90489244501,816.652860796497,247.664030548812,"Malawi","Lilongwe","STA Chitekwele",51,6960.904893,"Elderly",63179.798583,11
"236",236,0.000000554982948088914,0.00000000000000000000000000000856073173025247,-0.000000000000000000000000000841905036845296,0.000000000570880682194555,0.000397860495076439,6813.23412312126,147.670371462691,6959.90489244501,816.652860796497,247.664030548835,"Malawi","Lilongwe","STA Chitekwele",51,6960.904893,"Elderly",63179.798583,11
"237",237,0.000000554982948088914,0.00000000000000000000000000000597888757138723,-0.000000000000000000000000000590118314291026,0.000000000503800031188231,0.00037375535630344,6813.23413285367,147.670385835482,6959.90489244501,816.652860796497,247.664030548855,"Malawi","Lilongwe","STA Chitekwele",51,6960.904893,"Elderly",63179.798583,11
"238",238,0.000000554982948088914,0.00000000000000000000000000000393517796224546,-0.000000000000000000000000000384640012938213,0.0000000004446016117581,0.000351110672328467,6813.23414199643,147.670399337471,6959.90489244501,816.652860796497,247.664030548873,"Malawi","Lilongwe","STA Chitekwele",51,6960.904893,"Elderly",63179.798583,11
"239",239,0.000000554982948088914,0.00000000000000000000000000000270363485619882,-0.000000000000000000000000000263066653589889,0.000000000392359231720741,0.000329837958905071,6813.23415058525,147.670412021416,6959.90489244501,816.652860796497,247.664030548889,"Malawi","Lilongwe","STA Chitekwele",51,6960.904893,"Elderly",63179.798583,11
"240",240,0.000000554982948088914,0.00000000000000000000000000000186868177526817,-0.000000000000000000000000000181976241218839,0.000000000346255529996256,0.000309854092746457,6813.2341586537,147.670423936879,6959.90489244501,816.652860796497,247.664030548903,"Malawi","Lilongwe","STA Chitekwele",51,6960.904893,"Elderly",63179.798583,11
"241",241,0.000000554982948088914,0.00000000000000000000000000000125042363016344,-0.000000000000000000000000000120876312873701,0.000000000305569188539754,0.000291080986724989,6813.2341662333,147.670435130422,6959.90489244501,816.652860796497,247.664030548915,"Malawi","Lilongwe","STA Chitekwele",51,6960.904893,"Elderly",63179.798583,11
"242",242,0.000000554982948088914,0.00000000000000000000000000000085412861242318,-0.000000000000000000000000000082188113087729,0.000000000269663646919526,0.000273445284749921,6813.23417335368,147.670445645782,6959.90489244501,816.652860796497,247.664030548926,"Malawi","Lilongwe","STA Chitekwele",51,6960.904893,"Elderly",63179.798583,11
"243",243,0.000000554982948088914,0.000000000000000000000000000000586594477860865,-0.0000000000000000000000000000563873176012399,0.000000000237977142975193,0.000256878075131173,6813.23418004265,147.670455524048,6959.90489244501,816.652860796497,247.664030548936,"Malawi","Lilongwe","STA Chitekwele",51,6960.904893,"Elderly",63179.798583,11
"244",244,0.000000554982948088914,0.000000000000000000000000000000395888681053426,-0.0000000000000000000000000000378308012911744,0.000000000210013923736395,0.000241314621309185,6813.23418632636,147.670464803821,6959.90489244501,816.652860796497,247.664030548944,"Malawi","Lilongwe","STA Chitekwele",51,6960.904893,"Elderly",63179.798583,11
"245",245,0.000000554982948088914,0.000000000000000000000000000000269786828076292,-0.0000000000000000000000000000256633599485803,0.000000000185336489091954,0.00022669410889872,6813.23419222936,147.670473521361,6959.90489244501,816.652860796497,247.664030548952,"Malawi","Lilongwe","STA Chitekwele",51,6960.904893,"Elderly",63179.798583,11
"246",246,0.000000554982948088914,0.000000000000000000000000000000184583236587518,-0.0000000000000000000000000000175193862554994,0.000000000163558746857408,0.000212959408058252,6813.23419777471,147.670481710732,6959.90489244501,816.652860796497,247.664030548958,"Malawi","Lilongwe","STA Chitekwele",51,6960.904893,"Elderly",63179.798583,11
"247",247,0.000000554982948088914,0.000000000000000000000000000000125120109469362,-0.000000000000000000000000000011815185623308,0.000000000144339972148135,0.000200056850256435,6813.23420298409,147.670489403934,6959.90489244501,816.652860796497,247.664030548964,"Malawi","Lilongwe","STA Chitekwele",51,6960.904893,"Elderly",63179.798583,11
"248",248,0.000000554982948088914,0.0000000000000000000000000000000851922643492647,-0.00000000000000000000000000000800877227268201,0.000000000127379476549106,0.000187936018563398,6813.23420787784,147.670496631029,6959.90489244501,816.652860796497,247.664030548969,"Malawi","Lilongwe","STA Chitekwele",51,6960.904893,"Elderly",63179.798583,11
"249",249,0.000000554982948088914,0.0000000000000000000000000000000581596729517371,-0.00000000000000000000000000000545111425699222,0.000000000112411903677465,0.000176549550647479,6813.2342124751,147.670503420256,6959.90489244501,816.652860796497,247.664030548974,"Malawi","Lilongwe","STA Chitekwele",51,6960.904893,"Elderly",63179.798583,11
"250",250,0.000000554982948088914,0.0000000000000000000000000000000395109569988386,-0.00000000000000000000000000000368604878589846,0.0000000000992030775343961,0.000165852953707616,6813.23421679382,147.670509798144,6959.90489244501,816.652860796497,247.664030548978,"Malawi","Lilongwe","STA Chitekwele",51,6960.904893,"Elderly",63179.798583,11
"251",251,0.000000554982948088914,0.0000000000000000000000000000000268954185984496,-0.00000000000000000000000000000249806129195559,0.0000000000875463386914267,0.000155804430618287,6813.23422085088,147.670515789616,6959.90489244501,816.652860796497,247.664030548982,"Malawi","Lilongwe","STA Chitekwele",51,6960.904893,"Elderly",63179.798583,11
"252",252,0.000000554982948088914,0.0000000000000000000000000000000183384198907143,-0.00000000000000000000000000000169734221073575,0.0000000000772593109887804,0.00014636471660767,6813.23422466214,147.670521418083,6959.90489244501,816.652860796497,247.664030548985,"Malawi","Lilongwe","STA Chitekwele",51,6960.904893,"Elderly",63179.798583,11
"253",253,0.000000554982948088914,0.0000000000000000000000000000000124720367244397,-0.00000000000000000000000000000114926751709704,0.0000000000681810480758638,0.00013749692582128,6813.23422824249,147.670526705538,6959.90489244501,816.652860796497,247.664030548987,"Malawi","Lilongwe","STA Chitekwele",51,6960.904893,"Elderly",63179.798583,11
"254",254,0.000000554982948088914,0.000000000000000000000000000000008491698842622,-0.000000000000000000000000000000779015426727651,0.0000000000601699317112106,0.00012916646152432,6813.23423160589,147.67053167261,6959.90489244501,816.652860796497,247.66403054899,"Malawi","Lilongwe","STA Chitekwele",51,6960.904893,"Elderly",63179.798583,11
"255",255,0.000000554982948088914,0.00000000000000000000000000000000579090443587324,-0.00000000000000000000000000000052921038310248,0.0000000000531003267577164,0.000121340741081183,6813.2342347655,147.670536338726,6959.90489244501,816.652860796497,247.664030548992,"Malawi","Lilongwe","STA Chitekwele",51,6960.904893,"Elderly",63179.798583,11
"256",256,0.000000554982948088914,0.00000000000000000000000000000000394218493340849,-0.000000000000000000000000000000358762563027498,0.000000000046861336338979,0.000113989151974829,6813.23423773368,147.67054072214,6959.90489244501,816.652860796497,247.664030548994,"Malawi","Lilongwe","STA Chitekwele",51,6960.904893,"Elderly",63179.798583,11
"257",257,0.000000554982948088914,0.00000000000000000000000000000000268212830193049,-0.000000000000000000000000000000243019803292057,0.0000000000413553887507553,0.000107082968389921,6813.23424052203,147.670544839979,6959.90489244501,816.652860796497,247.664030548996,"Malawi","Lilongwe","STA Chitekwele",51,6960.904893,"Elderly",63179.798583,11
"258",258,0.000000554982948088914,0.00000000000000000000000000000000182576536395199,-0.00000000000000000000000000000016472265820016,0.0000000000364963604090837,0.000100595205004889,6813.23424314144,147.670548708333,6959.90489244501,816.652860796497,247.664030548997,"Malawi","Lilongwe","STA Chitekwele",51,6960.904893,"Elderly",63179.798583,11
"259",259,0.000000554982948088914,0.00000000000000000000000000000000124275564963248,-0.000000000000000000000000000000111644507869242,0.0000000000322082408556327,0.0000945005112711851,6813.23424560216,147.670552342318,6959.90489244501,816.652860796497,247.664030548998,"Malawi","Lilongwe","STA Chitekwele",51,6960.904893,"Elderly",63179.798583,11
"260",260,0.000000554982948088914,0.000000000000000000000000000000000845764042819421,-0.0000000000000000000000000000000756501710953417,0.0000000000284239515038992,0.0000887750725579497,6813.23424791378,147.670555756133,6959.90489244501,816.652860796497,247.664030548999,"Malawi","Lilongwe","STA Chitekwele",51,6960.904893,"Elderly",63179.798583,11
"261",261,0.000000554982948088914,0.000000000000000000000000000000000575624338576396,-0.0000000000000000000000000000000512632891585438,0.0000000000250842951286102,0.0000833965170736083,6813.23425008536,147.670558963118,6959.90489244501,816.652860796497,247.664030549,"Malawi","Lilongwe","STA Chitekwele",51,6960.904893,"Elderly",63179.798583,11
"262",262,0.000000554982948088914,0.000000000000000000000000000000000391781460403433,-0.0000000000000000000000000000000347389311960016,0.0000000000221370298219811,0.0000783438284492768,6813.23425212536,147.670561975803,6959.90489244501,816.652860796497,247.664030549001,"Malawi","Lilongwe","STA Chitekwele",51,6960.904893,"Elderly",63179.798583,11
"263",263,0.000000554982948088914,0.000000000000000000000000000000000266645904168019,-0.000000000000000000000000000000023539650605603,0.0000000000195360518134802,0.000073597263619093,6813.23425404177,147.67056480596,6959.90489244501,816.652860796497,247.664030549002,"Malawi","Lilongwe","STA Chitekwele",51,6960.904893,"Elderly",63179.798583,11
"264",264,0.000000554982948088914,0.000000000000000000000000000000000181478479729551,-0.0000000000000000000000000000000159504628045243,0.0000000000172406742696901,0.000069138275675646,6813.23425584208,147.670567464649,6959.90489244501,816.652860796497,247.664030549003,"Malawi","Lilongwe","STA Chitekwele",51,6960.904893,"Elderly",63179.798583,11
"265",265,0.000000554982948088914,0.000000000000000000000000000000000123515052384594,-0.0000000000000000000000000000000108079781382872,0.0000000000152149908339448,0.0000649494413993037,6813.2342575333,147.670569962258,6959.90489244501,816.652860796497,247.664030549003,"Malawi","Lilongwe","STA Chitekwele",51,6960.904893,"Elderly",63179.798583,11
"266",266,0.000000554982948088914,0.0000000000000000000000000000000000840646640819147,-0.00000000000000000000000000000000732328047861527,0.0000000000134273139469956,0.000061014393178251,6813.23425912207,147.670572308545,6959.90489244501,816.652860796497,247.664030549004,"Malawi","Lilongwe","STA Chitekwele",51,6960.904893,"Elderly",63179.798583,11
"267",267,0.000000554982948088914,0.0000000000000000000000000000000000572144811303323,-0.00000000000000000000000000000000496199771827781,0.000000000011849679161748,0.0000573177550532251,6813.23426061457,147.67057451268,6959.90489244501,816.652860796497,247.664030549004,"Malawi","Lilongwe","STA Chitekwele",51,6960.904893,"Elderly",63179.798583,11
"268",268,0.000000554982948088914,0.0000000000000000000000000000000000389402873441786,-0.00000000000000000000000000000000336201543517049,0.0000000000104574076982674,0.000053845082637048,6813.23426201665,147.670576583274,6959.90489244501,816.652860796497,247.664030549005,"Malawi","Lilongwe","STA Chitekwele",51,6960.904893,"Elderly",63179.798583,11
"269",269,0.000000554982948088914,0.0000000000000000000000000000000000265028439371518,-0.0000000000000000000000000000000022778981402436,0.00000000000922872039614362,0.0000505828066741992,6813.23426333378,147.670578528419,6959.90489244501,816.652860796497,247.664030549005,"Malawi","Lilongwe","STA Chitekwele",51,6960.904893,"Elderly",63179.798583,11
"270",270,0.000000554982948088914,0.0000000000000000000000000000000000180378818265145,-0.0000000000000000000000000000000015433329455674,0.00000000000814439702530758,0.0000475181800198949,6813.23426457112,147.670580355714,6959.90489244501,816.652860796497,247.664030549006,"Malawi","Lilongwe","STA Chitekwele",51,6960.904893,"Elderly",63179.798583,11
"271",271,0.000000554982948088914,0.0000000000000000000000000000000000122766149065433,-0.00000000000000000000000000000000104562519078544,0.00000000000718747562593364,0.0000446392278314977,6813.23426573348,147.6705820723,6959.90489244501,816.652860796497,247.664030549006,"Malawi","Lilongwe","STA Chitekwele",51,6960.904893,"Elderly",63179.798583,11
"272",272,0.000000554982948088914,0.00000000000000000000000000000000000835548768942086,-0.000000000000000000000000000000000708408114291213,0.00000000000634298717423334,0.0000419347007776368,6813.23426682543,147.670583684885,6959.90489244501,816.652860796497,247.664030549006,"Malawi","Lilongwe","STA Chitekwele",51,6960.904893,"Elderly",63179.798583,11
"273",273,0.000000554982948088914,0.00000000000000000000000000000000000568676051839195,-0.000000000000000000000000000000000479934363500115,0.00000000000559772142354394,0.0000393940310822062,6813.23426785121,147.670585199769,6959.90489244501,816.652860796497,247.664030549006,"Malawi","Lilongwe","STA Chitekwele",51,6960.904893,"Elderly",63179.798583,11
"274",274,0.000000554982948088914,0.00000000000000000000000000000000000387041970684,-0.000000000000000000000000000000000325140401670636,0.00000000000494002025778811,0.0000370072912314888,6813.23426881485,147.670586622871,6959.90489244501,816.652860796497,247.664030549007,"Malawi","Lilongwe","STA Chitekwele",51,6960.904893,"Elderly",63179.798583,11
"275",275,0.000000554982948088914,0.00000000000000000000000000000000000263421489061532,-0.000000000000000000000000000000000220267672025223,0.00000000000435959532475389,0.0000347651551830571,6813.2342697201,147.670587959754,6959.90489244501,816.652860796497,247.664030549007,"Malawi","Lilongwe","STA Chitekwele",51,6960.904893,"Elderly",63179.798583,11
"276",276,0.000000554982948088914,0.00000000000000000000000000000000000179285157984192,-0.000000000000000000000000000000000149217998099939,0.00000000000384736709645113,0.0000326588619248779,6813.23427057051,147.670589215639,6959.90489244501,816.652860796497,247.664030549007,"Malawi","Lilongwe","STA Chitekwele",51,6960.904893,"Elderly",63179.798583,11
"277",277,0.000000554982948088914,0.00000000000000000000000000000000000122020144993178,-0.000000000000000000000000000000000101082507077255,0.00000000000339532159719038,0.0000306801799174484,6813.2342713694,147.670590395436,6959.90489244501,816.652860796497,247.664030549007,"Malawi","Lilongwe","STA Chitekwele",51,6960.904893,"Elderly",63179.798583,11
"278",278,0.000000554982948088914,0.000000000000000000000000000000000000826283505966446,-0.000000000000000000000000000000000068116483629549,0.00000000000299589158459358,0.0000288207951983101,6813.23427212012,147.670591504101,6959.90489244501,816.652860796497,247.664030549007,"Malawi","Lilongwe","STA Chitekwele",51,6960.904893,"Elderly",63179.798583,11
"279",279,0.000000554982948088914,0.000000000000000000000000000000000000560819315481918,-0.0000000000000000000000000000000000460139904627488,0.00000000000264344935140874,0.0000270740851953893,6813.23427282535,147.670592545583,6959.90489244501,816.652860796497,247.664030549007,"Malawi","Lilongwe","STA Chitekwele",51,6960.904893,"Elderly",63179.798583,11
"280",280,0.000000554982948088914,0.000000000000000000000000000000000000381533317735481,-0.0000000000000000000000000000000000311611891650733,0.00000000000233247694908048,0.0000254332382970971,6813.23427348783,147.670593523944,6959.90489244501,816.652860796497,247.664030549007,"Malawi","Lilongwe","STA Chitekwele",51,6960.904893,"Elderly",63179.798583,11
"281",281,0.000000554982948088914,0.000000000000000000000000000000000000259566300628145,-0.0000000000000000000000000000000000211025675992873,0.0000000000020580870621903,0.0000238918362700765,6813.23427411017,147.670594443011,6959.90489244501,816.652860796497,247.664030549007,"Malawi","Lilongwe","STA Chitekwele",51,6960.904893,"Elderly",63179.798583,11
"282",282,0.000000554982948088914,0.000000000000000000000000000000000000176540957448208,-0.0000000000000000000000000000000000142861278809454,0.00000000000181597604954514,0.0000224438521557539,6813.23427469479,147.670595306377,6959.90489244501,816.652860796497,247.664030549008,"Malawi","Lilongwe","STA Chitekwele",51,6960.904893,"Elderly",63179.798583,11
"283",283,0.000000554982948088914,0.000000000000000000000000000000000000120068031152597,-0.00000000000000000000000000000000000967090001547696,0.00000000000160234669944844,0.0000210836242889645,6813.23427524397,147.670596117418,6959.90489244501,816.652860796497,247.664030549008,"Malawi","Lilongwe","STA Chitekwele",51,6960.904893,"Elderly",63179.798583,11
"284",284,0.000000554982948088914,0.0000000000000000000000000000000000000816622576039494,-0.00000000000000000000000000000000000654671907894855,0.00000000000141384846245234,0.0000198058341319048,6813.23427575988,147.670596879306,6959.90489244501,816.652860796497,247.664030549008,"Malawi","Lilongwe","STA Chitekwele",51,6960.904893,"Elderly",63179.798583,11
"285",285,0.000000554982948088914,0.0000000000000000000000000000000000000555416332224775,-0.00000000000000000000000000000000000443174533871458,0.00000000000124752494293099,0.0000186054854809376,6813.23427624451,147.670597595018,6959.90489244501,816.652860796497,247.664030549008,"Malawi","Lilongwe","STA Chitekwele",51,6960.904893,"Elderly",63179.798583,11
"286",286,0.000000554982948088914,0.0000000000000000000000000000000000000377759061133931,-0.00000000000000000000000000000000000299995670057831,0.00000000000110076753242327,0.0000174778849313145,6813.23427669978,147.670598267354,6959.90489244501,816.652860796497,247.664030549008,"Malawi","Lilongwe","STA Chitekwele",51,6960.904893,"Elderly",63179.798583,11
"287",287,0.000000554982948088914,0.0000000000000000000000000000000000000256927520316165,-0.00000000000000000000000000000000000203069533710956,0.000000000000971274496195957,0.0000164186235258121,6813.23427712745,147.670598898943,6959.90489244501,816.652860796497,247.664030549008,"Malawi","Lilongwe","STA Chitekwele",51,6960.904893,"Elderly",63179.798583,11
"288",288,0.000000554982948088914,0.0000000000000000000000000000000000000174745667984927,-0.00000000000000000000000000000000000137456332202642,0.000000000000857014872962263,0.0000154235595155689,6813.2342775292,147.670599492253,6959.90489244501,816.652860796497,247.664030549008,"Malawi","Lilongwe","STA Chitekwele",51,6960.904893,"Elderly",63179.798583,11
"289",289,0.000000554982948088914,0.0000000000000000000000000000000000000118850846167872,-0.000000000000000000000000000000000000930411020742057,0.000000000000756196621403248,0.0000144888021657143,6813.23427790661,147.670600049606,6959.90489244501,816.652860796497,247.664030549008,"Malawi","Lilongwe","STA Chitekwele",51,6960.904893,"Elderly",63179.798583,11
"290",290,0.000000554982948088914,0.00000000000000000000000000000000000000808347574387765,-0.000000000000000000000000000000000000629759716823414,0.000000000000667238513895506,0.0000136106965424696,6813.23427826114,147.67060057318,6959.90489244501,816.652860796497,247.664030549008,"Malawi","Lilongwe","STA Chitekwele",51,6960.904893,"Elderly",63179.798583,11
"291",291,0.000000554982948088914,0.0000000000000000000000000000000000000054978640095267,-0.00000000000000000000000000000000000042625033659618,0.000000000000588745336628625,0.0000127858092222385,6813.23427859419,147.670601065022,6959.90489244501,816.652860796497,247.664030549008,"Malawi","Lilongwe","STA Chitekwele",51,6960.904893,"Elderly",63179.798583,11
"292",292,0.000000554982948088914,0.0000000000000000000000000000000000000037392960104499,-0.000000000000000000000000000000000000288499011109411,0.000000000000519486007152512,0.0000120109148668081,6813.23427890705,147.670601527056,6959.90489244501,816.652860796497,247.664030549008,"Malawi","Lilongwe","STA Chitekwele",51,6960.904893,"Elderly",63179.798583,11
"293",293,0.000000554982948088914,0.00000000000000000000000000000000000000254323036339977,-0.000000000000000000000000000000000000195260124054904,0.000000000000458374266151494,0.0000112829836121708,6813.23427920094,147.670601961087,6959.90489244501,816.652860796497,247.664030549008,"Malawi","Lilongwe","STA Chitekwele",51,6960.904893,"Elderly",63179.798583,11
"294",294,0.000000554982948088914,0.00000000000000000000000000000000000000172974288972901,-0.000000000000000000000000000000000000132151570399183,0.000000000000404451640616061,0.0000105991692216563,6813.23427947703,147.670602368814,6959.90489244501,816.652860796497,247.664030549008,"Malawi","Lilongwe","STA Chitekwele",51,6960.904893,"Elderly",63179.798583,11
"295",295,0.000000554982948088914,0.00000000000000000000000000000000000000117646065732921,-0.0000000000000000000000000000000000000894376804510202,0.000000000000356872411207656,0.00000995679795705096,6813.23427973639,147.670602751831,6959.90489244501,816.652860796497,247.664030549008,"Malawi","Lilongwe","STA Chitekwele",51,6960.904893,"Elderly",63179.798583,11
"296",296,0.000000554982948088914,0.000000000000000000000000000000000000000800153414003836,-0.000000000000000000000000000000000000060528240958584,0.000000000000314890348045504,0.00000935335812419313,6813.23427998002,147.670603111634,6959.90489244501,816.652860796497,247.664030549008,"Malawi","Lilongwe","STA Chitekwele",51,6960.904893,"Elderly",63179.798583,11
"297",297,0.000000554982948088914,0.000000000000000000000000000000000000000544213257075171,-0.0000000000000000000000000000000000000409623437982695,0.000000000000277847006880343,0.00000878649025216447,6813.23428020889,147.670603449631,6959.90489244501,816.652860796497,247.664030549008,"Malawi","Lilongwe","STA Chitekwele",51,6960.904893,"Elderly",63179.798583,11
"298",298,0.000000554982948088914,0.000000000000000000000000000000000000000370139105936593,-0.0000000000000000000000000000000000000277204742138401,0.000000000000245161402092928,0.00000825397786767951,6813.2342804239,147.670603767143,6959.90489244501,816.652860796497,247.664030549008,"Malawi","Lilongwe","STA Chitekwele",51,6960.904893,"Elderly",63179.798583,11
"299",299,0.000000554982948088914,0.000000000000000000000000000000000000000251744984167637,-0.0000000000000000000000000000000000000187588199288096,0.000000000000216320894549187,0.00000775373882860041,6813.23428062586,147.670604065413,6959.90489244501,816.652860796497,247.664030549008,"Malawi","Lilongwe","STA Chitekwele",51,6960.904893,"Elderly",63179.798583,11
"300",300,0.000000554982948088914,0.000000000000000000000000000000000000000171220862796544,-0.000000000000000000000000000000000000012694022502804,0.00000000000019087315139772,0.00000728381718269078,6813.23428081559,147.670604345605,6959.90489244501,816.652860796497,247.664030549008,"Malawi","Lilongwe","STA Chitekwele",51,6960.904893,"Elderly",63179.798583,11
"301",301,0.000000554982948088914,0.000000000000000000000000000000000000000116453497426527,-0.00000000000000000000000000000000000000858977504327306,0.000000000000168419051707521,0.00000684237551977602,6813.23428099382,147.670604608817,6959.90489244501,816.652860796497,247.664030549008,"Malawi","Lilongwe","STA Chitekwele",51,6960.904893,"Elderly",63179.798583,11
"302",302,0.000000554982948088914,0.0000000000000000000000000000000000000000792042327412212,-0.00000000000000000000000000000000000000581236633669434,0.000000000000148606426678402,0.00000642768778740707,6813.23428116125,147.670604856076,6959.90489244501,816.652860796497,247.664030549008,"Malawi","Lilongwe","STA Chitekwele",51,6960.904893,"Elderly",63179.798583,11
"303",303,0.000000554982948088914,0.0000000000000000000000000000000000000000538696614932936,-0.00000000000000000000000000000000000000393289826801378,0.000000000000131124536245902,0.00000603813254193637,6813.23428131854,147.67060508835,6959.90489244501,816.652860796497,247.664030549008,"Malawi","Lilongwe","STA Chitekwele",51,6960.904893,"Elderly",63179.798583,11
"304",304,0.000000554982948088914,0.0000000000000000000000000000000000000000366387038908139,-0.000000000000000000000000000000000000002661098029249,0.000000000000115699195452101,0.00000567218660861779,6813.23428146628,147.670605306546,6959.90489244501,816.652860796497,247.664030549008,"Malawi","Lilongwe","STA Chitekwele",51,6960.904893,"Elderly",63179.798583,11
"305",305,0.000000554982948088914,0.0000000000000000000000000000000000000000249193068232557,-0.00000000000000000000000000000000000000180051747314122,0.000000000000102088474144608,0.00000532841912594107,6813.23428160508,147.670605511519,6959.90489244501,816.652860796497,247.664030549008,"Malawi","Lilongwe","STA Chitekwele",51,6960.904893,"Elderly",63179.798583,11
"306",306,0.000000554982948088914,0.0000000000000000000000000000000000000000169485212849031,-0.00000000000000000000000000000000000000121820952648186,0.0000000000000900789025580481,0.00000500548595091417,6813.23428173546,147.670605704069,6959.90489244501,816.652860796497,247.664030549008,"Malawi","Lilongwe","STA Chitekwele",51,6960.904893,"Elderly",63179.798583,11
"307",307,0.000000554982948088914,0.000000000000000000000000000000000000000011527301937873,-0.000000000000000000000000000000000000000824203970297314,0.0000000000000794821232666142,0.00000470212440341785,6813.23428185794,147.670605884949,6959.90489244501,816.652860796497,247.664030549008,"Malawi","Lilongwe","STA Chitekwele",51,6960.904893,"Elderly",63179.798583,11
"308",308,0.000000554982948088914,0.00000000000000000000000000000000000000000784013470995762,-0.000000000000000000000000000000000000000557616154033947,0.0000000000000701319369971036,0.00000441714832908283,6813.234281973,147.670606054868,6959.90489244501,816.652860796497,247.664030549008,"Malawi","Lilongwe","STA Chitekwele",51,6960.904893,"Elderly",63179.798583,11
"309",309,0.000000554982948088914,0.00000000000000000000000000000000000000000533235900479456,-0.000000000000000000000000000000000000000377245264224367,0.0000000000000618816959691321,0.00000414944346138518,6813.23428208108,147.670606214488,6959.90489244501,816.652860796497,247.664030549008,"Malawi","Lilongwe","STA Chitekwele",51,6960.904893,"Elderly",63179.798583,11
"310",310,0.000000554982948088914,0.00000000000000000000000000000000000000000362673010308674,-0.000000000000000000000000000000000000000255211312767642,0.0000000000000546020038798337,0.00000389796306482561,6813.23428218262,147.670606364434,6959.90489244501,816.652860796497,247.664030549008,"Malawi","Lilongwe","STA Chitekwele",51,6960.904893,"Elderly",63179.798583,11
"311",311,0.000000554982948088914,0.00000000000000000000000000000000000000000246667023598757,-0.000000000000000000000000000000000000000172648809948486,0.0000000000000481786864597335,0.00000366172384215737,6813.234282278,147.670606505292,6959.90489244501,816.652860796497,247.664030549008,"Malawi","Lilongwe","STA Chitekwele",51,6960.904893,"Elderly",63179.798583,11
"312",312,0.000000554982948088914,0.00000000000000000000000000000000000000000167767158902205,-0.000000000000000000000000000000000000000116792422068962,0.0000000000000425110007701128,0.00000343980208965978,6813.2342823676,147.670606637614,6959.90489244501,816.652860796497,247.664030549008,"Malawi","Lilongwe","STA Chitekwele",51,6960.904893,"Elderly",63179.798583,11
"313",313,0.000000554982948088914,0.00000000000000000000000000000000000000000114104509002616,-0.0000000000000000000000000000000000000000790047153050989,0.0000000000000375100551565873,0.00000323133008542462,6813.23428245177,147.670606761916,6959.90489244501,816.652860796497,247.664030549008,"Malawi","Lilongwe","STA Chitekwele",51,6960.904893,"Elderly",63179.798583,11
"314",314,0.000000554982948088914,0.000000000000000000000000000000000000000000776066011010394,-0.0000000000000000000000000000000000000000534414819032353,0.0000000000000330974150775441,0.00000303549269653317,6813.23428253084,147.670606878685,6959.90489244501,816.652860796497,247.664030549008,"Malawi","Lilongwe","STA Chitekwele",51,6960.904893,"Elderly",63179.798583,11
"315",315,0.000000554982948088914,0.000000000000000000000000000000000000000000527830546660627,-0.0000000000000000000000000000000000000000361485568436675,0.0000000000000292038729413297,0.00000285152419185806,6813.23428260511,147.670606988377,6959.90489244501,816.652860796497,247.664030549008,"Malawi","Lilongwe","STA Chitekwele",51,6960.904893,"Elderly",63179.798583,11
"316",316,0.000000554982948088914,0.000000000000000000000000000000000000000000358996634464114,-0.0000000000000000000000000000000000000000244506428916149,0.0000000000000257683626583873,0.00000267870524802783,6813.23428267489,147.670607091421,6959.90489244501,816.652860796497,247.664030549008,"Malawi","Lilongwe","STA Chitekwele",51,6960.904893,"Elderly",63179.798583,11
"317",317,0.000000554982948088914,0.000000000000000000000000000000000000000000244166587955194,-0.0000000000000000000000000000000000000000165377454721981,0.0000000000000227370018842416,0.00000251636013684738,6813.23428274044,147.67060718822,6959.90489244501,816.652860796497,247.664030549008,"Malawi","Lilongwe","STA Chitekwele",51,6960.904893,"Elderly",63179.798583,11
"318",318,0.000000554982948088914,0.000000000000000000000000000000000000000000166066522548934,-0.00000000000000000000000000000000000000001118533196205,0.0000000000000200622469319268,0.00000236385408317704,6813.23428280201,147.670607279152,6959.90489244501,816.652860796497,247.664030549008,"Malawi","Lilongwe","STA Chitekwele",51,6960.904893,"Elderly",63179.798583,11
"319",319,0.000000554982948088914,0.000000000000000000000000000000000000000000112947844957129,-0.00000000000000000000000000000000000000000756498122417494,0.0000000000000177021470995506,0.00000222059078293959,6813.23428285985,147.670607364573,6959.90489244501,816.652860796497,247.664030549008,"Malawi","Lilongwe","STA Chitekwele",51,6960.904893,"Elderly",63179.798583,11
"320",320,0.000000554982948088914,0.0000000000000000000000000000000000000000000768199122172187,-0.00000000000000000000000000000000000000000511626558042671,0.0000000000000156196867179141,0.00000208601007155034,6813.23428291419,147.670607444818,6959.90489244501,816.652860796497,247.664030549008,"Malawi","Lilongwe","STA Chitekwele",51,6960.904893,"Elderly",63179.798583,11
"321",321,0.000000554982948088914,0.0000000000000000000000000000000000000000000522479992171326,-0.00000000000000000000000000000000000000000346006612704064,0.0000000000000137822045988972,0.00000195958573365396,6813.23428296523,147.670607520199,6959.90489244501,816.652860796497,247.664030549008,"Malawi","Lilongwe","STA Chitekwele",51,6960.904893,"Elderly",63179.798583,11
"322",322,0.000000554982948088914,0.0000000000000000000000000000000000000000000355357529610763,-0.00000000000000000000000000000000000000000233992346067926,0.0000000000000121608817792749,0.00000184082344560395,6813.23428301318,147.670607591011,6959.90489244501,816.652860796497,247.664030549008,"Malawi","Lilongwe","STA Chitekwele",51,6960.904893,"Elderly",63179.798583,11
"323",323,0.000000554982948088914,0.0000000000000000000000000000000000000000000241691501650723,-0.00000000000000000000000000000000000000000158235774625443,0.0000000000000107302895257652,0.00000172925884263981,6813.23428305822,147.670607657532,6959.90489244501,816.652860796497,247.664030549008,"Malawi","Lilongwe","STA Chitekwele",51,6960.904893,"Elderly",63179.798583,11
"324",324,0.000000554982948088914,0.0000000000000000000000000000000000000000000164383127191187,-0.00000000000000000000000000000000000000000107002348942425,0.00000000000000946799051224823,0.00000162445570320445,6813.23428310054,147.670607720021,6959.90489244501,816.652860796497,247.664030549008,"Malawi","Lilongwe","STA Chitekwele",51,6960.904893,"Elderly",63179.798583,11
"325",325,0.000000554982948088914,0.0000000000000000000000000000000000000000000111802907131628,-0.000000000000000000000000000000000000000000723548065907547,0.00000000000000835418691404131,0.00000152600424330257,6813.23428314029,147.670607778723,6959.90489244501,816.652860796497,247.664030549008,"Malawi","Lilongwe","STA Chitekwele",51,6960.904893,"Elderly",63179.798583,11
"326",326,0.000000554982948088914,0.00000000000000000000000000000000000000000000760411987565713,-0.000000000000000000000000000000000000000000489245380450848,0.00000000000000737140989996265,0.00000143351951423082,6813.23428317763,147.670607833868,6959.90489244501,816.652860796497,247.664030549008,"Malawi","Lilongwe","STA Chitekwele",51,6960.904893,"Elderly",63179.798583,11
"327",327,0.000000554982948088914,0.00000000000000000000000000000000000000000000517183681398145,-0.000000000000000000000000000000000000000000330804324687139,0.00000000000000650424565219378,0.00000134663989741472,6813.23428321271,147.67060788567,6959.90489244501,816.652860796497,247.664030549008,"Malawi","Lilongwe","STA Chitekwele",51,6960.904893,"Elderly",63179.798583,11
"328",328,0.000000554982948088914,0.00000000000000000000000000000000000000000000351755317856068,-0.000000000000000000000000000000000000000000223666295901793,0.00000000000000573909361685287,0.00000126502569046736,6813.23428324566,147.670607934333,6959.90489244501,816.652860796497,247.664030549008,"Malawi","Lilongwe","STA Chitekwele",51,6960.904893,"Elderly",63179.798583,11
"329",329,0.000000554982948088914,0.00000000000000000000000000000000000000000000239241507667098,-0.000000000000000000000000000000000000000000151221887792112,0.00000000000000506395319369468,0.00000118835777894104,6813.23428327661,147.670607980046,6959.90489244501,816.652860796497,247.664030549008,"Malawi","Lilongwe","STA Chitekwele",51,6960.904893,"Elderly",63179.798583,11
"330",330,0.000000554982948088914,0.00000000000000000000000000000000000000000000162716798021659,-0.000000000000000000000000000000000000000000102238230767871,0.00000000000000446823551939071,0.0000011163363885785,6813.23428330569,147.670608022989,6959.90489244501,816.652860796497,247.664030549008,"Malawi","Lilongwe","STA Chitekwele",51,6960.904893,"Elderly",63179.798583,11
"331",331,0.000000554982948088914,0.00000000000000000000000000000000000000000000110669576633414,-0.0000000000000000000000000000000000000000000691188287245117,0.00000000000000394259739240957,0.00000104867991318501,6813.234283333,147.67060806333,6959.90489244501,816.652860796497,247.664030549008,"Malawi","Lilongwe","STA Chitekwele",51,6960.904893,"Elderly",63179.798583,11
"332",332,0.000000554982948088914,0.000000000000000000000000000000000000000000000752703798559181,-0.0000000000000000000000000000000000000000000467265374652447,0.00000000000000347879473478478,0.000000985123813538163,6813.23428335867,147.670608101225,6959.90489244501,816.652860796497,247.664030549008,"Malawi","Lilongwe","STA Chitekwele",51,6960.904893,"Elderly",63179.798583,11
"333",333,0.000000554982948088914,0.000000000000000000000000000000000000000000000511941064361674,-0.0000000000000000000000000000000000000000000315874685762571,0.00000000000000306955329247302,0.0000009254195830302,6813.23428338277,147.670608136824,6959.90489244501,816.652860796497,247.664030549008,"Malawi","Lilongwe","STA Chitekwele",51,6960.904893,"Elderly",63179.798583,11
"334",334,0.000000554982948088914,0.000000000000000000000000000000000000000000000348189625139354,-0.0000000000000000000000000000000000000000000213525546616366,0.00000000000000270845454637462,0.000000869333775998352,6813.23428340542,147.670608170265,6959.90489244501,816.652860796497,247.664030549008,"Malawi","Lilongwe","STA Chitekwele",51,6960.904893,"Elderly",63179.798583,11
"335",335,0.000000554982948088914,0.000000000000000000000000000000000000000000000236816351592272,-0.0000000000000000000000000000000000000000000144333937183845,0.00000000000000238983504465148,0.000000816647094944052,6813.23428342669,147.67060820168,6959.90489244501,816.652860796497,247.664030549008,"Malawi","Lilongwe","STA Chitekwele",51,6960.904893,"Elderly",63179.798583,11
"336",336,0.000000554982948088914,0.000000000000000000000000000000000000000000000161067362005616,-0.00000000000000000000000000000000000000000000975597027101321,0.00000000000000210869757747612,0.000000767153533071949,6813.23428344667,147.670608231191,6959.90489244501,816.652860796497,247.664030549008,"Malawi","Lilongwe","STA Chitekwele",51,6960.904893,"Elderly",63179.798583,11
"337",337,0.000000554982948088914,0.000000000000000000000000000000000000000000000109547735775372,-0.00000000000000000000000000000000000000000000659410204916808,0.00000000000000186063280108194,0.000000720659568796045,6813.23428346544,147.670608258913,6959.90489244501,816.652860796497,247.664030549008,"Malawi","Lilongwe","STA Chitekwele",51,6960.904893,"Elderly",63179.798583,11
"338",338,0.000000554982948088914,0.0000000000000000000000000000000000000000000000745073754720425,-0.0000000000000000000000000000000000000000000044568070706635,0.00000000000000164175008187072,0.000000676983409063439,6813.23428348308,147.670608284955,6959.90489244501,816.652860796497,247.664030549008,"Malawi","Lilongwe","STA Chitekwele",51,6960.904893,"Elderly",63179.798583,11
"339",339,0.000000554982948088914,0.000000000000000000000000000000000000000000000050675159665936,-0.00000000000000000000000000000000000000000000301213730352492,0.00000000000000144861647594045,0.000000635954278537051,6813.23428349964,147.670608309419,6959.90489244501,816.652860796497,247.664030549008,"Malawi","Lilongwe","STA Chitekwele",51,6960.904893,"Elderly",63179.798583,11
"340",340,0.000000554982948088914,0.0000000000000000000000000000000000000000000000344660081192969,-0.00000000000000000000000000000000000000000000203567402474107,0.00000000000000127820288699177,0.000000597411751857996,6813.2342835152,147.6706083324,6959.90489244501,816.652860796497,247.664030549008,"Malawi","Lilongwe","STA Chitekwele",51,6960.904893,"Elderly",63179.798583,11
"341",341,0.000000554982948088914,0.0000000000000000000000000000000000000000000000234415781593969,-0.00000000000000000000000000000000000000000000137570090281102,0.00000000000000112783655815692,0.000000561205126376753,6813.23428352982,147.670608353988,6959.90489244501,816.652860796497,247.664030549008,"Malawi","Lilongwe","STA Chitekwele",51,6960.904893,"Elderly",63179.798583,11
"342",342,0.000000554982948088914,0.0000000000000000000000000000000000000000000000159434647862915,-0.000000000000000000000000000000000000000000000929655190518789,0.000000000000000995159152635717,0.000000527192832900455,6813.23428354355,147.670608374268,6959.90489244501,816.652860796497,247.664030549008,"Malawi","Lilongwe","STA Chitekwele",51,6960.904893,"Elderly",63179.798583,11
"343",343,0.000000554982948088914,0.0000000000000000000000000000000000000000000000108437268063751,-0.000000000000000000000000000000000000000000000628205350738703,0.000000000000000878089765677596,0.000000495241882152329,6813.23428355645,147.670608393319,6959.90489244501,816.652860796497,247.664030549008,"Malawi","Lilongwe","STA Chitekwele",51,6960.904893,"Elderly",63179.798583,11
"344",344,0.000000554982948088914,0.00000000000000000000000000000000000000000000000737521063733758,-0.000000000000000000000000000000000000000000000424485621160329,0.000000000000000774792287791959,0.000000465227344778901,6813.23428356857,147.670608411215,6959.90489244501,816.652860796497,247.664030549008,"Malawi","Lilongwe","STA Chitekwele",51,6960.904893,"Elderly",63179.798583,11
"345",345,0.000000554982948088914,0.00000000000000000000000000000000000000000000000501614739408957,-0.000000000000000000000000000000000000000000000286817545261973,0.000000000000000683646607313163,0.000000437031862871801,6813.23428357996,147.670608428027,6959.90489244501,816.652860796497,247.664030549008,"Malawi","Lilongwe","STA Chitekwele",51,6960.904893,"Elderly",63179.798583,11
"346",346,0.000000554982948088914,0.00000000000000000000000000000000000000000000000341166319503816,-0.000000000000000000000000000000000000000000000193789203350857,0.000000000000000603223200662902,0.000000410545191094165,6813.23428359065,147.67060844382,6959.90489244501,816.652860796497,247.664030549008,"Malawi","Lilongwe","STA Chitekwele",51,6960.904893,"Elderly",63179.798583,11
"347",347,0.000000554982948088914,0.00000000000000000000000000000000000000000000000232039548393518,-0.000000000000000000000000000000000000000000000130928538776664,0.000000000000000532260711785133,0.000000385663765617467,6813.23428360069,147.670608458655,6959.90489244501,816.652860796497,247.664030549008,"Malawi","Lilongwe","STA Chitekwele",51,6960.904893,"Elderly",63179.798583,11
"348",348,0.000000554982948088914,0.00000000000000000000000000000000000000000000000157818486050215,-0.0000000000000000000000000000000000000000000000884544505369127,0.000000000000000469646169110683,0.000000362290299183266,6813.23428361013,147.670608472592,6959.90489244501,816.652860796497,247.664030549008,"Malawi","Lilongwe","STA Chitekwele",51,6960.904893,"Elderly",63179.798583,11
"349",349,0.000000554982948088914,0.00000000000000000000000000000000000000000000000107338058186056,-0.0000000000000000000000000000000000000000000000597565368440484,0.000000000000000414397529775559,0.000000340333400706572,6813.234283619,147.670608485684,6959.90489244501,816.652860796497,247.664030549008,"Malawi","Lilongwe","STA Chitekwele",51,6960.904893,"Elderly",63179.798583,11
"350",350,0.000000554982948088914,0.000000000000000000000000000000000000000000000000730044941317655,-0.0000000000000000000000000000000000000000000000403674436488363,0.000000000000000365648277317502,0.000000319707217933465,6813.23428362733,147.670608497982,6959.90489244501,816.652860796497,247.664030549008,"Malawi","Lilongwe","STA Chitekwele",51,6960.904893,"Elderly",63179.798583,11
"351",351,0.000000554982948088914,0.000000000000000000000000000000000000000000000000496529959192539,-0.0000000000000000000000000000000000000000000000272682269024469,0.000000000000000322633831281932,0.000000300331101755727,6813.23428363515,147.670608509535,6959.90489244501,816.652860796497,247.664030549008,"Malawi","Lilongwe","STA Chitekwele",51,6960.904893,"Elderly",63179.798583,11
"352",352,0.000000554982948088914,0.00000000000000000000000000000000000000000000000033770797727528,-0.0000000000000000000000000000000000000000000000184188324290799,0.000000000000000284679555586342,0.000000282129290869965,6813.2342836425,147.670608520388,6959.90489244501,816.652860796497,247.664030549008,"Malawi","Lilongwe","STA Chitekwele",51,6960.904893,"Elderly",63179.798583,11
"353",353,0.000000554982948088914,0.000000000000000000000000000000000000000000000000229687405239959,-0.000000000000000000000000000000000000000000000012440749827305,0.000000000000000251190177567022,0.00000026503061554823,6813.2342836494,147.670608530583,6959.90489244501,816.652860796497,247.664030549008,"Malawi","Lilongwe","STA Chitekwele",51,6960.904893,"Elderly",63179.798583,11
"354",354,0.000000554982948088914,0.000000000000000000000000000000000000000000000000156218708743359,-0.00000000000000000000000000000000000000000000000840252841644329,0.000000000000000221640451757047,0.000000248968219361845,6813.23428365589,147.670608540161,6959.90489244501,816.652860796497,247.664030549008,"Malawi","Lilongwe","STA Chitekwele",51,6960.904893,"Elderly",63179.798583,11
"355",355,0.000000554982948088914,0.000000000000000000000000000000000000000000000000106249991999074,-0.00000000000000000000000000000000000000000000000567482012266603,0.000000000000000195566921966765,0.000000233879297770398,6813.23428366198,147.670608549157,6959.90489244501,816.652860796497,247.664030549008,"Malawi","Lilongwe","STA Chitekwele",51,6960.904893,"Elderly",63179.798583,11
