"","time","S","E","I","H","C","R","D","inci","hosp","crits","lvl2","lvl3","lvl4","ID","POP","start","age","tot_pop"
"1",1,13870.32508,0,1,0,0,0,0,0,0,0,"Malawi","Lilongwe","TA Chitukula",126,13871.32508,1,"Adults",40030.476291
"2",2,12366.988632784,1399.04548970076,98.0576199906287,0.177109511524005,0.00059915144033711,7.05562748740015,0.0000013742990596375,1503.33644721605,0.181270266603041,0.000605922469775054,"Malawi","Lilongwe","TA Chitukula",126,13871.32508,1,"Adults",40030.476291
"3",3,15.1449057122272,10757.200482449,2668.97852131695,10.377120218597,0.0571734992307857,419.566691251273,0.000185552708018813,13855.1801742878,10.7759974637342,0.058087698246986,"Malawi","Lilongwe","TA Chitukula",126,13871.32508,1,"Adults",40030.476291
"4",4,-0.000000413436729680332,7333.10424080506,4636.98968660206,43.9993850630104,0.515261752802113,1856.71331377727,0.00319241323413643,13870.3250804135,47.6455960757191,0.53099044288222,"Malawi","Lilongwe","TA Chitukula",126,13871.32508,1,"Adults",40030.476291
"5",5,-0.0000000272423708001851,4991.73602261226,5076.35163413478,83.6756939175307,1.61547568651857,3717.93024056209,0.0160131140510779,13870.3250800273,95.3106168932341,1.6943706445502,"Malawi","Lilongwe","TA Chitukula",126,13871.32508,1,"Adults",40030.476291
"6",6,0.000000341493042389651,3397.93812149481,4762.43093611585,118.754030848593,3.3179051732799,5588.83734539191,0.0467406340534887,13870.3250796585,143.118790896323,3.54819144678417,"Malawi","Lilongwe","TA Chitukula",126,13871.32508,1,"Adults",40030.476291
"7",7,0.000000306482107311023,2313.02106707324,4131.46447248251,145.161862257684,5.46173553583885,7276.11388133936,0.102061004880895,13870.3250796935,186.119502770113,5.96457955924738,"Malawi","Lilongwe","TA Chitukula",126,13871.32508,1,"Adults",40030.476291
"8",8,0.000000469056222077982,1574.5039666749,3417.91428277411,162.244288355427,7.85796461123591,8708.61820273738,0.18637437788674,13870.325079531,222.508876814424,8.77621190995884,"Malawi","Lilongwe","TA Chitukula",126,13871.32508,1,"Adults",40030.476291
"9",9,-0.0000000105424109451394,1071.78457239048,2738.84052561786,170.955908506723,10.3337816045386,9879.10853553445,0.301756356470977,13870.3250800106,252.125075282668,11.8205039874315,"Malawi","Lilongwe","TA Chitukula",126,13871.32508,1,"Adults",40030.476291
"10",10,-0.00000000734874257087074,729.577632880498,2144.96899206579,172.863578099187,12.7502016524799,10810.7163797827,0.448295526684304,13870.3250800074,275.583567824206,14.9589073827149,"Malawi","Lilongwe","TA Chitukula",126,13871.32508,1,"Adults",40030.476291
"11",11,-0.000000107226601452163,496.633056543766,1651.11944474846,169.626363296528,15.0056479986719,11538.3160121226,0.624555397185459,13870.3250801073,293.797312741982,18.0827678950392,"Malawi","Lilongwe","TA Chitukula",126,13871.32508,1,"Adults",40030.476291
"12",12,0.0000000882799742420741,338.064118427916,1253.96236565077,162.748758814429,17.0328226068158,12098.6889807395,0.828033672274323,13870.3250799118,307.724024017327,21.1124589357944,"Malawi","Lilongwe","TA Chitukula",126,13871.32508,1,"Adults",40030.476291
"13",13,0.0000000868511719328717,230.124407294165,942.097169662425,153.485394706101,18.7928970747586,12525.7696495709,1.05556160475583,13870.3250799132,318.244499133561,23.9935400128759,"Malawi","Lilongwe","TA Chitukula",126,13871.32508,1,"Adults",40030.476291
"14",14,0.000000560761417779586,156.648560279376,701.546607210556,142.825364592109,20.2691523277642,12848.7317702891,1.30362474031678,13870.3250794393,326.114123727245,26.6919766983529,"Malawi","Lilongwe","TA Chitukula",126,13871.32508,1,"Adults",40030.476291
"15",15,0.00000114832583436397,106.632630289744,518.564010582402,131.5145422153,21.4611195972716,13091.5841708007,1.5686053662096,13870.3250788517,331.953157891986,29.1894761268347,"Malawi","Lilongwe","TA Chitukula",126,13871.32508,1,"Adults",40030.476291
"16",16,-0.0000000146348848291187,72.586154508569,380.910701642205,120.093010305855,22.3796263390012,13273.5086310453,1.84695617374843,13870.3250800147,336.256021660864,31.4793885307483,"Malawi","Lilongwe","TA Chitukula",126,13871.32508,1,"Adults",40030.476291
"17",17,-0.00000000226496694443545,49.4102849856642,278.29459052275,108.935377130262,23.0428412769877,13409.5066686537,2.13531743293262,13870.3250800023,339.408417880116,33.563329591631,"Malawi","Lilongwe","TA Chitukula",126,13871.32508,1,"Adults",40030.476291
"18",18,-0.000000000804552302851255,33.6341923412326,202.374793588345,98.2881000852008,23.4732491897077,13511.1241547816,2.43059001473055,13870.3250800008,341.706352726018,35.4485149995046,"Malawi","Lilongwe","TA Chitukula",126,13871.32508,1,"Adults",40030.476291
"19",19,-0.000000000250903492753885,22.8952264469669,146.56489780421,88.3014061116118,23.6954211680707,13587.138153225,2.72997524434145,13870.3250800003,343.37409322027,37.1457270637684,"Malawi","Lilongwe","TA Chitukula",126,13871.32508,1,"Adults",40030.476291
"20",20,-0.000000000123023534647133,15.585082294783,105.762813388552,79.0552738817424,23.7344302297739,13644.1564894984,3.03099070690335,13870.3250800002,344.579804480058,38.6678082006432,"Malawi","Lilongwe","TA Chitukula",126,13871.32508,1,"Adults",40030.476291
"21",21,-0.0000000000849402915712333,10.608943740637,76.074428102291,70.5798455698275,23.6147709436037,13687.1156223347,3.33146930898459,13870.3250800001,345.448511001326,40.0285759335389,"Malawi","Lilongwe","TA Chitukula",126,13871.32508,1,"Adults",40030.476291
"22",22,-0.0000000000636074643574473,7.22163648608834,54.562360140652,62.8710344363146,23.3596612103703,13719.6808405852,3.629547141438,13870.3250800001,346.072499079899,41.2420648755262,"Malawi","Lilongwe","TA Chitukula",126,13871.32508,1,"Adults",40030.476291
"23",23,-0.0000000000504730460387,4.91585717111363,39.0319882089212,55.9022044692287,22.9906241399388,13744.5607616044,3.92364440645018,13870.3250800001,346.519480004076,42.3220146359097,"Malawi","Lilongwe","TA Chitukula",126,13871.32508,1,"Adults",40030.476291
"24",24,-0.0000000000428381747839694,3.34628313412124,27.8565902832753,49.6327087308703,22.5272733139009,13763.7497821711,4.2124423667502,13870.3250800001,346.838873984744,43.2815415140342,"Malawi","Lilongwe","TA Chitukula",126,13871.32508,1,"Adults",40030.476291
"25",25,-0.0000000000378714938523954,2.27785573925731,19.838420554506,44.0140136193429,21.9872389176529,13778.7126926379,4.49485853133232,13870.3250800001,347.066587661522,44.1329423739824,"Malawi","Lilongwe","TA Chitukula",126,13871.32508,1,"Adults",40030.476291
"26",26,-0.0000000000347301893439924,1.55056379960316,14.1006276395339,38.9939912286838,21.3861892994258,13790.5236864804,4.77002155238373,13870.3250800001,347.228605215827,44.8875925233619,"Malawi","Lilongwe","TA Chitukula",126,13871.32508,1,"Adults",40030.476291
"27",27,-0.0000000000326472610074033,1.05548751037871,10.0044266352821,34.5198495109624,20.7379142288029,13799.9701552991,5.03724681550008,13870.3250800001,347.34366441999,45.5559087073386,"Malawi","Lilongwe","TA Chitukula",126,13871.32508,1,"Adults",40030.476291
"28",28,-0.0000000000312451844115512,0.718483179145755,7.08647534142953,30.5400639379878,20.0544454675219,13807.6295987294,5.2960133445787,13870.3250800001,347.425234880643,46.1473558922331,"Malawi","Lilongwe","TA Chitukula",126,13871.32508,1,"Adults",40030.476291
"29",29,-0.0000000000302896365624874,0.489080220377343,5.01195858810316,27.0055909445535,19.3461973480864,13813.9263105205,5.54594237837931,13870.3250800001,347.48297200946,46.6704822930619,"Malawi","Lilongwe","TA Chitukula",126,13871.32508,1,"Adults",40030.476291
"30",30,-0.0000000000296319561699646,0.332922839855604,3.53974881282793,23.8705719049402,18.6221154467638,13819.1729432036,5.78677779199971,13870.3250800001,347.523779527076,47.1329715851688,"Malawi","Lilongwe","TA Chitukula",126,13871.32508,1,"Adults",40030.476291
"31",31,-0.0000000000291763673878572,0.226624596232979,2.49671358315741,21.0926829177152,17.8898253218855,13823.6008651695,6.01836841151392,13870.3250800001,347.552582273306,47.5417045085753,"Malawi","Lilongwe","TA Chitukula",126,13871.32508,1,"Adults",40030.476291
"32",32,-0.0000000000288594252948153,0.154265982055546,1.75887604827174,18.6332440252184,17.1557761222719,13827.382265635,6.24065218718446,13870.3250800001,347.572886105589,47.9028244994576,"Malawi","Lilongwe","TA Chitukula",126,13871.32508,1,"Adults",40030.476291
"33",33,-0.0000000000286383367065312,0.105010720575762,1.23767690056214,16.457169510083,16.4253759086642,13830.6462048216,6.45364213857016,13870.3250800001,347.58718191613,48.2218037645779,"Malawi","Lilongwe","TA Chitukula",126,13871.32508,1,"Adults",40030.476291
"34",34,-0.0000000000284838567205611,0.0714820506309161,0.869994677572884,14.5328180004876,15.7031169281579,13833.4902543898,6.65741395342096,13870.3250800001,347.597236417981,48.5035074567536,"Malawi","Lilongwe","TA Chitukula",126,13871.32508,1,"Adults",40030.476291
"35",35,-0.0000000000283758192960923,0.0486586943122527,0.610930790094302,12.8317830200753,14.9926900800069,13835.9889223077,6.8520951078386,13870.3250800001,347.604300622528,48.7522545368176,"Malawi","Lilongwe","TA Chitukula",126,13871.32508,1,"Adults",40030.476291
"36",36,-0.000000000028300231596318,0.0331225534423925,0.428607358388283,11.3286526666214,14.2970884371456,13838.1997536157,7.03785536877519,13870.3250800001,347.60925906078,48.9718745019328,"Malawi","Lilongwe","TA Chitukula",126,13871.32508,1,"Adults",40030.476291
"37",37,-0.0000000000282473444624097,0.0225469227877185,0.30043013273682,10.0007574804997,13.6187001262318,13840.1677467957,7.21489854210157,13870.3250800001,347.612736261612,49.1657596092196,"Malawi","Lilongwe","TA Chitukula",126,13871.32508,1,"Adults",40030.476291
"38",38,-0.0000000000282103469581595,0.0153479359471482,0.210409299058827,8.82791927103842,12.9593911279102,13841.9285570324,7.38345533371294,13870.3250800001,347.615172628327,49.3369125034259,"Malawi","Lilongwe","TA Chitukula",126,13871.32508,1,"Adults",40030.476291
"39",39,-0.00000000002818447399947,0.0104475316025607,0.147246445233702,7.79220885745625,12.3205786934775,13843.5108212707,7.54377720158175,13870.3250800001,347.616878320189,49.4879893432915,"Malawi","Lilongwe","TA Chitukula",126,13871.32508,1,"Adults",40030.476291
"40",40,-0.0000000000281663883356798,0.00711175726006495,0.102967667470078,6.87771768384198,11.703296162816,13844.937855646,7.69613108264175,13870.3250800001,347.618071559482,49.6213386393842,"Malawi","Lilongwe","TA Chitukula",126,13871.32508,1,"Adults",40030.476291
"41",41,-0.0000000000281537524001695,0.00484106225092822,0.0719532766206334,6.07034573937224,11.1082499631493,13846.2288950662,7.84079489248186,13870.3250800001,347.618905696748,49.7390360803127,"Malawi","Lilongwe","TA Chitukula",126,13871.32508,1,"Adults",40030.476291
"42",42,-0.0000000000281449286394037,0.00329536897094354,0.0502468995822689,5.35760702423128,10.5358695707818,13847.4000074345,7.97805370199711,13870.3250800001,347.619488402722,49.84291565722,"Malawi","Lilongwe","TA Chitukula",126,13871.32508,1,"Adults",40030.476291
"43",43,-0.0000000000281387702572951,0.00224319445506233,0.0350663993729181,4.72845256933739,9.98635116901406,13848.4647701605,8.10819650735215,13870.3250800001,347.619895199898,49.9345974076433,"Malawi","Lilongwe","TA Chitukula",126,13871.32508,1,"Adults",40030.476291
"44",44,-0.0000000000281344744799824,0.00152697096361437,0.024457419466403,4.17311053630164,9.45969568819586,13849.4347758674,8.23151351769011,13870.3250800001,347.620179013923,50.0155120923885,"Malawi","Lilongwe","TA Chitukula",126,13871.32508,1,"Adults",40030.476291
"45",45,-0.0000000000281314795506527,0.00103942825830203,0.0170482355186972,3.68294244692922,8.95574187122664,13850.3200141256,8.34829389252596,13870.3250800001,347.62037690898,50.0869231134016,"Malawi","Lilongwe","TA Chitukula",126,13871.32508,1,"Adults",40030.476291
"46",46,-0.0000000000281295853480709,0.000707551302884682,0.0118770685285758,3.25031444803004,8.47419492804103,13851.1291621334,8.45882387073697,13870.3250800001,347.620514817413,50.1499459499839,"Malawi","Lilongwe","TA Chitukula",126,13871.32508,1,"Adults",40030.476291
"47",47,-0.0000000000281294444150401,0.000481639175789787,0.00827010866932796,2.86848238211368,8.01465131066534,13851.8698093219,8.56338523753893,13870.3250800001,347.620610870684,50.2055653807984,"Malawi","Lilongwe","TA Chitukula",126,13871.32508,1,"Adults",40030.476291
"48",48,-0.0000000000281288203325038,0.000327856310349591,0.00575564698560302,2.53148943361772,7.57662007301888,13852.5486329065,8.66225408361058,13870.3250800001,347.620677737936,50.2546507300055,"Malawi","Lilongwe","TA Chitukula",126,13871.32508,1,"Adults",40030.476291
"49",49,-0.0000000000281283950736262,0.000223177248271471,0.00400378994506365,2.23407517679665,7.15954122537375,13853.1715368142,8.75569981647446,13870.3250800001,347.620724263456,50.2979693508986,"Malawi","Lilongwe","TA Chitukula",126,13871.32508,1,"Adults",40030.476291
"50",50,-0.0000000000281282247803634,0.00015192711008269,0.0027839389986935,1.97159479197952,6.76280148053073,13853.743763475,8.84398438637939,13870.3250800001,347.620756618954,50.3361985580828,"Malawi","Lilongwe","TA Chitukula",126,13871.32508,1,"Adults",40030.476291
"51",51,-0.0000000000281281237744807,0.000103418137279354,0.00193484524436671,1.73994742335127,6.38574771152447,13854.2699849054,8.9273616963387,13870.3250800001,347.62077911323,50.3699361784994,"Malawi","Lilongwe","TA Chitukula",126,13871.32508,1,"Adults",40030.476291
"52",52,-0.0000000000281280542125651,0.0000703975512747586,0.00134415021814133,1.53551289650154,6.02769835808295,13854.7543770239,9.00607717378104,13870.3250800001,347.620794743787,50.3997098474534,"Malawi","Lilongwe","TA Chitukula",126,13871.32508,1,"Adults",40030.476291
"53",53,-0.0000000000281280058970388,0.0000479202643853308,0.000933413315718082,1.35509559185602,5.6879531279272,13855.2006824743,9.08036747240273,13870.3250800001,347.620805600304,50.4259852409702,"Malawi","Lilongwe","TA Chitukula",126,13871.32508,1,"Adults",40030.476291
"54",54,-0.0000000000281279723531055,0.0000326201780644738,0.000647946125502591,1.19587481853476,5.36580117123401,13855.612263156,9.15046028792439,13870.3250800001,347.620813137649,50.4491733425106,"Malawi","Lilongwe","TA Chitukula",126,13871.32508,1,"Adults",40030.476291
"55",55,-0.0000000000281279490691375,0.0000222032360868774,0.000449590219764744,1.05536079149562,5.06052797066772,13855.9921451778,9.21657426658038,13870.3250800001,347.620818369578,50.4696368821392,"Malawi","Lilongwe","TA Chitukula",126,13871.32508,1,"Adults",40030.476291
"56",56,-0.0000000000281279329160881,0.0000151129793959159,0.000311846035267636,0.931356092891966,4.77142099952193,13856.3430569489,9.27891899967145,13870.3250800001,347.620821999186,50.4876959678281,"Malawi","Lilongwe","TA Chitukula",126,13871.32508,1,"Adults",40030.476291
"57",57,-0.0000000000281279217141943,0.0000102871026137607,0.000216231385019055,0.821921281173767,4.49777447854363,13856.6674626443,9.33769507747939,13870.3250800001,347.620824516265,50.5036331079122,"Malawi","Lilongwe","TA Chitukula",126,13871.32508,1,"Adults",40030.476291
"58",58,-0.0000000000281279139475062,0.00000700182294344658,0.000149877500987113,0.725344668643074,4.23889323705678,13856.9675910142,9.39309420078798,13870.3250800001,347.62082626145,50.5176976216656,"Malawi","Lilongwe","TA Chitukula",126,13871.32508,1,"Adults",40030.476291
"59",59,-0.000000000028127908565279,0.00000476595472206414,0.000103854203838873,0.640115599813209,3.99409584626637,13857.2454605977,9.44529933607478,13870.3250800001,347.620827470843,50.5301095372193,"Malawi","Lilongwe","TA Chitukula",126,13871.32508,1,"Adults",40030.476291
"60",60,-0.000000000028127904836356,0.00000324407544018537,0.0000719410880931767,0.564900856789626,3.7627171205175,13857.5029019313,9.49448490620791,13870.3250800001,347.620828308737,50.5410630323637,"Malawi","Lilongwe","TA Chitukula",126,13871.32508,1,"Adults",40030.476291
"61",61,-0.0000000000281279022535116,0.00000220805733736229,0.0000498183019085902,0.498523833763126,3.54411007385189,13857.7415770565,9.54081700951917,13870.3250800001,347.620828889106,50.5507294704556,"Malawi","Lilongwe","TA Chitukula",126,13871.32508,1,"Adults",40030.476291
"62",62,-0.0000000000281279004652777,0.00000150298839347913,0.0000344893571417786,0.439946145287921,3.33764741444645,13857.9629967874,9.58445366055236,13870.3250800001,347.620829290925,50.5592600809989,"Malawi","Lilongwe","TA Chitukula",126,13871.32508,1,"Adults",40030.476291
"63",63,-0.0000000000281278992274123,0.00000102303715131797,0.0000238701154456277,0.388251397358756,3.14272264235531,13858.1685360199,9.62554504727017,13870.3250800001,347.620829569075,50.5667883246187,"Malawi","Lilongwe","TA Chitukula",126,13871.32508,1,"Adults",40030.476291
"64",64,-0.0000000000281278983707717,0.00000069632535620611,0.0000165158475900328,0.34263085923004,2.95875081224971,13858.3594473164,9.664233799965,13870.3250800001,347.620829761563,50.5734319806963,"Malawi","Lilongwe","TA Chitukula",126,13871.32508,1,"Adults",40030.476291
"65",65,-0.0000000000281278977781282,0.000000473964943927372,0.0000114243311137597,0.302370810373576,2.78516901343372,13858.5368730099,9.70065526798084,13870.3250800001,347.620829894731,50.579294990766,"Malawi","Lilongwe","TA Chitukula",126,13871.32508,1,"Adults",40030.476291
"66",66,-0.0000000000281278973681368,0.000000322557562514743,0.00000789959225800156,0.266841380929703,2.62143660955002,13858.7018559864,9.73493780101851,13870.3250800001,347.620829986857,50.5844690841818,"Malawi","Lilongwe","TA Chitukula",126,13871.32508,1,"Adults",40030.476291
"67",67,-0.0000000000281278970704799,0.00000021955856004235,0.00000546156654177581,0.235486738525438,2.46703527311657,13858.855349275,9.76720303225185,13870.3250800001,347.620830050536,50.5890352075388,"Malawi","Lilongwe","TA Chitukula",126,13871.32508,1,"Adults",40030.476291
"68",68,-0.0000000000281278965030038,0.000000149504159702126,0.00000377586169365182,0.207816354501907,2.321468867553,13858.9982246921,9.79756616047798,13870.3250800001,347.620830094536,50.5930647968247,"Malawi","Lilongwe","TA Chitukula",126,13871.32508,1,"Adults",40030.476291
"69",69,-0.0000000000281278959642948,0.000000101765290250391,0.00000260947031620686,0.183397316507646,2.18426318741938,13859.1312805548,9.82613623009742,13870.3250800001,347.620830124962,50.5966208970916,"Malawi","Lilongwe","TA Chitukula",126,13871.32508,1,"Adults",40030.476291
"70",70,-0.0000000000281278957222199,0.0000000692858209713158,0.00000180310543992592,0.161847582376598,2.05496558048822,13859.2552485575,9.85301640724285,13870.3250800001,347.620830145984,50.5997591449859,"Malawi","Lilongwe","TA Chitukula",126,13871.32508,1,"Adults",40030.476291
"71",71,-0.0000000000281278954617657,0.0000000471759798320804,0.00000124566010626595,0.142830002828033,1.93314448575861,13859.3707999684,9.87830425024272,13870.3250800001,347.620830160508,50.6025286393086,"Malawi","Lilongwe","TA Chitukula",126,13871.32508,1,"Adults",40030.476291
"72",72,-0.0000000000281278953188245,0.0000000320970584348164,0.000000860145420927997,0.126047043534547,1.81838890029416,13859.4785511901,9.9020919738506,13870.3250800001,347.620830170547,50.604972709684,"Malawi","Lilongwe","TA Chitukula",126,13871.32508,1,"Adults",40030.476291
"73",73,-0.0000000000281278952140286,0.0000000218601972137445,0.00000059401695203121,0.111236131174861,1.7103077901774,13859.5790687564,9.92446670636992,13870.3250800001,347.620830177473,50.6071295943414,"Malawi","Lilongwe","TA Chitukula",126,13871.32508,1,"Adults",40030.476291
"74",74,-0.0000000000281278951416383,0.000000014882231060495,0.000000410089185303454,0.0981655449971433,1.60852946037524,13859.6728738307,9.94551073899418,13870.3250800001,347.620830182257,50.6090330384535,"Malawi","Lilongwe","TA Chitukula",126,13871.32508,1,"Adults",40030.476291
"75",75,-0.0000000000281278950916401,0.0000000101217124077547,0.000000282995474438153,0.0866307918680032,1.51270089443774,13859.7604462536,9.9653017669747,13870.3250800001,347.620830185561,50.6107128220441,"Malawi","Lilongwe","TA Chitukula",126,13871.32508,1,"Adults",40030.476291
"76",76,-0.0000000000281278950571878,0.00000000690009957857339,0.000000195360307054891,0.0764514070745525,1.42248707416947,13859.8422281943,9.98391312226936,13870.3250800001,347.620830187838,50.6121952258957,"Malawi","Lilongwe","TA Chitukula",126,13871.32508,1,"Adults",40030.476291
"77",77,-0.0000000000281278950333718,0.00000000469323072414911,0.000000134760179982946,0.067468130929364,1.33757028751095,13859.9186274447,10.0014139974758,13870.3250800001,347.620830189412,50.6135034427262,"Malawi","Lilongwe","TA Chitukula",126,13871.32508,1,"Adults",40030.476291
"78",78,-0.0000000000281278950169507,0.00000000319166213276011,0.000000092956414052856,0.0595404171556414,1.25764943152401,13859.9900203942,10.0178696609496,13870.3250800001,347.620830190497,50.6146579400412,"Malawi","Lilongwe","TA Chitukula",126,13871.32508,1,"Adults",40030.476291
"79",79,-0.000000000028127895005641,0.00000000217936968355771,0.0000000641431541553673,0.0525442340394775,1.18243931631499,13860.0567547203,10.0333416630803,13870.3250800001,347.620830191245,50.6156767803539,"Malawi","Lilongwe","TA Chitukula",126,13871.32508,1,"Adults",40030.476291
"80",80,-0.0000000000281278949978154,0.00000000147848903930138,0.0000000442064178729149,0.0463701239391917,1.11166997467637,13860.119151822,10.047888033768,13870.3250800001,347.620830191762,50.6165759037781,"Malawi","Lilongwe","TA Chitukula",126,13871.32508,1,"Adults",40030.476291
"81",81,-0.0000000000281278949924365,0.0000000010070631521751,0.0000000304929195249079,0.0409214907867455,1.04508598138824,13860.1775090251,10.0615634712014,13870.3250800001,347.620830192118,50.6173693774167,"Malawi","Lilongwe","TA Chitukula",126,13871.32508,1,"Adults",40030.476291
"82",82,-0.0000000000281278949887252,0.000000000688835078512106,0.0000000210237189358037,0.0361130888378447,0.982445785372055,13860.232101582,10.0744195220785,13870.3250800001,347.620830192363,50.6180696154451,"Malawi","Lilongwe","TA Chitukula",126,13871.32508,1,"Adults",40030.476291
"83",83,-0.000000000028127894986159,0.000000000464721941884376,0.0000000144801955441784,0.0318696889716851,0.923521057255452,13860.2831844854,10.0865047534509,13870.3250800001,347.620830192532,50.6186875733353,"Malawi","Lilongwe","TA Chitukula",126,13871.32508,1,"Adults",40030.476291
"84",84,-0.0000000000281278949844014,0.000000000318562490511547,0.00000000999126195792166,0.0281249017097912,0.868096054357198,13860.3309941172,10.0978649164006,13870.3250800001,347.620830192649,50.6192329192578,"Malawi","Lilongwe","TA Chitukula",126,13871.32508,1,"Adults",40030.476291
"85",85,-0.000000000028127894983182,0.000000000217609663656587,0.00000000687665365981744,0.0248201385350888,0.815967004632935,13860.375749748,10.1085431017797,13870.3250800001,347.620830192729,50.6197141853442,"Malawi","Lilongwe","TA Chitukula",126,13871.32508,1,"Adults",40030.476291
"86",86,-0.0000000000281278949823437,0.000000000144949140120982,0.0000000047385598013008,0.0219036952418973,0.766941510744234,13860.4176549009,10.1185798882597,13870.3250800001,347.620830192785,50.6201389011766,"Malawi","Lilongwe","TA Chitukula",126,13871.32508,1,"Adults",40030.476291
"87",87,-0.0000000000281278949817683,0.0000000000999434149199013,0.0000000032659504412309,0.0193299433313822,0.72083797508121,13860.4568985953,10.1280134829336,13870.3250800001,347.620830192823,50.6205137115434,"Malawi","Lilongwe","TA Chitukula",126,13871.32508,1,"Adults",40030.476291
"88",88,-0.0000000000281278949813687,0.0000000000691491364262466,0.00000000224310101245684,0.0170586161243734,0.677485046115655,13860.4936564807,10.136879854789,13870.3250800001,347.620830192849,50.6208444804016,"Malawi","Lilongwe","TA Chitukula",126,13871.32508,1,"Adults",40030.476291
"89",89,-0.0000000000281278949810965,0.0000000000465062778570216,0.00000000154769404450336,0.015054177055442,0.636721086246368,13860.5280918737,10.1452128613904,13870.3250800001,347.620830192867,50.621136382871,"Malawi","Lilongwe","TA Chitukula",126,13871.32508,1,"Adults",40030.476291
"90",90,-0.0000000000281278949809083,0.0000000000321873020692003,0.00000000106572639197317,0.0132852656042679,0.598393661924765,13860.5603567027,10.1530443687439,13870.3250800001,347.62083019288,50.621393985922,"Malawi","Lilongwe","TA Chitukula",126,13871.32508,1,"Adults",40030.476291
"91",91,-0.0000000000281278949807777,0.0000000000219859114515227,0.000000000731635339336769,0.0117242066181767,0.562359055289314,13860.5905923724,10.1604043649231,13870.3250800001,347.620830192888,50.6216213198322,"Malawi","Lilongwe","TA Chitukula",126,13871.32508,1,"Adults",40030.476291
"92",92,-0.0000000000281278949806893,0.0000000000146671068290258,0.000000000505812746003829,0.0103465767897736,0.528481797146215,13860.6189305579,10.1673210676726,13870.3250800001,347.620830192894,50.6218219413194,"Malawi","Lilongwe","TA Chitukula",126,13871.32508,1,"Adults",40030.476291
"93",93,-0.0000000000281278949806276,0.0000000000101804175293118,0.000000000347566313900655,0.00913082264091857,0.496634221093358,13860.6454939297,10.173821026198,13870.3250800001,347.620830192898,50.6219989891737,"Malawi","Lilongwe","TA Chitukula",126,13871.32508,1,"Adults",40030.476291
"94",94,-0.000000000028127894980585,0.00000000000691086167203271,0.000000000238559519752381,0.00805792329183283,0.466696038349405,13860.6703968207,10.1799292174296,13870.3250800001,347.620830192901,50.622155233368,"Malawi","Lilongwe","TA Chitukula",126,13871.32508,1,"Adults",40030.476291
"95",95,-0.0000000000281278949805563,0.00000000000461720482832952,0.000000000165172838170771,0.00711109286894649,0.438553932750593,13860.6937458372,10.185669137021,13870.3250800001,347.620830192903,50.6222931183957,"Malawi","Lilongwe","TA Chitukula",126,13871.32508,1,"Adults",40030.476291
"96",96,-0.0000000000281278949805361,0.00000000000322460332029462,0.000000000113138894569557,0.00627551789179983,0.412101175349826,13860.7156404213,10.1910628853352,13870.3250800001,347.620830192904,50.6224148015145,"Malawi","Lilongwe","TA Chitukula",126,13871.32508,1,"Adults",40030.476291
"97",97,-0.0000000000281278949805222,0.00000000000217221536967636,0.0000000000777300475187821,0.00553812550820281,0.387237258014629,13860.7361733678,10.1961312486629,13870.3250800001,347.620830192905,50.6225221864979,"Malawi","Lilongwe","TA Chitukula",126,13871.32508,1,"Adults",40030.476291
"98",98,-0.0000000000281278949805129,0.00000000000145569546416395,0.0000000000538800223906373,0.0048873789657081,0.363867545381637,13860.7554312997,10.2008937759098,13870.3250800001,347.620830192906,50.62261695342,"Malawi","Lilongwe","TA Chitukula",126,13871.32508,1,"Adults",40030.476291
"99",99,-0.0000000000281278949805063,0.00000000000102125930056167,0.0000000000367667906361201,0.00431309711536954,0.341902944507629,13860.7734951074,10.2053688509815,13870.3250800001,347.620830192906,50.6227005849414,"Malawi","Lilongwe","TA Chitukula",126,13871.32508,1,"Adults",40030.476291
"100",100,-0.0000000000281278949805018,0.000000000000681628364585251,0.0000000000253208575640692,0.00380629512397026,0.321259591543366,13860.7904403522,10.2095737610872,13870.3250800001,347.620830192906,50.6227743895054,"Malawi","Lilongwe","TA Chitukula",126,13871.32508,1,"Adults",40030.476291
"101",101,-0.0000000000281278949804988,0.000000000000459556758747569,0.0000000000175544914818492,0.00335904390348136,0.301858554750301,13860.8063376402,10.2135247611721,13870.3250800001,347.620830192907,50.6228395218093,"Malawi","Lilongwe","TA Chitukula",126,13871.32508,1,"Adults",40030.476291
"102",102,-0.0000000000281278949804966,0.000000000000323317480733596,0.0000000000119293532433982,0.00296434605776038,0.283625553180361,13860.8212529661,10.2172371346836,13870.3250800001,347.620830192907,50.6228970008699,"Malawi","Lilongwe","TA Chitukula",126,13871.32508,1,"Adults",40030.476291
"103",103,-0.0000000000281278949804952,0.000000000000213629088550922,0.00000000000824834663273979,0.00261602640589,0.266490690343603,13860.8352480324,10.2207252508634,13870.3250800001,347.620830192907,50.6229477259667,"Malawi","Lilongwe","TA Chitukula",126,13871.32508,1,"Adults",40030.476291
"104",104,-0.0000000000281278949804942,0.00000000000014535881986106,0.0000000000057105783362912,0.00230863536945894,0.250388202197318,13860.8483805437,10.2240026187535,13870.3250800001,347.620830192907,50.6229924907107,"Malawi","Lilongwe","TA Chitukula",126,13871.32508,1,"Adults",40030.476291
"105",105,-0.0000000000281278949804935,0.000000000000102266368095108,0.00000000000386550080439144,0.00203736371203846,0.23525621880214,13860.8607044794,10.2270819380924,13870.3250800001,347.620830192907,50.6230319954615,"Malawi","Lilongwe","TA Chitukula",126,13871.32508,1,"Adults",40030.476291
"106",106,-0.000000000028127894980493,0.0000000000000668862059440072,0.00000000000268747625206423,0.00179796729705186,0.221036539005307,13860.8722703465,10.2299751472709,13870.3250800001,347.620830192907,50.6230668582843,"Malawi","Lilongwe","TA Chitukula",126,13871.32508,1,"Adults",40030.476291
"107",107,-0.0000000000281278949804927,0.0000000000000460763788584095,0.00000000000185418736678056,0.00158670068685159,0.207674417527866,13860.8831254133,10.2326934685093,13870.3250800001,347.620830192907,50.6230976246197,"Malawi","Lilongwe","TA Chitukula",126,13871.32508,1,"Adults",40030.476291
"108",108,-0.0000000000281278949804924,0.0000000000000322972537938052,0.00000000000125140471710568,0.00140025854406717,0.195118363850879,13860.8933139272,10.2352474504089,13870.3250800001,347.620830192907,50.6231247758174,"Malawi","Lilongwe","TA Chitukula",126,13871.32508,1,"Adults",40030.476291
"109",109,-0.0000000000281278949804923,0.0000000000000209306093258499,0.000000000000875876409640382,0.00123572391848972,0.183319952315096,13860.9028773158,10.2376470080243,13870.3250800001,347.620830192907,50.623148736667,"Malawi","Lilongwe","TA Chitukula",126,13871.32508,1,"Adults",40030.476291
"110",110,-0.0000000000281278949804922,0.0000000000000146386453093083,0.000000000000600685647405705,0.00109052261041057,0.172233642868852,13860.911854374,10.2399014605945,13870.3250800001,347.620830192907,50.6231698820441,"Malawi","Lilongwe","TA Chitukula",126,13871.32508,1,"Adults",40030.476291
"111",111,-0.0000000000281278949804921,0.0000000000000101773540208151,0.000000000000404978185215723,0.000962382896390709,0.161816611919774,13860.9202814381,10.2420195670647,13870.3250800001,347.620830192907,50.6231885427753,"Malawi","Lilongwe","TA Chitukula",126,13871.32508,1,"Adults",40030.476291
"112",112,-0.0000000000281278949804921,0.00000000000000655092388146703,0.000000000000285506801877609,0.000849299987384132,0.152028592767027,13860.9281925477,10.2440095595246,13870.3250800001,347.620830192907,50.6232050108139,"Malawi","Lilongwe","TA Chitukula",126,13871.32508,1,"Adults",40030.476291
"113",113,-0.000000000028127894980492,0.00000000000000466076551978023,0.000000000000194095059616631,0.000749504663139395,0.14283172511211,13860.9356195956,10.2458791746793,13870.3250800001,347.620830192907,50.6232195438081,"Malawi","Lilongwe","TA Chitukula",126,13871.32508,1,"Adults",40030.476291
"114",114,-0.000000000028127894980492,0.0000000000000031977793315877,0.000000000000131100690557662,0.000661435592148753,0.134190413167366,13860.9425924678,10.247635683467,13870.3250800001,347.620830192907,50.6232323691314,"Malawi","Lilongwe","TA Chitukula",126,13871.32508,1,"Adults",40030.476291
"115",115,-0.000000000028127894980492,0.00000000000000205261457329975,0.0000000000000930523859277932,0.000583714904091859,0.126071191902415,13860.9491391743,10.2492859189287,13870.3250800001,347.620830192907,50.6232436874403,"Malawi","Lilongwe","TA Chitukula",126,13871.32508,1,"Adults",40030.476291
"116",116,-0.000000000028127894980492,0.00000000000000148653408617787,0.0000000000000625391503722304,0.00051512663259028,0.118442600989363,13860.95528597,10.2508363024304,13870.3250800001,347.620830192907,50.6232536758136,"Malawi","Lilongwe","TA Chitukula",126,13871.32508,1,"Adults",40030.476291
"117",117,-0.000000000028127894980492,0.00000000000000100125780375446,0.0000000000000424869303815732,0.000454597691002155,0.111275066027928,13860.961057468,10.2522928683329,13870.3250800001,347.620830192907,50.6232624905227,"Malawi","Lilongwe","TA Chitukula",126,13871.32508,1,"Adults",40030.476291
"118",118,-0.000000000028127894980492,0.000000000000000644606267841562,0.0000000000000303064475724124,0.000401181083620626,0.104540786651404,13860.9664767451,10.2536612871987,13870.3250800001,347.620830192907,50.6232702694768,"Malawi","Lilongwe","TA Chitukula",126,13871.32508,1,"Adults",40030.476291
"119",119,-0.000000000028127894980492,0.000000000000000474619968909979,0.0000000000000200925220554982,0.000354041089606544,0.0982136311336289,13860.9715654402,10.2549468876215,13870.3250800001,347.620830192907,50.6232771343802,"Malawi","Lilongwe","TA Chitukula",126,13871.32508,1,"Adults",40030.476291
"120",120,-0.000000000028127894980492,0.000000000000000312272542697762,0.0000000000000137951664847673,0.000312440187853654,0.0922690371357904,13860.9763438459,10.2561546767579,13870.3250800001,347.620830192907,50.6232831926366,"Malawi","Lilongwe","TA Chitukula",126,13871.32508,1,"Adults",40030.476291
"121",121,-0.000000000028127894980492,0.000000000000000203123125991396,0.00000000000000985662505263247,0.000275727518289765,0.0866839182501987,13860.9808309946,10.2572893596367,13870.3250800001,347.620830192907,50.6232885390295,"Malawi","Lilongwe","TA Chitukula",126,13871.32508,1,"Adults",40030.476291
"122",122,-0.000000000028127894980492,0.000000000000000149739821097539,0.00000000000000646746768533934,0.000243328692303714,0.0814365759858733,13860.985044738,10.2583553573245,13870.3250800001,347.620830192907,50.6232932572059,"Malawi","Lilongwe","TA Chitukula",126,13871.32508,1,"Adults",40030.476291
"123",123,-0.000000000028127894980492,0.0000000000000000943536490141038,0.00000000000000453087859463379,0.000214736809013636,0.0765066169499422,13860.9890018223,10.2593568240006,13870.3250800001,347.620830192907,50.6232974209849,"Malawi","Lilongwe","TA Chitukula",126,13871.32508,1,"Adults",40030.476291
"124",124,-0.000000000028127894980492,0.0000000000000000708502537108414,0.000000000000003069112961729,0.00018950455856277,0.0718748750412593,13860.9927179574,10.2602976629824,13870.3250800001,347.620830192907,50.6233010955073,"Malawi","Lilongwe","TA Chitukula",126,13871.32508,1,"Adults",40030.476291
"125",125,-0.000000000028127894980492,0.0000000000000000500308130208544,0.00000000000000200250330060547,0.000167237182552762,0.0675233379341332,13860.9962078831,10.2611815418552,13870.3250800001,347.620830192907,50.6233043382608,"Malawi","Lilongwe","TA Chitukula",126,13871.32508,1,"Adults",40030.476291
"126",126,-0.000000000028127894980492,0.0000000000000000240105525187106,0.00000000000000163161882421264,0.00014758629469151,0.0634350780162626,13860.999485429,10.2620119066721,13870.3250800001,347.620830192907,50.6233071999805,"Malawi","Lilongwe","TA Chitukula",126,13871.32508,1,"Adults",40030.476291
"127",127,-0.000000000028127894980492,0.0000000000000000222825190850893,0.00000000000000103450603165911,0.000130244447107187,0.059594187489689,13861.0025635728,10.2627919952868,13870.3250800001,347.620830192907,50.6233097254392,"Malawi","Lilongwe","TA Chitukula",126,13871.32508,1,"Adults",40030.476291
"128",128,-0.000000000028127894980492,0.0000000000000000141059736873141,0.000000000000000664756447845421,0.000114940320392266,0.055985717277538,13861.0054544925,10.263524849896,13870.3250800001,347.620830192907,50.6233119541487,"Malawi","Lilongwe","TA Chitukula",126,13871.32508,1,"Adults",40030.476291
"129",129,-0.000000000028127894980492,0.00000000000000000576874460153113,0.000000000000000590031127311668,0.00010143447596701,0.0525956195243762,13861.0081696172,10.2642133288353,13870.3250800001,347.620830192907,50.6233139209779,"Malawi","Lilongwe","TA Chitukula",126,13871.32508,1,"Adults",40030.476291
"130",130,-0.000000000028127894980492,0.00000000000000000924669426190843,0.00000000000000027986071819475,0.000089515610203609,0.049410693522264,13861.0107196732,10.2648601176655,13870.3250800001,347.620830192907,50.6233156566985,"Malawi","Lilongwe","TA Chitukula",126,13871.32508,1,"Adults",40030.476291
"131",131,-0.000000000028127894980492,0.0000000000000000033370220668899,0.000000000000000224236084734862,0.0000789972481733932,0.0464185348508435,13861.0131147283,10.2654677395926,13870.3250800001,347.620830192907,50.6233171884666,"Malawi","Lilongwe","TA Chitukula",126,13871.32508,1,"Adults",40030.476291
"132",132,-0.000000000028127894980492,0.00000000000000000148973629535451,0.000000000000000217591640461088,0.0000697148263219667,0.0436074875443207,13861.0153642324,10.2660385652634,13870.3250800001,347.620830192907,50.6233185402472,"Malawi","Lilongwe","TA Chitukula",126,13871.32508,1,"Adults",40030.476291
"133",133,-0.000000000028127894980492,0.0000000000000000041736264807082,0.0000000000000000494114420705496,0.0000615231178514204,0.0409665991081987,13861.0174770558,10.266574821971,13870.3250800001,347.620830192907,50.6233197331894,"Malawi","Lilongwe","TA Chitukula",126,13871.32508,1,"Adults",40030.476291
"134",134,-0.000000000028127894980492,-0.000000000000000000149262576814784,0.0000000000000000982350774289357,0.000054293960549917,0.0384855782186232,13861.0194615255,10.2670786023082,13870.3250800001,347.620830192907,50.6233207859572,"Malawi","Lilongwe","TA Chitukula",126,13871.32508,1,"Adults",40030.476291
"135",135,-0.000000000028127894980492,0.000000000000000000839358003998994,0.0000000000000000734263622985744,0.0000479142516690452,0.0361547549469648,13861.0213254585,10.2675518722994,13870.3250800001,347.620830192907,50.6233217150215,"Malawi","Lilongwe","TA Chitukula",126,13871.32508,1,"Adults",40030.476291
"136",136,-0.000000000028127894980492,0.00000000000000000183170155943409,-0.00000000000000000908336483008916,0.0000422841783831554,0.0339650433610288,13861.0230761934,10.2679964790441,13870.3250800001,347.620830192907,50.6233225349178,"Malawi","Lilongwe","TA Chitukula",126,13871.32508,1,"Adults",40030.476291
"137",137,-0.000000000028127894980492,-0.000000000000000000914531176851844,0.0000000000000000577310719677585,0.0000373156561826088,0.0319079063628096,13861.0247206201,10.2684141578993,13870.3250800001,347.620830192907,50.6233232584738,"Malawi","Lilongwe","TA Chitukula",126,13871.32508,1,"Adults",40030.476291
"138",138,-0.000000000028127894980492,0.000000000000000000851438642748141,0.0000000000000000134742324474267,0.0000329309507618796,0.0299753226307302,13861.0262652072,10.2688065392306,13870.3250800001,347.620830192907,50.6233238970097,"Malawi","Lilongwe","TA Chitukula",126,13871.32508,1,"Adults",40030.476291
"139",139,-0.000000000028127894980492,0.000000000000000000586161917705155,-0.0000000000000000122418059436007,0.0000290614618371931,0.0281597555419052,13861.0277160283,10.2691751547552,13870.3250800001,347.620830192907,50.6233244605157,"Malawi","Lilongwe","TA Chitukula",126,13871.32508,1,"Adults",40030.476291
"140",140,-0.000000000028127894980492,-0.000000000000000000754558115324068,0.0000000000000000375888839704508,0.0000256466498711583,0.0264541239571483,13861.0290787859,10.2695214435039,13870.3250800001,347.620830192907,50.6233249578079,"Malawi","Lilongwe","TA Chitukula",126,13871.32508,1,"Adults",40030.476291
"141",141,-0.000000000028127894980492,0.000000000000000000791117436956956,-0.0000000000000000101651980904213,0.000022633088909945,0.0248517747582338,13861.0303588348,10.2698467574227,13870.3250800001,347.620830192907,50.6233253966668,"Malawi","Lilongwe","TA Chitukula",126,13871.32508,1,"Adults",40030.476291
"142",142,-0.000000000028127894980492,-0.0000000000000000000465963124497421,-0.00000000000000000244288479815368,0.0000199736307102023,0.0233464570332638,13861.0315612027,10.2701523666372,13870.3250800001,347.620830192907,50.6233257839584,"Malawi","Lilongwe","TA Chitukula",126,13871.32508,1,"Adults",40030.476291
"143",143,-0.000000000028127894980492,-0.000000000000000000551918647123051,0.0000000000000000291196217217738,0.0000176266670830176,0.0219322978126516,13861.0326906111,10.2704394643995,13870.3250800001,347.620830192907,50.623326125742,"Malawi","Lilongwe","TA Chitukula",126,13871.32508,1,"Adults",40030.476291
"144",144,-0.000000000028127894980492,0.000000000000000000262164087209612,-0.000000000000000000564432151103111,0.0000155554791758473,0.0206037792668142,13861.0337514935,10.270709171735,13870.3250800001,347.620830192907,50.623326427365,"Malawi","Lilongwe","TA Chitukula",126,13871.32508,1,"Adults",40030.476291
"145",145,-0.000000000028127894980492,0.0000000000000000000627313614793748,-0.00000000000000000630029763874342,0.000013727662981571,0.0193557172693883,13861.0347480133,10.2709625418109,13870.3250800001,347.620830192907,50.6233266935462,"Malawi","Lilongwe","TA Chitukula",126,13871.32508,1,"Adults",40030.476291
"146",146,-0.000000000028127894980492,0.00000000000000000000563994759256932,0.000000000000000000617594803670291,0.0000121146209835671,0.0181832412298881,13861.0356840801,10.2712005640439,13870.3250800001,347.620830192907,50.6233269284503,"Malawi","Lilongwe","TA Chitukula",126,13871.32508,1,"Adults",40030.476291
"147",147,-0.000000000028127894980492,0.000000000000000000205378491624523,-0.00000000000000000722717465779297,0.0000106911162747797,0.0170817751816461,13861.0365633658,10.2714241679528,13870.3250800001,347.620830192907,50.6233271357525,"Malawi","Lilongwe","TA Chitukula",126,13871.32508,1,"Adults",40030.476291
"148",148,-0.000000000028127894980492,0.0000000000000000000301829122497706,-0.00000000000000000334155409968079,0.00000943487769318827,0.0160470199888384,13861.0373893184,10.2716342267807,13870.3250800001,347.620830192907,50.623327318696,"Malawi","Lilongwe","TA Chitukula",126,13871.32508,1,"Adults",40030.476291
"149",149,-0.000000000028127894980492,0.0000000000000000000136561282162449,0.000000000000000000109789367008539,0.00000832625095090899,0.0150749366178819,13861.0381651763,10.2718315609013,13870.3250800001,347.620830192907,50.6233274801431,"Malawi","Lilongwe","TA Chitukula",126,13871.32508,1,"Adults",40030.476291
"150",150,-0.000000000028127894980492,0.0000000000000000000691210166800767,-0.00000000000000000263240859593706,0.00000734789121169646,0.014161730422106,13861.0388939807,10.2720169410171,13870.3250800001,347.620830192907,50.6233276226197,"Malawi","Lilongwe","TA Chitukula",126,13871.32508,1,"Adults",40030.476291
"151",151,-0.000000000028127894980492,-0.0000000000000000000000859769890088218,-0.00000000000000000065773875962594,0.00000648449171006916,0.0133038363733256,13861.039578588,10.2721910911656,13870.3250800001,347.620830192907,50.6233277483548,"Malawi","Lilongwe","TA Chitukula",126,13871.32508,1,"Adults",40030.476291
"152",152,-0.000000000028127894980492,0.00000000000000000000816176429092782,0.0000000000000000000524400557415802,0.00000572254426813726,0.0124979051837372,13861.0402216808,10.2723546915427,13870.3250800001,347.620830192907,50.6233278593157,"Malawi","Lilongwe","TA Chitukula",126,13871.32508,1,"Adults",40030.476291
"153",153,-0.000000000028127894980492,0.0000000000000000000229862360925355,-0.000000000000000000981482866489505,0.00000505012796147513,0.0117407902646989,13861.0408257785,10.2725083811561,13870.3250800001,347.620830192907,50.6233279572384,"Malawi","Lilongwe","TA Chitukula",126,13871.32508,1,"Adults",40030.476291
"154",154,-0.000000000028127894980492,-0.00000000000000000000281767819649829,-0.0000000000000000000733475623205708,0.00000445672261015238,0.0110295354721186,13861.0413932475,10.2726527603178,13870.3250800001,347.620830192907,50.6233280436548,"Malawi","Lilongwe","TA Chitukula",126,13871.32508,1,"Adults",40030.476291
"155",155,-0.000000000028127894980492,0.000000000000000000004473732595369,-0.0000000000000000000131932875143249,0.0000039330441872515,0.0103613635912227,13861.0419263104,10.2727883929869,13870.3250800001,347.620830192907,50.623328119917,"Malawi","Lilongwe","TA Chitukula",126,13871.32508,1,"Adults",40030.476291
"156",156,-0.000000000028127894980492,0.00000000000000000000719201084402652,-0.000000000000000000349356242843601,0.00000347089956724203,0.00973366551626869,13861.0424270546,10.272915808969,13870.3250800001,347.620830192907,50.6233281872182,"Malawi","Lilongwe","TA Chitukula",126,13871.32508,1,"Adults",40030.476291
"157",157,-0.000000000028127894980492,-0.00000000000000000000179533777297328,0.0000000000000000000324463230199102,0.00000306305834166029,0.00914399008341845,13861.0428974409,10.2730355059847,13870.3250800001,347.620830192907,50.6233282466113,"Malawi","Lilongwe","TA Chitukula",126,13871.32508,1,"Adults",40030.476291
"158",158,-0.000000000028127894980492,0.00000000000000000000218400873737457,-0.0000000000000000000246924390645468,0.00000270313969697147,0.0085900345174809,13861.0433393108,10.2731479516111,13870.3250800001,347.620830192907,50.6233282990256,"Malawi","Lilongwe","TA Chitukula",126,13871.32508,1,"Adults",40030.476291
"159",159,-0.000000000028127894980492,0.00000000000000000000208805785492292,-0.000000000000000000118232123218394,0.00000238551258458349,0.00806963545558256,13861.0437543939,10.2732535851069,13870.3250800001,347.620830192907,50.623328345281,"Malawi","Lilongwe","TA Chitukula",126,13871.32508,1,"Adults",40030.476291
"160",160,-0.000000000028127894980492,-0.000000000000000000000813383644334641,0.0000000000000000000302354574738935,0.00000210520762119012,0.00758076051303133,13861.0441443152,10.2733528191273,13870.3250800001,347.620830192907,50.6233283861012,"Malawi","Lilongwe","TA Chitukula",126,13871.32508,1,"Adults",40030.476291
"161",161,-0.000000000028127894980492,0.000000000000000000000984798627148052,-0.0000000000000000000187797044433913,0.00000185783934109524,0.0071215003587183,13861.0445106005,10.2734460413339,13870.3250800001,347.620830192907,50.623328422125,"Malawi","Lilongwe","TA Chitukula",126,13871.32508,1,"Adults",40030.476291
"162",162,-0.000000000028127894980492,0.000000000000000000000540402098840299,-0.0000000000000000000374224627756577,0.00000163953758412197,0.00669006126935788,13861.0448546833,10.2735336159089,13870.3250800001,347.620830192907,50.6233284539158,"Malawi","Lilongwe","TA Chitukula",126,13871.32508,1,"Adults",40030.476291
"163",163,-0.000000000028127894980492,-0.00000000000000000000030999691959088,0.0000000000000000000161460685395127,0.00000144688694565151,0.00628475813370628,13861.04517791,10.2736158849759,13870.3250800001,347.620830192907,50.6233284819712,"Malawi","Lilongwe","TA Chitukula",126,13871.32508,1,"Adults",40030.476291
"164",164,-0.000000000028127894980492,0.0000000000000000000004149904447267,-0.0000000000000000000108981492505223,0.0000012768733414659,0.00590400787962925,13861.0454815453,10.2736931699363,13870.3250800001,347.620830192907,50.6233285067299,"Malawi","Lilongwe","TA Chitukula",126,13871.32508,1,"Adults",40030.476291
"165",165,-0.000000000028127894980492,0.000000000000000000000111465788184832,-0.0000000000000000000107287928216899,0.00000112683685138382,0.0055463232985178,13861.0457667772,10.2737657727238,13870.3250800001,347.620830192907,50.6233285285794,"Malawi","Lilongwe","TA Chitukula",126,13871.32508,1,"Adults",40030.476291
"166",166,-0.000000000028127894980492,-0.000000000000000000000102386313676721,0.0000000000000000000070294247503611,0.000000994430103912156,0.00521030724308197,13861.0460347214,10.2738339769832,13870.3250800001,347.620830192907,50.6233285478616,"Malawi","Lilongwe","TA Chitukula",126,13871.32508,1,"Adults",40030.476291
"167",167,-0.000000000028127894980492,0.00000000000000000000016476812897724,-0.0000000000000000000054637969810685,0.000000877581550827281,0.00489464717599261,13861.0462864261,10.2738980491783,13870.3250800001,347.620830192907,50.623328564878,"Malawi","Lilongwe","TA Chitukula",126,13871.32508,1,"Adults",40030.476291
"168",168,-0.000000000028127894980492,0.00000000000000000000000951794845805908,-0.00000000000000000000258413993554681,0.000000774463057104361,0.00459811004819546,13861.0465228759,10.273958239632,13870.3250800001,347.620830192907,50.6233285798949,"Malawi","Lilongwe","TA Chitukula",126,13871.32508,1,"Adults",40030.476291
"169",169,-0.000000000028127894980492,-0.0000000000000000000000284228292445044,0.00000000000000000000267934245075299,0.000000683461299128289,0.00431953748699523,13861.0467449956,10.2740147835039,13870.3250800001,347.620830192907,50.6233285931473,"Malawi","Lilongwe","TA Chitukula",126,13871.32508,1,"Adults",40030.476291
"170",170,-0.000000000028127894980492,0.0000000000000000000000618486353296138,-0.00000000000000000000247799992080462,0.000000603152523701571,0.00405784127520475,13861.0469536539,10.274067901709,13870.3250800001,347.620830192907,50.6233286048425,"Malawi","Lilongwe","TA Chitukula",126,13871.32508,1,"Adults",40030.476291
"171",171,-0.000000000028127894980492,-0.00000000000000000000000713705130151933,-0.000000000000000000000388383076950872,0.000000532280272945327,0.00381199910378025,13861.0471496669,10.27411780178,13870.3250800001,347.620830192907,50.6233286151635,"Malawi","Lilongwe","TA Chitukula",126,13871.32508,1,"Adults",40030.476291
"172",172,-0.000000000028127894980492,-0.00000000000000000000000563836776708898,0.000000000000000000000904741590487285,0.000000469735726591994,0.00358105058142215,13861.047333801,10.2741646786777,13870.3250800001,347.620830192907,50.6233286242717,"Malawi","Lilongwe","TA Chitukula",126,13871.32508,1,"Adults",40030.476291
"173",173,-0.000000000028127894980492,0.0000000000000000000000219321973961454,-0.000000000000000000001038231789523,0.000000414540354118238,0.00336409348561606,13861.0475067764,10.274208715553,13870.3250800001,347.620830192907,50.6233286323098,"Malawi","Lilongwe","TA Chitukula",126,13871.32508,1,"Adults",40030.476291
"174",174,-0.000000000028127894980492,-0.000000000000000000000005952642525938,0.0000000000000000000000725498088339522,0.000000365830605304875,0.00316028024052416,13861.0476692695,10.2742500844619,13870.3250800001,347.620830192907,50.6233286394033,"Malawi","Lilongwe","TA Chitukula",126,13871.32508,1,"Adults",40030.476291
"175",175,-0.000000000028127894980492,0.0000000000000000000000000394911880007266,0.000000000000000000000263169744834912,0.000000322844399702419,0.00296881460801652,13861.0478219155,10.2742889470373,13870.3250800001,347.620830192907,50.6233286456632,"Malawi","Lilongwe","TA Chitukula",126,13871.32508,1,"Adults",40030.476291
"176",176,-0.000000000028127894980492,0.00000000000000000000000730460672504574,-0.000000000000000000000405528070905773,0.000000284909203625416,0.00278894857895879,13861.0479653114,10.2743254551206,13870.3250800001,347.620830192907,50.6233286511877,"Malawi","Lilongwe","TA Chitukula",126,13871.32508,1,"Adults",40030.476291
"177",177,-0.000000000028127894980492,-0.00000000000000000000000312538373461588,0.000000000000000000000103329137503567,0.000000251431508136086,0.00261997945264952,13861.0481000178,10.2743597513548,13870.3250800001,347.620830192907,50.623328656063,"Malawi","Lilongwe","TA Chitukula",126,13871.32508,1,"Adults",40030.476291
"178",178,-0.000000000028127894980492,0.00000000000000000000000084496081440765,0.000000000000000000000058641964870668,0.000000221887543396815,0.00246124709303107,13861.0482265613,10.2743919697416,13870.3250800001,347.620830192907,50.6233286603654,"Malawi","Lilongwe","TA Chitukula",126,13871.32508,1,"Adults",40030.476291
"179",179,-0.000000000028127894980492,0.00000000000000000000000225303957002876,-0.000000000000000000000147830062955842,0.000000195815084114382,0.0023121313509843,13861.0483454367,10.2744222361647,13870.3250800001,347.620830192907,50.6233286641623,"Malawi","Lilongwe","TA Chitukula",126,13871.32508,1,"Adults",40030.476291
"180",180,-0.000000000028127894980492,-0.00000000000000000000000136878119276534,0.0000000000000000000000630633064629535,0.00000017280621786934,0.00217204964266275,13861.0484571087,10.2744506688819,13870.3250800001,347.620830192907,50.623328667513,"Malawi","Lilongwe","TA Chitukula",126,13871.32508,1,"Adults",40030.476291
"181",181,-0.000000000028127894980492,0.000000000000000000000000608615817989174,0.00000000000000000000000409663920607786,0.000000152500963188629,0.00204045467442818,13861.0485620139,10.2744773789866,13870.3250800001,347.620830192907,50.62332867047,"Malawi","Lilongwe","TA Chitukula",126,13871.32508,1,"Adults",40030.476291
"182",182,-0.000000000028127894980492,0.000000000000000000000000623505818986839,-0.0000000000000000000000499401715219241,0.000000134581637514016,0.00191683230551958,13861.0486605623,10.274502470842,13870.3250800001,347.620830192907,50.6233286730796,"Malawi","Lilongwe","TA Chitukula",126,13871.32508,1,"Adults",40030.476291
"183",183,-0.000000000028127894980492,-0.000000000000000000000000534430188028992,0.000000000000000000000030506876801509,0.000000118767886951317,0.00180069954012309,13861.0487531392,10.2745260424889,13870.3250800001,347.620830192907,50.6233286753825,"Malawi","Lilongwe","TA Chitukula",126,13871.32508,1,"Adults",40030.476291
"184",184,-0.000000000028127894980492,0.000000000000000000000000321170880265199,-0.00000000000000000000000545428438149886,0.000000104812298035319,0.00169160264009172,13861.0488401065,10.2745481860287,13870.3250800001,347.620830192907,50.6233286774148,"Malawi","Lilongwe","TA Chitukula",126,13871.32508,1,"Adults",40030.476291
"185",185,-0.000000000028127894980492,0.00000000000000000000000019293625673838,-0.0000000000000000000000210284614996676,0.0000000924965338906495,0.00158911535522434,13861.0489218042,10.2745689879829,13870.3250800001,347.620830192907,50.6233286792083,"Malawi","Lilongwe","TA Chitukula",126,13871.32508,1,"Adults",40030.476291
"186",186,-0.000000000028127894980492,-0.000000000000000000000000121345962520734,0.00000000000000000000000256101392067783,0.0000000816278784663884,0.00149283723964561,13861.0489985515,10.2745885296346,13870.3250800001,347.620830192907,50.6233286807911,"Malawi","Lilongwe","TA Chitukula",126,13871.32508,1,"Adults",40030.476291
"187",187,-0.000000000028127894980492,0.0000000000000000000000000304702193259142,0.0000000000000000000000025442181849685,0.0000000720362914200301,0.00140239212184269,13861.0490706485,10.2746068873394,13870.3250800001,347.620830192907,50.6233286821879,"Malawi","Lilongwe","TA Chitukula",126,13871.32508,1,"Adults",40030.476291
"188",188,-0.000000000028127894980492,0.0000000000000000000000000296502879892613,-0.000000000000000000000000896202035203354,0.0000000635717527923427,0.00131742663854454,13861.049138377,10.2746241328232,13870.3250800001,347.620830192907,50.6233286834206,"Malawi","Lilongwe","TA Chitukula",126,13871.32508,1,"Adults",40030.476291
"189",189,-0.000000000028127894980492,-0.0000000000000000000000000204828594828931,0.00000000000000000000000168130683950127,0.000000056101830290971,0.0012376088154489,13861.0492020016,10.2746403334696,13870.3250800001,347.620830192907,50.6233286845084,"Malawi","Lilongwe","TA Chitukula",126,13871.32508,1,"Adults",40030.476291
"190",190,-0.000000000028127894980492,0.00000000000000000000000000409907114621753,0.00000000000000000000000105302865027855,0.0000000495096517925212,0.00116262678785794,13861.0492617711,10.2746555525807,13870.3250800001,347.620830192907,50.6233286854684,"Malawi","Lilongwe","TA Chitukula",126,13871.32508,1,"Adults",40030.476291
"191",191,-0.000000000028127894980492,0.00000000000000000000000000579031731238198,0.000000000000000000000000108989262434638,0.0000000436920794375927,0.00109218758421081,13861.0493179191,10.2746698496232,13870.3250800001,347.620830192907,50.6233286863156,"Malawi","Lilongwe","TA Chitukula",126,13871.32508,1,"Adults",40030.476291
"192",192,-0.000000000028127894980492,-0.00000000000000000000000000295316601037116,0.000000000000000000000000417741656061837,0.0000000385580939627211,0.00102601598144101,13861.049370665,10.2746832804612,13870.3250800001,347.620830192907,50.6233286870633,"Malawi","Lilongwe","TA Chitukula",126,13871.32508,1,"Adults",40030.476291
"193",193,-0.000000000028127894980492,0.000000000000000000000000000671401086100159,0.000000000000000000000000282459518675221,0.0000000340273712983909,0.000963853429909745,13861.049420215,10.2746958975741,13870.3250800001,347.620830192907,50.6233286877231,"Malawi","Lilongwe","TA Chitukula",126,13871.32508,1,"Adults",40030.476291
"194",194,-0.000000000028127894980492,0.00000000000000000000000000115395338448653,0.0000000000000000000000000842723057581987,0.0000000300290257775244,0.000905457043384812,13861.0494667627,10.2747077502621,13870.3250800001,347.620830192907,50.6233286883054,"Malawi","Lilongwe","TA Chitukula",126,13871.32508,1,"Adults",40030.476291
"195",195,-0.000000000028127894980492,-0.000000000000000000000000000377599701904831,0.000000000000000000000000113921624374214,0.0000000265005010594203,0.0008505986501975,13861.04951049,10.2747188848384,13870.3250800001,347.620830192907,50.6233286888192,"Malawi","Lilongwe","TA Chitukula",126,13871.32508,1,"Adults",40030.476291
"196",196,-0.000000000028127894980492,0.000000000000000000000000000133134930254768,0.0000000000000000000000000808346562387105,0.0000000233865914132901,0.00079906390187022,13861.0495515679,10.2747293448106,13870.3250800001,347.620830192907,50.6233286892727,"Malawi","Lilongwe","TA Chitukula",126,13871.32508,1,"Adults",40030.476291
"197",197,-0.000000000028127894980492,0.00000000000000000000000000023870544608577,0.000000000000000000000000035999802662808,0.0000000206385779916616,0.000750651435733167,13861.0495901569,10.27473917105,13870.3250800001,347.620830192907,50.6233286896729,"Malawi","Lilongwe","TA Chitukula",126,13871.32508,1,"Adults",40030.476291
"198",198,-0.000000000028127894980492,-0.0000000000000000000000000000310912678306758,0.0000000000000000000000000335946550511558,0.0000000182134665967492,0.000705172088261216,13861.0496264078,10.2747484019521,13870.3250800001,347.620830192907,50.623328690026,"Malawi","Lilongwe","TA Chitukula",126,13871.32508,1,"Adults",40030.476291
"199",199,-0.000000000028127894980492,0.0000000000000000000000000000341220548435779,0.0000000000000000000000000239808082941182,0.0000000160733150125417,0.00066244815605972,13861.0496604622,10.274757073586,13870.3250800001,347.620830192907,50.6233286903377,"Malawi","Lilongwe","TA Chitukula",126,13871.32508,1,"Adults",40030.476291
"200",200,-0.000000000028127894980492,0.0000000000000000000000000000528746553327393,0.0000000000000000000000000129807970259472,0.0000000141846393776855,0.000622312701613771,13861.0496924533,10.2747652198355,13870.3250800001,347.620830192907,50.6233286906128,"Malawi","Lilongwe","TA Chitukula",126,13871.32508,1,"Adults",40030.476291
"201",201,-0.000000000028127894980492,0.00000000000000000000000000000411189089369392,0.0000000000000000000000000102740712107589,0.0000000125178903118609,0.000584608901090169,13861.0497225061,10.2747728725317,13870.3250800001,347.620830192907,50.6233286908555,"Malawi","Lilongwe","TA Chitukula",126,13871.32508,1,"Adults",40030.476291
"202",202,-0.000000000028127894980492,0.0000000000000000000000000000103313463392437,0.00000000000000000000000000727727955820774,0.000000011046990599302,0.000549189431645399,13861.049750738,10.2747800615771,13870.3250800001,347.620830192907,50.6233286910697,"Malawi","Lilongwe","TA Chitukula",126,13871.32508,1,"Adults",40030.476291
"203",203,-0.000000000028127894980492,0.000000000000000000000000000012728594686952,0.00000000000000000000000000437250479744254,0.00000000974892719625736,0.0005159158958471,13861.0497772593,10.2747868150625,13870.3250800001,347.620830192907,50.6233286912587,"Malawi","Lilongwe","TA Chitukula",126,13871.32508,1,"Adults",40030.476291
"204",204,-0.000000000028127894980492,0.00000000000000000000000000000346840826610369,0.00000000000000000000000000320108843379552,0.00000000860339117912632,0.000484658280961311,13861.0498021738,10.274793159377,13870.3250800001,347.620830192907,50.6233286914255,"Malawi","Lilongwe","TA Chitukula",126,13871.32508,1,"Adults",40030.476291
"205",205,-0.000000000028127894980492,0.00000000000000000000000000000332982787926693,0.00000000000000000000000000224350409216984,0.00000000759246000005872,0.000455294450993907,13861.0498255787,10.2747991193107,13870.3250800001,347.620830192907,50.6233286915728,"Malawi","Lilongwe","TA Chitukula",126,13871.32508,1,"Adults",40030.476291
"206",206,-0.000000000028127894980492,0.00000000000000000000000000000332882179087282,0.00000000000000000000000000142728365310145,0.00000000670031707872959,0.000427709669502423,13861.0498475655,10.2748047181517,13870.3250800001,347.620830192907,50.6233286917027,"Malawi","Lilongwe","TA Chitukula",126,13871.32508,1,"Adults",40030.476291
"207",207,-0.000000000028127894980492,0.00000000000000000000000000000142812510668866,0.00000000000000000000000000100622263427391,0.00000000591300434314679,0.000401796151314611,13861.0498682202,10.2748099777776,13870.3250800001,347.620830192907,50.6233286918173,"Malawi","Lilongwe","TA Chitukula",126,13871.32508,1,"Adults",40030.476291
"208",208,-0.000000000028127894980492,0.00000000000000000000000000000108539423410502,0.000000000000000000000000000698722662684082,0.00000000521820384785462,0.000377452641402916,13861.0498876234,10.27481491874,13870.3250800001,347.620830192907,50.6233286919185,"Malawi","Lilongwe","TA Chitukula",126,13871.32508,1,"Adults",40030.476291
"209",209,-0.000000000028127894980492,0.000000000000000000000000000000932396022910368,0.000000000000000000000000000458687806189472,0.00000000460504505282905,0.000354584019270033,13861.049905851,10.2748195603456,13870.3250800001,347.620830192907,50.6233286920078,"Malawi","Lilongwe","TA Chitukula",126,13871.32508,1,"Adults",40030.476291
"210",210,-0.000000000028127894980492,0.000000000000000000000000000000501108885879044,0.000000000000000000000000000317523362431482,0.00000000406393474783549,0.000333100927300356,13861.0499229743,10.2748239207315,13870.3250800001,347.620830192907,50.6233286920866,"Malawi","Lilongwe","TA Chitukula",126,13871.32508,1,"Adults",40030.476291
"211",211,-0.000000000028127894980492,0.000000000000000000000000000000351963434355327,0.000000000000000000000000000218981503011883,0.00000000358640696132139,0.000312919421625663,13861.0499390601,10.2748280169358,13870.3250800001,347.620830192907,50.6233286921562,"Malawi","Lilongwe","TA Chitukula",126,13871.32508,1,"Adults",40030.476291
"212",212,-0.000000000028127894980492,0.000000000000000000000000000000274203788233679,0.000000000000000000000000000146241271403231,0.00000000316499050558456,0.000293960644141296,13861.0499541712,10.2748318649644,13870.3250800001,347.620830192907,50.6233286922175,"Malawi","Lilongwe","TA Chitukula",126,13871.32508,1,"Adults",40030.476291
"213",213,-0.000000000028127894980492,0.000000000000000000000000000000165612582059782,0.000000000000000000000000000100354141151606,0.00000000279309208588801,0.000276150514391692,13861.0499683669,10.2748354798532,13870.3250800001,347.620830192907,50.6233286922717,"Malawi","Lilongwe","TA Chitukula",126,13871.32508,1,"Adults",40030.476291
"214",214,-0.000000000028127894980492,0.000000000000000000000000000000113224247994499,0.0000000000000000000000000000688875333396552,0.00000000246489314469818,0.000259419440121695,13861.0499817024,10.2748388757276,13870.3250800001,347.620830192907,50.6233286923195,"Malawi","Lilongwe","TA Chitukula",126,13871.32508,1,"Adults",40030.476291
"215",215,-0.000000000028127894980492,0.0000000000000000000000000000000831688115220746,0.0000000000000000000000000000464350567113556,0.00000000217525882711756,0.000243702045362974,13861.0499942299,10.2748420658568,13870.3250800001,347.620830192907,50.6233286923617,"Malawi","Lilongwe","TA Chitukula",126,13871.32508,1,"Adults",40030.476291
"216",216,-0.000000000028127894980492,0.0000000000000000000000000000000533444013890406,0.0000000000000000000000000000317343556872319,0.00000000191965764322504,0.000228936914993347,13861.0500059985,10.2748450627063,13870.3250800001,347.620830192907,50.6233286923989,"Malawi","Lilongwe","TA Chitukula",126,13871.32508,1,"Adults",40030.476291
"217",217,-0.000000000028127894980492,0.0000000000000000000000000000000361798225679422,0.0000000000000000000000000000217183968211844,0.00000000169409057039682,0.000215066354771155,13861.050017054,10.2748478779862,13870.3250800001,347.620830192907,50.6233286924317,"Malawi","Lilongwe","TA Chitukula",126,13871.32508,1,"Adults",40030.476291
"218",218,-0.000000000028127894980492,0.000000000000000000000000000000025687266106288,0.0000000000000000000000000000147132419503331,0.00000000149502848637422,0.00020203616590724,13861.0500274397,10.2748505226972,13870.3250800001,347.620830192907,50.6233286924607,"Malawi","Lilongwe","TA Chitukula",126,13871.32508,1,"Adults",40030.476291
"219",219,-0.000000000028127894980492,0.0000000000000000000000000000000169737254420924,0.0000000000000000000000000000100365656370583,0.00000000131935530624852,0.000189795419331085,13861.0500371961,10.2748530071764,13870.3250800001,347.620830192907,50.6233286924863,"Malawi","Lilongwe","TA Chitukula",126,13871.32508,1,"Adults",40030.476291
"220",220,-0.000000000028127894980492,0.000000000000000000000000000000011459056471483,0.00000000000000000000000000000686126243264751,0.00000000116432985600302,0.000178296349222085,13861.0500463614,10.2748553411187,13870.3250800001,347.620830192907,50.6233286925089,"Malawi","Lilongwe","TA Chitukula",126,13871.32508,1,"Adults",40030.476291
"221",221,-0.000000000028127894980492,0.00000000000000000000000000000000793993205565673,0.00000000000000000000000000000466933612620541,0.0000000010275256573767,0.000167494022989597,13861.0500549713,10.2748575336441,13870.3250800001,347.620830192907,50.6233286925288,"Malawi","Lilongwe","TA Chitukula",126,13871.32508,1,"Adults",40030.476291
"222",222,-0.000000000028127894980492,0.00000000000000000000000000000000541574862680701,0.0000000000000000000000000000031776199977327,0.000000000906797384159208,0.000157346191375826,13861.0500630596,10.2748595933279,13870.3250800001,347.620830192907,50.6233286925464,"Malawi","Lilongwe","TA Chitukula",126,13871.32508,1,"Adults",40030.476291
"223",223,-0.000000000028127894980492,0.00000000000000000000000000000000366954556037326,0.00000000000000000000000000000216535746956317,0.000000000800253719609562,0.000147813177011873,13861.0500706578,10.2748615282234,13870.3250800001,347.620830192907,50.6233286925619,"Malawi","Lilongwe","TA Chitukula",126,13871.32508,1,"Adults",40030.476291
"224",224,-0.000000000028127894980492,0.00000000000000000000000000000000250092275129376,0.00000000000000000000000000000147486758238061,0.000000000706228345515032,0.000138857731298841,13861.0500777957,10.2748633458908,13870.3250800001,347.620830192907,50.6233286925756,"Malawi","Lilongwe","TA Chitukula",126,13871.32508,1,"Adults",40030.476291
"225",225,-0.000000000028127894980492,0.00000000000000000000000000000000170430635791019,0.00000000000000000000000000000100425156504324,0.000000000623250439774351,0.000130444861697992,13861.0500845011,10.2748650534325,13870.3250800001,347.620830192907,50.6233286925877,"Malawi","Lilongwe","TA Chitukula",126,13871.32508,1,"Adults",40030.476291
"226",226,-0.000000000028127894980492,0.00000000000000000000000000000000115910874428863,0.000000000000000000000000000000683970521629837,0.000000000550021975983293,0.000122541695674232,13861.0500908002,10.2748666575207,13870.3250800001,347.620830192907,50.6233286925983,"Malawi","Lilongwe","TA Chitukula",126,13871.32508,1,"Adults",40030.476291
"227",227,-0.000000000028127894980492,0.000000000000000000000000000000000788773876664259,0.000000000000000000000000000000465845053804762,0.000000000485397449749036,0.000115117352316964,13861.0500967177,10.2748681644231,13870.3250800001,347.620830192907,50.6233286926077,"Malawi","Lilongwe","TA Chitukula",126,13871.32508,1,"Adults",40030.476291
"228",228,-0.000000000028127894980492,0.00000000000000000000000000000000053699827958319,0.000000000000000000000000000000317254369694063,0.000000000428365946323972,0.000108142821657406,13861.0501022767,10.274869580028,13870.3250800001,347.620830192907,50.623328692616,"Malawi","Lilongwe","TA Chitukula",126,13871.32508,1,"Adults",40030.476291
"229",229,-0.000000000028127894980492,0.0000000000000000000000000000000003654687209676,0.000000000000000000000000000000216063885940459,0.000000000378035327676166,0.000101590851317694,13861.0501074989,10.2748709098667,13870.3250800001,347.620830192907,50.6233286926234,"Malawi","Lilongwe","TA Chitukula",126,13871.32508,1,"Adults",40030.476291
"230",230,-0.000000000028127894980492,0.000000000000000000000000000000000248718628241126,0.000000000000000000000000000000147151987846481,0.000000000333618277076884,0.000095435840026942,13861.0501124047,10.2748721591354,13870.3250800001,347.620830192907,50.6233286926298,"Malawi","Lilongwe","TA Chitukula",126,13871.32508,1,"Adults",40030.476291
"231",231,-0.000000000028127894980492,0.000000000000000000000000000000000169284647420997,0.000000000000000000000000000000100217615260456,0.000000000294419983137494,0.0000896537375884411,13861.0501170133,10.2748733327155,13870.3250800001,347.620830192907,50.6233286926355,"Malawi","Lilongwe","TA Chitukula",126,13871.32508,1,"Adults",40030.476291
"232",232,-0.000000000028127894980492,0.000000000000000000000000000000000115217161562546,0.0000000000000000000000000000000682528056349797,0.000000000259827270946266,0.0000842219509072891,13861.0501213426,10.2748744351928,13870.3250800001,347.620830192907,50.6233286926406,"Malawi","Lilongwe","TA Chitukula",126,13871.32508,1,"Adults",40030.476291
"233",233,-0.000000000028127894980492,0.0000000000000000000000000000000000784157432228505,0.0000000000000000000000000000000464835268256372,0.00000000022929901023687,0.0000791192557112827,13861.0501254096,10.2748754708751,13870.3250800001,347.620830192907,50.623328692645,"Malawi","Lilongwe","TA Chitukula",126,13871.32508,1,"Adults",40030.476291
"234",234,-0.000000000028127894980492,0.000000000000000000000000000000000053369919165917,0.0000000000000000000000000000000316575389181168,0.000000000202357650542702,0.0000743257136201584,13861.0501292303,10.2748764438093,13870.3250800001,347.620830192907,50.6233286926489,"Malawi","Lilongwe","TA Chitukula",126,13871.32508,1,"Adults",40030.476291
"235",235,-0.000000000028127894980492,0.0000000000000000000000000000000000363238561585683,0.0000000000000000000000000000000215602792980442,0.000000000178581750923659,0.0000698225942391636,13861.0501328194,10.274877357797,13870.3250800001,347.620830192907,50.6233286926524,"Malawi","Lilongwe","TA Chitukula",126,13871.32508,1,"Adults",40030.476291
"236",236,-0.000000000028127894980492,0.0000000000000000000000000000000000247220451508246,0.0000000000000000000000000000000146835725275149,0.000000000157599387408533,0.0000655923019725695,13861.0501361911,10.2748782164095,13870.3250800001,347.620830192907,50.6233286926555,"Malawi","Lilongwe","TA Chitukula",126,13871.32508,1,"Adults",40030.476291
"237",237,-0.000000000028127894980492,0.0000000000000000000000000000000000168258520111048,0.0000000000000000000000000000000100002076196218,0.000000000139082335026284,0.0000616183072711758,13861.0501393586,10.2748790230019,13870.3250800001,347.620830192907,50.6233286926582,"Malawi","Lilongwe","TA Chitukula",126,13871.32508,1,"Adults",40030.476291
"238",238,-0.000000000028127894980492,0.000000000000000000000000000000000011451717140844,0.0000000000000000000000000000000068106094852742,0.00000000012274093341632,0.0000578850820451806,13861.0501423341,10.2748797807259,13870.3250800001,347.620830192907,50.6233286926606,"Malawi","Lilongwe","TA Chitukula",126,13871.32508,1,"Adults",40030.476291
"239",239,-0.000000000028127894980492,0.00000000000000000000000000000000000779406136222213,0.00000000000000000000000000000000463834191325497,0.000000000108319555701035,0.0000543780389900631,13861.0501451293,10.2748804925421,13870.3250800001,347.620830192907,50.6233286926627,"Malawi","Lilongwe","TA Chitukula",126,13871.32508,1,"Adults",40030.476291
"240",240,-0.000000000028127894980492,0.0000000000000000000000000000000000053046514263618,0.00000000000000000000000000000000315892560309516,0.0000000000955926097406513,0.0000510834745884133,13861.0501477552,10.2748811612321,13870.3250800001,347.620830192907,50.6233286926645,"Malawi","Lilongwe","TA Chitukula",126,13871.32508,1,"Adults",40030.476291
"241",241,-0.000000000028127894980492,0.00000000000000000000000000000000000361035614160669,0.00000000000000000000000000000000215137360882032,0.0000000000843610092184043,0.0000479885155650065,13861.050150222,10.2748817894086,13870.3250800001,347.620830192907,50.6233286926661,"Malawi","Lilongwe","TA Chitukula",126,13871.32508,1,"Adults",40030.476291
"242",242,-0.000000000028127894980492,0.00000000000000000000000000000000000245721549574555,0.00000000000000000000000000000000146518371027639,0.0000000000744490593536045,0.0000450810685859096,13861.0501525393,10.2748823795262,13870.3250800001,347.620830192907,50.6233286926676,"Malawi","Lilongwe","TA Chitukula",126,13871.32508,1,"Adults",40030.476291
"243",243,-0.000000000028127894980492,0.00000000000000000000000000000000000167238549331506,0.000000000000000000000000000000000997856635775791,0.0000000000657017085261153,0.0000423497730050826,13861.0501547163,10.2748829338907,13870.3250800001,347.620830192907,50.6233286926689,"Malawi","Lilongwe","TA Chitukula",126,13871.32508,1,"Adults",40030.476291
"244",244,-0.000000000028127894980492,0.00000000000000000000000000000000000113822875330505,0.000000000000000000000000000000000679585391170616,0.0000000000579821228196836,0.0000397839564738455,13861.0501567613,10.2748834546684,13870.3250800001,347.620830192907,50.62332869267,"Malawi","Lilongwe","TA Chitukula",126,13871.32508,1,"Adults",40030.476291
"245",245,-0.000000000028127894980492,0.000000000000000000000000000000000000774680681535459,0.000000000000000000000000000000000462828114623569,0.000000000051169545542953,0.0000373735932397643,13861.0501586825,10.274883943894,13870.3250800001,347.620830192907,50.623328692671,"Malawi","Lilongwe","TA Chitukula",126,13871.32508,1,"Adults",40030.476291
"246",246,-0.000000000028127894980492,0.000000000000000000000000000000000000527249153364106,0.000000000000000000000000000000000315206560029413,0.0000000000451574082448647,0.0000351092649720192,13861.0501604872,10.2748844034793,13870.3250800001,347.620830192907,50.6233286926719,"Malawi","Lilongwe","TA Chitukula",126,13871.32508,1,"Adults",40030.476291
"247",247,-0.000000000028127894980492,0.000000000000000000000000000000000000358846780807708,0.000000000000000000000000000000000214669616078199,0.0000000000398516636752543,0.0000329821239601896,13861.0501621826,10.27488483522,13870.3250800001,347.620830192907,50.6233286926726,"Malawi","Lilongwe","TA Chitukula",126,13871.32508,1,"Adults",40030.476291
"248",248,-0.000000000028127894980492,0.000000000000000000000000000000000000244231806213052,0.00000000000000000000000000000000014619944641398,0.0000000000351693146133158,0.0000309838585426612,13861.0501637753,10.2748852408031,13870.3250800001,347.620830192907,50.6233286926733,"Malawi","Lilongwe","TA Chitukula",126,13871.32508,1,"Adults",40030.476291
"249",249,-0.000000000028127894980492,0.000000000000000000000000000000000000166224634830441,0.000000000000000000000000000000000099568208638738,0.0000000000310371155505466,0.0000291066606295761,13861.0501652715,10.2748856218135,13870.3250800001,347.620830192907,50.6233286926739,"Malawi","Lilongwe","TA Chitukula",126,13871.32508,1,"Adults",40030.476291
"250",250,-0.000000000028127894980492,0.00000000000000000000000000000000000011313280443168,0.0000000000000000000000000000000000678102704707943,0.0000000000273904269187337,0.0000273431951934259,13861.050166677,10.2748859797398,13870.3250800001,347.620830192907,50.6233286926744,"Malawi","Lilongwe","TA Chitukula",126,13871.32508,1,"Adults",40030.476291
"251",251,-0.000000000028127894980492,0.0000000000000000000000000000000000000768323802221809,0.000000000000000000000000000000000046082676792191,0.0000000000241706262323818,0.0000256863677078106,13861.0501679976,10.274886316022,13870.3250800001,347.620830192907,50.6233286926749,"Malawi","Lilongwe","TA Chitukula",126,13871.32508,1,"Adults",40030.476291
"252",252,-0.000000000028127894980492,0.0000000000000000000000000000000000000523049047212634,0.0000000000000000000000000000000000313917998056111,0.0000000000213307266150226,0.000024130123765705,13861.050169238,10.2748866318891,13870.3250800001,347.620830192907,50.6233286926753,"Malawi","Lilongwe","TA Chitukula",126,13871.32508,1,"Adults",40030.476291
"253",253,-0.000000000028127894980492,0.0000000000000000000000000000000000000354529752673014,0.0000000000000000000000000000000000212918847634901,0.0000000000188212943602552,0.0000226676948684558,13861.0501704036,10.2748869287147,13870.3250800001,347.620830192907,50.6233286926757,"Malawi","Lilongwe","TA Chitukula",126,13871.32508,1,"Adults",40030.476291
"254",254,-0.000000000028127894980492,0.0000000000000000000000000000000000000241001137396308,0.0000000000000000000000000000000000144828783543752,0.0000000000166071623458028,0.0000212939005561048,13861.0501714985,10.2748872075504,13870.3250800001,347.620830192907,50.623328692676,"Malawi","Lilongwe","TA Chitukula",126,13871.32508,1,"Adults",40030.476291
"255",255,-0.000000000028127894980492,0.0000000000000000000000000000000000000163969055646268,0.00000000000000000000000000000000000985978931451815,0.0000000000146535150717863,0.0000200033666576799,13861.0501725271,10.2748874694869,13870.3250800001,347.620830192907,50.6233286926763,"Malawi","Lilongwe","TA Chitukula",126,13871.32508,1,"Adults",40030.476291
"256",256,-0.000000000028127894980492,0.0000000000000000000000000000000000000111532827247233,0.00000000000000000000000000000000000671088566779848,0.0000000000129296923581645,0.0000187910465822487,13861.0501734934,10.2748877155486,13870.3250800001,347.620830192907,50.6233286926765,"Malawi","Lilongwe","TA Chitukula",126,13871.32508,1,"Adults",40030.476291
"257",257,-0.000000000028127894980492,0.0000000000000000000000000000000000000075855455793815,0.00000000000000000000000000000000000456705398219766,0.0000000000114086581046561,0.0000176522001226519,13861.0501744011,10.2748879466975,13870.3250800001,347.620830192907,50.6233286926768,"Malawi","Lilongwe","TA Chitukula",126,13871.32508,1,"Adults",40030.476291
"258",258,-0.000000000028127894980492,0.00000000000000000000000000000000000000515912419145484,0.00000000000000000000000000000000000310811603913791,0.0000000000100665565853862,0.0000165823743545156,13861.0501752538,10.2748881638374,13870.3250800001,347.620830192907,50.6233286926769,"Malawi","Lilongwe","TA Chitukula",126,13871.32508,1,"Adults",40030.476291
"259",259,-0.000000000028127894980492,0.00000000000000000000000000000000000000350891158617135,0.00000000000000000000000000000000000211526728458196,0.00000000000888233835746976,0.0000155773862256215,13861.0501760548,10.2748883678174,13870.3250800001,347.620830192907,50.6233286926771,"Malawi","Lilongwe","TA Chitukula",126,13871.32508,1,"Adults",40030.476291
"260",260,-0.000000000028127894980492,0.00000000000000000000000000000000000000238654246072701,0.00000000000000000000000000000000000143957202885913,0.00000000000783743021035782,0.0000146333062006866,13861.0501768073,10.274888559435,13870.3250800001,347.620830192907,50.6233286926773,"Malawi","Lilongwe","TA Chitukula",126,13871.32508,1,"Adults",40030.476291
"261",261,-0.000000000028127894980492,0.00000000000000000000000000000000000000162317403175219,0.000000000000000000000000000000000000979716855920246,0.000000000006915443865135,0.000013746442896804,13861.0501775141,10.2748887394395,13870.3250800001,347.620830192907,50.6233286926774,"Malawi","Lilongwe","TA Chitukula",126,13871.32508,1,"Adults",40030.476291
"262",262,-0.000000000028127894980492,0.00000000000000000000000000000000000000110397915002928,0.000000000000000000000000000000000000666756810409246,0.0000000000061019189413171,0.0000129133286500609,13861.0501781781,10.2748889085346,13870.3250800001,347.620830192907,50.6233286926775,"Malawi","Lilongwe","TA Chitukula",126,13871.32508,1,"Adults",40030.476291
"263",263,-0.000000000028127894980492,0.000000000000000000000000000000000000000750856139805105,0.000000000000000000000000000000000000453768400043414,0.0000000000053840961610752,0.0000121307059568983,13861.0501788019,10.2748890673816,13870.3250800001,347.620830192907,50.6233286926776,"Malawi","Lilongwe","TA Chitukula",126,13871.32508,1,"Adults",40030.476291
"264",264,-0.000000000028127894980492,0.000000000000000000000000000000000000000510684441791948,0.000000000000000000000000000000000000308816781921615,0.00000000000475071723346222,0.0000113955147372001,13861.0501793879,10.2748892166016,13870.3250800001,347.620830192907,50.6233286926777,"Malawi","Lilongwe","TA Chitukula",126,13871.32508,1,"Adults",40030.476291
"265",265,-0.000000000028127894980492,0.000000000000000000000000000000000000000347334970724544,0.000000000000000000000000000000000000210168373163462,0.00000000000419184828002921,0.0000107048803693096,13861.0501799383,10.274889356778,13870.3250800001,347.620830192907,50.6233286926778,"Malawi","Lilongwe","TA Chitukula",126,13871.32508,1,"Adults",40030.476291
"266",266,-0.000000000028127894980492,0.000000000000000000000000000000000000000236235081717229,0.000000000000000000000000000000000000143032147731996,0.00000000000369872403245058,0.0000100561024501907,13861.0501804554,10.2748894884588,13870.3250800001,347.620830192907,50.6233286926779,"Malawi","Lilongwe","TA Chitukula",126,13871.32508,1,"Adults",40030.476291
"267",267,-0.000000000028127894980492,0.000000000000000000000000000000000000000160672027214779,0.000000000000000000000000000000000000097341893371169,0.00000000000326361035856292,0.00000944664423678562,13861.0501809412,10.2748896121591,13870.3250800001,347.620830192907,50.6233286926779,"Malawi","Lilongwe","TA Chitukula",126,13871.32508,1,"Adults",40030.476291
"268",268,-0.000000000028127894980492,0.000000000000000000000000000000000000000109278859727484,0.0000000000000000000000000000000000000662469290888502,0.00000000000287968296068368,0.00000887412272728638,13861.0501813975,10.2748897283623,13870.3250800001,347.620830192907,50.623328692678,"Malawi","Lilongwe","TA Chitukula",126,13871.32508,1,"Adults",40030.476291
"269",269,-0.000000000028127894980492,0.0000000000000000000000000000000000000000743245068296897,0.00000000000000000000000000000000000004508494509155,0.00000000000254092034372126,0.00000833629934353583,13861.0501818262,10.274889837523,13870.3250800001,347.620830192907,50.623328692678,"Malawi","Lilongwe","TA Chitukula",126,13871.32508,1,"Adults",40030.476291
"270",270,-0.000000000028127894980492,0.0000000000000000000000000000000000000000505507865709742,0.0000000000000000000000000000000000000306829541684359,0.00000000000224200937439437,0.00000783107117812831,13861.0501822289,10.274889940068,13870.3250800001,347.620830192907,50.6233286926781,"Malawi","Lilongwe","TA Chitukula",126,13871.32508,1,"Adults",40030.476291
"271",271,-0.000000000028127894980492,0.0000000000000000000000000000000000000000343814191561772,0.0000000000000000000000000000000000000208815450835795,0.00000000000197826195035717,0.00000735646277198501,13861.0501826071,10.2748900363981,13870.3250800001,347.620830192907,50.6233286926781,"Malawi","Lilongwe","TA Chitukula",126,13871.32508,1,"Adults",40030.476291
"272",272,-0.000000000028127894980492,0.0000000000000000000000000000000000000000233840472797937,0.0000000000000000000000000000000000000142111074046987,0.00000000000174554147227333,0.0000069106183902548,13861.0501829625,10.27489012689,13870.3250800001,347.620830192907,50.6233286926781,"Malawi","Lilongwe","TA Chitukula",126,13871.32508,1,"Adults",40030.476291
"273",273,-0.000000000028127894980492,0.0000000000000000000000000000000000000000159043367204215,0.00000000000000000000000000000000000000967148241146208,0.00000000000154019796563142,0.00000649179476633906,13861.0501832963,10.2748902118976,13870.3250800001,347.620830192907,50.6233286926782,"Malawi","Lilongwe","TA Chitukula",126,13871.32508,1,"Adults",40030.476291
"274",274,-0.000000000028127894980492,0.0000000000000000000000000000000000000000108171149112791,0.00000000000000000000000000000000000000658200191181767,0.00000000000135901083475586,0.00000609835428566983,13861.0501836099,10.2748902917532,13870.3250800001,347.620830192907,50.6233286926782,"Malawi","Lilongwe","TA Chitukula",126,13871.32508,1,"Adults",40030.476291
"275",275,-0.000000000028127894980492,0.00000000000000000000000000000000000000000735711127478202,0.00000000000000000000000000000000000000447943042277274,0.00000000000119913835117076,0.00000572875858258958,13861.0501839045,10.2748903667692,13870.3250800001,347.620830192907,50.6233286926782,"Malawi","Lilongwe","TA Chitukula",126,13871.32508,1,"Adults",40030.476291
"276",276,-0.000000000028127894980492,0.00000000000000000000000000000000000000000500383759934776,0.00000000000000000000000000000000000000304850856823675,0.00000000000105807308409491,0.0000053815625252965,13861.0501841812,10.2748904372387,13870.3250800001,347.620830192907,50.6233286926782,"Malawi","Lilongwe","TA Chitukula",126,13871.32508,1,"Adults",40030.476291
"277",277,-0.000000000028127894980492,0.00000000000000000000000000000000000000000340329101810256,0.00000000000000000000000000000000000000207468362204026,0.000000000000933602574042515,0.00000505540856533635,13861.0501844412,10.2748905034374,13870.3250800001,347.620830192907,50.6233286926783,"Malawi","Lilongwe","TA Chitukula",126,13871.32508,1,"Adults",40030.476291
"278",278,-0.000000000028127894980492,0.00000000000000000000000000000000000000000231470137148471,0.00000000000000000000000000000000000000141193976991353,0.000000000000823774632736638,0.00000474902142954727,13861.0501846854,10.274890565624,13870.3250800001,347.620830192907,50.6233286926783,"Malawi","Lilongwe","TA Chitukula",126,13871.32508,1,"Adults",40030.476291
"279",279,-0.000000000028127894980492,0.00000000000000000000000000000000000000000157431216156767,0.000000000000000000000000000000000000000960904656336238,0.000000000000726866725101254,0.00000446120313370305,13861.0501849148,10.2748906240418,13870.3250800001,347.620830192907,50.6233286926783,"Malawi","Lilongwe","TA Chitukula",126,13871.32508,1,"Adults",40030.476291
"280",280,-0.000000000028127894980492,0.00000000000000000000000000000000000000000107074666848708,0.000000000000000000000000000000000000000653949570801015,0.000000000000641358953120775,0.00000419082829835808,13861.0501851303,10.2748906789191,13870.3250800001,347.620830192907,50.6233286926783,"Malawi","Lilongwe","TA Chitukula",126,13871.32508,1,"Adults",40030.476291
"281",281,-0.000000000028127894980492,0.000000000000000000000000000000000000000000728253554831499,0.000000000000000000000000000000000000000445049230934472,0.000000000000565910217847537,0.00000393683974857887,13861.0501853327,10.2748907304705,13870.3250800001,347.620830192907,50.6233286926783,"Malawi","Lilongwe","TA Chitukula",126,13871.32508,1,"Adults",40030.476291
"282",282,-0.000000000028127894980492,0.000000000000000000000000000000000000000000495311594921005,0.000000000000000000000000000000000000000302880759417152,0.000000000000499337185683506,0.00000369824438035706,13861.0501855229,10.2748907788976,13870.3250800001,347.620830192907,50.6233286926783,"Malawi","Lilongwe","TA Chitukula",126,13871.32508,1,"Adults",40030.476291
"283",283,-0.000000000028127894980492,0.000000000000000000000000000000000000000000336879338845027,0.000000000000000000000000000000000000000206127127521717,0.0000000000004405957290446,0.00000347410927754147,13861.0501857015,10.2748908243898,13870.3250800001,347.620830192907,50.6233286926783,"Malawi","Lilongwe","TA Chitukula",126,13871.32508,1,"Adults",40030.476291
"284",284,-0.000000000028127894980492,0.000000000000000000000000000000000000000000229123828524055,0.000000000000000000000000000000000000000140280870473529,0.000000000000388764550324085,0.00000326355806410633,13861.0501858693,10.2748908671248,13870.3250800001,347.620830192907,50.6233286926783,"Malawi","Lilongwe","TA Chitukula",126,13871.32508,1,"Adults",40030.476291
"285",285,-0.000000000028127894980492,0.000000000000000000000000000000000000000000155835406758703,0.0000000000000000000000000000000000000000954688274207555,0.000000000000343030732314223,0.000003065767477493,13861.050186027,10.2748909072699,13870.3250800001,347.620830192907,50.6233286926783,"Malawi","Lilongwe","TA Chitukula",126,13871.32508,1,"Adults",40030.476291
"286",286,-0.000000000028127894980492,0.000000000000000000000000000000000000000000105989299131756,0.0000000000000000000000000000000000000000649717493836959,0.000000000000302676988459825,0.00000287996414962683,13861.0501861751,10.2748909449819,13870.3250800001,347.620830192907,50.6233286926783,"Malawi","Lilongwe","TA Chitukula",126,13871.32508,1,"Adults",40030.476291
"287",287,-0.000000000028127894980492,0.0000000000000000000000000000000000000000000720871576241628,0.0000000000000000000000000000000000000000442168060130223,0.000000000000267070412977428,0.00000270542158302297,13861.0501863142,10.2748909804084,13870.3250800001,347.620830192907,50.6233286926784,"Malawi","Lilongwe","TA Chitukula",126,13871.32508,1,"Adults",40030.476291
"288",288,-0.000000000028127894980492,0.0000000000000000000000000000000000000000000490290844160669,0.0000000000000000000000000000000000000000300919278675292,0.00000000000023565255439761,0.00000254145731015752,13861.0501864449,10.2748910136878,13870.3250800001,347.620830192907,50.6233286926784,"Malawi","Lilongwe","TA Chitukula",126,13871.32508,1,"Adults",40030.476291
"289",289,-0.000000000028127894980492,0.0000000000000000000000000000000000000000000333464544574018,0.000000000000000000000000000000000000000020479176652385,0.000000000000207930656844464,0.00000238743022499711,13861.0501865676,10.2748910449503,13870.3250800001,347.620830192907,50.6233286926784,"Malawi","Lilongwe","TA Chitukula",126,13871.32508,1,"Adults",40030.476291
"290",290,-0.000000000028127894980492,0.0000000000000000000000000000000000000000000226801303373944,0.0000000000000000000000000000000000000000139371767824554,0.000000000000183469931680946,0.00000224273807625323,13861.0501866829,10.2748910743181,13870.3250800001,347.620830192907,50.6233286926784,"Malawi","Lilongwe","TA Chitukula",126,13871.32508,1,"Adults",40030.476291
"291",291,-0.000000000028127894980492,0.0000000000000000000000000000000000000000000154255773362134,0.0000000000000000000000000000000000000000094849918480387,0.000000000000161886738309063,0.0000021068151125597,13861.0501867913,10.2748911019061,13870.3250800001,347.620830192907,50.6233286926784,"Malawi","Lilongwe","TA Chitukula",126,13871.32508,1,"Adults",40030.476291
"292",292,-0.000000000028127894980492,0.0000000000000000000000000000000000000000000104914933298759,0.00000000000000000000000000000000000000000645504021106685,0.000000000000142842567172921,0.00000197912987036607,13861.0501868931,10.274891127822,13870.3250800001,347.620830192907,50.6233286926784,"Malawi","Lilongwe","TA Chitukula",126,13871.32508,1,"Adults",40030.476291
"293",293,-0.000000000028127894980492,0.00000000000000000000000000000000000000000000713564425445638,0.00000000000000000000000000000000000000000439299570939679,0.000000000000126038730594453,0.00000185918309589737,13861.0501869887,10.2748911521673,13870.3250800001,347.620830192907,50.6233286926784,"Malawi","Lilongwe","TA Chitukula",126,13871.32508,1,"Adults",40030.476291
"294",294,-0.000000000028127894980492,0.00000000000000000000000000000000000000000000485320986490643,0.00000000000000000000000000000000000000000298966442338397,0.000000000000111211678173146,0.00000174650579305508,13861.0501870785,10.2748911750372,13870.3250800001,347.620830192907,50.6233286926784,"Malawi","Lilongwe","TA Chitukula",126,13871.32508,1,"Adults",40030.476291
"295",295,-0.000000000028127894980492,0.00000000000000000000000000000000000000000000330084364535326,0.00000000000000000000000000000000000000000203462297944017,0.000000000000098128863276824,0.00000164065738962664,13861.0501871628,10.274891196521,13870.3250800001,347.620830192907,50.6233286926784,"Malawi","Lilongwe","TA Chitukula",126,13871.32508,1,"Adults",40030.476291
"296",296,-0.000000000028127894980492,0.0000000000000000000000000000000000000000000022450232061577,0.00000000000000000000000000000000000000000138466681694963,0.0000000000000865850957937144,0.0000015412240146332,13861.0501872421,10.2748912167027,13870.3250800001,347.620830192907,50.6233286926784,"Malawi","Lilongwe","TA Chitukula",126,13871.32508,1,"Adults",40030.476291
"297",297,-0.000000000028127894980492,0.00000000000000000000000000000000000000000000152692151998218,0.000000000000000000000000000000000000000000942337473548079,0.0000000000000763993239426154,0.00000144781688008007,13861.0501873165,10.2748912356613,13870.3250800001,347.620830192907,50.6233286926784,"Malawi","Lilongwe","TA Chitukula",126,13871.32508,1,"Adults",40030.476291
"298",298,-0.000000000028127894980492,0.00000000000000000000000000000000000000000000103851457828574,0.000000000000000000000000000000000000000000641309210289098,0.0000000000000674117946672344,0.00000136007076078245,13861.0501873865,10.2748912534709,13870.3250800001,347.620830192907,50.6233286926784,"Malawi","Lilongwe","TA Chitukula",126,13871.32508,1,"Adults",40030.476291
"299",299,-0.000000000028127894980492,0.00000000000000000000000000000000000000000000070633134394788,0.000000000000000000000000000000000000000000436443802306487,0.0000000000000594815480784973,0.00000127764256632252,13861.0501874522,10.2748912702012,13870.3250800001,347.620830192907,50.6233286926784,"Malawi","Lilongwe","TA Chitukula",126,13871.32508,1,"Adults",40030.476291
"300",300,-0.000000000028127894980492,0.000000000000000000000000000000000000000000000480401506030588,0.000000000000000000000000000000000000000000297022276699024,0.0000000000000524842066478058,0.00000120020999955416,13861.0501875139,10.2748912859175,13870.3250800001,347.620830192907,50.6233286926784,"Malawi","Lilongwe","TA Chitukula",126,13871.32508,1,"Adults",40030.476291
"301",301,-0.000000000028127894980492,0.000000000000000000000000000000000000000000000326738447860067,0.000000000000000000000000000000000000000000202138739532503,0.0000000000000463100244770761,0.00000112747029641009,13861.0501875719,10.2748913006813,13870.3250800001,347.620830192907,50.6233286926784,"Malawi","Lilongwe","TA Chitukula",126,13871.32508,1,"Adults",40030.476291
"302",302,-0.000000000028127894980492,0.000000000000000000000000000000000000000000000222226641610907,0.00000000000000000000000000000000000000000013756562406743,0.0000000000000408621660504235,0.00000105913904208396,13861.0501876263,10.2748913145503,13870.3250800001,347.620830192907,50.6233286926784,"Malawi","Lilongwe","TA Chitukula",126,13871.32508,1,"Adults",40030.476291
"303",303,-0.000000000028127894980492,0.00000000000000000000000000000000000000000000015114438036019,0.0000000000000000000000000000000000000000000936203221326974,0.0000000000000360551874715357,0.000000994949058958654,13861.0501876775,10.2748913275788,13870.3250800001,347.620830192907,50.6233286926784,"Malawi","Lilongwe","TA Chitukula",126,13871.32508,1,"Adults",40030.476291
"304",304,-0.000000000028127894980492,0.000000000000000000000000000000000000000000000102798762330498,0.0000000000000000000000000000000000000000000637133115982188,0.0000000000000318136963665467,0.000000934649361932633,13861.0501877255,10.2748913398177,13870.3250800001,347.620830192907,50.6233286926784,"Malawi","Lilongwe","TA Chitukula",126,13871.32508,1,"Adults",40030.476291
"305",305,-0.000000000028127894980492,0.0000000000000000000000000000000000000000000000699171580941236,0.0000000000000000000000000000000000000000000433600791081754,0.000000000000028071169434408,0.000000878004177059475,13861.0501877707,10.2748913513148,13870.3250800001,347.620830192907,50.6233286926784,"Malawi","Lilongwe","TA Chitukula",126,13871.32508,1,"Adults",40030.476291
"306",306,-0.000000000028127894980492,0.0000000000000000000000000000000000000000000000475531892129416,0.0000000000000000000000000000000000000000000295086806628492,0.0000000000000247689090992849,0.000000824792019663604,13861.0501878131,10.2748913621151,13870.3250800001,347.620830192907,50.6233286926784,"Malawi","Lilongwe","TA Chitukula",126,13871.32508,1,"Adults",40030.476291
"307",307,-0.000000000028127894980492,0.0000000000000000000000000000000000000000000000323426447235955,0.0000000000000000000000000000000000000000000200821108074295,0.000000000000021855122901173,0.000000774804828327526,13861.0501878529,10.2748913722609,13870.3250800001,347.620830192907,50.6233286926784,"Malawi","Lilongwe","TA Chitukula",126,13871.32508,1,"Adults",40030.476291
"308",308,-0.000000000028127894980492,0.0000000000000000000000000000000000000000000000219974030139704,0.0000000000000000000000000000000000000000000136668606269004,0.0000000000000192841111859531,0.000000727847151364458,13861.0501878904,10.2748913817918,13870.3250800001,347.620830192907,50.6233286926784,"Malawi","Lilongwe","TA Chitukula",126,13871.32508,1,"Adults",40030.476291
"309",309,-0.000000000028127894980492,0.0000000000000000000000000000000000000000000000149612297786517,0.00000000000000000000000000000000000000000000930096504574425,0.0000000000000170155503546604,0.000000683735382595439,13861.0501879255,10.2748913907451,13870.3250800001,347.620830192907,50.6233286926784,"Malawi","Lilongwe","TA Chitukula",126,13871.32508,1,"Adults",40030.476291
"310",310,-0.000000000028127894980492,0.0000000000000000000000000000000000000000000000101756737532809,0.00000000000000000000000000000000000000000000632975789759575,0.0000000000000150138604304918,0.00000064229704344277,13861.0501879586,10.2748913991557,13870.3250800001,347.620830192907,50.6233286926784,"Malawi","Lilongwe","TA Chitukula",126,13871.32508,1,"Adults",40030.476291
"311",311,-0.000000000028127894980492,0.00000000000000000000000000000000000000000000000692084393229178,0.00000000000000000000000000000000000000000000430770572062468,0.0000000000000132476470245082,0.000000603370108532765,13861.0501879896,10.2748914070566,13870.3250800001,347.620830192907,50.6233286926784,"Malawi","Lilongwe","TA Chitukula",126,13871.32508,1,"Adults",40030.476291
"312",312,-0.000000000028127894980492,0.00000000000000000000000000000000000000000000000470711639312274,0.00000000000000000000000000000000000000000000293160055602986,0.0000000000000116892089478557,0.000000566802372170879,13861.0501880187,10.2748914144787,13870.3250800001,347.620830192907,50.6233286926784,"Malawi","Lilongwe","TA Chitukula",126,13871.32508,1,"Adults",40030.476291
"313",313,-0.000000000028127894980492,0.00000000000000000000000000000000000000000000000320148018871256,0.0000000000000000000000000000000000000000000019950941940683,0.0000000000000103141037479221,0.000000532450853212125,13861.0501880461,10.2748914214509,13870.3250800001,347.620830192907,50.6233286926784,"Malawi","Lilongwe","TA Chitukula",126,13871.32508,1,"Adults",40030.476291
"314",314,-0.000000000028127894980492,0.0000000000000000000000000000000000000000000000021774425237696,0.00000000000000000000000000000000000000000000135775638983175,0.00000000000000910076435432492,0.00000050018123599979,13861.0501880718,10.2748914280006,13870.3250800001,347.620830192907,50.6233286926784,"Malawi","Lilongwe","TA Chitukula",126,13871.32508,1,"Adults",40030.476291
"315",315,-0.000000000028127894980492,0.00000000000000000000000000000000000000000000000148095745244218,0.000000000000000000000000000000000000000000000924017395353346,0.00000000000000803016082222723,0.000000469867345186512,13861.050188096,10.2748914341533,13870.3250800001,347.620830192907,50.6233286926784,"Malawi","Lilongwe","TA Chitukula",126,13871.32508,1,"Adults",40030.476291
"316",316,-0.000000000028127894980492,0.00000000000000000000000000000000000000000000000100725275271422,0.000000000000000000000000000000000000000000000628837280226204,0.0000000000000070855018677842,0.000000441390652384252,13861.0501881187,10.2748914399332,13870.3250800001,347.620830192907,50.6233286926784,"Malawi","Lilongwe","TA Chitukula",126,13871.32508,1,"Adults",40030.476291
"317",317,-0.000000000028127894980492,0.000000000000000000000000000000000000000000000000685069045148631,0.000000000000000000000000000000000000000000000427953178029355,0.00000000000000625197151461891,0.000000414639812714129,13861.05018814,10.2748914453627,13870.3250800001,347.620830192907,50.6233286926784,"Malawi","Lilongwe","TA Chitukula",126,13871.32508,1,"Adults",40030.476291
"318",318,-0.000000000028127894980492,0.000000000000000000000000000000000000000000000000465940247228085,0.000000000000000000000000000000000000000000000291242045729294,0.0000000000000055164967209062,0.000000389510229444042,13861.05018816,10.2748914504632,13870.3250800001,347.620830192907,50.6233286926784,"Malawi","Lilongwe","TA Chitukula",126,13871.32508,1,"Adults",40030.476291
"319",319,-0.000000000028127894980492,0.000000000000000000000000000000000000000000000000316902822459093,0.000000000000000000000000000000000000000000000198203688437477,0.00000000000000486754234254117,0.000000365903645011763,13861.0501881788,10.2748914552546,13870.3250800001,347.620830192907,50.6233286926784,"Malawi","Lilongwe","TA Chitukula",126,13871.32508,1,"Adults",40030.476291
"320",320,-0.000000000028127894980492,0.000000000000000000000000000000000000000000000000215537076867655,0.000000000000000000000000000000000000000000000134886732261754,0.00000000000000429493021660659,0.000000343727756834413,13861.0501881965,10.2748914597556,13870.3250800001,347.620830192907,50.6233286926784,"Malawi","Lilongwe","TA Chitukula",126,13871.32508,1,"Adults",40030.476291
"321",321,-0.000000000028127894980492,0.000000000000000000000000000000000000000000000000146594565312361,0.0000000000000000000000000000000000000000000000917965961436452,0.00000000000000378967952765463,0.000000322895856402119,13861.0501882131,10.2748914639838,13870.3250800001,347.620830192907,50.6233286926784,"Malawi","Lilongwe","TA Chitukula",126,13871.32508,1,"Adults",40030.476291
"322",322,-0.000000000028127894980492,0.000000000000000000000000000000000000000000000000099704268478663,0.0000000000000000000000000000000000000000000000624717633073235,0.0000000000000033438659531171,0.00000030332649024468,13861.0501882287,10.2748914679557,13870.3250800001,347.620830192907,50.6233286926784,"Malawi","Lilongwe","TA Chitukula",126,13871.32508,1,"Adults",40030.476291
"323",323,-0.000000000028127894980492,0.0000000000000000000000000000000000000000000000000678124808493603,0.000000000000000000000000000000000000000000000042514863978418,0.00000000000000295049737868884,0.00000028494314144563,13861.0501882434,10.2748914716869,13870.3250800001,347.620830192907,50.6233286926784,"Malawi","Lilongwe","TA Chitukula",126,13871.32508,1,"Adults",40030.476291
"324",324,-0.000000000028127894980492,0.0000000000000000000000000000000000000000000000000461217220597602,0.0000000000000000000000000000000000000000000000289332797770148,0.00000000000000260340423441155,0.000000267673930458394,13861.0501882571,10.274891475192,13870.3250800001,347.620830192907,50.6233286926784,"Malawi","Lilongwe","TA Chitukula",126,13871.32508,1,"Adults",40030.476291
"325",325,-0.000000000028127894980492,0.000000000000000000000000000000000000000000000000031369052114213,0.0000000000000000000000000000000000000000000000196903929160768,0.00000000000000229714273149564,0.000000251451334054728,13861.0501882701,10.2748914784847,13870.3250800001,347.620830192907,50.6233286926784,"Malawi","Lilongwe","TA Chitukula",126,13871.32508,1,"Adults",40030.476291
"326",326,-0.000000000028127894980492,0.0000000000000000000000000000000000000000000000000213352274502926,0.0000000000000000000000000000000000000000000000134001895536583,0.0000000000000020269094822518,0.000000236211921306509,13861.0501882822,10.2748914815778,13870.3250800001,347.620830192907,50.6233286926784,"Malawi","Lilongwe","TA Chitukula",126,13871.32508,1,"Adults",40030.476291
"327",327,-0.000000000028127894980492,0.0000000000000000000000000000000000000000000000000145108602165715,0.00000000000000000000000000000000000000000000000911942266385832,0.00000000000000178846616403647,0.000000221896105568568,13861.0501882936,10.2748914844834,13870.3250800001,347.620830192907,50.6233286926784,"Malawi","Lilongwe","TA Chitukula",126,13871.32508,1,"Adults",40030.476291
"328",328,-0.000000000028127894980492,0.00000000000000000000000000000000000000000000000000986936111721555,0.00000000000000000000000000000000000000000000000620616891132118,0.00000000000000157807304564474,0.000000208447911492801,13861.0501883043,10.274891487213,13870.3250800001,347.620830192907,50.6233286926784,"Malawi","Lilongwe","TA Chitukula",126,13871.32508,1,"Adults",40030.476291
"329",329,-0.000000000028127894980492,0.00000000000000000000000000000000000000000000000000671250962439596,0.00000000000000000000000000000000000000000000000422356986186496,0.00000000000000139243033358259,0.000000195814756162576,13861.0501883144,10.2748914897771,13870.3250800001,347.620830192907,50.6233286926784,"Malawi","Lilongwe","TA Chitukula",126,13871.32508,1,"Adults",40030.476291
"330",330,-0.000000000028127894980492,0.00000000000000000000000000000000000000000000000000456542069162002,0.00000000000000000000000000000000000000000000000287432331169207,0.00000000000000122862641829662,0.000000183947243491676,13861.0501883239,10.2748914921858,13870.3250800001,347.620830192907,50.6233286926784,"Malawi","Lilongwe","TA Chitukula",126,13871.32508,1,"Adults",40030.476291
"331",331,-0.000000000028127894980492,0.00000000000000000000000000000000000000000000000000310510781477601,0.00000000000000000000000000000000000000000000000195610154675372,0.0000000000000010840922086583,0.000000172798971083848,13861.0501883328,10.2748914944485,13870.3250800001,347.620830192907,50.6233286926784,"Malawi","Lilongwe","TA Chitukula",126,13871.32508,1,"Adults",40030.476291
"332",332,-0.000000000028127894980492,0.0000000000000000000000000000000000000000000000000021118961849628,0.00000000000000000000000000000000000000000000000133121137631067,0.000000000000000956560838487444,0.000000162326348797793,13861.0501883411,10.2748914965741,13870.3250800001,347.620830192907,50.6233286926784,"Malawi","Lilongwe","TA Chitukula",126,13871.32508,1,"Adults",40030.476291
"333",333,-0.000000000028127894980492,0.00000000000000000000000000000000000000000000000000143637701558582,0.000000000000000000000000000000000000000000000000905946369631347,0.000000000000000844032113154136,0.000000152488428308172,13861.0501883489,10.2748914985709,13870.3250800001,347.620830192907,50.6233286926784,"Malawi","Lilongwe","TA Chitukula",126,13871.32508,1,"Adults",40030.476291
"334",334,-0.000000000028127894980492,0.00000000000000000000000000000000000000000000000000097693198443818,0.000000000000000000000000000000000000000000000000616535094427875,0.000000000000000744741138641949,0.000000143246742996202,13861.0501883563,10.2748915004467,13870.3250800001,347.620830192907,50.6233286926784,"Malawi","Lilongwe","TA Chitukula",126,13871.32508,1,"Adults",40030.476291
"335",335,-0.000000000028127894980492,0.000000000000000000000000000000000000000000000000000664446793468788,0.000000000000000000000000000000000000000000000000419578244189859,0.000000000000000657130641052303,0.000000134565157543817,13861.0501883632,10.2748915022088,13870.3250800001,347.620830192907,50.6233286926784,"Malawi","Lilongwe","TA Chitukula",126,13871.32508,1,"Adults",40030.476291
"336",336,-0.000000000028127894980492,0.000000000000000000000000000000000000000000000000000451914307631994,0.000000000000000000000000000000000000000000000000285540664075663,0.000000000000000579826542410755,0.000000126409726643287,13861.0501883697,10.2748915038641,13870.3250800001,347.620830192907,50.6233286926784,"Malawi","Lilongwe","TA Chitukula",126,13871.32508,1,"Adults",40030.476291
"337",337,-0.000000000028127894980492,0.000000000000000000000000000000000000000000000000000307363273402699,0.000000000000000000000000000000000000000000000000194322377200815,0.000000000000000511616409707567,0.00000011874856226987,13861.0501883758,10.274891505419,13870.3250800001,347.620830192907,50.6233286926784,"Malawi","Lilongwe","TA Chitukula",126,13871.32508,1,"Adults",40030.476291
"338",338,-0.000000000028127894980492,0.00000000000000000000000000000000000000000000000000020904888436006,0.000000000000000000000000000000000000000000000000132244466771545,0.000000000000000451430439168537,0.000000111551708998499,13861.0501883816,10.2748915068797,13870.3250800001,347.620830192907,50.6233286926784,"Malawi","Lilongwe","TA Chitukula",126,13871.32508,1,"Adults",40030.476291
"339",339,-0.000000000028127894980492,0.000000000000000000000000000000000000000000000000000142181710808782,0.0000000000000000000000000000000000000000000000000899978326547871,0.000000000000000398324677514509,0.00000010479102687701,13861.050188387,10.2748915082519,13870.3250800001,347.620830192907,50.6233286926784,"Malawi","Lilongwe","TA Chitukula",126,13871.32508,1,"Adults",40030.476291
"340",340,-0.000000000028127894980492,0.000000000000000000000000000000000000000000000000000096702926448975,0.0000000000000000000000000000000000000000000000000612472280231591,0.000000000000000351466217052774,0.0000000984400813979309,13861.050188392,10.274891509541,13870.3250800001,347.620830192907,50.6233286926784,"Malawi","Lilongwe","TA Chitukula",126,13871.32508,1,"Adults",40030.476291
"341",341,-0.000000000028127894980492,0.0000000000000000000000000000000000000000000000000000657711595295964,0.0000000000000000000000000000000000000000000000000416812438877499,0.000000000000000310120132401006,0.0000000924740401386187,13861.0501883968,10.2748915107519,13870.3250800001,347.620830192907,50.6233286926784,"Malawi","Lilongwe","TA Chitukula",126,13871.32508,1,"Adults",40030.476291
"342",342,-0.000000000028127894980492,0.0000000000000000000000000000000000000000000000000000447333455637447,0.0000000000000000000000000000000000000000000000000283657813368486,0.000000000000000273637953960099,0.0000000868695756656072,13861.0501884012,10.2748915118894,13870.3250800001,347.620830192907,50.6233286926784,"Malawi","Lilongwe","TA Chitukula",126,13871.32508,1,"Adults",40030.476291
"343",343,-0.000000000028127894980492,0.0000000000000000000000000000000000000000000000000000304247670200314,0.0000000000000000000000000000000000000000000000000193040608093964,0.000000000000000241447497354502,0.0000000816047743235133,13861.0501884054,10.274891512958,13870.3250800001,347.620830192907,50.6233286926784,"Malawi","Lilongwe","TA Chitukula",126,13871.32508,1,"Adults",40030.476291
"344",344,-0.000000000028127894980492,0.0000000000000000000000000000000000000000000000000000206929849882136,0.0000000000000000000000000000000000000000000000000131371890598485,0.000000000000000213043889325575,0.0000000766590505518669,13861.0501884094,10.2748915139618,13870.3250800001,347.620830192907,50.6233286926784,"Malawi","Lilongwe","TA Chitukula",126,13871.32508,1,"Adults",40030.476291
"345",345,-0.000000000028127894980492,0.0000000000000000000000000000000000000000000000000000140740478781806,0.00000000000000000000000000000000000000000000000000894038188531394,0.000000000000000187981649328623,0.0000000720130663948391,13861.0501884131,10.2748915149048,13870.3250800001,347.620830192907,50.6233286926784,"Malawi","Lilongwe","TA Chitukula",126,13871.32508,1,"Adults",40030.476291
"346",346,-0.000000000028127894980492,0.00000000000000000000000000000000000000000000000000000957226923955779,0.00000000000000000000000000000000000000000000000000608428483112135,0.000000000000000165867702641812,0.0000000676486558891477,13861.0501884166,10.2748915157906,13870.3250800001,347.620830192907,50.6233286926784,"Malawi","Lilongwe","TA Chitukula",126,13871.32508,1,"Adults",40030.476291
"347",347,-0.000000000028127894980492,0.00000000000000000000000000000000000000000000000000000646272824300598,0.00000000000000000000000000000000000000000000000000411039790857734,0.000000000000000146322386864993,0.0000000635470033032284,13861.0501884198,10.2748915166231,13870.3250800001,347.620830192907,50.6233286926784,"Malawi","Lilongwe","TA Chitukula",126,13871.32508,1,"Adults",40030.476291
"348",348,-0.000000000028127894980492,0.00000000000000000000000000000000000000000000000000000431690676699124,0.00000000000000000000000000000000000000000000000000274752960157885,0.00000000000000012905276787576,0.0000000596925930066335,13861.0501884229,10.2748915174055,13870.3250800001,347.620830192907,50.6233286926784,"Malawi","Lilongwe","TA Chitukula",126,13871.32508,1,"Adults",40030.476291
"349",349,-0.000000000028127894980492,0.00000000000000000000000000000000000000000000000000000277348400018896,0.00000000000000000000000000000000000000000000000000176673298915963,0.000000000000000113499330965535,0.000000056034263951542,13861.0501884258,10.274891518148,13870.3250800001,347.620830192907,50.6233286926784,"Malawi","Lilongwe","TA Chitukula",126,13871.32508,1,"Adults",40030.476291
"350",350,-0.000000000028127894980492,0.00000000000000000000000000000000000000000000000000000200307177777979,0.00000000000000000000000000000000000000000000000000127653023433134,0.000000000000000100888294191587,0.0000000527381307796432,13861.0501884284,10.274891518817,13870.3250800001,347.620830192907,50.6233286926784,"Malawi","Lilongwe","TA Chitukula",126,13871.32508,1,"Adults",40030.476291
"351",351,-0.000000000028127894980492,0.00000000000000000000000000000000000000000000000000000144666295052159,0.000000000000000000000000000000000000000000000000000922340353392224,0.0000000000000000896784837258547,0.0000000496358877941198,13861.0501884309,10.2748915194466,13870.3250800001,347.620830192907,50.6233286926784,"Malawi","Lilongwe","TA Chitukula",126,13871.32508,1,"Adults",40030.476291
"352",352,-0.000000000028127894980492,0.00000000000000000000000000000000000000000000000000000104481213086206,0.000000000000000000000000000000000000000000000000000666424925264068,0.0000000000000000797142077563152,0.0000000467161296899284,13861.0501884332,10.2748915200393,13870.3250800001,347.620830192907,50.6233286926784,"Malawi","Lilongwe","TA Chitukula",126,13871.32508,1,"Adults",40030.476291
"353",353,-0.000000000028127894980492,0.000000000000000000000000000000000000000000000000000000754586538905214,0.000000000000000000000000000000000000000000000000000481516497840412,0.0000000000000000708570735611691,0.0000000439681220623036,13861.0501884354,10.274891520597,13870.3250800001,347.620830192907,50.6233286926784,"Malawi","Lilongwe","TA Chitukula",126,13871.32508,1,"Adults",40030.476291
"354",354,-0.000000000028127894980492,0.000000000000000000000000000000000000000000000000000000544979166950453,0.000000000000000000000000000000000000000000000000000347913298208895,0.0000000000000000629840653877058,0.0000000413817619420523,13861.0501884375,10.274891521122,13870.3250800001,347.620830192907,50.6233286926784,"Malawi","Lilongwe","TA Chitukula",126,13871.32508,1,"Adults",40030.476291
"355",355,-0.000000000028127894980492,0.000000000000000000000000000000000000000000000000000000393596064993293,0.000000000000000000000000000000000000000000000000000251380047613366,0.000000000000000055985835900183,0.0000000389475406522853,13861.0501884394,10.274891521616,13870.3250800001,347.620830192907,50.6233286926784,"Malawi","Lilongwe","TA Chitukula",126,13871.32508,1,"Adults",40030.476291
"356",356,-0.000000000028127894980492,0.000000000000000000000000000000000000000000000000000000284263824698247,0.000000000000000000000000000000000000000000000000000181631218783181,0.0000000000000000497651874668293,0.0000000366565088500461,13861.0501884413,10.274891522081,13870.3250800001,347.620830192907,50.6233286926784,"Malawi","Lilongwe","TA Chitukula",126,13871.32508,1,"Adults",40030.476291
"357",357,-0.000000000028127894980492,0.000000000000000000000000000000000000000000000000000000205301651157133,0.000000000000000000000000000000000000000000000000000131235130690952,0.0000000000000000442357221927371,0.0000000345002436243154,13861.050188443,10.2748915225187,13870.3250800001,347.620830192907,50.6233286926784,"Malawi","Lilongwe","TA Chitukula",126,13871.32508,1,"Adults",40030.476291
"358",358,-0.000000000028127894980492,0.000000000000000000000000000000000000000000000000000000148273414714608,0.0000000000000000000000000000000000000000000000000000948221147808861,0.0000000000000000393206419490997,0.0000000324708175294267,13861.0501884446,10.2748915229306,13870.3250800001,347.620830192907,50.6233286926784,"Malawi","Lilongwe","TA Chitukula",126,13871.32508,1,"Adults",40030.476291
"359",359,-0.000000000028127894980492,0.000000000000000000000000000000000000000000000000000000107086355064445,0.0000000000000000000000000000000000000000000000000000685123846626023,0.000000000000000034951681732533,0.0000000305607694400457,13861.0501884461,10.2748915233183,13870.3250800001,347.620830192907,50.6233286926784,"Malawi","Lilongwe","TA Chitukula",126,13871.32508,1,"Adults",40030.476291
"360",360,-0.000000000028127894980492,0.0000000000000000000000000000000000000000000000000000000773401453191072,0.0000000000000000000000000000000000000000000000000000495026500744681,0.0000000000000000310681615400293,0.0000000287630771205626,13861.0501884476,10.2748915236832,13870.3250800001,347.620830192907,50.6233286926784,"Malawi","Lilongwe","TA Chitukula",126,13871.32508,1,"Adults",40030.476291
"361",361,-0.000000000028127894980492,0.0000000000000000000000000000000000000000000000000000000558567716155878,0.0000000000000000000000000000000000000000000000000000357674297125646,0.0000000000000000276161435911372,0.0000000270711314080495,13861.0501884489,10.2748915240266,13870.3250800001,347.620830192907,50.6233286926784,"Malawi","Lilongwe","TA Chitukula",126,13871.32508,1,"Adults",40030.476291
"362",362,-0.000000000028127894980492,0.0000000000000000000000000000000000000000000000000000000403410017196469,0.0000000000000000000000000000000000000000000000000000258432384039966,0.0000000000000000245476831921219,0.0000000254787119138676,13861.0501884502,10.2748915243498,13870.3250800001,347.620830192907,50.6233286926784,"Malawi","Lilongwe","TA Chitukula",126,13871.32508,1,"Adults",40030.476291
"363",363,-0.000000000028127894980492,0.000000000000000000000000000000000000000000000000000000029135167906667,0.0000000000000000000000000000000000000000000000000000186726541717494,0.0000000000000000218201628374417,0.0000000239799641545915,13861.0501884514,10.274891524654,13870.3250800001,347.620830192907,50.6233286926784,"Malawi","Lilongwe","TA Chitukula",126,13871.32508,1,"Adults",40030.476291
"364",364,-0.000000000028127894980492,0.0000000000000000000000000000000000000000000000000000000210420657089495,0.0000000000000000000000000000000000000000000000000000134916508089604,0.0000000000000000193957002999482,0.0000000225693780281732,13861.0501884525,10.2748915249403,13870.3250800001,347.620830192907,50.6233286926784,"Malawi","Lilongwe","TA Chitukula",126,13871.32508,1,"Adults",40030.476291
"365",365,-0.000000000028127894980492,0.0000000000000000000000000000000000000000000000000000000151970474554368,0.00000000000000000000000000000000000000000000000000000974819143076455,0.0000000000000000172406224888428,0.0000000212417675562137,13861.0501884536,10.2748915252097,13870.3250800001,347.620830192907,50.6233286926784,"Malawi","Lilongwe","TA Chitukula",126,13871.32508,1,"Adults",40030.476291
