"","time","S","E","I","H","C","R","D","inci","hosp","crits","lvl2","lvl3","lvl4","ID","POP","start","age","tot_pop"
"1",1,30349.87943,0,1,0,0,0,0,0,0,0,"Malawi","Mangochi","TA Jalasi",133,30350.87943,1,"Adults",103506.08693
"2",2,28782.7158117527,1460.5842781793,100.265117853513,0.177171851819007,0.000594082243104931,7.13645491966297,0.00000136076132882296,1567.1636182473,0.181310762373572,0.000600777394571086,"Malawi","Mangochi","TA Jalasi",133,30350.87943,1,"Adults",103506.08693
"3",3,293.867700115214,24642.2709986233,4774.96928767794,15.3415117268132,0.0740598810386751,624.355652646134,0.000219329556587591,30056.0117298848,15.8591638016179,0.0751390156166903,"Malawi","Mangochi","TA Jalasi",133,30350.87943,1,"Adults",103506.08693
"4",4,0.000000140066464302937,16979.7363146911,9775.51740008017,82.877869729636,0.88291673431952,3511.85989203183,0.00503659287589069,30349.8794298599,89.131232343687,0.907697532732284,"Malawi","Mangochi","TA Jalasi",133,30350.87943,1,"Adults",103506.08693
"5",5,0.00000012567905509296,11558.3253831403,11099.8031433723,168.731357260704,3.04779195375795,7520.94326569483,0.0284884524248874,30349.8794298743,190.694032822249,3.18795944674951,"Malawi","Mangochi","TA Jalasi",133,30350.87943,1,"Adults",103506.08693
"6",6,-0.00000000578539587571172,7867.90176933121,10581.8748836153,246.918113136349,6.54753054137664,11647.5489739875,0.0881593941229765,30349.8794300058,295.014008915557,6.98128808894626,"Malawi","Mangochi","TA Jalasi",133,30350.87943,1,"Adults",103506.08693
"7",7,-0.0000000835657943152312,5355.77478090521,9263.12999470187,307.04779894963,11.0577153331578,15413.6700188242,0.199121369522161,30349.8794300836,389.976710386988,12.0374225756117,"Malawi","Mangochi","TA Jalasi",133,30350.87943,1,"Adults",103506.08693
"8",8,0.0000000277462147866829,3645.74954607382,7707.72804457876,346.914309513306,16.1717272070083,18633.9441618529,0.371640746467155,30349.8794299723,470.92271872492,18.0002558665822,"Malawi","Mangochi","TA Jalasi",133,30350.87943,1,"Adults",103506.08693
"9",9,-0.0000000358388743320153,2481.70898297326,6201.24551769478,368.238772592682,21.5082051626335,21277.5670446108,0.610907001686268,30349.8794300359,537.121770817413,24.5139599716435,"Malawi","Mangochi","TA Jalasi",133,30350.87943,1,"Adults",103506.08693
"10",10,0.00000000946972385978893,1689.33183632579,4871.00630658449,374.30675805281,26.7555879388093,23388.5612579144,0.917683174287672,30349.8794299905,589.73887469501,31.2707278973446,"Malawi","Mangochi","TA Jalasi",133,30350.87943,1,"Adults",103506.08693
"11",11,0.000000100022723188107,1149.94887063967,3758.04305131213,368.723838059072,31.6830630825984,25041.1913200816,1.28928672491755,30349.8794299,630.698548085476,38.0265486915648,"Malawi","Mangochi","TA Jalasi",133,30350.87943,1,"Adults",103506.08693
"12",12,-0.00000000399879844285092,782.785599248884,2859.21704462066,354.813997124354,36.1352916649451,26316.2069043818,1.72059296340373,30349.879430004,662.080898040623,44.6008691748186,"Malawi","Mangochi","TA Jalasi",133,30350.87943,1,"Adults",103506.08693
"13",13,-0.0000000814087562147272,532.851038902952,2151.24793771007,335.377424111922,40.0203206054222,27289.1777875021,2.20492124901384,30349.8794300814,685.826176637815,50.8688665042547,"Malawi","Mangochi","TA Jalasi",133,30350.87943,1,"Adults",103506.08693
"14",14,0.000000726014045345158,362.718717655493,1603.88737055757,312.637604030219,43.295904678493,28025.6050798796,2.73475247267206,30349.879429274,703.611961459797,56.7513003008979,"Malawi","Mangochi","TA Jalasi",133,30350.87943,1,"Adults",103506.08693
"15",15,0.0000000173222382745233,246.907119665511,1186.7503201614,288.281663056946,45.9565905075469,28579.6814588626,3.3022777286604,30349.8794299827,716.823116800685,62.2042961914064,"Malawi","Mangochi","TA Jalasi",133,30350.87943,1,"Adults",103506.08693
"16",16,-0.000000000292100703721044,168.072738542311,872.479126455758,263.538574716486,48.02273553338,28994.8664616436,3.89979310880527,30349.8794300003,726.567730702016,67.2103072236373,"Malawi","Mangochi","TA Jalasi",133,30350.87943,1,"Adults",103506.08693
"17",17,0.000000000202668735289139,114.409027876933,637.910779084266,239.266538133278,49.5316574801314,29305.2414581704,4.51996925479582,30349.8794299998,733.71265638934,71.7705895707426,"Malawi","Mangochi","TA Jalasi",133,30350.87943,1,"Adults",103506.08693
"18",18,0.000000000428830727043922,77.8799042868857,464.187494397275,216.035110185956,50.5308333814828,29537.0900661735,5.15602157448556,30349.8794299996,738.924560446623,75.8992390473063,"Malawi","Mangochi","TA Jalasi",133,30350.87943,1,"Adults",103506.08693
"19",19,0.000000000165546859658096,53.0138197330129,336.368112919477,194.196300623214,51.0728478850159,29710.4265431936,5.80180564551438,30349.8794299999,742.709449316253,79.6186088139466,"Malawi","Mangochi","TA Jalasi",133,30350.87943,1,"Adults",103506.08693
"20",20,0.0000000000731617481627016,36.0871546680938,242.849630641601,173.942526943677,51.2118014645856,29840.3364585867,6.45185769525893,30349.8794299999,745.447251542926,82.9559167571645,"Malawi","Mangochi","TA Jalasi",133,30350.87943,1,"Adults",103506.08693
"21",21,0.0000000000482754888029166,24.5649687533819,174.758812901418,155.352549694358,51.0008312927036,29938.1008701515,7.10139720665569,30349.87943,747.420762049475,85.9407791827708,"Malawi","Mangochi","TA Jalasi",133,30350.87943,1,"Adults",103506.08693
"22",22,0.000000000034505134561801,16.7216761296898,125.391900734047,138.426664213474,50.4904985278826,30012.1023867637,7.74630363119727,30349.87943,748.838934145159,88.6034835276516,"Malawi","Mangochi","TA Jalasi",133,30350.87943,1,"Adults",103506.08693
"23",23,0.0000000000266144316976153,11.3826470558473,89.7337588405545,123.113101984068,49.7278103995427,30068.5390348375,8.38307688252003,30349.87943,749.855204652846,90.9738160671535,"Malawi","Mangochi","TA Jalasi",133,30350.87943,1,"Adults",103506.08693
"24",24,0.0000000000221806036001287,7.74830664130109,64.0629943061209,109.327411216149,48.7557011808789,30111.97622817,9.00878848554533,30349.87943,750.581642921185,93.0803025343393,"Malawi","Mangochi","TA Jalasi",133,30350.87943,1,"Adults",103506.08693
"25",25,0.0000000000195096137215848,5.27436696786135,45.6370721428306,96.9663967047189,47.6128348161569,30145.7677310605,9.62102830800421,30349.87943,751.099725332684,94.9497486583327,"Malawi","Mangochi","TA Jalasi",133,30350.87943,1,"Adults",103506.08693
"26",26,0.0000000000178012914615176,3.59032585801473,32.4466119717629,85.9179236781622,46.3336263504251,30172.3730918787,10.217850262999,30349.87943,751.468446310538,96.6069944424239,"Malawi","Mangochi","TA Jalasi",133,30350.87943,1,"Adults",103506.08693
"27",27,0.0000000000166788648557764,2.44397853491728,23.0268000774513,76.0676381587612,44.9484056940449,30193.5948882766,10.7977192582237,30349.87943,751.730368675882,98.0748169107443,"Malawi","Mangochi","TA Jalasi",133,30350.87943,1,"Adults",103506.08693
"28",28,0.0000000000159263497499928,1.66364594810594,16.3144899197092,67.3034244214224,43.4836685131885,30210.7547403698,11.3594608278413,30349.87943,751.916102268377,99.3739331799849,"Malawi","Mangochi","TA Jalasi",133,30350.87943,1,"Adults",103506.08693
"29",29,0.0000000000154142344253106,1.1324640342729,11.5410370049571,59.5182282950048,41.9623750014552,30224.8231113744,11.9022142899549,30349.87943,752.047597778998,100.523068758689,"Malawi","Mangochi","TA Jalasi",133,30350.87943,1,"Adults",103506.08693
"30",30,0.0000000000150621726660547,0.770882039711333,8.1526188641449,52.6117195317502,40.4042692960981,30236.5145504142,12.4253898540914,30349.87943,752.140555767353,101.539065925813,"Malawi","Mangochi","TA Jalasi",133,30350.87943,1,"Adults",103506.08693
"31",31,0.0000000000148184853623774,0.524748651356559,5.7514138340872,46.4911445283297,38.8262011470977,30246.357292023,12.9286298161145,30349.87943,752.206180099351,102.437014472909,"Malawi","Mangochi","TA Jalasi",133,30350.87943,1,"Adults",103506.08693
"32",32,0.000000000014649046403136,0.357202784569364,4.05244342809157,41.0716266232372,37.2424378724184,30254.7439455042,13.411773787522,30349.87943,752.252448790467,103.230392582259,"Malawi","Mangochi","TA Jalasi",133,30350.87943,1,"Adults",103506.08693
"33",33,0.0000000000145308891598048,0.24315222081273,2.8520677175594,36.2761004228929,35.6649592021307,30261.9683226519,13.8748277847783,30349.87943,752.285031835238,103.931209585851,"Malawi","Mangochi","TA Jalasi",133,30350.87943,1,"Adults",103506.08693
"34",34,0.0000000000144483454639206,0.165516644780355,2.00509745885852,32.0350126692136,34.1037308788754,30268.2521354164,14.3179369319007,30349.87943,752.307951700655,104.55014525843,"Malawi","Mangochi","TA Jalasi",133,30350.87943,1,"Adults",103506.08693
"35",35,0.0000000000143906231286315,0.112669193683921,1.40822865512685,28.2858836405764,32.5669550588716,30273.7643319592,14.7413614925753,30349.87943,752.324057384354,105.096682292899,"Malawi","Mangochi","TA Jalasi",133,30350.87943,1,"Adults",103506.08693
"36",36,0.000000000014350239425034,0.0766952809970343,0.988096610187828,24.9727938123121,31.0612970894198,30278.6350912745,15.1454559326442,30349.87943,752.335363701892,105.579230062093,"Malawi","Mangochi","TA Jalasi",133,30350.87943,1,"Adults",103506.08693
"37",37,0.0000000000143219834342061,0.0522073597286967,0.69268890063335,22.0458399247176,29.5920891924574,30282.9659539066,15.5306507158792,30349.87943,752.343293529426,106.005238734786,"Malawi","Mangochi","TA Jalasi",133,30350.87943,1,"Adults",103506.08693
"38",38,0.0000000000143022161420315,0.0355381899349339,0.4851903018593,19.460589705851,28.1635121921709,30286.8371630637,15.8974365465648,30349.87943,752.348850378511,106.381303474432,"Malawi","Mangochi","TA Jalasi",133,30350.87943,1,"Adults",103506.08693
"39",39,0.00000000001428839169451,0.024191260520292,0.339579156336956,17.1775540291764,26.7787567789956,30290.3129979871,16.2463507879473,30349.87943,752.352741180211,106.71325887988,"Malawi","Mangochi","TA Jalasi",133,30350.87943,1,"Adults",103506.08693
"40",40,0.0000000000142787275306108,0.016467289272679,0.237489230839528,15.1616876097434,25.4401659566151,30293.4456541046,16.5779658089806,30349.87943,752.355463334495,107.006264096601,"Malawi","Mangochi","TA Jalasi",133,30350.87943,1,"Adults",103506.08693
"41",41,0.0000000000142719749291597,0.0112094784769425,0.165973107474039,13.3819246842284,24.1493603849737,30296.2780833157,16.892879029144,30349.87943,752.357366467887,107.264879178699,"Malawi","Mangochi","TA Jalasi",133,30350.87943,1,"Adults",103506.08693
"42",42,0.0000000000142672591619277,0.00763041487749408,0.115914562564851,11.8107522828763,22.9073482916626,30298.8460799917,17.1917044563207,30349.87943,752.358696079622,107.493133365381,"Malawi","Mangochi","TA Jalasi",133,30350.87943,1,"Adults",103506.08693
"43",43,0.0000000000142639676312559,0.00519411611832992,0.0809021476678666,10.4238216696002,21.714621554787,30301.1798249802,17.47506553162,30349.87943,752.359624388146,107.694585959265,"Malawi","Mangochi","TA Jalasi",133,30350.87943,1,"Adults",103506.08693
"44",44,0.0000000000142616714346411,0.00353569768142511,0.0564309378228942,9.19959692579004,20.5712394691721,30303.3050378554,17.7435891141954,30349.87943,752.360272110171,107.872380496983,"Malawi","Mangochi","TA Jalasi",133,30350.87943,1,"Adults",103506.08693
"45",45,0.0000000000142600704504021,0.00240679459487679,0.0393389094030473,8.11903877829168,19.4769015720563,30305.2438434862,17.9979004594842,30349.87943,752.360723785125,108.029292867056,"Malawi","Mangochi","TA Jalasi",133,30350.87943,1,"Adults",103506.08693
"46",46,0.0000000000142590844151416,0.00163833252913169,0.0274085801808595,7.16532136357334,18.4310107856589,30307.0154318778,18.2386190602781,30349.87943,752.361038572872,108.167773989897,"Malawi","Mangochi","TA Jalasi",133,30350.87943,1,"Adults",103506.08693
"47",47,0.0000000000142590062557318,0.00111523449442922,0.0190862911345653,6.32357924484608,17.4327280301845,30308.6365659653,18.4663552341104,30349.87943,752.361257839367,108.289987640247,"Malawi","Mangochi","TA Jalasi",133,30350.87943,1,"Adults",103506.08693
"48",48,0.0000000000142587773943729,0.000759153116720449,0.0132842443019949,5.58068204735796,16.4810193282238,30310.1219778715,18.6817073555602,30349.87943,752.361410491951,108.39784393409,"Malawi","Mangochi","TA Jalasi",133,30350.87943,1,"Adults",103506.08693
"49",49,0.0000000000142586749880591,0.000516765063315478,0.00924149862229849,4.92503409192253,15.574696312533,30311.4846816873,18.8852596446117,30349.87943,752.361516715257,108.493028954831,"Malawi","Mangochi","TA Jalasi",133,30350.87943,1,"Adults",103506.08693
"50",50,0.0000000000142585979789053,0.000351768319618686,0.00642609594267611,4.34639651441724,14.7124509637236,30312.736224226,19.0775804315969,30349.87943,752.361590595771,108.57703095424,"Malawi","Mangochi","TA Jalasi",133,30350.87943,1,"Adults",103506.08693
"51",51,0.0000000000142585444415783,0.000239452960017676,0.0044664155985429,3.83572955590369,13.8928852949113,30313.8868884498,19.2592208308191,30349.87943,752.361641958049,108.651163511124,"Malawi","Mangochi","TA Jalasi",133,30350.87943,1,"Adults",103506.08693
"52",52,0.0000000000142585072374574,0.000162994863349768,0.00310299568635987,3.3850528666935,13.1145366281133,30314.9458607522,19.4307137624629,30349.87943,752.361677650892,108.71658599538,"Malawi","Mangochi","TA Jalasi",133,30350.87943,1,"Adults",103506.08693
"53",53,0.0000000000142584813977203,0.000110957820411473,0.00215497906926466,2.98732197778195,12.3758989973927,30315.9213698148,19.5925732731803,30349.87943,752.361702441018,108.774321628314,"Malawi","Mangochi","TA Jalasi",133,30350.87943,1,"Adults",103506.08693
"54",54,0.0000000000142584634562204,0.0000755350657713569,0.0014960263557549,2.63631863815479,11.675441311354,30316.8208043903,19.7452940987927,30349.87943,752.36171965375,108.825273493571,"Malawi","Mangochi","TA Jalasi",133,30350.87943,1,"Adults",103506.08693
"55",55,0.0000000000142584510016422,0.0000514154914661051,0.00103812590560536,2.32655433076818,11.0116224839048,30317.6508121958,19.8893514481524,30349.87943,752.361731602446,108.870238604456,"Malawi","Mangochi","TA Jalasi",133,30350.87943,1,"Adults",103506.08693
"56",56,0.0000000000142584423608678,0.000034998767458346,0.000720125088963912,2.05318485222764,10.3829040901803,30318.4173849739,20.025200959897,30349.87943,752.361739892254,108.909920347088,"Malawi","Mangochi","TA Jalasi",133,30350.87943,1,"Adults",103506.08693
"57",57,0.0000000000142584363678839,0.0000238235177231476,0.000499358173527234,1.81193475100825,9.78776086885362,30319.1259323948,20.1532788036516,30349.87943,752.361745641821,108.944939480638,"Malawi","Mangochi","TA Jalasi",133,30350.87943,1,"Adults",103506.08693
"58",58,0.0000000000142584322127715,0.0000162161460479198,0.0003461531461447,1.59903065388793,9.22468931856204,30319.7813457542,20.2740019041082,30349.87943,752.361749628167,108.97584383626,"Malawi","Mangochi","TA Jalasi",133,30350.87943,1,"Adults",103506.08693
"59",59,0.000000000014258429332807,0.00001103798042524,0.000239870036842085,1.4111422760402,8.69221469527935,30320.3880538585,20.387768262232,30349.87943,752.361752391157,109.003116894851,"Malawi","Mangochi","TA Jalasi",133,30350.87943,1,"Adults",103506.08693
"60",60,0.0000000000142584273374097,0.00000751323278760093,0.000166168291336676,1.24533056260756,8.18889656276878,30320.9500718339,20.4949573591986,30349.87943,752.361754305509,109.02718532493,"Malawi","Mangochi","TA Jalasi",133,30350.87943,1,"Adults",103506.08693
"61",61,0.0000000000142584259553103,0.00000511399113962914,0.000115077084214447,1.09900167835656,7.71333319767719,30321.471044313,20.5959306199626,30349.87943,752.361755631473,109.048425668561,"Malawi","Mangochi","TA Jalasi",133,30350.87943,1,"Adults",103506.08693
"62",62,0.0000000000142584249982772,0.00000348096572838753,0.0000796707071456372,0.969866500587148,7.26416494298183,30321.9542834771,20.6910319277434,30349.87943,752.361756549635,109.067170226154,"Malawi","Mangochi","TA Jalasi",133,30350.87943,1,"Adults",103506.08693
"63",63,0.0000000000142584243358038,0.00000236939270569598,0.0000551430196075814,0.855904837187917,6.84007669438629,30322.402802781,20.7805881750256,30349.87943,752.361757185202,109.083712253856,"Malawi","Mangochi","TA Jalasi",133,30350.87943,1,"Adults",103506.08693
"64",64,0.0000000000142584238773372,0.00000161276648253724,0.0000381559223559479,0.755333837120585,6.43979964595832,30322.8193469071,20.8649098412175,30349.87943,752.361757625047,109.098310551365,"Malawi","Mangochi","TA Jalasi",133,30350.87943,1,"Adults",103506.08693
"65",65,0.0000000000142584235601246,0.00000109773913896052,0.0000263940820020994,0.6665801047876,6.06211240787233,30323.2064184071,20.9442915884957,30349.87943,752.361757929376,109.111193511313,"Malawi","Mangochi","TA Jalasi",133,30350.87943,1,"Adults",103506.08693
"66",66,0.0000000000142584233407311,0.000000747183874246859,0.0000182535993252386,0.588255118152694,5.70584159075837,30323.5663014219,21.0190128684896,30349.87943,752.361758139858,109.122562688596,"Malawi","Mangochi","TA Jalasi",133,30350.87943,1,"Adults",103506.08693
"67",67,0.0000000000142584231792658,0.000000508576366711438,0.0000126206013183081,0.519133494075254,5.36986195539401,30323.9010828882,21.0893385332401,30349.87943,752.361758285408,109.132595956075,"Malawi","Mangochi","TA Jalasi",133,30350.87943,1,"Adults",103506.08693
"68",68,0.0000000000142584228722156,0.000000346164098640065,0.00000872366345338438,0.458133828397949,5.05309618988882,30324.2126714661,21.1555194458523,30349.87943,752.361758386035,109.141450286263,"Malawi","Mangochi","TA Jalasi",133,30350.87943,1,"Adults",103506.08693
"69",69,0.0000000000142584226005898,0.0000002356102446241,0.00000602857782654396,0.404301767925698,4.75451438652522,30324.5028144951,21.217793086314,30349.87943,752.361758455583,109.149264208887,"Malawi","Mangochi","TA Jalasi",133,30350.87943,1,"Adults",103506.08693
"70",70,0.0000000000142584224653751,0.000000160344646505875,0.00000416474215508084,0.356795088923492,4.47313326805329,30324.773113169,21.276384149016,30349.87943,752.361758503651,109.15615997707,"Malawi","Mangochi","TA Jalasi",133,30350.87943,1,"Adults",103506.08693
"71",71,0.0000000000142584223187654,0.000000109144823668523,0.00000287686367336365,0.314870575114407,4.20801520884764,30325.0250361012,21.3315051288588,30349.87943,752.361758536846,109.162245472222,"Malawi","Mangochi","TA Jalasi",133,30350.87943,1,"Adults",103506.08693
"72",72,0.0000000000142584222392186,0.0000000743173115653963,0.00000198724297784169,0.277872323174969,3.95826711359154,30325.2599316075,21.3833568941928,30349.87943,752.361758559761,109.167615901681,"Malawi","Mangochi","TA Jalasi",133,30350.87943,1,"Adults",103506.08693
"73",73,0.0000000000142584221829877,0.0000000505922859877477,0.00000137221240171276,0.245221477831305,3.72303916205459,30325.4790386926,21.4321292447893,30349.87943,752.361758575595,109.172355288786,"Malawi","Mangochi","TA Jalasi",133,30350.87943,1,"Adults",103506.08693
"74",74,0.0000000000142584221442513,0.0000000344445350898267,0.00000094742293100394,0.216407203501072,3.50152345642445,30325.6834969051,21.4780014531284,30349.87943,752.361758586526,109.17653778343,"Malawi","Mangochi","TA Jalasi",133,30350.87943,1,"Adults",103506.08693
"75",75,0.0000000000142584221175095,0.0000000234508997858565,0.000000654013244767448,0.190978692585748,3.29295260599869,30325.8743552362,21.5211427878357,30349.87943,752.361758594071,109.180228822138,"Malawi","Mangochi","TA Jalasi",133,30350.87943,1,"Adults",103506.08693
"76",76,0.0000000000142584220990379,0.0000000159582975392887,0.000000451242534515032,0.168538108284178,3.09659826519303,30326.0525801403,21.5617130190309,30349.87943,752.361758599284,109.183486152473,"Malawi","Mangochi","TA Jalasi",133,30350.87943,1,"Adults",103506.08693
"77",77,0.0000000000142584220863064,0.0000000108666348292567,0.000000311411884751684,0.148734360807876,2.91176964306014,30326.219062769,21.5998629048795,30349.87943,752.361758602876,109.186360736452,"Malawi","Mangochi","TA Jalasi",133,30350.87943,1,"Adults",103506.08693
"78",78,0.0000000000142584220775173,0.0000000073977686526507,0.000000214834035170861,0.131257614105088,2.73781200050057,30326.3746255041,21.6357346590934,30349.87943,752.361758605356,109.188897547939,"Malawi","Mangochi","TA Jalasi",133,30350.87943,1,"Adults",103506.08693
"79",79,0.0000000000142584220714501,0.00000000503311344822109,0.000000148135379672726,0.115834438655279,2.57410514757956,30326.5200278613,21.6694623993479,30349.87943,752.361758607068,109.191136276239,"Malawi","Mangochi","TA Jalasi",133,30350.87943,1,"Adults",103506.08693
"80",80,0.0000000000142584220672745,0.00000000342929403353785,0.000000102208357397505,0.102223533694026,2.4200619518392,30326.6559718322,21.7011725766649,30349.87943,752.361758608246,109.19311194704,"Malawi","Mangochi","TA Jalasi",133,30350.87943,1,"Adults",103506.08693
"81",81,0.0000000000142584220643883,0.0000000023332427621437,0.0000000704505543404792,0.0902119519689757,2.27512686633153,30326.783106723,21.7309843859615,30349.87943,752.361758609061,109.194855470406,"Malawi","Mangochi","TA Jalasi",133,30350.87943,1,"Adults",103506.08693
"82",82,0.0000000000142584220623995,0.00000000158731987452285,0.0000000485578437457578,0.0796117681406608,2.13877448443205,30326.9020335393,21.7590101580672,30349.87943,752.361758609622,109.196394124377,"Malawi","Mangochi","TA Jalasi",133,30350.87943,1,"Adults",103506.08693
"83",83,0.0000000000142584220610323,0.00000000108262764339898,0.0000000334990859528568,0.070257138648359,2.01050812717366,30327.0133089661,21.7853557335819,30349.87943,752.361758610008,109.197751981738,"Malawi","Mangochi","TA Jalasi",133,30350.87943,1,"Adults",103506.08693
"84",84,0.0000000000142584220600849,0.000000000735413852682657,0.0000000230627381497566,0.0620017070455971,1.88985846758634,30327.1174489826,21.810120819021,30349.87943,752.361758610275,109.198950286651,"Malawi","Mangochi","TA Jalasi",133,30350.87943,1,"Adults",103506.08693
"85",85,0.000000000014258422059435,0.000000000500801146198638,0.0000000158987621515963,0.0547163142002352,1.77638219551229,30327.2149321482,21.8333993257394,30349.87943,752.361758610458,109.200007787021,"Malawi","Mangochi","TA Jalasi",133,30350.87943,1,"Adults",103506.08693
"86",86,0.0000000000142584220589875,0.00000000034194157840659,0.0000000109639573890012,0.0482869775727982,1.66966072548086,30327.3062025935,21.855279692166,30349.87943,752.361758610584,109.200941027817,"Malawi","Mangochi","TA Jalasi",133,30350.87943,1,"Adults",103506.08693
"87",87,0.0000000000142584220586767,0.000000000231471796831562,0.00000000753684102140502,0.0426131079185777,1.56929894948088,30327.391672745,21.8758451899076,30349.87943,752.361758610672,109.201764609926,"Malawi","Mangochi","TA Jalasi",133,30350.87943,1,"Adults",103506.08693
"88",88,0.0000000000142584220584652,0.000000000158251658236794,0.00000000520210567404666,0.0376059355324955,1.47492403583314,30327.471725809,21.8951742143022,30349.87943,752.361758610732,109.202491418581,"Malawi","Mangochi","TA Jalasi",133,30350.87943,1,"Adults",103506.08693
"89",89,0.0000000000142584220583184,0.000000000107967366660928,0.00000000358187921115561,0.0331871214190548,1.38618427482946,30327.5467180401,21.913340560011,30349.87943,752.361758610773,109.203132824966,"Malawi","Mangochi","TA Jalasi",133,30350.87943,1,"Adults",103506.08693
"90",90,0.0000000000142584220582165,0.0000000000724904487565657,0.00000000245714202163882,0.0292875316282712,1.30274797138966,30327.6169808123,21.9304136822405,30349.87943,752.361758610802,109.203698864116,"Malawi","Mangochi","TA Jalasi",133,30350.87943,1,"Adults",103506.08693
"91",91,0.0000000000142584220581477,0.0000000000497466157105276,0.00000000169639825498408,0.025846156115148,1.2243023846762,30327.6828225134,21.9464589441569,30349.87943,752.361758610822,109.204198391854,"Malawi","Mangochi","TA Jalasi",133,30350.87943,1,"Adults",103506.08693
"92",92,0.0000000000142584220581,0.0000000000342245748169568,0.00000000116910127926362,0.0228091540560705,1.15055271384394,30327.7445302798,21.9615378511935,30349.87943,752.361758610835,109.204639223364,"Malawi","Mangochi","TA Jalasi",133,30350.87943,1,"Adults",103506.08693
"93",93,0.0000000000142584220580669,0.0000000000231173965930343,0.0000000008039861785218,0.020129009344863,1.08122112899165,30327.802371588,21.9757082729199,30349.87943,752.361758610844,109.205028255778,"Malawi","Mangochi","TA Jalasi",133,30350.87943,1,"Adults",103506.08693
"94",94,0.0000000000142584220580444,0.0000000000159013840165177,0.000000000554972053837992,0.0177637897023778,1.01604584804594,30327.8565957092,21.9890246525188,30349.87943,752.361758610851,109.205371575712,"Malawi","Mangochi","TA Jalasi",133,30350.87943,1,"Adults",103506.08693
"95",95,0.0000000000142584220580287,0.0000000000108500188786806,0.000000000381401918648892,0.0156764905502252,0.954780256818766,30327.9074350473,22.0015382049882,30349.87943,752.361758610855,109.205674554511,"Malawi","Mangochi","TA Jalasi",133,30350.87943,1,"Adults",103506.08693
"96",96,0.000000000014258422058018,0.00000000000729003332780188,0.000000000262225425427803,0.0138344553709279,0.897192071311134,30327.9551063686,22.0132971044997,30349.87943,752.361758610858,109.205941932383,"Malawi","Mangochi","TA Jalasi",133,30350.87943,1,"Adults",103506.08693
"97",97,0.0000000000142584220580106,0.00000000000502392709447348,0.00000000018082112961214,0.0122088649086576,0.843062541308674,30327.9998119323,22.0243466613337,30349.87943,752.36175861086,109.206177892545,"Malawi","Mangochi","TA Jalasi",133,30350.87943,1,"Adults",103506.08693
"98",98,0.0000000000142584220580055,0.00000000000341453707986009,0.000000000124103859943499,0.0107742862569116,0.792185693817629,30328.0417405309,22.0347294889511,30349.87943,752.361758610862,109.206386126672,"Malawi","Mangochi","TA Jalasi",133,30350.87943,1,"Adults",103506.08693
"99",99,0.000000000014258422058002,0.0000000000022962564136743,0.0000000000854294273572395,0.00950827494667088,0.744367614886377,30328.0810684484,22.0444856616987,30349.87943,752.361758610862,109.206569892657,"Malawi","Mangochi","TA Jalasi",133,30350.87943,1,"Adults",103506.08693
"100",100,0.0000000000142584220579996,0.00000000000158881217122549,0.0000000000588402181549003,0.00839102380466725,0.699425768361768,30328.1179603442,22.0536528636286,30349.87943,752.361758610863,109.206732065582,"Malawi","Mangochi","TA Jalasi",133,30350.87943,1,"Adults",103506.08693
"101",101,0.0000000000142584220579979,0.00000000000107454290853289,0.0000000000403525378403177,0.00740505306006058,0.657188350120269,30328.1525700679,22.0622665288905,30349.87943,752.361758610863,109.206875182696,"Malawi","Mangochi","TA Jalasi",133,30350.87943,1,"Adults",103506.08693
"102",102,0.0000000000142584220579968,0.000000000000723975094056185,0.000000000027812061633851,0.00653493686799058,0.617493676303071,30328.1850414127,22.0703599741383,30349.87943,752.361758610864,109.207001483116,"Malawi","Mangochi","TA Jalasi",133,30350.87943,1,"Adults",103506.08693
"103",103,0.000000000014258422057996,0.000000000000502429400237502,0.0000000000191198875332726,0.00576706196726611,0.580189604097524,30328.2155088106,22.077964523374,30349.87943,752.361758610864,109.207112942853,"Malawi","Mangochi","TA Jalasi",133,30350.87943,1,"Adults",103506.08693
"104",104,0.0000000000142584220579955,0.000000000000337790878531453,0.0000000000131117669933975,0.0050894146960991,0.545132983624003,30328.2440979761,22.0851096256327,30349.87943,752.361758610864,109.207211305733,"Malawi","Mangochi","TA Jalasi",133,30350.87943,1,"Adults",103506.08693
"105",105,0.0000000000142584220579951,0.000000000000228450356701626,0.00000000000904678179851606,0.00449139303439258,0.512189139512042,30328.2709265016,22.091822965895,30349.87943,752.361758610864,109.207298110676,"Malawi","Mangochi","TA Jalasi",133,30350.87943,1,"Adults",103506.08693
"106",106,0.0000000000142584220579948,0.000000000000158847202826639,0.0000000000062044417346863,0.00396364073156892,0.48123138078055,30328.2961044089,22.0981305695958,30349.87943,752.361758610865,109.207374715775,"Malawi","Mangochi","TA Jalasi",133,30350.87943,1,"Adults",103506.08693
"107",107,0.0000000000142584220579947,0.000000000000106103428402629,0.00000000000425862412304174,0.00349790092485571,0.452140537672148,30328.3197346604,22.1040569010789,30349.87943,752.361758610865,109.207442319543,"Malawi","Mangochi","TA Jalasi",133,30350.87943,1,"Adults",103506.08693
"108",108,0.0000000000142584220579945,0.0000000000000721756888472266,0.00000000000293995461810317,0.00308688695789649,0.424804524130612,30328.3419136326,22.1096249563326,30349.87943,752.361758610865,109.207501979663,"Malawi","Mangochi","TA Jalasi",133,30350.87943,1,"Adults",103506.08693
"109",109,0.0000000000142584220579945,0.000000000000050192824203923,0.00000000000201079947731165,0.00272416837855571,0.399117924651982,30328.3627315567,22.1148563503243,30349.87943,752.361758610865,109.207554629538,"Malawi","Mangochi","TA Jalasi",133,30350.87943,1,"Adults",103506.08693
"110",110,0.0000000000142584220579944,0.0000000000000333064651857366,0.0000000000013828709762331,0.00240407033232135,0.374981604283421,30328.3822729262,22.119771399234,30349.87943,752.361758610865,109.207601092893,"Malawi","Mangochi","TA Jalasi",133,30350.87943,1,"Adults",103506.08693
"111",111,0.0000000000142584220579944,0.0000000000000228344138981886,0.000000000000954311859024423,0.0021215847772976,0.352302340588714,30328.4006168768,22.1243891978757,30349.87943,752.361758610865,109.207642096663,"Malawi","Mangochi","TA Jalasi",133,30350.87943,1,"Adults",103506.08693
"112",112,0.0000000000142584220579943,0.0000000000000158444907410343,0.000000000000650968035708134,0.00187229213169925,0.330992476444841,30328.4178375389,22.128727692576,30349.87943,752.361758610865,109.207678282365,"Malawi","Mangochi","TA Jalasi",133,30350.87943,1,"Adults",103506.08693
"113",113,0.0000000000142584220579943,0.0000000000000104514284348109,0.000000000000449016248266608,0.00165229212800285,0.310969592579913,30328.4340043656,22.13280374977,30349.87943,752.361758610865,109.207710216138,"Malawi","Mangochi","TA Jalasi",133,30350.87943,1,"Adults",103506.08693
"114",114,0.0000000000142584220579943,0.00000000000000723482284859853,0.000000000000309347163902936,0.00145814279194812,0.292156198808523,30328.4491824379,22.1366332205557,30349.87943,752.361758610865,109.207738397596,"Malawi","Mangochi","TA Jalasi",133,30350.87943,1,"Adults",103506.08693
"115",115,0.0000000000142584220579943,0.00000000000000499457563007382,0.00000000000021056802424446,0.00128680659168867,0.274479442965943,30328.463432749,22.1402310014416,30349.87943,752.361758610865,109.207763267647,"Malawi","Mangochi","TA Jalasi",133,30350.87943,1,"Adults",103506.08693
"116",116,0.0000000000142584220579943,0.00000000000000327992365686336,0.000000000000145792741424541,0.0011356029145817,0.257870836587322,30328.476812469,22.1436110915026,30349.87943,752.361758610865,109.207785215391,"Malawi","Mangochi","TA Jalasi",133,30350.87943,1,"Adults",103506.08693
"117",117,0.0000000000142584220579943,0.00000000000000229551702667511,0.000000000000100116882856219,0.00100216612809994,0.242265996421906,30328.4893751913,22.1467866461536,30349.87943,752.361758610865,109.207804584209,"Malawi","Mangochi","TA Jalasi",133,30350.87943,1,"Adults",103506.08693
"118",118,0.0000000000142584220579943,0.0000000000000015714923674182,0.0000000000000680808773980177,0.000884408568712207,0.227604400915158,30328.5011711628,22.1497700277357,30349.87943,752.361758610865,109.207821677132,"Malawi","Mangochi","TA Jalasi",133,30350.87943,1,"Adults",103506.08693
"119",119,0.0000000000142584220579943,0.00000000000000102996606201639,0.0000000000000473349018421921,0.000780487879845602,0.213829160833902,30328.5122474982,22.1525728530986,30349.87943,752.361758610865,109.207836761585,"Malawi","Mangochi","TA Jalasi",133,30350.87943,1,"Adults",103506.08693
"120",120,0.0000000000142584220579943,0.000000000000000726847025197953,0.0000000000000323144304198897,0.0006887781675616,0.200886803173265,30328.5226483803,22.1552060383722,30349.87943,752.361758610865,109.207850073571,"Malawi","Mangochi","TA Jalasi",133,30350.87943,1,"Adults",103506.08693
"121",121,0.0000000000142584220579943,0.000000000000000490363122687947,0.0000000000000219716785771276,0.000607844575591631,0.188727067779906,30328.5324152466,22.1576798410517,30349.87943,752.361758610865,109.207861821366,"Malawi","Mangochi","TA Jalasi",133,30350.87943,1,"Adults",103506.08693
"122",122,0.0000000000142584220579943,0.000000000000000333455994982901,0.0000000000000154156102598316,0.000536420926557632,0.17730271618969,30328.5415869634,22.1600038995107,30349.87943,752.361758610865,109.20787218876,"Malawi","Mangochi","TA Jalasi",133,30350.87943,1,"Adults",103506.08693
"123",123,0.0000000000142584220579943,0.000000000000000237204011772818,0.0000000000000103651553142217,0.00047338979673613,0.166569350987656,30328.550199989,22.1621872703026,30349.87943,752.361758610865,109.207881337949,"Malawi","Mangochi","TA Jalasi",133,30350.87943,1,"Adults",103506.08693
"124",124,0.0000000000142584220579943,0.000000000000000141520729396877,0.00000000000000722396320991178,0.000417765026762887,0.156485246068931,30328.5582885258,22.164238463176,30349.87943,752.361758610865,109.20788941208,"Malawi","Mangochi","TA Jalasi",133,30350.87943,1,"Adults",103506.08693
"125",125,0.0000000000142584220579943,0.000000000000000100096002776817,0.0000000000000051252226411833,0.000368676339798131,0.147011187086008,30328.5658846627,22.1661654739566,30349.87943,752.361758610865,109.207896537475,"Malawi","Mangochi","TA Jalasi",133,30350.87943,1,"Adults",103506.08693
"126",126,0.0000000000142584220579943,0.000000000000000073776358818961,0.00000000000000328371066713241,0.000325355725772422,0.138110321219729,30328.5730185076,22.1679758154824,30349.87943,752.361758610865,109.207902825614,"Malawi","Mangochi","TA Jalasi",133,30350.87943,1,"Adults",103506.08693
"127",127,0.0000000000142584220579943,0.0000000000000000397919080180583,0.00000000000000240260586013447,0.000287125418078014,0.129748015761316,30328.5797183122,22.1696765467008,30349.87943,752.361758610865,109.207908374878,"Malawi","Mangochi","TA Jalasi",133,30350.87943,1,"Adults",103506.08693
"128",128,0.0000000000142584220579943,0.0000000000000000349049493510728,0.00000000000000165538280190715,0.000253387290261447,0.121891725093296,30328.5860105876,22.1712743000174,30349.87943,752.361758610865,109.207913272085,"Malawi","Mangochi","TA Jalasi",133,30350.87943,1,"Adults",103506.08693
"129",129,0.0000000000142584220579943,0.0000000000000000232526425016853,0.00000000000000100098476787518,0.000223613497212222,0.114510865554392,30328.591920214,22.1727753070048,30349.87943,752.361758610865,109.207917593856,"Malawi","Mangochi","TA Jalasi",133,30350.87943,1,"Adults",103506.08693
"130",130,0.0000000000142584220579943,0.0000000000000000103162939416924,0.000000000000000840310814668989,0.000197338217240157,0.107576697731915,30328.5974705415,22.1741854225701,30349.87943,752.361758610865,109.207921407805,"Malawi","Mangochi","TA Jalasi",133,30350.87943,1,"Adults",103506.08693
"131",131,0.0000000000142584220579943,0.0000000000000000136059069853391,0.000000000000000504599221551192,0.00017415036422495,0.101062215749386,30328.6026834863,22.1755101476719,30349.87943,752.361758610865,109.207924773603,"Malawi","Mangochi","TA Jalasi",133,30350.87943,1,"Adults",103506.08693
"132",132,0.0000000000142584220579943,0.00000000000000000604607253709734,0.000000000000000305705310433818,0.000153687155904824,0.094942043141217,30328.6075796191,22.1767546506725,30349.87943,752.361758610865,109.20792774391,"Malawi","Mangochi","TA Jalasi",133,30350.87943,1,"Adults",103506.08693
"133",133,0.0000000000142584220579943,0.00000000000000000265464195564472,0.000000000000000315760668786911,0.000135628438075635,0.0891923349298385,30328.6121782493,22.1779237874083,30349.87943,752.361758610865,109.207930365196,"Malawi","Mangochi","TA Jalasi",133,30350.87943,1,"Adults",103506.08693
"134",134,0.0000000000142584220579943,0.00000000000000000597608928137432,0.000000000000000123868579420989,0.000119691675642363,0.0837906855418798,30328.6164975028,22.1790221200531,30349.87943,752.361758610865,109.207932678473,"Malawi","Mangochi","TA Jalasi",133,30350.87943,1,"Adults",103506.08693
"135",135,0.0000000000142584220579943,0.000000000000000000473636707671622,0.00000000000000010778509075541,0.000105627532258509,0.0787160422206648,30328.6205543955,22.1800539348467,30349.87943,752.361758610865,109.207934719933,"Malawi","Mangochi","TA Jalasi",133,30350.87943,1,"Adults",103506.08693
"136",136,0.0000000000142584220579943,0.00000000000000000116162211363778,0.000000000000000122386591274799,0.0000932159693743977,0.0739486236117397,30328.6243649017,22.1810232587578,30349.87943,752.361758610865,109.207936521515,"Malawi","Mangochi","TA Jalasi",133,30350.87943,1,"Adults",103506.08693
"137",137,0.0000000000142584220579943,0.00000000000000000263175748015166,0.00000000000000000821785779149424,0.0000822628036517822,0.0694698432165988,30328.6279440189,22.1819338751426,30349.87943,752.361758610865,109.207938111405,"Malawi","Mangochi","TA Jalasi",133,30350.87943,1,"Adults",103506.08693
"138",138,0.0000000000142584220579943,-0.000000000000000000951499895881506,0.0000000000000000552893741076117,0.0000725966688976785,0.065262237427232,30328.6313058275,22.1827893384614,30349.87943,752.361758610865,109.207939514479,"Malawi","Mangochi","TA Jalasi",133,30350.87943,1,"Adults",103506.08693
"139",139,0.0000000000142584220579943,0.00000000000000000103556072884716,0.000000000000000041005981795157,0.000064066334978693,0.0613093978706402,30328.6344635477,22.1835929881085,30349.87943,752.361758610865,109.207940752687,"Malawi","Mangochi","TA Jalasi",133,30350.87943,1,"Adults",103506.08693
"140",140,0.0000000000142584220579943,0.000000000000000000926540934779461,-0.0000000000000000158447332799408,0.0000565383417713866,0.0575959078080892,30328.6374295925,22.1843479614084,30349.87943,752.361758610865,109.207941845401,"Malawi","Mangochi","TA Jalasi",133,30350.87943,1,"Adults",103506.08693
"141",141,0.0000000000142584220579943,-0.000000000000000000929636415897581,0.0000000000000000382038797285899,0.0000498949111311162,0.0541072823486438,30328.640215617,22.1850572058289,30349.87943,752.361758610865,109.207942809719,"Malawi","Mangochi","TA Jalasi",133,30350.87943,1,"Adults",103506.08693
"142",142,0.0000000000142584220579943,0.000000000000000000966554230811125,0.00000000000000000428193330509083,0.0000440321042107752,0.0508299122504794,30328.6428325652,22.1857234904574,30349.87943,752.361758610865,109.207943660726,"Malawi","Mangochi","TA Jalasi",133,30350.87943,1,"Adults",103506.08693
"143",143,0.0000000000142584220579943,0.0000000000000000000551566230074295,-0.0000000000000000111458398799578,0.0000388581953003897,0.0477510110966529,30328.645290714,22.1863494167853,30349.87943,752.361758610865,109.207944411737,"Malawi","Mangochi","TA Jalasi",133,30350.87943,1,"Adults",103506.08693
"144",144,0.0000000000142584220579943,-0.000000000000000000521546406489418,0.0000000000000000265777416861075,0.000034292236745608,0.0448585656444637,30328.6475997133,22.1869374288418,30349.87943,752.361758610865,109.207945074501,"Malawi","Mangochi","TA Jalasi",133,30350.87943,1,"Adults",103506.08693
"145",145,0.0000000000142584220579943,0.00000000000000000074847949045564,-0.0000000000000000104249497498757,0.0000302627924927103,0.042141289159281,30328.6497686254,22.1874898227155,30349.87943,752.361758610865,109.207945659389,"Malawi","Mangochi","TA Jalasi",133,30350.87943,1,"Adults",103506.08693
"146",146,0.0000000000142584220579943,-0.000000000000000000308751513508525,-0.00000000000000000132540238641181,0.0000267068204460036,0.0395885775548077,30328.6518059602,22.1880087555022,30349.87943,752.361758610865,109.207946175551,"Malawi","Mangochi","TA Jalasi",133,30350.87943,1,"Adults",103506.08693
"147",147,0.0000000000142584220579943,-0.000000000000000000139083132085176,0.0000000000000000154334881901094,0.0000235686861517117,0.0371904681722023,30328.6537197095,22.1884962537118,30349.87943,752.361758610865,109.207946631062,"Malawi","Mangochi","TA Jalasi",133,30350.87943,1,"Adults",103506.08693
"148",148,0.0000000000142584220579943,0.000000000000000000460812873179125,-0.0000000000000000132025752296386,0.0000207992923770545,0.0349376010403527,30328.6555173786,22.1889542211672,30349.87943,752.361758610865,109.20794703305,"Malawi","Mangochi","TA Jalasi",133,30350.87943,1,"Adults",103506.08693
"149",149,0.0000000000142584220579943,-0.000000000000000000372312454760441,0.00000000000000000551029116609889,0.0000183553109664852,0.0328211824688872,30328.6572060159,22.1893844464273,30349.87943,752.361758610865,109.207947387802,"Malawi","Mangochi","TA Jalasi",133,30350.87943,1,"Adults",103506.08693
"150",150,0.0000000000142584220579943,0.000000000000000000093566682018387,0.00000000000000000597864848094713,0.0000161985049572199,0.0308329508342828,30328.658792241,22.1897886097604,30349.87943,752.361758610865,109.20794770087,"Malawi","Mangochi","TA Jalasi",133,30350.87943,1,"Adults",103506.08693
"151",151,0.0000000000142584220579943,0.000000000000000000203060655915648,-0.000000000000000010205231563557,0.0000142951303482783,0.0289651444276866,30328.6602822708,22.1901682896965,30349.87943,752.361758610865,109.207947977152,"Malawi","Mangochi","TA Jalasi",133,30350.87943,1,"Adults",103506.08693
"152",152,0.0000000000142584220579943,-0.000000000000000000289819197249757,0.00000000000000000789143820910875,0.0000126154081635274,0.0272104712408556,30328.6616819442,22.1905249691842,30349.87943,752.361758610865,109.207948220969,"Malawi","Mangochi","TA Jalasi",133,30350.87943,1,"Adults",103506.08693
"153",153,0.0000000000142584220579943,0.000000000000000000180374732712701,-0.000000000000000000404551497575519,0.0000111330585489604,0.0255620805739493,30328.6629967451,22.1908600413746,30349.87943,752.361758610865,109.207948436137,"Malawi","Mangochi","TA Jalasi",133,30350.87943,1,"Adults",103506.08693
"154",154,0.0000000000142584220579943,0.0000000000000000000265270244882336,-0.00000000000000000548089669786355,0.00000982488961294046,0.0240135363557542,30328.6642318238,22.1911748150563,30349.87943,752.361758610865,109.207948626023,"Malawi","Mangochi","TA Jalasi",133,30350.87943,1,"Adults",103506.08693
"155",155,0.0000000000142584220579943,-0.000000000000000000236118210720254,0.00000000000000000938446067320761,0.00000867043457562096,0.0225587920739492,30328.6653920178,22.1914705197613,30349.87943,752.361758610865,109.207948793596,"Malawi","Mangochi","TA Jalasi",133,30350.87943,1,"Adults",103506.08693
"156",156,0.0000000000142584220579943,0.0000000000000000000335719736163604,0.00000000000000000207072770347657,0.00000765163170167426,0.0211921672227679,30328.6664818706,22.1917483105613,30349.87943,752.361758610865,109.207948941479,"Malawi","Mangochi","TA Jalasi",133,30350.87943,1,"Adults",103506.08693
"157",157,0.0000000000142584220579943,0.0000000000000000000497959406559881,-0.00000000000000000423938217028397,0.00000675254166964248,0.0199083251652419,30328.6675056498,22.1920092725754,30349.87943,752.361758610865,109.207949071985,"Malawi","Mangochi","TA Jalasi",133,30350.87943,1,"Adults",103506.08693
"158",158,0.0000000000142584220579943,0.00000000000000000000118318394617133,-0.000000000000000000182949609925145,0.00000595909756129483,0.0187022523140854,30328.6684673634,22.1922544252093,30349.87943,752.361758610865,109.207949187156,"Malawi","Mangochi","TA Jalasi",133,30350.87943,1,"Adults",103506.08693
"159",159,0.0000000000142584220579943,0.0000000000000000000675398319629302,-0.00000000000000000214828909547287,0.00000525888552416669,0.0175692386115209,30328.6693707764,22.1924847261285,30349.87943,752.361758610865,109.207949288794,"Malawi","Mangochi","TA Jalasi",133,30350.87943,1,"Adults",103506.08693
"160",160,0.0000000000142584220579943,0.0000000000000000000261712088317359,-0.00000000000000000212080388468551,0.00000464095052822214,0.0165048591680632,30328.6702194249,22.1927010749964,30349.87943,752.361758610865,109.20794937849,"Malawi","Mangochi","TA Jalasi",133,30350.87943,1,"Adults",103506.08693
"161",161,0.0000000000142584220579943,0.0000000000000000000029422036909601,0.0000000000000000000331839293053273,0.00000409562476642448,0.0155049570036708,30328.6710166304,22.1929043169868,30349.87943,752.361758610865,109.207949457646,"Malawi","Mangochi","TA Jalasi",133,30350.87943,1,"Adults",103506.08693
"162",162,0.0000000000142584220579943,0.0000000000000000000235561584877032,-0.000000000000000000821318863697658,0.00000361437643486734,0.0145656268373013,30328.6717655128,22.1930952460835,30349.87943,752.361758610865,109.207949527501,"Malawi","Mangochi","TA Jalasi",133,30350.87943,1,"Adults",103506.08693
"163",163,0.0000000000142584220579943,0.00000000000000000000520510662234526,-0.00000000000000000057586638468801,0.0000031896762422994,0.0136831998559509,30328.6724690024,22.1932746081792,30349.87943,752.361758610865,109.207949589147,"Malawi","Mangochi","TA Jalasi",133,30350.87943,1,"Adults",103506.08693
"164",164,0.0000000000142584220579943,0.00000000000000000000138773988032698,0.0000000000000000000761903025609088,0.00000281487961026138,0.012854229404336,30328.6731298518,22.1934431039882,30349.87943,752.361758610865,109.20794964355,"Malawi","Mangochi","TA Jalasi",133,30350.87943,1,"Adults",103506.08693
"165",165,0.0000000000142584220579943,0.00000000000000000000832464172513545,-0.000000000000000000332551948343936,0.00000248412271917608,0.0120754775396701,30328.6737506466,22.1936013917818,30349.87943,752.361758610865,109.207949691561,"Malawi","Mangochi","TA Jalasi",133,30350.87943,1,"Adults",103506.08693
"166",166,0.0000000000142584220579943,0.000000000000000000000732013111212337,-0.000000000000000000147217324159269,0.00000219223076591309,0.0113439023993104,30328.6743338155,22.1937500899583,30349.87943,752.361758610865,109.20794973393,"Malawi","Mangochi","TA Jalasi",133,30350.87943,1,"Adults",103506.08693
"167",167,0.0000000000142584220579943,0.000000000000000000000826845397397665,0.0000000000000000000350087820422179,0.00000193463700238994,0.0106566463322476,30328.6748816396,22.193889779458,30349.87943,752.361758610865,109.207949771321,"Malawi","Mangochi","TA Jalasi",133,30350.87943,1,"Adults",103506.08693
"168",168,0.0000000000142584220579943,0.00000000000000000000281102437150242,-0.000000000000000000129859738790034,0.00000170731128730548,0.0100110247483344,30328.675396262,22.1940210060314,30349.87943,752.361758610865,109.207949804318,"Malawi","Mangochi","TA Jalasi",133,30350.87943,1,"Adults",103506.08693
"169",169,0.0000000000142584220579943,-0.000000000000000000000112937669584443,-0.0000000000000000000285441184394765,0.00000150669703316918,0.00940451564192469,30328.6758796954,22.1941442823706,30349.87943,752.361758610865,109.207949833438,"Malawi","Mangochi","TA Jalasi",133,30350.87943,1,"Adults",103506.08693
"170",170,0.0000000000142584220579943,0.000000000000000000000447795988166628,0.0000000000000000000112198564736462,0.00000132965556231004,0.00883474974920118,30328.6763338306,22.1942600901109,30349.87943,752.361758610865,109.207949859136,"Malawi","Mangochi","TA Jalasi",133,30350.87943,1,"Adults",103506.08693
"171",171,0.0000000000142584220579943,0.000000000000000000000905397664147146,-0.0000000000000000000488705622706736,0.00000117341700120262,0.00829950130092121,30328.6767604436,22.1943688817123,30349.87943,752.361758610865,109.207949881814,"Malawi","Mangochi","TA Jalasi",133,30350.87943,1,"Adults",103506.08693
"172",172,0.0000000000142584220579943,-0.00000000000000000000014733109490744,-0.00000000000000000000143510645070451,0.00000103553694486048,0.00779667933461396,30328.677161203,22.1944710822263,30349.87943,752.361758610865,109.207949901828,"Malawi","Mangochi","TA Jalasi",133,30350.87943,1,"Adults",103506.08693
"173",173,0.0000000000142584220579943,0.000000000000000000000223829793816031,0.00000000000000000000196529158234051,0.00000091385821329669,0.00732431953242891,30328.6775376757,22.1945670909558,30349.87943,752.361758610865,109.20794991949,"Malawi","Mangochi","TA Jalasi",133,30350.87943,1,"Adults",103506.08693
"174",174,0.0000000000142584220579943,0.000000000000000000000274426110983536,-0.0000000000000000000175845270948792,0.000000806477101714938,0.00688057655287223,30328.677891334,22.1946572830148,30349.87943,752.361758610865,109.207949935077,"Malawi","Mangochi","TA Jalasi",133,30350.87943,1,"Adults",103506.08693
"175",175,0.0000000000142584220579943,-0.0000000000000000000000794121400091646,0.00000000000000000000249329991284328,0.000000711713596405972,0.00646371682658203,30328.6782235607,22.1947420107937,30349.87943,752.361758610865,109.207949948832,"Malawi","Mangochi","TA Jalasi",133,30350.87943,1,"Adults",103506.08693
"176",176,0.0000000000142584220579943,0.00000000000000000000010345937815892,-0.000000000000000000000514218574130115,0.00000062808509036648,0.00607211178809345,30328.6785356549,22.1948216053351,30349.87943,752.361758610865,109.207949960971,"Malawi","Mangochi","TA Jalasi",133,30350.87943,1,"Adults",103506.08693
"177",177,0.0000000000142584220579943,0.0000000000000000000000762035879142498,-0.00000000000000000000598382515583657,0.000000554283187412434,0.00570423151723603,30328.6788288366,22.1948963776276,30349.87943,752.361758610865,109.207949971684,"Malawi","Mangochi","TA Jalasi",133,30350.87943,1,"Adults",103506.08693
"178",178,0.0000000000142584220579943,-0.0000000000000000000000332888974097579,0.00000000000000000000184074765307887,0.000000489153231879494,0.00535863876539605,30328.6791042523,22.1949666198199,30349.87943,752.361758610865,109.207949981138,"Malawi","Mangochi","TA Jalasi",133,30350.87943,1,"Adults",103506.08693
"179",179,0.0000000000142584220579943,0.0000000000000000000000447080895654611,-0.000000000000000000000752838754648194,0.00000043167624364568,0.00503398334337118,30328.6793629787,22.1950326063623,30349.87943,752.361758610865,109.207949989481,"Malawi","Mangochi","TA Jalasi",133,30350.87943,1,"Adults",103506.08693
"180",180,0.0000000000142584220579943,0.0000000000000000000000182616334319703,-0.00000000000000000000189513067312999,0.000000380952975843675,0.00472899684894921,30328.6796060272,22.1950945950788,30349.87943,752.361758610865,109.207949996843,"Malawi","Mangochi","TA Jalasi",133,30350.87943,1,"Adults",103506.08693
"181",181,0.0000000000142584220579943,-0.0000000000000000000000118999725039001,0.000000000000000000000924813964150879,0.000000336189845840279,0.00444248771366333,30328.679834348,22.1951528281741,30349.87943,752.361758610865,109.207950003341,"Malawi","Mangochi","TA Jalasi",133,30350.87943,1,"Adults",103506.08693
"182",182,0.0000000000142584220579943,0.0000000000000000000000182004888160046,-0.000000000000000000000501140521153982,0.000000296686519368442,0.00417333654941677,30328.6800488337,22.1952075331797,30349.87943,752.361758610865,109.207950009075,"Malawi","Mangochi","TA Jalasi",133,30350.87943,1,"Adults",103506.08693
"183",183,0.0000000000142584220579943,0.00000000000000000000000308720084011669,-0.000000000000000000000541416465562105,0.000000261824953561448,0.00392049177683611,30328.6802503226,22.195258923843,30349.87943,752.361758610865,109.207950014135,"Malawi","Mangochi","TA Jalasi",133,30350.87943,1,"Adults",103506.08693
"184",184,0.0000000000142584220579943,-0.0000000000000000000000036400190418908,0.000000000000000000000391180084555181,0.000000231059727463795,0.00368296551830822,30328.6804396025,22.195307200962,30349.87943,752.361758610865,109.207950018601,"Malawi","Mangochi","TA Jalasi",133,30350.87943,1,"Adults",103506.08693
"185",185,0.0000000000142584220579943,0.00000000000000000000000700977184566261,-0.000000000000000000000264117289559288,0.000000203909508736391,0.00345982973968569,30328.6806174133,22.1953525531699,30349.87943,752.361758610865,109.207950022542,"Malawi","Mangochi","TA Jalasi",133,30350.87943,1,"Adults",103506.08693
"186",186,0.0000000000142584220579943,-0.000000000000000000000000132902297773873,-0.000000000000000000000129125937711199,0.000000179949523049755,0.00325021262561356,30328.6807844498,22.1953951576721,30349.87943,752.361758610865,109.20795002602,"Malawi","Mangochi","TA Jalasi",133,30350.87943,1,"Adults",103506.08693
"187",187,0.0000000000142584220579943,-0.000000000000000000000000882529310555254,0.000000000000000000000146635100606489,0.000000158804908346362,0.00305329517433946,30328.6809413652,22.1954351809382,30349.87943,752.361758610865,109.207950029089,"Malawi","Mangochi","TA Jalasi",133,30350.87943,1,"Adults",103506.08693
"188",188,0.0000000000142584220579943,0.00000000000000000000000255603102042044,-0.00000000000000000000012233636764553,0.000000140144849997316,0.00286830799872394,30328.6810887726,22.1954727793528,30349.87943,752.361758610865,109.207950031797,"Malawi","Mangochi","TA Jalasi",133,30350.87943,1,"Adults",103506.08693
"189",189,0.0000000000142584220579943,-0.000000000000000000000000462640920469654,-0.0000000000000000000000187080763331054,0.0000001236774050959,0.0026945283209709,30328.6812272482,22.195508099826,30349.87943,752.361758610865,109.207950034188,"Malawi","Mangochi","TA Jalasi",133,30350.87943,1,"Adults",103506.08693
"190",190,0.0000000000142584220579943,-0.000000000000000000000000107225458134996,0.0000000000000000000000490410357820114,0.00000010914493491233,0.00253127714935255,30328.6813573334,22.1955412803676,30349.87943,752.361758610865,109.207950036297,"Malawi","Mangochi","TA Jalasi",133,30350.87943,1,"Adults",103506.08693
"191",191,0.0000000000142584220579943,0.000000000000000000000000879473193002348,-0.0000000000000000000000517016931038123,0.000000096320074048931,0.00237791662591252,30328.6814795365,22.1955724506262,30349.87943,752.361758610865,109.207950038159,"Malawi","Mangochi","TA Jalasi",133,30350.87943,1,"Adults",103506.08693
"192",192,0.0000000000142584220579943,-0.000000000000000000000000293840251303455,0.00000000000000000000000407314584017663,0.0000000850021732318014,0.00223384753479687,30328.6815943351,22.1956017323959,30349.87943,752.361758610865,109.207950039802,"Malawi","Mangochi","TA Jalasi",133,30350.87943,1,"Adults",103506.08693
"193",193,0.0000000000142584220579943,0.0000000000000000000000000508737664215384,0.0000000000000000000000142313371385646,0.0000000750141600852452,0.00209850696148895,30328.681702178,22.1956292400919,30349.87943,752.361758610865,109.207950041251,"Malawi","Mangochi","TA Jalasi",133,30350.87943,1,"Adults",103506.08693
"194",194,0.0000000000142584220579943,0.000000000000000000000000282908997665306,-0.000000000000000000000020243004867162,0.0000000661997687747299,0.00197136609381218,30328.6818034866,22.1956550811977,30349.87943,752.361758610865,109.207950042531,"Malawi","Mangochi","TA Jalasi",133,30350.87943,1,"Adults",103506.08693
"195",195,0.0000000000142584220579943,-0.000000000000000000000000140479660557112,0.00000000000000000000000535956809879818,0.0000000584210951751988,0.0018519281561175,30328.6818986568,22.1956793566848,30349.87943,752.361758610865,109.20795004366,"Malawi","Mangochi","TA Jalasi",133,30350.87943,1,"Adults",103506.08693
"196",196,0.0000000000142584220579943,0.0000000000000000000000000519194189459486,0.00000000000000000000000332438709025698,0.0000000515564384521751,0.00173972646776254,30328.6819880606,22.1957021614078,30349.87943,752.361758610865,109.207950044656,"Malawi","Mangochi","TA Jalasi",133,30350.87943,1,"Adults",103506.08693
"197",197,0.0000000000142584220579943,0.000000000000000000000000114000710758978,-0.0000000000000000000000100654869752453,0.0000000454983997105951,0.00163432262166742,30328.6820720475,22.1957235844742,30349.87943,752.361758610865,109.207950045536,"Malawi","Mangochi","TA Jalasi",133,30350.87943,1,"Adults",103506.08693
"198",198,0.0000000000142584220579943,-0.00000000000000000000000000749801146386856,-0.00000000000000000000000196120248637792,0.0000000401521833289274,0.00153530475361536,30328.6821509456,22.1957437095964,30349.87943,752.361758610865,109.207950046312,"Malawi","Mangochi","TA Jalasi",133,30350.87943,1,"Adults",103506.08693
"199",199,0.0000000000142584220579943,-0.0000000000000000000000000061467745134701,0.0000000000000000000000022201466017163,0.0000000354341486276121,0.00144228596844082,30328.6822250633,22.1957626154118,30349.87943,752.361758610865,109.207950046997,"Malawi","Mangochi","TA Jalasi",133,30350.87943,1,"Adults",103506.08693
"200",200,0.0000000000142584220579943,0.00000000000000000000000000781676438355104,-0.0000000000000000000000000487525215398079,0.0000000312705012135359,0.00135490282951793,30328.6822946902,22.1957803757895,30349.87943,752.361758610865,109.207950047601,"Malawi","Mangochi","TA Jalasi",133,30350.87943,1,"Adults",103506.08693
"201",201,0.0000000000142584220579943,-0.0000000000000000000000000059116385693154,0.000000000000000000000000414890325139605,0.0000000275960984997772,0.00127281390072477,30328.6823600984,22.1957970601268,30349.87943,752.361758610865,109.207950048134,"Malawi","Mangochi","TA Jalasi",133,30350.87943,1,"Adults",103506.08693
"202",202,0.0000000000142584220579943,-0.00000000000000000000000000326655755526258,0.000000000000000000000000720982928193215,0.0000000243534519379919,0.00119569842994833,30328.6824215437,22.195812733617,30349.87943,752.361758610865,109.207950048605,"Malawi","Mangochi","TA Jalasi",133,30350.87943,1,"Adults",103506.08693
"203",203,0.0000000000142584220579943,0.000000000000000000000000000542634750919834,0.000000000000000000000000158315323056328,0.0000000214918287271754,0.00112325509765741,30328.682479266,22.1958274575035,30349.87943,752.361758610865,109.20795004902,"Malawi","Mangochi","TA Jalasi",133,30350.87943,1,"Adults",103506.08693
"204",204,0.0000000000142584220579943,-0.00000000000000000000000000125465555979247,0.00000000000000000000000014520924889766,0.0000000189664571280479,0.00105520083946514,30328.682533491,22.1958412893193,30349.87943,752.361758610865,109.207950049387,"Malawi","Mangochi","TA Jalasi",133,30350.87943,1,"Adults",103506.08693
"205",205,0.0000000000142584220579943,-0.000000000000000000000000000810176184801317,0.000000000000000000000000175150933085082,0.0000000167378262923472,0.000991269740263295,30328.6825844305,22.1958542831116,30349.87943,752.361758610865,109.20795004971,"Malawi","Mangochi","TA Jalasi",133,30350.87943,1,"Adults",103506.08693
"206",206,0.0000000000142584220579943,-0.0000000000000000000000000000692915758449343,0.0000000000000000000000000653918780942549,0.0000000147710680553332,0.000931211995280347,30328.6826322837,22.1958664896533,30349.87943,752.361758610865,109.207950049996,"Malawi","Mangochi","TA Jalasi",133,30350.87943,1,"Adults",103506.08693
"207",207,0.0000000000142584220579943,-0.000000000000000000000000000303653907024905,0.0000000000000000000000000484994625094545,0.0000000130354113899375,0.000874792934080495,30328.6826772375,22.195877956641,30349.87943,752.361758610865,109.207950050248,"Malawi","Mangochi","TA Jalasi",133,30350.87943,1,"Adults",103506.08693
"208",208,0.0000000000142584220579943,-0.000000000000000000000000000218293125490981,0.0000000000000000000000000469886766302878,0.0000000115037009827504,0.000821792103688191,30328.6827194676,22.1958887288817,30349.87943,752.361758610865,109.20795005047,"Malawi","Mangochi","TA Jalasi",133,30350.87943,1,"Adults",103506.08693
"209",209,0.0000000000142584220579943,-0.0000000000000000000000000000655828330444995,0.0000000000000000000000000233700460734282,0.0000000101519723729524,0.000772002407255121,30328.682759139,22.1958988484676,30349.87943,752.361758610865,109.207950050666,"Malawi","Mangochi","TA Jalasi",133,30350.87943,1,"Adults",103506.08693
"210",210,0.0000000000142584220579943,-0.0000000000000000000000000000840641846432119,0.0000000000000000000000000161075824610519,0.0000000089590770149277,0.000725229294905761,30328.6827964069,22.1959083549408,30349.87943,752.361758610865,109.20795005084,"Malawi","Mangochi","TA Jalasi",133,30350.87943,1,"Adults",103506.08693
"211",211,0.0000000000142584220579943,-0.0000000000000000000000000000619071725643506,0.0000000000000000000000000134413794509412,0.00000000790635139761131,0.000681290003600958,30328.6828314167,22.1959172854477,30349.87943,752.361758610865,109.207950050992,"Malawi","Mangochi","TA Jalasi",133,30350.87943,1,"Adults",103506.08693
"212",212,0.0000000000142584220579943,-0.0000000000000000000000000000279180950033049,0.00000000000000000000000000776876386386218,0.00000000697732504345673,0.000640012843050378,30328.6828643054,22.1959256748841,30349.87943,752.361758610865,109.207950051127,"Malawi","Mangochi","TA Jalasi",133,30350.87943,1,"Adults",103506.08693
"213",213,0.0000000000142584220579943,-0.0000000000000000000000000000249416378800278,0.00000000000000000000000000523709668397095,0.00000000615746281865946,0.000601236524884546,30328.6828952014,22.1959335560316,30349.87943,752.361758610865,109.207950051246,"Malawi","Mangochi","TA Jalasi",133,30350.87943,1,"Adults",103506.08693
"214",214,0.0000000000142584220579943,-0.0000000000000000000000000000181959754833285,0.00000000000000000000000000399747809532242,0.00000000543393752290922,0.000564809532466042,30328.6829242254,22.1959409596857,30349.87943,752.361758610865,109.207950051351,"Malawi","Mangochi","TA Jalasi",133,30350.87943,1,"Adults",103506.08693
"215",215,0.0000000000142584220579943,-0.0000000000000000000000000000099790306514962,0.00000000000000000000000000250148837863023,0.00000000479542920070922,0.000530589528878171,30328.682951491,22.1959479147761,30349.87943,752.361758610865,109.207950051444,"Malawi","Mangochi","TA Jalasi",133,30350.87943,1,"Adults",103506.08693
"216",216,0.0000000000142584220579943,-0.00000000000000000000000000000767037278215274,0.00000000000000000000000000167959688655567,0.00000000423194803437912,0.000498442800778477,30328.6829771046,22.1959544484797,30349.87943,752.361758610865,109.207950051526,"Malawi","Mangochi","TA Jalasi",133,30350.87943,1,"Adults",103506.08693
"217",217,0.0000000000142584220579943,-0.00000000000000000000000000000549379362941079,0.00000000000000000000000000121777054715722,0.00000000373467804780364,0.000468243735944566,30328.6830011663,22.1959605863271,30349.87943,752.361758610865,109.207950051598,"Malawi","Mangochi","TA Jalasi",133,30350.87943,1,"Adults",103506.08693
"218",218,0.0000000000142584220579943,-0.00000000000000000000000000000333693076905157,0.000000000000000000000000000794172280856611,0.00000000329583917558495,0.000439874332471252,30328.6830237701,22.1959663523018,30349.87943,752.361758610865,109.207950051662,"Malawi","Mangochi","TA Jalasi",133,30350.87943,1,"Adults",103506.08693
"219",219,0.0000000000142584220579943,-0.00000000000000000000000000000239810233322284,0.000000000000000000000000000534108913357525,0.00000000290856553959417,0.000413223737701678,30328.6830450045,22.1959717689343,30349.87943,752.361758610865,109.207950051718,"Malawi","Mangochi","TA Jalasi",133,30350.87943,1,"Adults",103506.08693
"220",220,0.0000000000142584220579943,-0.00000000000000000000000000000168870933152402,0.000000000000000000000000000376146519757079,0.00000000256679802849096,0.000388187815091185,30328.6830649523,22.1959768573902,30349.87943,752.361758610865,109.207950051767,"Malawi","Mangochi","TA Jalasi",133,30350.87943,1,"Adults",103506.08693
"221",221,0.0000000000142584220579943,-0.0000000000000000000000000000010828809443734,0.000000000000000000000000000250522369534789,0.00000000226518949955804,0.00036466873731182,30328.6830836915,22.1959816375526,30349.87943,752.361758610865,109.207950051811,"Malawi","Mangochi","TA Jalasi",133,30350.87943,1,"Adults",103506.08693
"222",222,0.0000000000142584220579943,-0.000000000000000000000000000000754844603854362,0.000000000000000000000000000168957832760456,0.00000000199902111968061,0.00034257460400782,30328.6831012954,22.1959861280999,30349.87943,752.361758610865,109.20795005185,"Malawi","Mangochi","TA Jalasi",133,30350.87943,1,"Adults",103506.08693
"223",223,0.0000000000142584220579943,-0.000000000000000000000000000000524902099623436,0.000000000000000000000000000117076088777863,0.00000000176412853657887,0.000321819082708767,30328.6831178326,22.1959903465791,30349.87943,752.361758610865,109.207950051884,"Malawi","Mangochi","TA Jalasi",133,30350.87943,1,"Adults",103506.08693
"224",224,0.0000000000142584220579943,-0.000000000000000000000000000000346406448441415,0.0000000000000000000000000000788005449986683,0.00000000155683672520135,0.000302321071497492,30328.683133368,22.1959943094739,30349.87943,752.361758610865,109.207950051914,"Malawi","Mangochi","TA Jalasi",133,30350.87943,1,"Adults",103506.08693
"225",225,0.0000000000142584220579943,-0.000000000000000000000000000000238182271332589,0.0000000000000000000000000000532781878034861,0.00000000137390248991491,0.000284004382114829,30328.683147962,22.1959980322692,30349.87943,752.361758610865,109.207950051941,"Malawi","Mangochi","TA Jalasi",133,30350.87943,1,"Adults",103506.08693
"226",226,0.0000000000142584220579943,-0.000000000000000000000000000000164239460993789,0.0000000000000000000000000000365902165297456,0.00000000121246372290599,0.000266797442263149,30328.6831616719,22.196001529512,30349.87943,752.361758610865,109.207950051964,"Malawi","Mangochi","TA Jalasi",133,30350.87943,1,"Adults",103506.08693
"227",227,0.0000000000142584220579943,-0.000000000000000000000000000000110039395094116,0.0000000000000000000000000000247553631362164,0.00000000106999462491264,0.000250633015945566,30328.6831745511,22.1960048148678,30349.87943,752.361758610865,109.207950051985,"Malawi","Mangochi","TA Jalasi",133,30350.87943,1,"Adults",103506.08693
"228",228,0.0000000000142584220579943,-0.0000000000000000000000000000000752069960979667,0.0000000000000000000000000000167687058093805,0.000000000944266187690892,0.000235447940748213,30328.68318665,22.196007901174,30349.87943,752.361758610865,109.207950052003,"Malawi","Mangochi","TA Jalasi",133,30350.87943,1,"Adults",103506.08693
"229",229,0.0000000000142584220579943,-0.0000000000000000000000000000000515858312738358,0.0000000000000000000000000000114604775429144,0.000000000833311319941526,0.000221182881039126,30328.6831980159,22.1960108004906,30349.87943,752.361758610865,109.207950052019,"Malawi","Mangochi","TA Jalasi",133,30350.87943,1,"Adults",103506.08693
"230",230,0.0000000000142584220579943,-0.0000000000000000000000000000000348351491910866,0.00000000000000000000000000000777292902471709,0.000000000735394071073108,0.000207782096119487,30328.6832086931,22.1960135241466,30349.87943,752.361758610865,109.207950052033,"Malawi","Mangochi","TA Jalasi",133,30350.87943,1,"Adults",103506.08693
"231",231,0.0000000000142584220579943,-0.0000000000000000000000000000000237479279602133,0.00000000000000000000000000000527187982223808,0.000000000648982471289875,0.000195193222421362,30328.6832187234,22.1960160827847,30349.87943,752.361758610865,109.207950052046,"Malawi","Mangochi","TA Jalasi",133,30350.87943,1,"Adults",103506.08693
"232",232,0.0000000000142584220579943,-0.0000000000000000000000000000000162372283501923,0.00000000000000000000000000000359357474118707,0.000000000572724563072582,0.000183367068900978,30328.683228146,22.1960184864028,30349.87943,752.361758610865,109.207950052057,"Malawi","Mangochi","TA Jalasi",133,30350.87943,1,"Adults",103506.08693
"233",233,0.0000000000142584220579943,-0.0000000000000000000000000000000110092770048425,0.00000000000000000000000000000244013068067128,0.000000000505427249051492,0.000172257424828097,30328.6832369977,22.1960207443931,30349.87943,752.361758610865,109.207950052067,"Malawi","Mangochi","TA Jalasi",133,30350.87943,1,"Adults",103506.08693
"234",234,0.0000000000142584220579943,-0.00000000000000000000000000000000749776601881179,0.00000000000000000000000000000165633297973776,0.000000000446037625334718,0.000161820879220496,30328.6832453132,22.1960228655788,30349.87943,752.361758610865,109.207950052075,"Malawi","Mangochi","TA Jalasi",133,30350.87943,1,"Adults",103506.08693
"235",235,0.0000000000142584220579943,-0.00000000000000000000000000000000511688025680592,0.00000000000000000000000000000112744666846717,0.000000000393626508241478,0.000152016651218064,30328.6832531248,22.1960248582484,30349.87943,752.361758610865,109.207950052083,"Malawi","Mangochi","TA Jalasi",133,30350.87943,1,"Adults",103506.08693
"236",236,0.0000000000142584220579943,-0.00000000000000000000000000000000347602147917501,0.000000000000000000000000000000765834553409553,0.000000000347373506675457,0.00014280642129854,30328.6832604631,22.1960267301902,30349.87943,752.361758610865,109.20795005209,"Malawi","Mangochi","TA Jalasi",133,30350.87943,1,"Adults",103506.08693
"237",237,0.0000000000142584220579943,-0.00000000000000000000000000000000236664427102888,0.000000000000000000000000000000520188503072198,0.000000000306556810284943,0.000134154247036965,30328.6832673568,22.1960284887093,30349.87943,752.361758610865,109.207950052095,"Malawi","Mangochi","TA Jalasi",133,30350.87943,1,"Adults",103506.08693
"238",238,0.0000000000142584220579943,-0.00000000000000000000000000000000161416146833095,0.000000000000000000000000000000353996136595328,0.000000000270537610488099,0.000126026321172305,30328.6832738328,22.1960301406771,30349.87943,752.361758610865,109.207950052101,"Malawi","Mangochi","TA Jalasi",133,30350.87943,1,"Adults",103506.08693
"239",239,0.0000000000142584220579943,-0.00000000000000000000000000000000109921106472916,0.000000000000000000000000000000240742279874813,0.000000000238751016361401,0.000118390852969253,30328.6832799164,22.1960316925548,30349.87943,752.361758610865,109.207950052105,"Malawi","Mangochi","TA Jalasi",133,30350.87943,1,"Adults",103506.08693
"240",240,0.0000000000142584220579943,-0.000000000000000000000000000000000747859406225842,0.000000000000000000000000000000163509531970347,0.000000000210699095594732,0.000111217988783454,30328.6832856315,22.19603315041,30349.87943,752.361758610865,109.207950052109,"Malawi","Mangochi","TA Jalasi",133,30350.87943,1,"Adults",103506.08693
"241",241,0.0000000000142584220579943,-0.000000000000000000000000000000000509052958932282,0.000000000000000000000000000000111084096439394,0.000000000185943120432775,0.000104479701699736,30328.6832910002,22.1960345199392,30349.87943,752.361758610865,109.207950052113,"Malawi","Mangochi","TA Jalasi",133,30350.87943,1,"Adults",103506.08693
"242",242,0.0000000000142584220579943,-0.000000000000000000000000000000000346513520835343,0.0000000000000000000000000000000754831373518261,0.00000000016409583715308,0.0000981496623526102,30328.6832960438,22.1960358064937,30349.87943,752.361758610865,109.207950052116,"Malawi","Mangochi","TA Jalasi",133,30350.87943,1,"Adults",103506.08693
"243",243,0.0000000000142584220579943,-0.000000000000000000000000000000000235824538004285,0.000000000000000000000000000000051281367386717,0.000000000144815488029739,0.0000922031365414098,30328.6833007817,22.1960370151006,30349.87943,752.361758610865,109.207950052119,"Malawi","Mangochi","TA Jalasi",133,30350.87943,1,"Adults",103506.08693
"244",244,0.0000000000142584220579943,-0.000000000000000000000000000000000160499340316753,0.0000000000000000000000000000000348383589347382,0.000000000127800472787164,0.0000866168886285814,30328.6833052326,22.1960381504824,30349.87943,752.361758610865,109.207950052121,"Malawi","Mangochi","TA Jalasi",133,30350.87943,1,"Adults",103506.08693
"245",245,0.0000000000142584220579943,-0.000000000000000000000000000000000109239196410981,0.000000000000000000000000000000023669158333301,0.000000000112784627307841,0.000081369090733415,30328.6833094138,22.1960392170757,30349.87943,752.361758610865,109.207950052124,"Malawi","Mangochi","TA Jalasi",133,30350.87943,1,"Adults",103506.08693
"246",246,0.0000000000142584220579943,-0.0000000000000000000000000000000000743483627499747,0.000000000000000000000000000000016080516596615,0.0000000000995330602421525,0.0000764392374420916,30328.6833133417,22.196040219048,30349.87943,752.361758610865,109.207950052125,"Malawi","Mangochi","TA Jalasi",133,30350.87943,1,"Adults",103506.08693
"247",247,0.0000000000142584220579943,-0.0000000000000000000000000000000000506012216001611,0.0000000000000000000000000000000109246665164094,0.0000000000878384786794903,0.0000718080656848348,30328.6833170316,22.1960411603145,30349.87943,752.361758610865,109.207950052127,"Malawi","Mangochi","TA Jalasi",133,30350.87943,1,"Adults",103506.08693
"248",248,0.0000000000142584220579943,-0.0000000000000000000000000000000000344393876581393,0.00000000000000000000000000000000742197144926724,0.000000000077517945474189,0.0000674574794672812,30328.683320498,22.1960420445531,30349.87943,752.361758610865,109.207950052129,"Malawi","Mangochi","TA Jalasi",133,30350.87943,1,"Adults",103506.08693
"249",249,0.0000000000142584220579943,-0.0000000000000000000000000000000000234395558949597,0.00000000000000000000000000000000504231566640399,0.0000000000684100175785757,0.0000633704791620583,30328.6833237543,22.196042875219,30349.87943,752.361758610865,109.20795005213,"Malawi","Mangochi","TA Jalasi",133,30350.87943,1,"Adults",103506.08693
"250",250,0.0000000000142584220579943,-0.0000000000000000000000000000000000159529833823978,0.00000000000000000000000000000000342560764843929,0.0000000000603722206061208,0.0000595310950842798,30328.6833268134,22.1960436555579,30349.87943,752.361758610865,109.207950052131,"Malawi","Mangochi","TA Jalasi",133,30350.87943,1,"Adults",103506.08693
"251",251,0.0000000000142584220579943,-0.0000000000000000000000000000000000108576296056578,0.0000000000000000000000000000000023272549863805,0.0000000000532788201191106,0.0000559243250914161,30328.6833296871,22.1960443886189,30349.87943,752.361758610865,109.207950052132,"Malawi","Mangochi","TA Jalasi",133,30350.87943,1,"Adults",103506.08693
"252",252,0.0000000000142584220579943,-0.00000000000000000000000000000000000738972725110632,0.00000000000000000000000000000000158106380962578,0.0000000000470188547776682,0.0000525360759637241,30328.6833323867,22.1960450772664,30349.87943,752.361758610865,109.207950052133,"Malawi","Mangochi","TA Jalasi",133,30350.87943,1,"Adults",103506.08693
"253",253,0.0000000000142584220579943,-0.00000000000000000000000000000000000502946194225846,0.00000000000000000000000000000000107412092669335,0.0000000000414944005828401,0.0000493531083361884,30328.6833349227,22.1960457241914,30349.87943,752.361758610865,109.207950052134,"Malawi","Mangochi","TA Jalasi",133,30350.87943,1,"Adults",103506.08693
"254",254,0.0000000000142584220579943,-0.00000000000000000000000000000000000342306098321663,0.000000000000000000000000000000000729718611234877,0.0000000000366190390614738,0.0000463629849668068,30328.6833373051,22.1960463319215,30349.87943,752.361758610865,109.207950052135,"Malawi","Mangochi","TA Jalasi",133,30350.87943,1,"Adults",103506.08693
"255",255,0.0000000000142584220579943,-0.00000000000000000000000000000000000232974203120979,0.000000000000000000000000000000000495742696905686,0.0000000000323165054308628,0.0000435540221390847,30328.6833395432,22.1960469028315,30349.87943,752.361758610865,109.207950052135,"Malawi","Mangochi","TA Jalasi",133,30350.87943,1,"Adults",103506.08693
"256",256,0.0000000000142584220579943,-0.00000000000000000000000000000000000158562691340619,0.000000000000000000000000000000000336787357166539,0.0000000000285194955965334,0.0000409152440088533,30328.6833416457,22.1960474391521,30349.87943,752.361758610865,109.207950052136,"Malawi","Mangochi","TA Jalasi",133,30350.87943,1,"Adults",103506.08693
"257",257,0.0000000000142584220579943,-0.00000000000000000000000000000000000107918067952736,0.000000000000000000000000000000000228798803477255,0.0000000000251686133211641,0.0000384363397170254,30328.6833436207,22.1960479429791,30349.87943,752.361758610865,109.207950052136,"Malawi","Mangochi","TA Jalasi",133,30350.87943,1,"Adults",103506.08693
"258",258,0.0000000000142584220579943,-0.000000000000000000000000000000000000734492438005695,0.000000000000000000000000000000000155435519524671,0.0000000000222114410953073,0.0000361076231007163,30328.6833454762,22.196048416281,30349.87943,752.361758610865,109.207950052137,"Malawi","Mangochi","TA Jalasi",133,30350.87943,1,"Adults",103506.08693
"259",259,0.0000000000142584220579943,-0.000000000000000000000000000000000000499896963088902,0.000000000000000000000000000000000105595480996596,0.0000000000196017201756386,0.0000339199948453044,30328.6833472192,22.1960488609073,30349.87943,752.361758610865,109.207950052137,"Malawi","Mangochi","TA Jalasi",133,30350.87943,1,"Adults",103506.08693
"260",260,0.0000000000142584220579943,-0.000000000000000000000000000000000000339550537621389,0.0000000000000000000000000000000000715906543983901,0.0000000000172975841093981,0.0000318646735249966,30328.6833488567,22.1960492786428,30349.87943,752.361758610865,109.207950052137,"Malawi","Mangochi","TA Jalasi",133,30350.87943,1,"Adults",103506.08693
"261",261,0.0000000000142584220579943,-0.000000000000000000000000000000000000231090728086519,0.0000000000000000000000000000000000486333317844119,0.0000000000152650895445124,0.0000299340757176043,30328.683350395,22.1960496710287,30349.87943,752.361758610865,109.207950052138,"Malawi","Mangochi","TA Jalasi",133,30350.87943,1,"Adults",103506.08693
"262",262,0.0000000000142584220579943,-0.000000000000000000000000000000000000156642588824378,0.0000000000000000000000000000000000329033832710019,0.0000000000134692442072247,0.0000281198927133392,30328.6833518404,22.1960500397538,30349.87943,752.361758610865,109.207950052138,"Malawi","Mangochi","TA Jalasi",133,30350.87943,1,"Adults",103506.08693
"263",263,0.0000000000142584220579943,-0.000000000000000000000000000000000000106485998027996,0.000000000000000000000000000000000022327407701634,0.000000000011884726541887,0.0000264156633302555,30328.6833531983,22.1960503861313,30349.87943,752.361758610865,109.207950052138,"Malawi","Mangochi","TA Jalasi",133,30350.87943,1,"Adults",103506.08693
"264",264,0.0000000000142584220579943,-0.0000000000000000000000000000000000000724494808024313,0.0000000000000000000000000000000000151637439519636,0.000000000010486621126848,0.0000248147207512232,30328.6833544738,22.1960507115162,30349.87943,752.361758610865,109.207950052138,"Malawi","Mangochi","TA Jalasi",133,30350.87943,1,"Adults",103506.08693
"265",265,0.0000000000142584220579943,-0.0000000000000000000000000000000000000492803949146966,0.0000000000000000000000000000000000102959070181282,0.00000000000925298703712071,0.0000233108045747351,30328.6833556721,22.1960510171808,30349.87943,752.361758610865,109.207950052139,"Malawi","Mangochi","TA Jalasi",133,30350.87943,1,"Adults",103506.08693
"266",266,0.0000000000142584220579943,-0.0000000000000000000000000000000000000335164536484396,0.00000000000000000000000000000000000698978176269808,0.00000000000816447620165963,0.0000218980344412621,30328.6833567977,22.1960513043204,30349.87943,752.361758610865,109.207950052139,"Malawi","Mangochi","TA Jalasi",133,30350.87943,1,"Adults",103506.08693
"267",267,0.0000000000142584220579943,-0.0000000000000000000000000000000000000227954104792124,0.00000000000000000000000000000000000474533637511202,0.0000000000072040165390386,0.0000205708863737277,30328.6833578551,22.1960515740577,30349.87943,752.361758610865,109.207950052139,"Malawi","Mangochi","TA Jalasi",133,30350.87943,1,"Adults",103506.08693
"268",268,0.0000000000142584220579943,-0.0000000000000000000000000000000000000155040054089294,0.00000000000000000000000000000000000322163674538223,0.00000000000635654425520681,0.0000193241711792473,30328.6833588485,22.1960518274474,30349.87943,752.361758610865,109.207950052139,"Malawi","Mangochi","TA Jalasi",133,30350.87943,1,"Adults",103506.08693
"269",269,0.0000000000142584220579943,-0.0000000000000000000000000000000000000105448555417587,0.0000000000000000000000000000000000021871821706173,0.00000000000560876764363944,0.0000181530141599457,30328.6833597816,22.1960520654801,30349.87943,752.361758610865,109.207950052139,"Malawi","Mangochi","TA Jalasi",133,30350.87943,1,"Adults",103506.08693
"270",270,0.0000000000142584220579943,-0.00000000000000000000000000000000000000717193833701921,0.00000000000000000000000000000000000148487889333252,0.00000000000494895861923129,0.0000170528360527612,30328.6833606581,22.1960522890867,30349.87943,752.361758610865,109.207950052139,"Malawi","Mangochi","TA Jalasi",133,30350.87943,1,"Adults",103506.08693
"271",271,0.0000000000142584220579943,-0.00000000000000000000000000000000000000487789371519345,0.00000000000000000000000000000000000100808124324971,0.00000000000436676877542587,0.0000160193351244031,30328.6833614816,22.1960524991414,30349.87943,752.361758610865,109.207950052139,"Malawi","Mangochi","TA Jalasi",133,30350.87943,1,"Adults",103506.08693
"272",272,0.0000000000142584220579943,-0.00000000000000000000000000000000000000331763190871612,0.000000000000000000000000000000000000684382155600552,0.00000000000385306708040251,0.0000150484703514576,30328.6833622551,22.1960526964656,30349.87943,752.361758610865,109.207950052139,"Malawi","Mangochi","TA Jalasi",133,30350.87943,1,"Adults",103506.08693
"273",273,0.0000000000142584220579943,-0.00000000000000000000000000000000000000225644156016735,0.000000000000000000000000000000000000464622672077694,0.00000000000339979666650284,0.0000141364456198726,30328.6833629818,22.1960528818308,30349.87943,752.361758610865,109.207950052139,"Malawi","Mangochi","TA Jalasi",133,30350.87943,1,"Adults",103506.08693
"274",274,0.0000000000142584220579943,-0.00000000000000000000000000000000000000153468756622108,0.000000000000000000000000000000000000315428301196946,0.00000000000299984846678463,0.0000132796948820454,30328.6833636644,22.1960530559618,30349.87943,752.361758610865,109.207950052139,"Malawi","Mangochi","TA Jalasi",133,30350.87943,1,"Adults",103506.08693
"275",275,0.0000000000142584220579943,-0.00000000000000000000000000000000000000104379654566665,0.00000000000000000000000000000000000021414081510244,0.00000000000264694971682731,0.000012474868213473,30328.6833643057,22.1960532195394,30349.87943,752.361758610865,109.20795005214,"Malawi","Mangochi","TA Jalasi",133,30350.87943,1,"Adults",103506.08693
"276",276,0.0000000000142584220579943,-0.000000000000000000000000000000000000000709923800441353,0.00000000000000000000000000000000000014537736088072,0.00000000000233556557305771,0.0000117188187144501,30328.6833649081,22.1960533732033,30349.87943,752.361758610865,109.20795005214,"Malawi","Mangochi","TA Jalasi",133,30350.87943,1,"Adults",103506.08693
"277",277,0.0000000000142584220579943,-0.000000000000000000000000000000000000000482844865763412,0.0000000000000000000000000000000000000986944291126141,0.00000000000206081230458383,0.000011008590205598,30328.6833654739,22.1960535175543,30349.87943,752.361758610865,109.20795005214,"Malawi","Mangochi","TA Jalasi",133,30350.87943,1,"Adults",103506.08693
"278",278,0.0000000000142584220579943,-0.000000000000000000000000000000000000000328400265297325,0.000000000000000000000000000000000000067001885057526,0.00000000000181838069704206,0.0000103414056691148,30328.6833660055,22.1960536531567,30349.87943,752.361758610865,109.20795005214,"Malawi","Mangochi","TA Jalasi",133,30350.87943,1,"Adults",103506.08693
"279",279,0.0000000000142584220579943,-0.000000000000000000000000000000000000000223356903803526,0.0000000000000000000000000000000000000454862277699635,0.0000000000016044684671285,0.00000971465639055164,30328.6833665049,22.1960537805409,30349.87943,752.361758610865,109.20795005214,"Malawi","Mangochi","TA Jalasi",133,30350.87943,1,"Adults",103506.08693
"280",280,0.0000000000142584220579943,-0.00000000000000000000000000000000000000015191311258686,0.0000000000000000000000000000000000000308795764305734,0.00000000000141572062780764,0.0000091258917586594,30328.683366974,22.1960539002048,30349.87943,752.361758610865,109.20795005214,"Malawi","Mangochi","TA Jalasi",133,30350.87943,1,"Adults",103506.08693
"281",281,0.0000000000142584220579943,-0.000000000000000000000000000000000000000103321604943078,0.0000000000000000000000000000000000000209633774745651,0.00000000000124917686888984,0.00000857280968342307,30328.6833674146,22.1960540126164,30349.87943,752.361758610865,109.20795005214,"Malawi","Mangochi","TA Jalasi",133,30350.87943,1,"Adults",103506.08693
"282",282,0.0000000000142584220579943,-0.0000000000000000000000000000000000000000702727622801552,0.0000000000000000000000000000000000000142314671905877,0.00000000000110222512769761,0.00000805324759481789,30328.6833678286,22.1960541182153,30349.87943,752.361758610865,109.20795005214,"Malawi","Mangochi","TA Jalasi",133,30350.87943,1,"Adults",103506.08693
"283",283,0.0000000000142584220579943,-0.0000000000000000000000000000000000000000477950484915464,0.00000000000000000000000000000000000000966132281015733,0.000000000000972560621625757,0.00000756517398709259,30328.6833682175,22.1960542174142,30349.87943,752.361758610865,109.20795005214,"Malawi","Mangochi","TA Jalasi",133,30350.87943,1,"Adults",103506.08693
"284",284,0.0000000000142584220579943,-0.0000000000000000000000000000000000000000325071419734572,0.00000000000000000000000000000000000000655876395060193,0.000000000000858149700064334,0.00000710668047551746,30328.6833685828,22.196054310601,30349.87943,752.361758610865,109.20795005214,"Malawi","Mangochi","TA Jalasi",133,30350.87943,1,"Adults",103506.08693
"285",285,0.0000000000142584220579943,-0.000000000000000000000000000000000000000022109283547844,0.00000000000000000000000000000000000000445252014768548,0.00000000000075719794874019,0.00000667597433453915,30328.683368926,22.1960543981402,30349.87943,752.361758610865,109.20795005214,"Malawi","Mangochi","TA Jalasi",133,30350.87943,1,"Adults",103506.08693
"286",286,0.0000000000142584220579943,-0.0000000000000000000000000000000000000000150373237794372,0.00000000000000000000000000000000000000302265280218965,0.000000000000668122046227328,0.00000627137148816605,30328.6833692483,22.1960544803741,30349.87943,752.361758610865,109.20795005214,"Malawi","Mangochi","TA Jalasi",133,30350.87943,1,"Adults",103506.08693
"287",287,0.0000000000142584220579943,-0.0000000000000000000000000000000000000000102274280375621,0.00000000000000000000000000000000000000205196103366603,0.000000000000589524931225292,0.00000589128992517668,30328.6833695512,22.1960545576241,30349.87943,752.361758610865,109.20795005214,"Malawi","Mangochi","TA Jalasi",133,30350.87943,1,"Adults",103506.08693
"288",288,0.0000000000142584220579943,-0.00000000000000000000000000000000000000000695604389436286,0.00000000000000000000000000000000000000139299135625417,0.000000000000520173891130565,0.00000553424351340429,30328.6833698356,22.1960546301922,30349.87943,752.361758610865,109.20795005214,"Malawi","Mangochi","TA Jalasi",133,30350.87943,1,"Adults",103506.08693
"289",289,0.0000000000142584220579943,-0.00000000000000000000000000000000000000000473105716144812,0.000000000000000000000000000000000000000945640786548254,0.000000000000458981228243439,0.00000519883618891143,30328.6833701029,22.1960546983624,30349.87943,752.361758610865,109.20795005214,"Malawi","Mangochi","TA Jalasi",133,30350.87943,1,"Adults",103506.08693
"290",290,0.0000000000142584220579943,-0.00000000000000000000000000000000000000000321776317182657,0.000000000000000000000000000000000000000641951806759656,0.000000000000404987200380225,0.00000488375649733399,30328.6833703539,22.196054762401,30349.87943,752.361758610865,109.20795005214,"Malawi","Mangochi","TA Jalasi",133,30350.87943,1,"Adults",103506.08693
"291",291,0.0000000000142584220579943,-0.00000000000000000000000000000000000000000218851716997523,0.000000000000000000000000000000000000000435789844723982,0.000000000000357344968332389,0.00000458777246605126,30328.6833705897,22.1960548225585,30349.87943,752.361758610865,109.20795005214,"Malawi","Mangochi","TA Jalasi",133,30350.87943,1,"Adults",103506.08693
"292",292,0.0000000000142584220579943,-0.00000000000000000000000000000000000000000148848972019207,0.000000000000000000000000000000000000000295835460630781,0.000000000000315307314089404,0.00000430972678713202,30328.6833708113,22.1960548790701,30349.87943,752.361758610865,109.20795005214,"Malawi","Mangochi","TA Jalasi",133,30350.87943,1,"Adults",103506.08693
"293",293,0.0000000000142584220579943,-0.00000000000000000000000000000000000000000101237572065407,0.000000000000000000000000000000000000000200826857544468,0.000000000000278214921514716,0.00000404853229222194,30328.6833710194,22.1960549321568,30349.87943,752.361758610865,109.20795005214,"Malawi","Mangochi","TA Jalasi",133,30350.87943,1,"Adults",103506.08693
"294",294,0.0000000000142584220579943,-0.000000000000000000000000000000000000000000688553361079049,0.000000000000000000000000000000000000000136330110829834,0.000000000000245486035669607,0.00000380316770167884,30328.6833712149,22.1960549820261,30349.87943,752.361758610865,109.20795005214,"Malawi","Mangochi","TA Jalasi",133,30350.87943,1,"Adults",103506.08693
"295",295,0.0000000000142584220579943,-0.000000000000000000000000000000000000000000468310056613125,0.0000000000000000000000000000000000000000925465448437519,0.000000000000216607338602405,0.00000357267363133498,30328.6833713985,22.1960550288731,30349.87943,752.361758610865,109.20795005214,"Malawi","Mangochi","TA Jalasi",133,30350.87943,1,"Adults",103506.08693
"296",296,0.0000000000142584220579943,-0.000000000000000000000000000000000000000000318514615601177,0.0000000000000000000000000000000000000000628242121955984,0.00000000000019112589849943,0.00000335614884127255,30328.683371571,22.1960550728808,30349.87943,752.361758610865,109.20795005214,"Malawi","Mangochi","TA Jalasi",133,30350.87943,1,"Adults",103506.08693
"297",297,0.0000000000142584220579943,-0.000000000000000000000000000000000000000000216633315725219,0.0000000000000000000000000000000000000000426473752707387,0.000000000000168642065928643,0.00000315274671194511,30328.6833717331,22.1960551142214,30349.87943,752.361758610865,109.20795005214,"Malawi","Mangochi","TA Jalasi",133,30350.87943,1,"Adults",103506.08693
"298",298,0.0000000000142584220579943,-0.000000000000000000000000000000000000000000147340157039657,0.0000000000000000000000000000000000000000289504935764382,0.000000000000148803205761073,0.00000296167193386634,30328.6833718853,22.1960551530566,30349.87943,752.361758610865,109.20795005214,"Malawi","Mangochi","TA Jalasi",133,30350.87943,1,"Adults",103506.08693
"299",299,0.0000000000142584220579943,-0.000000000000000000000000000000000000000000100211372400389,0.0000000000000000000000000000000000000000196525106050676,0.000000000000131298166461868,0.00000278217739792293,30328.6833720284,22.1960551895381,30349.87943,752.361758610865,109.20795005214,"Malawi","Mangochi","TA Jalasi",133,30350.87943,1,"Adults",103506.08693
"300",300,0.0000000000142584220579943,-0.0000000000000000000000000000000000000000000681573805820405,0.0000000000000000000000000000000000000000133406964432498,0.000000000000115852400007622,0.00000261356127415238,30328.6833721627,22.1960552238086,30349.87943,752.361758610865,109.20795005214,"Malawi","Mangochi","TA Jalasi",133,30350.87943,1,"Adults",103506.08693
"301",301,0.0000000000142584220579943,-0.000000000000000000000000000000000000000000046356300852209,0.00000000000000000000000000000000000000000905601962707813,0.000000000000102223655891067,0.00000245516426756382,30328.6833722889,22.1960552560021,30349.87943,752.361758610865,109.20795005214,"Malawi","Mangochi","TA Jalasi",133,30350.87943,1,"Adults",103506.08693
"302",302,0.0000000000142584220579943,-0.0000000000000000000000000000000000000000000315285976419519,0.00000000000000000000000000000000000000000614744414635635,0.0000000000000901981816781343,0.00000230636704027197,30328.6833724075,22.1960552862445,30349.87943,752.361758610865,109.20795005214,"Malawi","Mangochi","TA Jalasi",133,30350.87943,1,"Adults",103506.08693
"303",303,0.0000000000142584220579943,-0.0000000000000000000000000000000000000000000214437401387419,0.0000000000000000000000000000000000000000041730174949897,0.0000000000000795873705271447,0.00000216658778986471,30328.6833725188,22.1960553146541,30349.87943,752.361758610865,109.20795005214,"Malawi","Mangochi","TA Jalasi",133,30350.87943,1,"Adults",103506.08693
"304",304,0.0000000000142584220579943,-0.0000000000000000000000000000000000000000000145846636237966,0.00000000000000000000000000000000000000000283272353269663,0.0000000000000702248030900221,0.00000203527997453556,30328.6833726235,22.1960553413418,30349.87943,752.361758610865,109.20795005214,"Malawi","Mangochi","TA Jalasi",133,30350.87943,1,"Adults",103506.08693
"305",305,0.0000000000142584220579943,-0.00000000000000000000000000000000000000000000991955748591618,0.0000000000000000000000000000000000000000019228992950444,0.0000000000000619636374008662,0.00000191193017608638,30328.6833727217,22.1960553664122,30349.87943,752.361758610865,109.20795005214,"Malawi","Mangochi","TA Jalasi",133,30350.87943,1,"Adults",103506.08693
"306",306,0.0000000000142584220579943,-0.00000000000000000000000000000000000000000000674664999169742,0.00000000000000000000000000000000000000000130529071402311,0.0000000000000546743058150569,0.00000179605609244443,30328.6833728141,22.1960553899631,30349.87943,752.361758610865,109.20795005214,"Malawi","Mangochi","TA Jalasi",133,30350.87943,1,"Adults",103506.08693
"307",307,0.0000000000142584220579943,-0.00000000000000000000000000000000000000000000458864079119426,0.000000000000000000000000000000000000000000886046080153576,0.0000000000000482424828778141,0.00000168720465184453,30328.6833729008,22.1960554120867,30349.87943,752.361758610865,109.20795005214,"Malawi","Mangochi","TA Jalasi",133,30350.87943,1,"Adults",103506.08693
"308",308,0.0000000000142584220579943,-0.00000000000000000000000000000000000000000000312090064499028,0.000000000000000000000000000000000000000000601455796023217,0.0000000000000425672922503801,0.00000158495024130277,30328.6833729823,22.1960554328695,30349.87943,752.361758610865,109.20795005214,"Malawi","Mangochi","TA Jalasi",133,30350.87943,1,"Adults",103506.08693
"309",309,0.0000000000142584220579943,-0.00000000000000000000000000000000000000000000212263746044194,0.000000000000000000000000000000000000000000408271871197113,0.0000000000000375597245713604,0.00000148889304245489,30328.6833730588,22.1960554523927,30349.87943,752.361758610865,109.20795005214,"Malawi","Mangochi","TA Jalasi",133,30350.87943,1,"Adults",103506.08693
"310",310,0.0000000000142584220579943,-0.00000000000000000000000000000000000000000000144368254583942,0.000000000000000000000000000000000000000000277136378010347,0.0000000000000331412414390502,0.00000139865746825259,30328.6833731307,22.1960554707327,30349.87943,752.361758610865,109.20795005214,"Malawi","Mangochi","TA Jalasi",133,30350.87943,1,"Adults",103506.08693
"311",311,0.0000000000142584220579943,-0.000000000000000000000000000000000000000000000981900740000828,0.000000000000000000000000000000000000000000188120420228654,0.0000000000000292425436196865,0.00000131389069440507,30328.6833731982,22.1960554879612,30349.87943,752.361758610865,109.20795005214,"Malawi","Mangochi","TA Jalasi",133,30350.87943,1,"Adults",103506.08693
"312",312,0.0000000000142584220579943,-0.000000000000000000000000000000000000000000000667826223980285,0.000000000000000000000000000000000000000000127695814665509,0.0000000000000258024841622763,0.00000123426127982374,30328.6833732617,22.1960555041455,30349.87943,752.361758610865,109.20795005214,"Malawi","Mangochi","TA Jalasi",133,30350.87943,1,"Adults",103506.08693
"313",313,0.0000000000142584220579943,-0.00000000000000000000000000000000000000000000045421278064766,0.0000000000000000000000000000000000000000000866793605671091,0.0000000000000227671093733554,0.00000115945787067595,30328.6833733213,22.196055519349,30349.87943,752.361758610865,109.20795005214,"Malawi","Mangochi","TA Jalasi",133,30350.87943,1,"Adults",103506.08693
"314",314,0.0000000000142584220579943,-0.000000000000000000000000000000000000000000000308926548098196,0.0000000000000000000000000000000000000000000588373414127159,0.0000000000000200888126103824,0.00000108918798298066,30328.6833733773,22.196055533631,30349.87943,752.361758610865,109.20795005214,"Malawi","Mangochi","TA Jalasi",133,30350.87943,1,"Adults",103506.08693
"315",315,0.0000000000142584220579943,-0.000000000000000000000000000000000000000000000210112124066141,0.0000000000000000000000000000000000000000000399382178909499,0.0000000000000177255876219117,0.00000102317685898576,30328.6833734299,22.1960555470475,30349.87943,752.361758610865,109.20795005214,"Malawi","Mangochi","TA Jalasi",133,30350.87943,1,"Adults",103506.08693
"316",316,0.0000000000142584220579943,-0.000000000000000000000000000000000000000000000142904858618863,0.0000000000000000000000000000000000000000000271095691853965,0.0000000000000156403697239769,0.000000961166392855717,30328.6833734793,22.1960555596509,30349.87943,752.361758610865,109.20795005214,"Malawi","Mangochi","TA Jalasi",133,30350.87943,1,"Adults",103506.08693
"317",317,0.0000000000142584220579943,-0.0000000000000000000000000000000000000000000000971947654503217,0.0000000000000000000000000000000000000000000184015682107089,0.0000000000000138004544797319,0.000000902914121468611,30328.6833735257,22.1960555714904,30349.87943,752.361758610865,109.20795005214,"Malawi","Mangochi","TA Jalasi",133,30350.87943,1,"Adults",103506.08693
"318",318,0.0000000000142584220579943,-0.000000000000000000000000000000000000000000000066105677037465,0.0000000000000000000000000000000000000000000124906585008555,0.0000000000000121769847649565,0.000000848192276376873,30328.6833735693,22.1960555826124,30349.87943,752.361758610865,109.20795005214,"Malawi","Mangochi","TA Jalasi",133,30350.87943,1,"Adults",103506.08693
"319",319,0.0000000000142584220579943,-0.0000000000000000000000000000000000000000000000449608630293497,0.00000000000000000000000000000000000000000000847840397598281,0.0000000000000107444981745893,0.000000796786893224624,30328.6833736102,22.1960555930603,30349.87943,752.361758610865,109.20795005214,"Malawi","Mangochi","TA Jalasi",133,30350.87943,1,"Adults",103506.08693
"320",320,0.0000000000142584220579943,-0.000000000000000000000000000000000000000000000030579509883823,0.00000000000000000000000000000000000000000000575494453290807,0.00000000000000948052767184071,0.000000748496975139522,30328.6833736487,22.1960556028751,30349.87943,752.361758610865,109.20795005214,"Malawi","Mangochi","TA Jalasi",133,30350.87943,1,"Adults",103506.08693
"321",321,0.0000000000142584220579943,-0.0000000000000000000000000000000000000000000000207982312110961,0.00000000000000000000000000000000000000000000390630758447886,0.00000000000000836524921648777,0.000000703133706827917,30328.6833736848,22.196055612095,30349.87943,752.361758610865,109.20795005214,"Malawi","Mangochi","TA Jalasi",133,30350.87943,1,"Adults",103506.08693
"322",322,0.0000000000142584220579943,-0.0000000000000000000000000000000000000000000000141456296439549,0.00000000000000000000000000000000000000000000265148993464319,0.00000000000000738117084577453,0.000000660519716300403,30328.6833737188,22.1960556207561,30349.87943,752.361758610865,109.20795005214,"Malawi","Mangochi","TA Jalasi",133,30350.87943,1,"Adults",103506.08693
"323",323,0.0000000000142584220579943,-0.00000000000000000000000000000000000000000000000962095458950292,0.0000000000000000000000000000000000000000000017997483044328,0.00000000000000651285833148035,0.000000620488381341084,30328.6833737507,22.1960556288923,30349.87943,752.361758610865,109.20795005214,"Malawi","Mangochi","TA Jalasi",133,30350.87943,1,"Adults",103506.08693
"324",324,0.0000000000142584220579943,-0.00000000000000000000000000000000000000000000000654355935671163,0.00000000000000000000000000000000000000000000122160780982198,0.00000000000000574669311037767,0.000000582883178008837,30328.6833737807,22.1960556365354,30349.87943,752.361758610865,109.20795005214,"Malawi","Mangochi","TA Jalasi",133,30350.87943,1,"Adults",103506.08693
"325",325,0.0000000000142584220579943,-0.00000000000000000000000000000000000000000000000445051150137703,0.000000000000000000000000000000000000000000000829182367062328,0.00000000000000507065869147439,0.00000054755706862318,30328.6833738088,22.1960556437153,30349.87943,752.361758610865,109.20795005214,"Malawi","Mangochi","TA Jalasi",133,30350.87943,1,"Adults",103506.08693
"326",326,0.0000000000142584220579943,-0.00000000000000000000000000000000000000000000000302695391668965,0.000000000000000000000000000000000000000000000562816133748849,0.00000000000000447415219006448,0.000000514371926841747,30328.6833738352,22.19605565046,30349.87943,752.361758610865,109.20795005214,"Malawi","Mangochi","TA Jalasi",133,30350.87943,1,"Adults",103506.08693
"327",327,0.0000000000142584220579943,-0.00000000000000000000000000000000000000000000000205874089100275,0.000000000000000000000000000000000000000000000382015720026495,0.00000000000000394781803269788,0.000000483197997581415,30328.6833738601,22.196055656796,30349.87943,752.361758610865,109.20795005214,"Malawi","Mangochi","TA Jalasi",133,30350.87943,1,"Adults",103506.08693
"328",328,0.0000000000142584220579943,-0.00000000000000000000000000000000000000000000000140022417682595,0.000000000000000000000000000000000000000000000259294998096409,0.0000000000000034834012249078,0.000000453913389671339,30328.6833738834,22.1960556627479,30349.87943,752.361758610865,109.20795005214,"Malawi","Mangochi","TA Jalasi",133,30350.87943,1,"Adults",103506.08693
"329",329,0.0000000000142584220579943,-0.000000000000000000000000000000000000000000000000952343130666125,0.00000000000000000000000000000000000000000000017599699182109,0.00000000000000307361788035527,0.000000426403599254172,30328.6833739053,22.1960556683392,30349.87943,752.361758610865,109.20795005214,"Malawi","Mangochi","TA Jalasi",133,30350.87943,1,"Adults",103506.08693
"330",330,0.0000000000142584220579943,-0.000000000000000000000000000000000000000000000000647723024310917,0.000000000000000000000000000000000000000000000119457808806658,0.00000000000000271204098077725,0.000000400561062071925,30328.6833739259,22.1960556735916,30349.87943,752.361758610865,109.20795005214,"Malawi","Mangochi","TA Jalasi",133,30350.87943,1,"Adults",103506.08693
"331",331,0.0000000000142584220579943,-0.000000000000000000000000000000000000000000000000440539867105496,0.0000000000000000000000000000000000000000000000810815477335021,0.00000000000000239299957500412,0.00000037628473288592,30328.6833739453,22.1960556785256,30349.87943,752.361758610865,109.20795005214,"Malawi","Mangochi","TA Jalasi",133,30350.87943,1,"Adults",103506.08693
"332",332,0.0000000000142584220579943,-0.000000000000000000000000000000000000000000000000299627104835124,0.0000000000000000000000000000000000000000000000550335711188988,0.0000000000000021114898360897,0.000000353479690386327,30328.6833739634,22.1960556831607,30349.87943,752.361758610865,109.20795005214,"Malawi","Mangochi","TA Jalasi",133,30350.87943,1,"Adults",103506.08693
"333",333,0.0000000000142584220579943,-0.000000000000000000000000000000000000000000000000203787236196674,0.0000000000000000000000000000000000000000000000373535197963986,0.00000000000000186309658157897,0.000000332056766046484,30328.6833739805,22.1960556875148,30349.87943,752.361758610865,109.20795005214,"Malawi","Mangochi","TA Jalasi",133,30350.87943,1,"Adults",103506.08693
"334",334,0.0000000000142584220579943,-0.00000000000000000000000000000000000000000000000013860307350876,0.0000000000000000000000000000000000000000000000253532437393789,0.00000000000000164392402604195,0.000000311932195470796,30328.6833739965,22.196055691605,30349.87943,752.361758610865,109.20795005214,"Malawi","Mangochi","TA Jalasi",133,30350.87943,1,"Adults",103506.08693
"335",335,0.0000000000142584220579943,-0.0000000000000000000000000000000000000000000000000942689657341186,0.0000000000000000000000000000000000000000000000172081303966922,0.00000000000000145053467980046,0.000000293027290872988,30328.6833740116,22.1960556954474,30349.87943,752.361758610865,109.20795005214,"Malawi","Mangochi","TA Jalasi",133,30350.87943,1,"Adults",103506.08693
"336",336,0.0000000000142584220579943,-0.0000000000000000000000000000000000000000000000000641157347785573,0.0000000000000000000000000000000000000000000000116797082277948,0.0000000000000012798954355389,0.000000275268133404067,30328.6833740257,22.1960556990568,30349.87943,752.361758610865,109.20795005214,"Malawi","Mangochi","TA Jalasi",133,30350.87943,1,"Adults",103506.08693
"337",337,0.0000000000142584220579943,-0.000000000000000000000000000000000000000000000000043607431291744,0.00000000000000000000000000000000000000000000000792735743195756,0.00000000000000112932999722465,0.000000258585284127004,30328.683374039,22.1960557024476,30349.87943,752.361758610865,109.20795005214,"Malawi","Mangochi","TA Jalasi",133,30350.87943,1,"Adults",103506.08693
"338",338,0.0000000000142584220579943,-0.0000000000000000000000000000000000000000000000000296589919842916,0.00000000000000000000000000000000000000000000000538050476318823,0.000000000000000996476905235951,0.000000242913512508029,30328.6833740515,22.1960557056328,30349.87943,752.361758610865,109.20795005214,"Malawi","Mangochi","TA Jalasi",133,30350.87943,1,"Adults",103506.08693
"339",339,0.0000000000142584220579943,-0.0000000000000000000000000000000000000000000000000201721536781009,0.00000000000000000000000000000000000000000000000365187350388951,0.000000000000000879252499365867,0.000000228191541362931,30328.6833740633,22.196055708625,30349.87943,752.361758610865,109.20795005214,"Malawi","Mangochi","TA Jalasi",133,30350.87943,1,"Adults",103506.08693
"340",340,0.0000000000142584220579943,-0.0000000000000000000000000000000000000000000000000137198116587523,0.00000000000000000000000000000000000000000000000247860059188326,0.00000000000000077581823881615,0.000000214361807261095,30328.6833740743,22.1960557114358,30349.87943,752.361758610865,109.20795005214,"Malawi","Mangochi","TA Jalasi",133,30350.87943,1,"Adults",103506.08693
"341",341,0.0000000000142584220579943,-0.00000000000000000000000000000000000000000000000000933134036927278,0.0000000000000000000000000000000000000000000000016822691561357,0.000000000000000684551866629768,0.000000201370235450446,30328.6833740846,22.1960557140763,30349.87943,752.361758610865,109.20795005214,"Malawi","Mangochi","TA Jalasi",133,30350.87943,1,"Adults",103506.08693
"342",342,0.0000000000142584220579943,-0.00000000000000000000000000000000000000000000000000634658224565888,0.0000000000000000000000000000000000000000000000011417802267529,0.000000000000000604021966306658,0.000000189166028423247,30328.6833740943,22.1960557165567,30349.87943,752.361758610865,109.20795005214,"Malawi","Mangochi","TA Jalasi",133,30350.87943,1,"Adults",103506.08693
"343",343,0.0000000000142584220579943,-0.00000000000000000000000000000000000000000000000000431654024040837,0.000000000000000000000000000000000000000000000000774939230302087,0.000000000000000532965511550175,0.000000177701467296045,30328.6833741035,22.1960557188869,30349.87943,752.361758610865,109.20795005214,"Malawi","Mangochi","TA Jalasi",133,30350.87943,1,"Adults",103506.08693
"344",344,0.0000000000142584220579943,-0.00000000000000000000000000000000000000000000000000293583521426982,0.000000000000000000000000000000000000000000000000525957754437863,0.000000000000000470268057035741,0.000000166931725227145,30328.6833741121,22.1960557210758,30349.87943,752.361758610865,109.20795005214,"Malawi","Mangochi","TA Jalasi",133,30350.87943,1,"Adults",103506.08693
"345",345,0.0000000000142584220579943,-0.00000000000000000000000000000000000000000000000000199676776429898,0.000000000000000000000000000000000000000000000000356970358948921,0.000000000000000414946259514864,0.000000156814692142059,30328.6833741201,22.196055723132,30349.87943,752.361758610865,109.20795005214,"Malawi","Mangochi","TA Jalasi",133,30350.87943,1,"Adults",103506.08693
"346",346,0.0000000000142584220579943,-0.00000000000000000000000000000000000000000000000000135807401081782,0.000000000000000000000000000000000000000000000000242276627302336,0.000000000000000366132455116531,0.000000147310810081629,30328.6833741277,22.1960557250636,30349.87943,752.361758610865,109.20795005214,"Malawi","Mangochi","TA Jalasi",133,30350.87943,1,"Adults",103506.08693
"347",347,0.0000000000142584220579943,-0.000000000000000000000000000000000000000000000000000923675277533509,0.000000000000000000000000000000000000000000000000164432986365686,0.000000000000000323061050957266,0.000000138382918528997,30328.6833741348,22.1960557268782,30349.87943,752.361758610865,109.20795005214,"Malawi","Mangochi","TA Jalasi",133,30350.87943,1,"Adults",103506.08693
"348",348,0.0000000000142584220579943,-0.000000000000000000000000000000000000000000000000000628224980030977,0.000000000000000000000000000000000000000000000000111600058669649,0.000000000000000285056517626648,0.000000129996109110666,30328.6833741415,22.1960557285828,30349.87943,752.361758610865,109.20795005214,"Malawi","Mangochi","TA Jalasi",133,30350.87943,1,"Adults",103506.08693
"349",349,0.0000000000142584220579943,-0.00000000000000000000000000000000000000000000000000042727854164161,0.0000000000000000000000000000000000000000000000000757422054567753,0.000000000000000251522794223127,0.000000122117589103521,30328.6833741478,22.196055730184,30349.87943,752.361758610865,109.20795005214,"Malawi","Mangochi","TA Jalasi",133,30350.87943,1,"Adults",103506.08693
"350",350,0.0000000000142584220579943,-0.000000000000000000000000000000000000000000000000000290607597517662,0.0000000000000000000000000000000000000000000000000514054905014621,0.000000000000000221933939769337,0.000000114716553214113,30328.6833741537,22.1960557316883,30349.87943,752.361758610865,109.20795005214,"Malawi","Mangochi","TA Jalasi",133,30350.87943,1,"Adults",103506.08693
"351",351,0.0000000000142584220579943,-0.000000000000000000000000000000000000000000000000000197652742893475,0.000000000000000000000000000000000000000000000000034888242852281,0.000000000000000195825884384243,0.000000107764063128871,30328.6833741592,22.1960557331013,30349.87943,752.361758610865,109.20795005214,"Malawi","Mangochi","TA Jalasi",133,30350.87943,1,"Adults",103506.08693
"352",352,0.0000000000142584220579943,-0.000000000000000000000000000000000000000000000000000134430782632723,0.0000000000000000000000000000000000000000000000000236780921353072,0.000000000000000172789150837978,0.000000101232934364268,30328.6833741644,22.1960557344288,30349.87943,752.361758610865,109.20795005214,"Malawi","Mangochi","TA Jalasi",133,30350.87943,1,"Adults",103506.08693
"353",353,0.0000000000142584220579943,-0.0000000000000000000000000000000000000000000000000000914312397323343,0.0000000000000000000000000000000000000000000000000160698686566834,0.000000000000000152462432334671,0.0000000950976299745198,30328.6833741693,22.1960557356757,30349.87943,752.361758610865,109.20795005214,"Malawi","Mangochi","TA Jalasi",133,30350.87943,1,"Adults",103506.08693
"354",354,0.0000000000142584220579943,-0.0000000000000000000000000000000000000000000000000000621856946398284,0.0000000000000000000000000000000000000000000000000109062626233336,0.000000000000000134526925797559,0.0000000893341607012262,30328.6833741739,22.1960557368471,30349.87943,752.361758610865,109.20795005214,"Malawi","Mangochi","TA Jalasi",133,30350.87943,1,"Adults",103506.08693
"355",355,0.0000000000142584220579943,-0.0000000000000000000000000000000000000000000000000000422947411536678,0.00000000000000000000000000000000000000000000000000740180381548077,0.00000000000000011870133177999,0.0000000839199911745131,30328.6833741782,22.1960557379475,30349.87943,752.361758610865,109.20795005214,"Malawi","Mangochi","TA Jalasi",133,30350.87943,1,"Adults",103506.08693
"356",356,0.0000000000142584220579943,-0.0000000000000000000000000000000000000000000000000000287661839208607,0.00000000000000000000000000000000000000000000000000502339321268727,0.000000000000000104737442581171,0.0000000788339517989376,30328.6833741823,22.1960557389813,30349.87943,752.361758610865,109.20795005214,"Malawi","Mangochi","TA Jalasi",133,30350.87943,1,"Adults",103506.08693
"357",357,0.0000000000142584220579943,-0.0000000000000000000000000000000000000000000000000000195649226073354,0.00000000000000000000000000000000000000000000000000340921786936778,0.0000000000000000924162493709554,0.0000000740561559796168,30328.6833741861,22.1960557399523,30349.87943,752.361758610865,109.20795005214,"Malawi","Mangochi","TA Jalasi",133,30350.87943,1,"Adults",103506.08693
"358",358,0.0000000000142584220579943,-0.0000000000000000000000000000000000000000000000000000133068118344832,0.00000000000000000000000000000000000000000000000000231371736559523,0.0000000000000000815445072680246,0.0000000695679223649352,30328.6833741896,22.1960557408645,30349.87943,752.361758610865,109.20795005214,"Malawi","Mangochi","TA Jalasi",133,30350.87943,1,"Adults",103506.08693
"359",359,0.0000000000142584220579943,-0.00000000000000000000000000000000000000000000000000000898201258718875,0.00000000000000000000000000000000000000000000000000155814283596885,0.0000000000000000719351227373585,0.0000000653498533622844,30328.683374193,22.1960557417218,30349.87943,752.361758610865,109.20795005214,"Malawi","Mangochi","TA Jalasi",133,30350.87943,1,"Adults",103506.08693
"360",360,0.0000000000142584220579943,-0.0000000000000000000000000000000000000000000000000000059988494920844,0.00000000000000000000000000000000000000000000000000103798718571725,0.0000000000000000634448646805777,0.0000000613860757582731,30328.6833741961,22.1960557425275,30349.87943,752.361758610865,109.20795005214,"Malawi","Mangochi","TA Jalasi",133,30350.87943,1,"Adults",103506.08693
"361",361,0.0000000000142584220579943,-0.00000000000000000000000000000000000000000000000000000385979189664607,0.000000000000000000000000000000000000000000000000000665751340713592,0.0000000000000000558062675800757,0.0000000576259395631233,30328.6833741991,22.1960557432917,30349.87943,752.361758610865,109.20795005214,"Malawi","Mangochi","TA Jalasi",133,30350.87943,1,"Adults",103506.08693
"362",362,0.0000000000142584220579943,-0.00000000000000000000000000000000000000000000000000000278762748089934,0.000000000000000000000000000000000000000000000000000480046071770678,0.0000000000000000496055711822895,0.000000054236178413213,30328.6833742018,22.1960557439806,30349.87943,752.361758610865,109.20795005214,"Malawi","Mangochi","TA Jalasi",133,30350.87943,1,"Adults",103506.08693
"363",363,0.0000000000142584220579943,-0.00000000000000000000000000000000000000000000000000000201328651397441,0.000000000000000000000000000000000000000000000000000346140694469386,0.000000000000000044093841050924,0.0000000510458149779196,30328.6833742044,22.1960557446291,30349.87943,752.361758610865,109.20795005214,"Malawi","Mangochi","TA Jalasi",133,30350.87943,1,"Adults",103506.08693
"364",364,0.0000000000142584220579943,-0.00000000000000000000000000000000000000000000000000000145404026008654,0.000000000000000000000000000000000000000000000000000249586601488977,0.0000000000000000391945253785991,0.0000000480431199799113,30328.6833742068,22.1960557452393,30349.87943,752.361758610865,109.20795005214,"Malawi","Mangochi","TA Jalasi",133,30350.87943,1,"Adults",103506.08693
"365",365,0.0000000000142584220579943,-0.00000000000000000000000000000000000000000000000000000105014018783588,0.000000000000000000000000000000000000000000000000000179965284356529,0.0000000000000000348395781143103,0.0000000452170540993571,30328.683374209,22.1960557458137,30349.87943,752.361758610865,109.20795005214,"Malawi","Mangochi","TA Jalasi",133,30350.87943,1,"Adults",103506.08693
