"","time","S","E","I","H","C","R","D","inci","hosp","crits","lvl2","lvl3","lvl4","ID","POP","age","tot_pop","start"
"1",1,6365.324441,0,1,0,0,0,0,0,0,0,"Malawi","Blantyre","TA Makata",176,6366.324441,"Adults",19610.981268,53
"2",2,6363.6926139342,1.35170412649623,0.926812837951032,0.00839598900255407,7.83374298025014e-05,0.344835437310553,3.37606908463439e-07,1.63182706579708,0.0089382233718206,8.00132205317713e-05,"Malawi","Blantyre","TA Makata",176,6366.324441,"Adults",19610.981268,53
"3",3,6361.80215609838,2.50505653836639,1.25449820922587,0.0171773263543089,0.000299899339418613,0.745250364043024,2.56429522086098e-06,3.52228490162423,0.0192959455818413,0.000312627817570283,"Malawi","Blantyre","TA Makata",176,6366.324441,"Adults",19610.981268,53
"4",4,6359.05524153465,4.01577573767605,1.89557217914865,0.0293726531849681,0.00069202321018775,1.32777827256183,8.59956287801182e-06,6.26919946534457,0.0343516372729639,0.000734709148731883,"Malawi","Blantyre","TA Makata",176,6366.324441,"Adults",19610.981268,53
"5",5,6354.84253634942,6.27945630353462,2.93141097703031,0.0477364229631069,0.00132961856890316,2.22195031391113,2.1014568473505e-05,10.4819046505765,0.0574538888680609,0.00143392928691478,"Malawi","Blantyre","TA Makata",176,6366.324441,"Adults",19610.981268,53
"6",6,6348.31436289974,9.76993916933079,4.55279633967551,0.0759628273420099,0.00233940246847446,3.60899672648125,4.36349624811807e-05,17.0100781002605,0.0932843176663818,0.00255599479453439,"Malawi","Blantyre","TA Makata",176,6366.324441,"Adults",19610.981268,53
"7",7,6338.18490859969,15.177473888636,7.07421723297462,0.119607165584052,0.00392184215923492,5.76422995584537,8.23151107843595e-05,27.1395324003101,0.148953682121686,0.00433043243411725,"Malawi","Blantyre","TA Makata",176,6366.324441,"Adults",19610.981268,53
"8",8,6321.87060965385,24.067667463404,11.0692935100694,0.187479212923794,0.00639084305994031,9.1228542238967,0.000146092792978388,43.4538313461468,0.235703050094226,0.00711600875397359,"Malawi","Blantyre","TA Makata",176,6366.324441,"Adults",19610.981268,53
"9",9,6296.34215073714,37.8792719317698,17.4026542307719,0.294077814713986,0.0102470844853395,14.395790165529,0.000249035590997227,68.9822902628609,0.371897484599938,0.011483230796891,"Malawi","Blantyre","TA Makata",176,6366.324441,"Adults",19610.981268,53
"10",10,6256.42026346497,59.3977235555155,27.3433646201753,0.46172148352556,0.0162863767011882,22.6846682565877,0.000413242520004066,108.904177535025,0.585991925745089,0.0183376024510247,"Malawi","Blantyre","TA Makata",176,6366.324441,"Adults",19610.981268,53
"11",11,6194.27820303224,92.7441748250538,42.8579118888347,0.724782288000098,0.025756418683678,35.6929390725621,0.000673474621720701,171.046237967756,0.921983162267298,0.029099367240669,"Malawi","Blantyre","TA Makata",176,6366.324441,"Adults",19610.981268,53
"12",12,6098.31037791477,143.893402537812,66.9021050487879,1.13594457666752,0.040598402349129,56.0409282589363,0.00108426067455021,267.014063085228,1.44754488509025,0.0459803834074931,"Malawi","Blantyre","TA Makata",176,6366.324441,"Adults",19610.981268,53
"13",13,5951.92761931165,221.079243328232,103.772915238254,1.77472788429312,0.0638058914498072,87.7043985987145,0.00173074740184936,413.396821688346,2.26534762997094,0.0723968603488963,"Malawi","Blantyre","TA Makata",176,6366.324441,"Adults",19610.981268,53
"14",14,5732.84656224006,334.63672598964,159.399734005207,2.75808923521189,0.0999343396646174,136.580650205359,0.0027449848588653,632.47787875994,3.52766180033994,0.11355971302978,"Malawi","Blantyre","TA Makata",176,6366.324441,"Adults",19610.981268,53
"15",15,5402.68696971117,505.043034223167,242.8653807724,4.25616405400292,0.155798604418848,211.312763902787,0.00432973205943694,962.637471288834,5.45762627667448,0.177290240589594,"Malawi","Blantyre","TA Makata",176,6366.324441,"Adults",19610.981268,53
"16",16,4939.33507577898,732.295235350273,363.643684030514,6.51003934782542,0.241491565935548,324.292121913602,0.00679301287420804,1425.98936522102,8.37508698719906,0.27521027166411,"Malawi","Blantyre","TA Makata",176,6366.324441,"Adults",19610.981268,53
"17",17,4327.90217690378,1009.94242818189,527.471127011406,9.80252473993842,0.371242940317652,490.824345782866,0.0105954398015586,2037.42226409622,12.6747798443722,0.423835880055766,"Malawi","Blantyre","TA Makata",176,6366.324441,"Adults",19610.981268,53
"18",18,3588.240269747,1304.24123982385,731.788358354242,14.4025646750107,0.563469812980991,727.072134905992,0.0164036809288781,2777.084171253,18.7728839421363,0.644893313914744,"Malawi","Blantyre","TA Makata",176,6366.324441,"Adults",19610.981268,53
"19",19,2787.25291520234,1553.11343927253,959.022280006034,20.4580006345529,0.839385010046671,1045.61328445488,0.0251364196197866,3578.07152579766,26.9918989738112,0.964155498771539,"Malawi","Blantyre","TA Makata",176,6366.324441,"Adults",19610.981268,53
"20",20,2024.09994486176,1688.38723710503,1175.42840508287,27.8601360670148,1.21943175500373,1449.2913066004,0.0379795279364017,4341.22449613824,37.4015589166578,1.40795201102438,"Malawi","Blantyre","TA Makata",176,6366.324441,"Adults",19610.981268,53
"21",21,1387.0227773629,1674.01823385808,1340.7647446053,36.1625603089783,1.71785296719873,1926.58192845931,0.0563434382347846,4978.3016636371,49.6994191762785,1.99752678038808,"Malawi","Blantyre","TA Makata",176,6366.324441,"Adults",19610.981268,53
"22",22,902.360293067101,1537.16237535548,1427.20998691041,44.646288120571,2.33734868838364,2452.5263990601,0.0817497979525921,5462.9641479329,63.2359777807162,2.74313290101172,"Malawi","Blantyre","TA Makata",176,6366.324441,"Adults",19610.981268,53
"23",23,579.428120423213,1310.66166190301,1425.30314411742,52.5115323618472,3.06659064187205,2995.23772497422,0.115666578416017,5785.89632057679,77.1840580414973,3.64072871469208,"Malawi","Blantyre","TA Makata",176,6366.324441,"Adults",19610.981268,53
"24",24,376.971773016696,1057.65083124585,1345.73651561131,59.0573979358674,3.88124922211796,3522.86733949442,0.159334473741839,5988.35266798331,90.719622567747,4.67214309086289,"Malawi","Blantyre","TA Makata",176,6366.324441,"Adults",19610.981268,53
"25",25,253.620351528901,820.728425961919,1212.72012452334,63.8363022041355,4.7480774856769,4010.45753313113,0.213626164899276,6111.7040894711,103.199135996655,5.80846084186182,"Malawi","Blantyre","TA Makata",176,6366.324441,"Adults",19610.981268,53
"26",26,178.656077626039,619.938475553269,1052.38260831159,66.6908304375846,5.63048883588016,4442.74699141287,0.278968822763758,6186.66836337396,114.231612488301,7.01521573341476,"Malawi","Blantyre","TA Makata",176,6366.324441,"Adults",19610.981268,53
"27",27,132.425707382029,459.802847673164,886.052679701459,67.7017559489118,6.49356542807571,4813.49254992272,0.355334943642841,6232.89873361797,123.660268590098,8.25735339986948,"Malawi","Blantyre","TA Makata",176,6366.324441,"Adults",19610.981268,53
"28",28,103.23014699353,336.887007216797,728.170597855879,67.1035697615734,7.30746698980222,5123.18336548782,0.442286694602135,6262.09429400647,131.502645531799,9.50286028275056,"Malawi","Blantyre","TA Makata",176,6366.324441,"Adults",19610.981268,53
"29",29,84.658889669535,244.537060358858,586.816104345335,65.204652808863,8.04912790742083,5376.5195537274,0.539052182596773,6280.66555133046,137.884847819937,10.7248392970359,"Malawi","Blantyre","TA Makata",176,6366.324441,"Adults",19610.981268,53
"30",30,72.2449938526974,176.636757435114,465.434955372498,62.327911399885,8.70259414214122,5580.33261475092,0.644614046753428,6293.0794471473,142.987442011363,11.9022864956627,"Malawi","Blantyre","TA Makata",176,6366.324441,"Adults",19610.981268,53
"31",31,63.7585687672584,127.20095424637,364.40847191327,58.7745689728659,9.25849757895629,5742.16558316005,0.757796361235948,6301.56587223274,147.008609492022,13.0199967811302,"Malawi","Blantyre","TA Makata",176,6366.324441,"Adults",19610.981268,53
"32",32,57.8458493784142,91.4405945327238,282.288480612172,54.8045126469678,9.71306829922599,5869.35459384556,0.877341684940892,6307.47859162159,150.140391207075,14.0679586322393,"Malawi","Blantyre","TA Makata",176,6366.324441,"Adults",19610.981268,53
"33",33,53.6627265310299,65.6798413337756,216.753186524532,50.6291901489696,10.0669779556026,5968.53054422098,1.00197428511842,6311.66171446897,152.555873093251,15.040511304225,"Malawi","Blantyre","TA Makata",176,6366.324441,"Adults",19610.981268,53
"34",34,50.6678160140149,47.1692506609,165.211104652697,46.412362472756,10.324202428097,6045.40925594543,1.13044882611544,6314.65662498599,154.403868980385,15.9354491627691,"Malawi","Blantyre","TA Makata",176,6366.324441,"Adults",19610.981268,53
"35",35,48.5042862506423,33.8863553376482,125.149002067777,42.2750172481665,10.4910093763523,6104.7571852741,1.26158544531487,6316.82015474936,155.808152688871,16.7531833438894,"Malawi","Blantyre","TA Makata",176,6366.324441,"Adults",19610.981268,53
"36",36,46.947268833672,24.3463015349831,94.3056658360152,38.3020336533958,10.5751134004687,6150.45376464048,1.39429310099367,6318.37717216633,156.869183009469,17.4960128073099,"Malawi","Blantyre","TA Makata",176,6366.324441,"Adults",19610.981268,53
"37",37,45.8101493530975,17.5074088923499,70.7467435618338,34.549126091702,10.5850058107239,6185.59842389788,1.5275833924163,6319.5142916469,157.66697024109,18.1675227054427,"Malawi","Blantyre","TA Makata",176,6366.324441,"Adults",19610.981268,53
"38",38,44.9767588023216,12.6025385350528,52.871934420293,31.0493447841211,10.529446021152,6212.6338414572,1.66057697986158,6320.34768219768,158.264346013228,18.7721076442695,"Malawi","Blantyre","TA Makata",176,6366.324441,"Adults",19610.981268,53
"39",39,44.3648075379422,9.08172910802875,39.3855862344178,27.8186725104889,10.4170915564559,6233.46404955324,1.79250449943016,6320.95963346206,158.71008342678,19.3146062311144,"Malawi","Blantyre","TA Makata",176,6366.324441,"Adults",19610.981268,53
"40",40,43.9149733973679,6.55181971548282,29.2581631304096,24.8606340606803,10.2562427340771,6249.55990439832,1.92270356366517,6321.40946760263,159.041675370307,19.8000308685937,"Malawi","Blantyre","TA Makata",176,6366.324441,"Adults",19610.981268,53
"41",41,43.584144583164,4.73185696215061,21.6833688881614,22.1699988076546,10.0546759941563,6262.04978263024,2.05061313447876,6321.74029641684,159.287718316879,20.2333731532833,"Malawi","Blantyre","TA Makata",176,6366.324441,"Adults",19610.981268,53
"42",42,43.3408156977915,3.42105762816927,16.0369712556852,19.7356561212336,9.81954621643873,6271.79462783435,2.17576624633609,6321.98362530221,159.469880978553,20.6194700724493,"Malawi","Blantyre","TA Makata",176,6366.324441,"Adults",19610.981268,53
"43",43,43.1559639084991,2.48071274641431,11.8410817030772,17.5427985722413,9.55734000455802,6279.4487622143,2.29778185091657,6322.1684770915,159.604496595446,20.962916807402,"Malawi","Blantyre","TA Makata",176,6366.324441,"Adults",19610.981268,53
"44",44,43.0200409538846,1.80038253700841,8.73106587582412,15.5745412750885,9.27386534640069,6285.50818872101,2.41635629079505,6322.30440004612,159.7038253979,21.2680140714873,"Malawi","Blantyre","TA Makata",176,6366.324441,"Adults",19610.981268,53
"45",45,42.9201492420389,1.30765390870198,6.43029849447885,13.8130740706572,8.97426661761164,6290.3477438287,2.53125483781832,6322.40429175796,159.777023830827,21.5387411123471,"Malawi","Blantyre","TA Makata",176,6366.324441,"Adults",19610.981268,53
"46",46,42.846765205005,0.950457500806663,4.73099873969135,12.2404847327291,8.66305613984393,6294.25037516322,2.64230351871286,6322.477675795,159.830906651917,21.7787466946644,"Malawi","Blantyre","TA Makata",176,6366.324441,"Adults",19610.981268,53
"47",47,42.7928769375834,0.691281696006307,3.47770019040497,10.8393208382471,8.34415602629163,6297.42972389803,2.7493814134433,6322.53156406242,159.870533311157,21.9913527168002,"Malawi","Blantyre","TA Makata",176,6366.324441,"Adults",19610.981268,53
"48",48,42.753322205908,0.503076493503599,2.55447260893648,9.59295123234751,8.02094573279708,6300.04725920801,2.85241351850557,6322.57111879409,159.899651594143,22.1795663371893,"Malawi","Blantyre","TA Makata",176,6366.324441,"Adults",19610.981268,53
"49",49,42.7243000840304,0.366305200365561,1.87510270888432,8.48578421500552,7.69631171158304,6302.22527285333,2.95136422680244,6322.60014091597,159.921032976863,22.3460972639121,"Malawi","Blantyre","TA Makata",176,6366.324441,"Adults",19610.981268,53
"50",50,42.7023313255272,0.267405797420082,1.37573727865881,7.5033807149997,7.3726970686332,6304.05665738363,3.04623143113909,6322.62210967447,159.936723970027,22.4933781433989,"Malawi","Blantyre","TA Makata",176,6366.324441,"Adults",19610.981268,53
"51",51,42.6862209007759,0.195267984721204,1.00900567279812,6.63249532212723,7.0521494586737,6305.6122604116,3.13704124931403,6322.63822009922,159.948234287603,22.6235862721678,"Malawi","Blantyre","TA Makata",176,6366.324441,"Adults",19610.981268,53
"52",52,42.6744107411311,0.142628832927371,0.739811197126089,5.86106547934691,6.73636634595221,6306.9463150699,3.2238433336187,6322.65003025887,159.956674982291,22.73866557521,"Malawi","Blantyre","TA Makata",176,6366.324441,"Adults",19610.981268,53
"53",53,42.6657545854751,0.104203981636648,0.542292206307821,5.1781702626943,6.42673711023302,6308.10057613194,3.30670672172365,6322.65868641452,159.962863000716,22.8403481168895,"Malawi","Blantyre","TA Makata",176,6366.324441,"Adults",19610.981268,53
"54",54,42.659411322742,0.0761466793631468,0.397417487628367,4.57396884376746,6.12438150790777,6309.10739894544,3.38571621315434,6322.66502967726,159.967398400424,22.9301745758451,"Malawi","Blantyre","TA Makata",176,6366.324441,"Adults",19610.981268,53
"55",55,42.6547637490674,0.0556540986485125,0.291189517689262,4.03962737442,5.8301846961699,6309.99205236869,3.46096919531949,6322.66967725093,159.970721819807,23.0095135144159,"Malawi","Blantyre","TA Makata",176,6366.324441,"Adults",19610.981268,53
"56",56,42.6513628322405,0.0406785924610178,0.213317003240147,3.56724014913841,5.54482879142416,6310.77444074468,3.53257288682585,6322.67307816776,159.973156775669,23.0795792535991,"Malawi","Blantyre","TA Makata",176,6366.324441,"Adults",19610.981268,53
"57",57,42.6489729364348,0.029654688871366,0.156230810680849,3.14974952806497,5.26882094774895,6311.47037011551,3.60064197269065,6322.67546806356,159.974940321267,23.1414482133379,"Malawi","Blantyre","TA Makata",176,6366.324441,"Adults",19610.981268,53
"58",58,42.6472229935133,0.0216246181790608,0.114385538141642,2.78086794890007,5.00251849613184,6312.09252485374,3.66529655140286,6322.67721800648,159.976246364704,23.1960738615156,"Malawi","Blantyre","TA Makata",176,6366.324441,"Adults",19610.981268,53
"59",59,42.6459419746062,0.0157730184792174,0.0837253141007447,2.45500320268796,4.74615108486638,6312.65118600997,3.72666039529165,6322.67849902539,159.977202467765,23.2443002192853,"Malawi","Blantyre","TA Makata",176,6366.324441,"Adults",19610.981268,53
"60",60,42.6450044601363,0.0115074552256034,0.0612689570856874,2.16718837943848,4.49984019534559,6313.15477208377,3.78485946900666,6322.67943653986,159.977902210584,23.2868740229943,"Malawi","Blantyre","TA Makata",176,6366.324441,"Adults",19610.981268,53
"61",61,42.6443184679491,0.00839700846485257,0.0448262246602091,1.9130167688058,4.26361630693568,6313.61024554771,3.84002067547945,6322.68012253205,159.978414231706,23.3244556643443,"Malawi","Blantyre","TA Makata",176,6366.324441,"Adults",19610.981268,53
"62",62,42.6438166315978,0.00612839371923129,0.032790539964421,1.68858232904923,4.03743384275555,6314.02341845273,3.89227081018927,6322.6806243684,159.978788805058,23.3576289454252,"Malawi","Blantyre","TA Makata",176,6366.324441,"Adults",19610.981268,53
"63",63,42.6434503731548,0.0044725779922588,0.0239827458287232,1.49042538374558,3.82118426415165,6314.39918997067,3.94173568446228,6322.68099062684,159.97906278472,23.3869098214808,"Malawi","Blantyre","TA Makata",176,6366.324441,"Adults",19610.981268,53
"64",64,42.643298703939,0.00316843719519916,0.0175205820450929,1.31548348266896,3.61470740658357,6314.7417229812,3.98853940637447,6322.68114229606,159.979263097754,23.4127541673879,"Malawi","Blantyre","TA Makata",176,6366.324441,"Adults",19610.981268,53
"65",65,42.6431922603331,0.00224424529414544,0.0127725807325844,1.16104698468419,3.41780131372726,6315.05457981959,4.03280379563778,6322.68124873966,159.979409288725,23.4355647074105,"Malawi","Blantyre","TA Makata",176,6366.324441,"Adults",19610.981268,53
"66",66,42.6431147321353,0.00159137908175652,0.0092940960748964,1.02472007188535,3.23023067241952,6315.34084213833,4.07464791007096,6322.68132626786,159.979515767144,23.4556970996715,"Malawi","Blantyre","TA Makata",176,6366.324441,"Adults",19610.981268,53
"67",67,42.6430583599968,0.00112956674831161,0.00675192453647588,0.904384603533366,3.05173419744278,6315.60319467425,4.11418767349178,6322.68138264,159.979593189628,23.4734654738938,"Malawi","Blantyre","TA Makata",176,6366.324441,"Adults",19610.981268,53
"68",68,42.6430174481318,0.000802711432984162,0.00489864736433491,0.798169650914257,2.88203064884978,6315.84398629686,4.15153559644446,6322.68142355186,159.979649378768,23.4891470624903,"Malawi","Blantyre","TA Makata",176,6366.324441,"Adults",19610.981268,53
"69",69,42.6429877760205,0.000570726644633735,0.00354944814570582,0.704420486741397,2.72082471875406,6316.06528730755,4.18680053614148,6322.68145322397,159.979690131046,23.5029868957691,"Malawi","Blantyre","TA Makata",176,6366.324441,"Adults",19610.981268,53
"70",70,42.6429662868573,0.000406079735216908,0.00256896785046851,0.621676579407651,2.567810930003,6316.26892457821,4.22008757793952,6322.68147471314,159.979719644716,23.5152011122857,"Malawi","Blantyre","TA Makata",176,6366.324441,"Adults",19610.981268,53
"71",71,42.6429507427196,0.000289232114009962,0.00185748993405241,0.548647703937881,2.42267782191027,6316.45652009306,4.25149791632962,6322.68149025728,159.979740993372,23.5259805538411,"Malawi","Blantyre","TA Makata",176,6366.324441,"Adults",19610.981268,53
"72",72,42.6429395074735,0.000206083986586092,0.00134192718608648,0.484194387416518,2.28511114452134,6316.62951914782,4.28112880159904,6322.68150149252,159.979756424107,23.5354936949919,"Malawi","Blantyre","TA Makata",176,6366.324441,"Adults",19610.981268,53
"73",73,42.6429313942168,0.000146936429461146,0.000968730304967281,0.427310517913962,2.15479652785525,6316.78921336797,4.30907352531364,6322.68150960578,159.979767567036,23.54388924023,"Malawi","Blantyre","TA Makata",176,6366.324441,"Adults",19610.981268,53
"74",74,42.6429255384627,0.000104848951496818,0.000698772547587182,0.377107770918968,2.03142175011514,6316.93676088749,4.33542143151061,6322.68151546153,159.979775609461,23.551298447751,"Malawi","Blantyre","TA Makata",176,6366.324441,"Adults",19610.981268,53
"75",75,42.6429213162967,7.4827761268554e-05,0.000503800178578052,0.332801896508748,1.91467858057343,6317.07320262226,4.36025795642566,6322.6815196837,159.97978140828,23.5578371695348,"Malawi","Blantyre","TA Makata",176,6366.324441,"Adults",19610.981268,53
"76",76,42.6429182731089,5.34337693667156e-05,0.000363026761555787,0.293700579807468,1.80426428753652,6317.19947671053,4.38366468849105,6322.68152272689,159.979785587864,23.5636076571239,"Malawi","Blantyre","TA Makata",176,6366.324441,"Adults",19610.981268,53
"77",77,42.6429160801403,3.81803895063331e-05,0.000261419773114509,0.259192692761719,1.69988285046851,6317.31643033103,4.4057194454374,6322.68152491986,159.979788599738,23.5687001564609,"Malawi","Blantyre","TA Makata",176,6366.324441,"Adults",19610.981268,53
"78",78,42.642914501849,2.72808203942636e-05,0.000188214300125888,0.228738795888321,1.60124591742787,6317.42482992461,4.42649636510419,6322.68152649815,159.979790767399,23.5731943160832,"Malawi","Blantyre","TA Makata",176,6366.324441,"Adults",19610.981268,53
"79",79,42.6429133656272,1.95037447716662e-05,0.000135443627498439,0.201862755520836,1.50807354476086,6317.52537037986,4.44606600685933,6322.68152763437,159.979792327913,23.577160430237,"Malawi","Blantyre","TA Makata",176,6366.324441,"Adults",19610.981268,53
"80",80,42.6429125477587,1.39501705987265e-05,9.74140759914522e-05,0.178144298624502,1.42009475268151,6317.61868257512,4.46449546157548,6322.68152845224,159.979793451192,23.5806605403501,"Malawi","Blantyre","TA Makata",176,6366.324441,"Adults",19610.981268,53
"81",81,42.6429119600511,9.97657639660813e-06,7.00695100245401e-05,0.157212579574067,1.33704791470809,6317.70534003462,4.48184846496652,6322.68152903994,159.979794258363,23.5837493870404,"Malawi","Blantyre","TA Makata",176,6366.324441,"Adults",19610.981268,53
"82",82,42.6429115372584,7.13800414563934e-06,5.03780230942474e-05,0.138740140330265,1.25868103142714,6317.78586525246,4.49818552250036,6322.68152946274,159.979794839037,23.5864753039138,"Malawi","Blantyre","TA Makata",176,6366.324441,"Adults",19610.981268,53
"83",83,42.642911233042,5.1091816275558e-06,3.6195557366689e-05,0.122438036800086,1.18475187009718,6317.860734529,4.51356402632283,6322.68152976695,159.979795256854,23.5888809375471,"Malawi","Blantyre","TA Makata",176,6366.324441,"Adults",19610.981268,53
"84",84,42.6429110146505,3.65687900994948e-06,2.60100675599755e-05,0.108051380800199,1.11502801437643,6317.93038254524,4.52803837798541,6322.68152998535,159.979795556798,23.5910039064033,"Malawi","Blantyre","TA Makata",176,6366.324441,"Adults",19610.981268,53
"85",85,42.6429108577712,2.6180771767435e-06,1.8688976858447e-05,0.095355135034693,1.0492868534896,6317.99520673081,4.54166011584493,6322.68153014222,159.97979577226,23.5928774223767,"Malawi","Blantyre","TA Makata",176,6366.324441,"Adults",19610.981268,53
"86",86,42.6429107450069,1.87496478473504e-06,1.34230282939722e-05,0.0841506889420928,0.987315483800871,6318.05557074751,4.55447803674839,6322.68153025499,159.979795927133,23.5945307963767,"Malawi","Blantyre","TA Makata",176,6366.324441,"Adults",19610.981268,53
"87",87,42.6429106640464,1.34278193409333e-06,9.64093504808683e-06,0.074262767141524,0.928910563602735,6318.11180770423,4.56653831726785,6322.68153033595,159.979796038326,23.5959898948946,"Malawi","Blantyre","TA Makata",176,6366.324441,"Adults",19610.981268,53
"88",88,42.6429106059081,9.61775421041206e-07,6.92382851801234e-06,0.0655366844163478,0.873878127070822,6318.16422306415,4.57788463285706,6322.68153039409,159.979796118175,23.5972775454198,"Malawi","Blantyre","TA Makata",176,6366.324441,"Adults",19610.981268,53
"89",89,42.642910564146,6.89037256717291e-07,4.97112202173227e-06,0.0578359285170195,0.822033361788006,6318.21309721083,4.58855827456262,6322.68153043585,159.979796175532,23.5984138932876,"Malawi","Blantyre","TA Makata",176,6366.324441,"Adults",19610.981268,53
"90",90,42.6429105341695,4.93671239366529e-07,3.56907680760386e-06,0.0510400322636423,0.773200360482184,6318.25868774801,4.59859826232522,6322.68153046583,159.979796216702,23.5994167158135,"Malawi","Blantyre","TA Makata",176,6366.324441,"Adults",19610.981268,53
"91",91,42.6429105126482,3.53710894260637e-07,2.56219615121712e-06,0.0450426579041947,0.727211846160206,6318.30123161006,4.60804145732708,6322.68153048735,159.97979624626,23.6003017050902,"Malawi","Blantyre","TA Makata",176,6366.324441,"Adults",19610.981268,53
"92",92,42.642910497206,2.53542188226863e-07,1.83947289375803e-06,0.0397500442703813,0.683908905438696,6318.34094679818,4.61692266189092,6322.68153050279,159.979796267469,23.6010826971904,"Malawi","Blantyre","TA Makata",176,6366.324441,"Adults",19610.981268,53
"93",93,42.6429104861195,1.81722124145601e-07,1.32050736788075e-06,0.035079326329373,0.643140657475121,6318.3780342917,4.62527473614634,6322.68153051388,159.979796282695,23.6017719201983,"Malawi","Blantyre","TA Makata",176,6366.324441,"Adults",19610.981268,53
"94",94,42.6429104781539,1.30204779918861e-07,9.47548672779123e-07,0.030957408355605,0.604763974867909,6318.41267937311,4.63312868776263,6322.68153052184,159.979796293635,23.60238016052,"Malawi","Blantyre","TA Makata",176,6366.324441,"Adults",19610.981268,53
"95",95,42.64291047244,9.33304652834648e-08,6.79938933278737e-07,0.0273198263351268,0.568643179942593,6318.44505298106,4.64051376695894,6322.68153052756,159.979796301483,23.6029169307743,"Malawi","Blantyre","TA Makata",176,6366.324441,"Adults",19610.981268,53
"96",96,42.6429104683412,6.68965299929386e-08,4.87950495102142e-07,0.0241096692207561,0.534649731654546,6318.47531301428,4.64745756165562,6322.68153053165,159.979796307112,23.6033906290018,"Malawi","Blantyre","TA Makata",176,6366.324441,"Adults",19610.981268,53
"97",97,42.6429104653987,4.7945666734034e-08,3.50099710594561e-07,0.021276713575606,0.502661920267394,6318.503605418,4.65398608471223,6322.6815305346,159.979796311154,23.603808666369,"Malawi","Blantyre","TA Makata",176,6366.324441,"Adults",19610.981268,53
"98",98,42.642910463288,3.43766385865857e-08,2.51194927368573e-07,0.0187766379725576,0.472564566262972,6318.53006518897,4.66012385794174,6322.68153053671,159.979796314052,23.6041775831029,"Malawi","Blantyre","TA Makata",176,6366.324441,"Adults",19610.981268,53
"99",99,42.6429104617739,2.46427746741647e-08,1.80241724948464e-07,0.0165703280120501,0.444248724175201,6318.55481728872,4.66589399243877,6322.68153053822,159.979796316132,23.6045031510525,"Malawi","Blantyre","TA Makata",176,6366.324441,"Adults",19610.981268,53
"100",100,42.6429104606871,1.7665134598283e-08,1.293080763563e-07,0.0146232656112041,0.417611392118392,6318.57797746936,4.67131826525458,6322.68153053931,159.979796317625,23.6047904638116,"Malawi","Blantyre","TA Makata",176,6366.324441,"Adults",19610.981268,53
"101",101,42.6429104599076,1.26674030105004e-08,9.27638875259336e-08,0.0129049885589127,0.392555228974125,6318.59965302469,4.67641719244003,6322.68153054009,159.979796318695,23.6050440164711,"Malawi","Blantyre","TA Makata",176,6366.324441,"Adults",19610.981268,53
"102",102,42.6429104593484,9.08094888808672e-09,6.65545520934362e-08,0.0113886139837397,0.368988279545755,6318.61994347291,4.68121009858327,6322.68153054065,159.979796319463,23.6052677759404,"Malawi","Blantyre","TA Makata",176,6366.324441,"Adults",19610.981268,53
"103",103,42.6429104589472,6.51065897700238e-09,4.7743031230806e-08,0.0100504178179917,0.3468237083555,6318.63894117769,4.68571518294146,6322.68153054105,159.979796320014,23.6054652430046,"Malawi","Blantyre","TA Makata",176,6366.324441,"Adults",19610.981268,53
"104",104,42.6429104586594,4.66912750366989e-09,3.42460795684145e-08,0.00886946361423292,0.325979542522062,6318.65673191402,4.68994958227571,6322.68153054134,159.97979632041,23.605639507098,"Malawi","Blantyre","TA Makata",176,6366.324441,"Adults",19610.981268,53
"105",105,42.642910458453,3.34725700634252e-09,2.45690995605646e-08,0.00782727500601902,0.306378423973378,6318.67339538415,4.69392943050796,6322.68153054154,159.979796320693,23.6057932946378,"Malawi","Blantyre","TA Makata",176,6366.324441,"Adults",19610.981268,53
"106",106,42.6429104583049,2.40016045918971e-09,1.76232570616809e-08,0.00690754664510496,0.287947371172406,6318.68900568854,4.69766991531744,6322.68153054169,159.979796320896,23.6059290116794,"Malawi","Blantyre","TA Makata",176,6366.324441,"Adults",19610.981268,53
"107",107,42.6429104581986,1.7213796269288e-09,1.26399670778586e-08,0.00609588910203666,0.270617550423813,6318.70363175612,4.70118533179719,6322.6815305418,159.979796321042,23.60604878156,"Malawi","Blantyre","TA Makata",176,6366.324441,"Adults",19610.981268,53
"108",108,42.6429104581224,1.23404463859221e-09,9.06820794332395e-09,0.00537960374312323,0.254324056751123,6318.71733773779,4.70448913329135,6322.68153054187,159.979796321147,23.6061544781186,"Malawi","Blantyre","TA Makata",176,6366.324441,"Adults",19610.981268,53
"109",109,42.6429104580678,8.84982113234675e-10,6.50399755059258e-09,0.00474748405856381,0.239005704268549,6318.73018336669,4.70759397953337,6322.68153054193,159.979796321222,23.6062477550125,"Malawi","Blantyre","TA Makata",176,6366.324441,"Adults",19610.981268,53
"110",110,42.6429104580286,6.34723962650441e-10,4.66456852118537e-09,0.00418964033412624,0.224604825916385,6318.74222428822,4.71051178220367,6322.68153054197,159.979796321276,23.6063300715895,"Malawi","Blantyre","TA Makata",176,6366.324441,"Adults",19610.981268,53
"111",111,42.6429104580005,4.55022378122565e-10,3.34654824037796e-09,0.00369734492481627,0.211067082384737,6318.75351236287,4.71325374802394,6322.681530542,159.979796321315,23.60640271572,"Malawi","Blantyre","TA Makata",176,6366.324441,"Adults",19610.981268,53
"112",112,42.6429104579803,3.26353509461547e-10,2.40000333381179e-09,0.00326289570892637,0.198341280015001,6318.76409594407,4.71583041950213,6322.68153054202,159.979796321342,23.6064668239453,"Malawi","Blantyre","TA Makata",176,6366.324441,"Adults",19610.981268,53
"113",113,42.6429104579658,2.34067740453524e-10,1.7211878074922e-09,0.00287949558614352,0.186379197440541,6318.77402013362,4.71825171343999,6322.68153054203,159.979796321362,23.6065233992602,"Malawi","Blantyre","TA Makata",176,6366.324441,"Adults",19610.981268,53
"114",114,42.6429104579554,1.67794331023627e-10,1.23490155549913e-09,0.00254114613526891,0.175135420706547,6318.78332701649,4.72052695731133,6322.68153054204,159.979796321376,23.6065733268043,"Malawi","Blantyre","TA Makata",176,6366.324441,"Adults",19610.981268,53
"115",115,42.642910457948,1.20361695497492e-10,8.85511747271511e-10,0.00224255376725248,0.164567186593223,6318.79205587708,4.72266492361627,6322.68153054205,159.979796321387,23.6066173877107,"Malawi","Blantyre","TA Makata",176,6366.324441,"Adults",19610.981268,53
"116",116,42.6429104579427,8.63240531708156e-11,6.35056188510742e-10,0.00197904690532591,0.154634233855163,6318.80024339827,4.72467386231282,6322.68153054205,159.979796321394,23.6066562713271,"Malawi","Blantyre","TA Makata",176,6366.324441,"Adults",19610.981268,53
"117",117,42.6429104579388,6.18802352889165e-11,4.55657576825529e-10,0.00174650289688111,0.145298662082521,6318.80792384515,4.72656153142362,6322.68153054206,159.979796321399,23.6066905860008,"Malawi","Blantyre","TA Makata",176,6366.324441,"Adults",19610.981268,53
"118",118,42.6429104579361,4.43941244928737e-11,3.26691217125805e-10,0.0015412835132976,0.136524797885672,6318.81512923439,4.72833522591203,6322.68153054206,159.979796321403,23.6067208685964,"Malawi","Blantyre","TA Makata",176,6366.324441,"Adults",19610.981268,53
"119",119,42.6429104579341,3.18378412494079e-11,2.34301824746204e-10,0.0013601780286647,0.128279068103905,6318.82188949076,4.73000180491785,6322.68153054206,159.979796321406,23.6067475928952,"Malawi","Blantyre","TA Makata",176,6366.324441,"Adults",19610.981268,53
"120",120,42.6429104579327,2.2821715706505e-11,1.68121599139103e-10,0.00120035298700782,0.120529879739878,6318.82823259172,4.73156771743916,6322.68153054206,159.979796321408,23.6067711770078,"Malawi","Blantyre","TA Makata",176,6366.324441,"Adults",19610.981268,53
"121",121,42.6429104579317,1.63754741452569e-11,1.20516890948591e-10,0.00105930787194861,0.113247506324714,6318.8341847012,4.73303902654321,6322.68153054206,159.979796321409,23.6067919899158,"Malawi","Blantyre","TA Makata",176,6366.324441,"Adults",19610.981268,53
"122",122,42.642910457931,1.17426644289497e-11,8.64428661997763e-11,0.000934835985294769,0.10640398042325,6318.83977029338,4.73442143218552,6322.68153054207,159.97979632141,23.6068103572439,"Malawi","Blantyre","TA Makata",176,6366.324441,"Adults",19610.981268,53
"123",123,42.6429104579304,8.41707447169396e-12,6.20285550752991e-11,0.000824989922551984,0.0999729919949275,6318.84501226738,4.73572029271244,6322.68153054207,159.979796321411,23.6068265663553,"Malawi","Blantyre","TA Makata",176,6366.324441,"Adults",19610.981268,53
"124",124,42.6429104579301,6.0407302330517e-12,4.44559952731089e-11,0.000728051105131539,0.0939297923327712,6318.84993205347,4.73694064511961,6322.68153054207,159.979796321411,23.606840870847,"Malawi","Blantyre","TA Makata",176,6366.324441,"Adults",19610.981268,53
"125",125,42.6429104579298,4.3310355038657e-12,3.1891991499751e-11,0.000642502892613486,0.0882511033106314,6318.8545497117,4.73808722413435,6322.68153054207,159.979796321412,23.6068534945175,"Malawi","Blantyre","TA Makata",176,6366.324441,"Adults",19610.981268,53
"126",126,42.6429104579296,3.10447700218001e-12,2.28846840890062e-11,0.000567006854416546,0.082915031677215,6318.85888402333,4.73916448018751,6322.68153054207,159.979796321412,23.6068646348685,"Malawi","Blantyre","TA Makata",176,6366.324441,"Adults",19610.981268,53
"127",127,42.6429104579295,2.22848259386645e-12,1.63978953782396e-11,0.000500381829600616,0.0779009881442086,6318.86295257575,4.74017659633663,6322.68153054207,159.979796321412,23.6068744661944,"Malawi","Blantyre","TA Makata",176,6366.324441,"Adults",19610.981268,53
"128",128,42.6429104579294,1.59738765637598e-12,1.17663405537892e-11,0.000441585447207854,0.0731896110248636,6318.86677184139,4.74112750419911,6322.68153054207,159.979796321412,23.6068831423098,"Malawi","Blantyre","TA Makata",176,6366.324441,"Adults",19610.981268,53
"129",129,42.6429104579293,1.14506662092242e-12,8.4427236151072e-12,0.00038969781802611,0.0687626941886779,6318.87035725111,4.74202089895142,6322.68153054207,159.979796321412,23.6068907989552,"Malawi","Blantyre","TA Makata",176,6366.324441,"Adults",19610.981268,53
"130",130,42.6429104579292,8.22149252069814e-13,6.04817285312401e-12,0.000343907142610884,0.0646031191071472,6318.87372326237,4.74286025344704,6322.68153054207,159.979796321412,23.6068975559216,"Malawi","Blantyre","TA Makata",176,6366.324441,"Adults",19610.981268,53
"131",131,42.6429104579292,5.89134125301491e-13,4.34126605017339e-12,0.00030349701041054,0.0606947907749103,6318.87688342278,4.74364883150349,6322.68153054207,159.979796321412,23.606903518924,"Malawi","Blantyre","TA Makata",176,6366.324441,"Adults",19610.981268,53
"132",132,42.6429104579292,4.22368437398567e-13,3.11459300808425e-12,0.000267835191285096,0.0570225772998949,6318.87985042918,4.74438970040574,6322.68153054207,159.979796321412,23.6069087812555,"Malawi","Blantyre","TA Makata",176,6366.324441,"Adults",19610.981268,53
"133",133,42.6429104579292,3.03326644214176e-13,2.23070382382534e-12,0.000236363744051507,0.0535722529652388,6318.8826361827,4.74508574267109,6322.68153054207,159.979796321413,23.6069134252471,"Malawi","Blantyre","TA Makata",176,6366.324441,"Adults",19610.981268,53
"134",134,42.6429104579291,2.17267817700027e-13,1.60182197130483e-12,0.000208590287306441,0.0503304445747656,6318.8852518401,4.74573966711802,6322.68153054207,159.979796321413,23.6069175235556,"Malawi","Blantyre","TA Makata",176,6366.324441,"Adults",19610.981268,53
"135",135,42.6429104579291,1.55803315223713e-13,1.1489340350665e-12,0.000184080295954528,0.0472845809025961,6318.8877078616,4.74635401927907,6322.68153054207,159.979796321413,23.6069211403004,"Malawi","Blantyre","TA Makata",176,6366.324441,"Adults",19610.981268,53
"136",136,42.6429104579291,1.11914004537984e-13,8.22708215262948e-13,0.0001624503029161,0.0444228450760562,6318.8900140555,4.74693119119601,6322.68153054207,159.979796321413,23.6069243320667,"Malawi","Blantyre","TA Makata",176,6366.324441,"Adults",19610.981268,53
"137",137,42.6429104579291,8.01210366984037e-14,5.9107440518949e-13,0.000143361899655827,0.0417341297293645,6318.89217961982,4.74747343063294,6322.68153054207,159.979796321413,23.6069271487908,"Malawi","Blantyre","TA Makata",176,6366.324441,"Adults",19610.981268,53
"138",138,42.6429104579291,5.7477182232377e-14,4.23794267834657e-13,0.000126516441667558,0.0392079947736461,6318.89421318112,4.74798284974141,6322.68153054207,159.979796321413,23.6069296345413,"Malawi","Blantyre","TA Makata",176,6366.324441,"Adults",19610.981268,53
"139",139,42.6429104579291,4.12919619935284e-14,3.03418982857683e-13,0.000111650376079983,0.0368346276365984,6318.89612283086,4.74846143320951,6322.68153054207,159.979796321413,23.6069318282086,"Malawi","Blantyre","TA Makata",176,6366.324441,"Adults",19610.981268,53
"140",140,42.6429104579291,2.95434455322238e-14,2.18125502936878e-13,9.85311182833028e-05,0.0346048058326296,6318.8979161592,4.74891104592505,6322.68153054207,159.979796321413,23.6069337641133,"Malawi","Blantyre","TA Makata",176,6366.324441,"Adults",19610.981268,53
"141",141,42.6429104579291,2.12060450681493e-14,1.56303774747856e-13,8.69534130647468e-05,0.0325098617314966,6318.89960028675,4.74933344018157,6322.68153054207,159.979796321413,23.6069354725433,"Malawi","Blantyre","TA Makata",176,6366.324441,"Adults",19610.981268,53
"142",142,42.6429104579291,1.52350444552548e-14,1.11903256692329e-13,7.67361233213811e-05,0.0305416494003795,6318.9011818941,4.74973026245378,6322.68153054207,159.979796321413,23.6069369802276,"Malawi","Blantyre","TA Makata",176,6366.324441,"Adults",19610.981268,53
"143",143,42.6429104579291,1.08926697070894e-14,8.05029463913392e-14,6.77193961091664e-05,0.0286925134009531,6318.90266724951,4.75010305976805,6322.68153054207,159.979796321413,23.6069383107545,"Malawi","Blantyre","TA Makata",176,6366.324441,"Adults",19610.981268,53
"144",144,42.6429104579291,7.82499422038134e-15,5.76399515827776e-14,5.97621616897897e-05,0.0269552594293449,6318.9040622348,4.75045328569161,6322.68153054207,159.979796321413,23.6069394849404,"Malawi","Blantyre","TA Makata",176,6366.324441,"Adults",19610.981268,53
"145",145,42.6429104579291,5.6208829356237e-15,4.12724531935118e-14,5.2739926446953e-05,0.0253231266929185,6318.9053723695,4.75078230596319,6322.68153054207,159.979796321413,23.6069405211559,"Malawi","Blantyre","TA Makata",176,6366.324441,"Adults",19610.981268,53
"146",146,42.6429104579291,4.0157267867196e-15,2.97139212218314e-14,4.65428251418233e-05,0.0237897619235908,6318.90660283354,4.75109140378625,6322.68153054207,159.979796321413,23.6069414356129,"Malawi","Blantyre","TA Makata",176,6366.324441,"Adults",19610.981268,53
"147",147,42.6429104579291,2.88792326419231e-15,2.12520237089959e-14,4.10739020343286e-05,0.0223491949328849,6318.90775848844,4.75138178480479,6322.68153054207,159.979796321413,23.6069422426185,"Malawi","Blantyre","TA Makata",176,6366.324441,"Adults",19610.981268,53
"148",148,42.6429104579291,2.07361357708485e-15,1.52235378308412e-14,3.62475939778694e-05,0.0209958156191559,6318.90884389709,4.75165458178056,6322.68153054207,159.979796321413,23.6069429547984,"Malawi","Blantyre","TA Makata",176,6366.324441,"Adults",19610.981268,53
"149",149,42.6429104579291,1.48031138503031e-15,1.09685298045444e-14,3.19883917550651e-05,0.0197243523423977,6318.90986334236,4.75191085898952,6322.68153054207,159.979796321413,23.6069435832951,"Malawi","Blantyre","TA Makata",176,6366.324441,"Adults",19610.981268,53
"150",150,42.6429104579291,1.06606428481519e-15,7.83394360798541e-15,2.82296587105794e-05,0.0185298515867683,6318.91082084448,4.75215161635419,6322.68153054207,159.979796321413,23.6069441379415,"Malawi","Blantyre","TA Makata",176,6366.324441,"Adults",19610.981268,53
"151",151,42.6429104579291,7.64868286983254e-16,5.61611049537034e-15,2.49125881981586e-05,0.0174076588354566,6318.91172017733,4.75237779332759,6322.68153054207,159.979796321413,23.6069446274152,"Malawi","Blantyre","TA Makata",176,6366.324441,"Adults",19610.981268,53
"152",152,42.6429104579291,5.45644914396048e-16,4.04918890008818e-15,2.19852835308327e-05,0.0163534005867704,6318.91256488367,4.75259027254365,6322.68153054207,159.979796321413,23.6069450593743,"Malawi","Blantyre","TA Makata",176,6366.324441,"Adults",19610.981268,53
"153",153,42.6429104579291,3.9363752423912e-16,2.88698376168374e-15,1.94019460397406e-05,0.0153629674443603,6318.91335828944,4.75278988324804,6322.68153054207,159.979796321413,23.6069454405769,"Malawi","Blantyre","TA Makata",176,6366.324441,"Adults",19610.981268,53
"154",154,42.6429104579291,2.82063070713273e-16,2.07231262121147e-15,1.71221585385041e-05,0.014432498218316,6318.91410351718,4.75297740452246,6322.68153054207,159.979796321413,23.6069457769871,"Malawi","Blantyre","TA Makata",176,6366.324441,"Adults",19610.981268,53
"155",155,42.6429104579291,2.01119159792327e-16,1.49486051668873e-15,1.51102529827215e-05,0.0135583649774936,6318.91480349853,4.75315356831482,6322.68153054207,159.979796321413,23.606946073868,"Malawi","Blantyre","TA Makata",176,6366.324441,"Adults",19610.981268,53
"156",156,42.6429104579291,1.45392669471806e-16,1.06358846726939e-15,1.3334752431381e-05,0.0127371589968541,6318.91546098604,4.75331906228691,6322.68153054207,159.979796321413,23.6069463358645,"Malawi","Blantyre","TA Makata",176,6366.324441,"Adults",19610.981268,53
"157",157,42.6429104579291,1.03983188102983e-16,7.64923090148388e-16,1.17678785794995e-05,0.0119656775468365,6318.91607856416,4.75347453249043,6322.68153054207,159.979796321413,23.6069465670757,"Malawi","Blantyre","TA Makata",176,6366.324441,"Adults",19610.981268,53
"158",158,42.6429104579291,7.41333476838103e-17,5.51843668297694e-16,1.03851171571756e-05,0.0112409114748503,6318.9166586596,4.75362058588184,6322.68153054207,159.979796321413,23.6069467711188,"Malawi","Blantyre","TA Makata",176,6366.324441,"Adults",19610.981268,53
"159",159,42.6429104579291,5.3719795957389e-17,3.91700560801724e-16,9.16483439556719e-06,0.0105600335318667,6318.91720355103,4.75375779268539,6322.68153054207,159.979796321413,23.6069469511862,"Malawi","Blantyre","TA Makata",176,6366.324441,"Adults",19610.981268,53
"160",160,42.6429104579291,3.83164299060013e-17,2.82471659529116e-16,8.08793855928009e-06,0.00992038739982374,6318.91771537813,4.75388668861383,6322.68153054207,159.979796321413,23.6069471100952,"Malawi","Blantyre","TA Makata",176,6366.324441,"Adults",19610.981268,53
"161",161,42.6429104579291,2.73298396463448e-17,2.0368937409161e-16,7.13758124973047e-06,0.00931947737814257,6318.91819615016,4.754007776955,6322.68153054207,159.979796321413,23.6069472503319,"Malawi","Blantyre","TA Makata",176,6366.324441,"Adults",19610.981268,53
"162",162,42.6429104579291,1.98552849820695e-17,1.44205041943161e-16,6.29889380626507e-06,0.00875495869008776,6318.91864775396,4.75412153053259,6322.68153054207,159.979796321413,23.6069473740903,"Malawi","Blantyre","TA Makata",176,6366.324441,"Adults",19610.981268,53
"163",163,42.6429104579291,1.4110789892855e-17,1.04372418641285e-16,5.55875468095025e-06,0.00822462837200859,6318.9190719614,4.75422839354851,6322.68153054207,159.979796321413,23.6069474833068,"Malawi","Blantyre","TA Makata",176,6366.324441,"Adults",19610.981268,53
"164",164,42.6429104579291,1.00783661161842e-17,7.51609703687603e-17,4.90558414752943e-06,0.00772641671066549,6318.91947043647,4.75432878331403,6322.68153054207,159.979796321413,23.60694757969,"Malawi","Blantyre","TA Makata",176,6366.324441,"Adults",19610.981268,53
"165",165,42.6429104579291,7.3410412890982e-18,5.30714427065754e-17,4.32916313269967e-06,0.00725837919589436,6318.91984474184,4.75442309187641,6322.68153054207,159.979796321413,23.6069476647478,"Malawi","Blantyre","TA Makata",176,6366.324441,"Adults",19610.981268,53
"166",166,42.6429104579291,5.19271954930726e-18,3.85935203559617e-17,3.82047333526306e-06,0.00681868895779115,6318.9201963451,4.75451168754726,6322.68153054207,159.979796321413,23.6069477398111,"Malawi","Blantyre","TA Makata",176,6366.324441,"Adults",19610.981268,53
"167",167,42.6429104579291,3.71845540855518e-18,2.77204046980276e-17,3.37155613176297e-06,0.00640562965941871,6318.92052662452,4.75459491633857,6322.68153054207,159.979796321413,23.6069478060543,"Malawi","Blantyre","TA Makata",176,6366.324441,"Adults",19610.981268,53
"168",168,42.6429104579291,2.7148614550164e-18,1.95265539874899e-17,2.97538806113554e-06,0.00601758881775267,6318.92083687456,4.75467310331199,6322.68153054207,159.979796321413,23.6069478645137,"Malawi","Blantyre","TA Makata",176,6366.324441,"Adults",19610.981268,53
"169",169,42.6429104579291,1.90917462213532e-18,1.4283189954855e-17,2.62577094029235e-06,0.00565305152719937,6318.92112831093,4.75474655384656,6322.68153054207,159.979796321413,23.6069479161039,"Malawi","Blantyre","TA Makata",176,6366.324441,"Adults",19610.981268,53
"170",170,42.6429104579291,1.37300109416989e-18,1.02158474543393e-17,2.31723489145562e-06,0.00531059456154066,6318.92140207545,4.75481555482984,6322.68153054207,159.979796321413,23.6069479616321,"Malawi","Blantyre","TA Makata",176,6366.324441,"Adults",19610.981268,53
"171",171,42.6429104579291,1.00411919925264e-18,7.18349056178362e-18,2.04495276407524e-06,0.00498888083159509,6318.92165924051,4.75488037577701,6322.68153054207,159.979796321413,23.6069480018106,"Malawi","Blantyre","TA Makata",176,6366.324441,"Adults",19610.981268,53
"172",172,42.6429104579291,7.0119187480421e-19,5.29146436623192e-18,1.80466461243038e-06,0.00468665417723479,6318.92190081335,4.75494126988229,6322.68153054207,159.979796321413,23.606948037268,"Malawi","Blantyre","TA Makata",176,6366.324441,"Adults",19610.981268,53
"173",173,42.6429104579291,5.07527652376822e-19,3.76072140713451e-18,1.59261104734185e-06,0.00440273447366966,6318.92212773998,4.75499847500688,6322.68153054207,159.979796321413,23.6069480685591,"Malawi","Blantyre","TA Makata",176,6366.324441,"Adults",19610.981268,53
"174",174,42.6429104579291,3.71338632413327e-19,2.64297891052799e-18,1.40547441926036e-06,0.00413601303310717,6318.92234090896,4.75505221460704,6322.68153054207,159.979796321413,23.6069480961734,"Malawi","Blantyre","TA Makata",176,6366.324441,"Adults",19610.981268,53
"175",175,42.6429104579291,2.57225722429668e-19,1.96248888029169e-18,1.24032691252029e-06,0.00388544828402362,6318.92254115486,4.75510269860611,6322.68153054207,159.979796321413,23.6069481205429,"Malawi","Blantyre","TA Makata",176,6366.324441,"Adults",19610.981268,53
"176",176,42.6429104579291,1.87888769993415e-19,1.38233073786762e-18,1.09458473867615e-06,0.00365006171134321,6318.92272926157,4.75515012421378,6322.68153054207,159.979796321413,23.6069481420489,"Malawi","Blantyre","TA Makata",176,6366.324441,"Adults",19610.981268,53
"177",177,42.6429104579291,1.37262259317478e-19,9.72877282529012e-19,9.65967712260805e-07,0.00342893404181979,6318.92290596537,4.7551946766958,6322.68153054207,159.979796321413,23.6069481610279,"Malawi","Blantyre","TA Makata",176,6366.324441,"Adults",19610.981268,53
"178",178,42.6429104579291,9.42433416931887e-20,7.28667687305356e-19,8.52463576514783e-07,0.00322120165985562,6318.92307195786,4.75523653009705,6322.68153054207,159.979796321413,23.6069481777768,"Malawi","Blantyre","TA Makata",176,6366.324441,"Adults",19610.981268,53
"179",179,42.6429104579291,6.96927970117526e-20,5.070919135938e-19,7.52296520950561e-07,0.00302605323987549,6318.92322788862,4.75527584792101,6322.68153054207,159.979796321413,23.6069481925576,"Malawi","Blantyre","TA Makata",176,6366.324441,"Adults",19610.981268,53
"180",180,42.6429104579291,5.06890058879584e-20,3.58471692360067e-19,6.63899398198513e-07,0.00284272658220611,6318.92337436783,4.75531278376796,6322.68153054207,159.979796321413,23.6069482056017,"Malawi","Blantyre","TA Makata",176,6366.324441,"Adults",19610.981268,53
"181",181,42.6429104579291,3.44877208414414e-20,2.70835265491698e-19,5.85889205457741e-07,0.0026705056401932,6318.92351196861,4.75534748193468,6322.68153054207,159.979796321413,23.606948217113,"Malawi","Blantyre","TA Makata",176,6366.324441,"Adults",19610.981268,53
"182",182,42.6429104579291,2.59134705212285e-20,1.85547869009652e-19,5.17045446950779e-07,0.00250871772702464,6318.92364122933,4.75538007797779,6322.68153054207,159.979796321413,23.6069482272718,"Malawi","Blantyre","TA Makata",176,6366.324441,"Adults",19610.981268,53
"183",183,42.6429104579291,1.86881468104762e-20,1.32309455607283e-19,4.5629103885549e-07,0.00235673089142014,6318.92376265565,4.755410699243,6322.68153054207,159.979796321413,23.6069482362368,"Malawi","Blantyre","TA Makata",176,6366.324441,"Adults",19610.981268,53
"184",184,42.6429104579291,1.26080475619094e-20,1.0074596202089e-19,4.02675457965385e-07,0.00221395145199913,6318.92387672259,4.75543946536236,6322.68153054207,159.979796321413,23.6069482441484,"Malawi","Blantyre","TA Makata",176,6366.324441,"Adults",19610.981268,53
"185",185,42.6429104579291,9.66298624007488e-21,6.76797863913931e-20,3.55359870433453e-07,0.00207982168075067,6318.92398387632,4.75546648872141,6322.68153054207,159.979796321413,23.6069482511304,"Malawi","Blantyre","TA Makata",176,6366.324441,"Adults",19610.981268,53
"186",186,42.6429104579291,6.8726514238201e-21,4.89622508019559e-20,3.13604007933694e-07,0.00195381762660499,6318.92408453595,4.755491874898,6322.68153054207,159.979796321413,23.606948257292,"Malawi","Blantyre","TA Makata",176,6366.324441,"Adults",19610.981268,53
"187",187,42.6429104579291,4.60681951571343e-21,3.74883356409177e-20,2.76754585913474e-07,0.00183544707064781,6318.92417909518,4.75551572307457,6322.68153054207,159.979796321413,23.6069482627296,"Malawi","Blantyre","TA Makata",176,6366.324441,"Adults",19610.981268,53
"188",188,42.6429104579291,3.61500612212906e-21,2.45939562469643e-20,2.44235082736357e-07,0.00172424760502729,6318.92426792381,4.75553812642554,6322.68153054207,159.979796321413,23.6069482675282,"Malawi","Blantyre","TA Makata",176,6366.324441,"Adults",19610.981268,53
"189",189,42.6429104579291,2.51822494986248e-21,1.81865067129179e-20,2.15536719806639e-07,0.00161978482808256,6318.92435136923,4.75555917248115,6322.68153054207,159.979796321413,23.606948271763,"Malawi","Blantyre","TA Makata",176,6366.324441,"Adults",19610.981268,53
"190",190,42.6429104579291,1.68374946420059e-21,1.39440003217767e-20,1.90210501556622e-07,0.0015216506486723,6318.92442975775,4.75557894346928,6322.68153054207,159.979796321413,23.6069482755002,"Malawi","Blantyre","TA Makata",176,6366.324441,"Adults",19610.981268,53
"191",191,42.6429104579291,1.35710581116892e-21,8.89849887439261e-21,1.67860190759512e-07,0.00142946169310517,6318.92450339589,4.75559751663668,6322.68153054207,159.979796321413,23.6069482787983,"Malawi","Blantyre","TA Makata",176,6366.324441,"Adults",19610.981268,53
"192",192,42.6429104579291,9.18605529653471e-22,6.78448388765418e-21,1.48136089791854e-07,0.00134285780335299,6318.92457257159,4.75561496455161,6322.68153054207,159.979796321413,23.6069482817088,"Malawi","Blantyre","TA Makata",176,6366.324441,"Adults",19610.981268,53
"193",193,42.6429104579291,6.15447715202746e-22,5.18542292187109e-21,1.30729666838438e-07,0.00126150065638728,6318.92463755531,4.75563135538225,6322.68153054207,159.979796321413,23.6069482842773,"Malawi","Blantyre","TA Makata",176,6366.324441,"Adults",19610.981268,53
"194",194,42.6429104579291,4.92820966581082e-22,3.33991100437984e-21,1.15368510972935e-07,0.00118507238419368,6318.92469860115,4.75564675317476,6322.68153054207,159.979796321413,23.606948286544,"Malawi","Blantyre","TA Makata",176,6366.324441,"Adults",19610.981268,53
"195",195,42.6429104579291,3.48502510688271e-22,2.43102765728074e-21,1.01812271348047e-07,0.00111327438876185,6318.92475594779,4.75566121809225,6322.68153054207,159.979796321413,23.6069482885444,"Malawi","Blantyre","TA Makata",176,6366.324441,"Adults",19610.981268,53
"196",196,42.6429104579291,2.37799727680997e-22,1.83277326459725e-21,8.98489405676001e-08,0.0010458261863773,6318.9248098194,4.75567480664759,6322.68153054207,159.979796321413,23.6069482903098,"Malawi","Blantyre","TA Makata",176,6366.324441,"Adults",19610.981268,53
"197",197,42.6429104579291,1.79862119172314e-22,1.24587781882438e-21,7.9291348834491e-08,0.000982464264802897,6318.92486042659,4.75568757193388,6322.68153054207,159.979796321413,23.6069482918677,"Malawi","Blantyre","TA Makata",176,6366.324441,"Adults",19610.981268,53
"198",198,42.6429104579291,1.28363788697869e-22,8.98150161000685e-22,6.99743136391553e-08,0.000922941072145813,6318.9249079672,4.75569956382813,6322.68153054207,159.979796321413,23.6069482932425,"Malawi","Blantyre","TA Makata",176,6366.324441,"Adults",19610.981268,53
"199",199,42.6429104579291,8.88093767313414e-23,6.68101164065622e-22,6.17520656841968e-08,0.000867024052374259,6318.92495262709,4.75571082918571,6322.68153054207,159.979796321413,23.6069482944558,"Malawi","Blantyre","TA Makata",176,6366.324441,"Adults",19610.981268,53
"200",200,42.6429104579291,6.54525586007743e-23,4.66206426313336e-22,5.44959631564327e-08,0.00081449473681217,6318.92499458082,4.75572141202341,6322.68153054207,159.979796321413,23.6069482955265,"Malawi","Blantyre","TA Makata",176,6366.324441,"Adults",19610.981268,53
"201",201,42.6429104579291,4.70308235729563e-23,3.33701171476492e-22,4.80924802545697e-08,0.000765147890982667,6318.9250339924,4.75573135369142,6322.68153054207,159.979796321413,23.6069482964714,"Malawi","Blantyre","TA Makata",176,6366.324441,"Adults",19610.981268,53
"202",202,42.6429104579291,3.2963931126386e-23,2.44971989986747e-22,4.24414309469856e-08,0.000718790713036854,6318.92507101589,4.7557406930348,6322.68153054207,159.979796321413,23.6069482973053,"Malawi","Blantyre","TA Makata",176,6366.324441,"Adults",19610.981268,53
"203",203,42.6429104579291,2.39669737781986e-23,1.73294653818841e-22,3.74544014217836e-08,0.000675242080720869,6318.925105796,4.7557494665453,6322.68153054207,159.979796321413,23.6069482980412,"Malawi","Blantyre","TA Makata",176,6366.324441,"Adults",19610.981268,53
"204",204,42.6429104579291,1.72572048227222e-23,1.23781703241614e-22,3.30533668294049e-08,0.00063433184394278,6318.92513846868,4.7557577085039,6322.68153054207,159.979796321413,23.6069482986906,"Malawi","Blantyre","TA Makata",176,6366.324441,"Adults",19610.981268,53
"205",205,42.6429104579291,1.22020258215856e-23,9.00621864693003e-23,2.91694705372086e-08,0.00059590016017709,6318.92516916163,4.75576545111472,6322.68153054207,159.979796321413,23.6069482992638,"Malawi","Blantyre","TA Makata",176,6366.324441,"Adults",19610.981268,53
"206",206,42.6429104579291,8.80661191540196e-24,6.41836056850827e-23,2.57419468283608e-08,0.000559796870114613,6318.92519799484,4.75577272463085,6322.68153054207,159.979796321413,23.6069482997695,"Malawi","Blantyre","TA Makata",176,6366.324441,"Adults",19610.981268,53
"207",207,42.6429104579291,6.34042546448256e-24,4.58520843218623e-23,2.27171701889075e-08,0.000525880911121725,6318.92522508098,4.75577955747253,6322.68153054207,159.979796321413,23.6069483002159,"Malawi","Blantyre","TA Makata",176,6366.324441,"Adults",19610.981268,53
"208",208,42.6429104579291,4.50862007404489e-24,3.31696828035186e-23,2.00478163067002e-08,0.000494019766220375,6318.92525052593,4.75578597633822,6322.68153054207,159.979796321413,23.6069483006098,"Malawi","Blantyre","TA Makata",176,6366.324441,"Adults",19610.981268,53
"209",209,42.6429104579291,3.24180189800176e-24,2.37281761485558e-23,1.76921216562192e-08,0.000464088946438619,6318.92527442913,4.75579200630886,6322.68153054207,159.979796321413,23.6069483009574,"Malawi","Blantyre","TA Makata",176,6366.324441,"Adults",19610.981268,53
"210",210,42.6429104579291,2.33210641807487e-24,1.69652154847495e-23,1.56132300850067e-08,0.000435971504511536,6318.92529688401,4.75579767094588,6322.68153054207,159.979796321413,23.6069483012641,"Malawi","Blantyre","TA Makata",176,6366.324441,"Adults",19610.981268,53
"211",211,42.6429104579291,1.66424902544012e-24,1.22285861019894e-23,1.37786161786689e-08,0.000409557578034545,6318.92531797834,4.75580299238328,6322.68153054207,159.979796321413,23.6069483015349,"Malawi","Blantyre","TA Makata",176,6366.324441,"Adults",19610.981268,53
"212",212,42.6429104579291,1.19448555685314e-24,8.76360181822929e-24,1.21595763826851e-08,0.000384743960285989,6318.92533779454,4.75580799141406,6322.68153054207,159.979796321413,23.6069483017738,"Malawi","Blantyre","TA Makata",176,6366.324441,"Adults",19610.981268,53
"213",213,42.6429104579291,8.58541941723476e-25,6.27141960437438e-24,1.07307799193399e-08,0.00036143369704373,6318.92535641008,4.75581268757149,6322.68153054207,159.979796321413,23.6069483019846,"Malawi","Blantyre","TA Makata",176,6366.324441,"Adults",19610.981268,53
"214",214,42.6429104579291,6.1399961518239e-25,4.51062173888879e-24,9.46987247362329e-09,0.000339535707821857,6318.92537389769,4.75581709920543,6322.68153054207,159.979796321413,23.6069483021707,"Malawi","Blantyre","TA Makata",176,6366.324441,"Adults",19610.981268,53
"215",215,42.6429104579291,4.40346214418868e-25,3.23504493777408e-24,8.35712644754383e-09,0.000318964430048849,6318.92539032574,4.75582124355401,6322.68153054207,159.979796321413,23.6069483023349,"Malawi","Blantyre","TA Makata",176,6366.324441,"Adults",19610.981268,53
"216",216,42.6429104579291,3.1626931483141e-25,2.31677986823483e-24,7.37513231089103e-09,0.000299639484798032,6318.92540575841,4.75582513681098,6322.68153054207,159.979796321413,23.6069483024798,"Malawi","Blantyre","TA Makata",176,6366.324441,"Adults",19610.981268,53
"217",217,42.6429104579291,2.26471967275491e-25,1.66417988261036e-24,6.50852621945607e-09,0.000281485362765231,6318.92542025602,4.75582879418901,6322.68153054207,159.979796321413,23.6069483026077,"Malawi","Blantyre","TA Makata",176,6366.324441,"Adults",19610.981268,53
"218",218,42.6429104579291,1.62376179867914e-25,1.19388564310583e-24,5.74374963914773e-09,0.000264431129267496,6318.92543387523,4.75583222997908,6322.68153054207,159.979796321413,23.6069483027205,"Malawi","Blantyre","TA Makata",176,6366.324441,"Adults",19610.981268,53
"219",219,42.6429104579291,1.16560541068267e-25,8.55465125178314e-25,5.06883721518861e-09,0.000248410147111028,6318.92544666926,4.75583545760636,6322.68153054207,159.979796321413,23.6069483028201,"Malawi","Blantyre","TA Makata",176,6366.324441,"Adults",19610.981268,53
"220",220,42.6429104579291,8.3526348587786e-26,6.14046835487442e-25,4.47322956748744e-09,0.000233359816246134,6318.92545868811,4.75583848968266,6322.68153054207,159.979796321413,23.606948302908,"Malawi","Blantyre","TA Makata",176,6366.324441,"Adults",19610.981268,53
"221",221,42.6429104579291,5.98841228846548e-26,4.40538223840942e-25,3.94760808326715e-09,0.000219221329192546,6318.92546997875,4.75584133805567,6322.68153054207,159.979796321413,23.6069483029856,"Malawi","Blantyre","TA Makata",176,6366.324441,"Adults",19610.981268,53
"222",222,42.6429104579291,4.29716656460002e-26,3.15778539219267e-25,3.48374912218719e-09,0.000205939441280008,6318.9254805853,4.75584401385531,6322.68153054207,159.979796321413,23.606948303054,"Malawi","Blantyre","TA Makata",176,6366.324441,"Adults",19610.981268,53
"223",223,42.6429104579291,3.08055186954646e-26,2.26572242322651e-25,3.07439535291849e-09,0.000193462254806833,6318.92549054921,4.75584652753716,6322.68153054207,159.979796321413,23.6069483031144,"Malawi","Blantyre","TA Makata",176,6366.324441,"Adults",19610.981268,53
"224",224,42.6429104579291,2.20869389381407e-26,1.62543610002859e-25,2.71314220816012e-09,0.000181741016273483,6318.92549990943,4.75584888892336,6322.68153054207,159.979796321413,23.6069483031677,"Malawi","Blantyre","TA Makata",176,6366.324441,"Adults",19610.981268,53
"225",225,42.6429104579291,1.5845436101566e-26,1.1653893456404e-25,2.39433768162318e-09,0.000170729925899234,6318.92550870252,4.75585110724096,6322.68153054207,159.979796321413,23.6069483032148,"Malawi","Blantyre","TA Makata",176,6366.324441,"Adults",19610.981268,53
"226",226,42.6429104579291,1.13617252577958e-26,8.35990068407346e-26,2.11299389925025e-09,0.000160385958677973,6318.92551696285,4.75585319115797,6322.68153054207,159.979796321413,23.6069483032563,"Malawi","Blantyre","TA Makata",176,6366.324441,"Adults",19610.981268,53
"227",227,42.6429104579291,8.14423189674728e-27,5.99478736904241e-26,1.86469826590093e-09,0.000150668643908541,6318.92552472274,4.75585514882781,6322.68153054207,159.979796321413,23.6069483032929,"Malawi","Blantyre","TA Makata",176,6366.324441,"Adults",19610.981268,53
"228",228,42.6429104579291,5.84375796348485e-27,4.30032594047735e-26,1.64559905001329e-09,0.000141540171196888,6318.92553201239,4.75585698786792,6322.68153054207,159.979796321413,23.6069483033252,"Malawi","Blantyre","TA Makata",176,6366.324441,"Adults",19610.981268,53
"229",229,42.6429104579291,4.19249283942704e-27,3.08547077413041e-26,1.45224570463275e-09,0.000132964770042659,6318.92553886037,4.75585871548477,6322.68153054207,159.979796321413,23.6069483033538,"Malawi","Blantyre","TA Makata",176,6366.324441,"Adults",19610.981268,53
"230",230,42.6429104579291,3.00758479586281e-27,2.21430223952856e-26,1.28161554039998e-09,0.000124908946929419,6318.92554529342,4.7558603384261,6322.68153054207,159.979796321413,23.606948303379,"Malawi","Blantyre","TA Makata",176,6366.324441,"Adults",19610.981268,53
"231",231,42.6429104579291,2.15719458477005e-27,1.58830827995483e-26,1.13103285084022e-09,0.000117341192924099,6318.92555133671,4.75586186303982,6322.68153054207,159.979796321413,23.6069483034012,"Malawi","Blantyre","TA Makata",176,6366.324441,"Adults",19610.981268,53
"232",232,42.6429104579291,1.54726711093475e-27,1.13922606597768e-26,9.98142755202025e-10,0.00011023193883596,6318.92555701386,4.75586329528304,6322.68153054207,159.979796321413,23.6069483034208,"Malawi","Blantyre","TA Makata",176,6366.324441,"Adults",19610.981268,53
"233",233,42.6429104579291,1.10978588261744e-27,8.17203568503987e-27,8.80866529123548e-10,0.000103553406203097,6318.92556234704,4.75586464075211,6322.68153054207,159.979796321413,23.6069483034381,"Malawi","Blantyre","TA Makata",176,6366.324441,"Adults",19610.981268,53
"234",234,42.6429104579291,7.95995411565936e-28,5.86187118752756e-27,7.77369606353172e-10,9.72794994289346e-05,6318.9255673571,4.75586590470434,6322.68153054207,159.979796321413,23.6069483034534,"Malawi","Blantyre","TA Makata",176,6366.324441,"Adults",19610.981268,53
"235",235,42.6429104579291,5.70936159164492e-28,4.20463975953876e-27,6.8603299667344e-10,9.13857039467488e-05,6318.92557206361,4.75586709207851,6322.68153054207,159.979796321413,23.6069483034668,"Malawi","Blantyre","TA Makata",176,6366.324441,"Adults",19610.981268,53
"236",236,42.6429104579291,4.09509921496811e-28,3.01596641630775e-27,6.054279312376e-10,8.58489904100288e-05,6318.92557648497,4.75586820751418,6322.68153054207,159.979796321413,23.6069483034787,"Malawi","Blantyre","TA Makata",176,6366.324441,"Adults",19610.981268,53
"237",237,42.6429104579291,2.9372481937341e-28,2.16334074059191e-27,5.34293513137799e-10,8.06477247118985e-05,6318.92558063845,4.75586925536982,6322.68153054207,159.979796321413,23.6069483034892,"Malawi","Blantyre","TA Makata",176,6366.324441,"Adults",19610.981268,53
"238",238,42.6429104579291,2.10677962739982e-28,1.55174320280858e-27,4.71516993933026e-10,7.57615834556139e-05,6318.92558454028,4.75587023973986,6322.68153054207,159.979796321413,23.6069483034985,"Malawi","Blantyre","TA Makata",176,6366.324441,"Adults",19610.981268,53
"239",239,42.6429104579291,1.51111899845139e-28,1.11304824806223e-27,4.16116366942358e-10,7.1171474545907e-05,6318.92558820572,4.75587116447062,6322.68153054207,159.979796321413,23.6069483035067,"Malawi","Blantyre","TA Makata",176,6366.324441,"Adults",19610.981268,53
"240",240,42.6429104579291,1.08387296609436e-28,7.98377250282524e-28,3.6722500581157e-10,6.68594625911355e-05,6318.92559164907,4.75587203317542,6322.68153054207,159.979796321413,23.6069483035139,"Malawi","Blantyre","TA Makata",176,6366.324441,"Adults",19610.981268,53
"241",241,42.6429104579291,7.77425748170491e-29,5.72665965817074e-28,3.24078107968258e-10,6.28086988247848e-05,6318.92559488381,4.75587284924867,6322.68153054207,159.979796321413,23.6069483035203,"Malawi","Blantyre","TA Makata",176,6366.324441,"Adults",19610.981268,53
"242",242,42.6429104579291,5.57622488030265e-29,4.10765311561053e-28,2.86000730892976e-10,5.90033552725419e-05,6318.92559792256,4.7558736158791,6322.68153054207,159.979796321413,23.6069483035259,"Malawi","Blantyre","TA Makata",176,6366.324441,"Adults",19610.981268,53
"243",243,42.6429104579291,3.99965097747515e-29,2.94635941135428e-28,2.52397234062253e-10,5.54285629077445e-05,6318.9256007772,4.75587433606227,6322.68153054207,159.979796321413,23.6069483035308,"Malawi","Blantyre","TA Makata",176,6366.324441,"Adults",19610.981268,53
"244",244,42.6429104579291,2.86882713339039e-29,2.11337812927556e-28,2.22741961404687e-10,5.20703535535871e-05,6318.92560345889,4.75587501261223,6322.68153054207,159.979796321413,23.6069483035352,"Malawi","Blantyre","TA Makata",176,6366.324441,"Adults",19610.981268,53
"245",245,42.6429104579291,2.05772424240658e-29,1.51589171602461e-28,1.96571018516669e-10,4.89156053051032e-05,6318.9256059781,4.75587564817256,6322.68153054207,159.979796321413,23.6069483035391,"Malawi","Blantyre","TA Makata",176,6366.324441,"Adults",19610.981268,53
"246",246,42.6429104579291,1.47594569148931e-29,1.08732342421102e-28,1.73475016009568e-10,4.59519912576922e-05,6318.92560834469,4.75587624522666,6322.68153054207,159.979796321413,23.6069483035425,"Malawi","Blantyre","TA Makata",176,6366.324441,"Adults",19610.981268,53
"247",247,42.6429104579291,1.05865373152454e-29,7.79918024370955e-29,1.53092665473308e-10,4.31679313418743e-05,6318.92561056789,4.75587680610748,6322.68153054207,159.979796321413,23.6069483035455,"Malawi","Blantyre","TA Makata",176,6366.324441,"Adults",19610.981268,53
"248",248,42.6429104579291,7.59342708519826e-30,5.59421083681012e-29,1.35105127878642e-10,4.05525470760942e-05,6318.92561265639,4.75587733300662,6322.68153054207,159.979796321413,23.6069483035481,"Malawi","Blantyre","TA Makata",176,6366.324441,"Adults",19610.981268,53
"249",249,42.6429104579291,5.44655665841328e-30,4.01262337616321e-29,1.19231026010758e-10,3.80956190607914e-05,6318.92561461836,4.7558778279829,6322.68153054207,159.979796321413,23.6069483035505,"Malawi","Blantyre","TA Makata",176,6366.324441,"Adults",19610.981268,53
"250",250,42.6429104579291,3.90666786623708e-30,2.87817834851314e-29,1.05222042914223e-10,3.57875470476659e-05,6318.92561646146,4.75587829297041,6322.68153054207,159.979796321413,23.6069483035525,"Malawi","Blantyre","TA Makata",176,6366.324441,"Adults",19610.981268,53
"251",251,42.6429104579291,2.80214882092863e-30,2.06446137917931e-29,9.28590374961929e-11,3.36193124281261e-05,6318.92561819289,4.75587872978605,6322.68153054207,159.979796321413,23.6069483035544,"Malawi","Blantyre","TA Makata",176,6366.324441,"Adults",19610.981268,53
"252",252,42.6429104579291,2.00990774134174e-30,1.48079726594081e-29,8.19486165246639e-11,3.15824429943595e-05,6318.92561981942,4.75587914013665,6322.68153054207,159.979796321413,23.606948303556,"Malawi","Blantyre","TA Makata",176,6366.324441,"Adults",19610.981268,53
"253",253,42.6429104579291,1.44165467672795e-30,1.06214607590407e-29,7.2320109397879e-11,2.96689798353437e-05,6318.9256213474,4.75587952562563,6322.68153054207,159.979796321413,23.6069483035574,"Malawi","Blantyre","TA Makata",176,6366.324441,"Adults",19610.981268,53
"254",254,42.6429104579291,1.03406191597644e-30,7.61855694116451e-30,6.38228983615247e-11,2.78714462384552e-05,6318.92562278281,4.75587988775927,6322.68153054207,159.979796321413,23.6069483035587,"Malawi","Blantyre","TA Makata",176,6366.324441,"Adults",19610.981268,53
"255",255,42.6429104579291,7.38735655351745e-31,5.44274798985377e-30,5.63125334174051e-11,2.61821553238079e-05,6318.92562413178,4.75588022808616,6322.68153054207,159.979796321413,23.6069483035598,"Malawi","Blantyre","TA Makata",176,6366.324441,"Adults",19610.981268,53
"256",256,42.6429104579291,5.3191268907819e-31,3.91897008403163e-30,4.97058165949904e-11,2.45964684578809e-05,6318.92562539802,4.75588054754083,6322.68153054207,159.979796321413,23.6069483035607,"Malawi","Blantyre","TA Makata",176,6366.324441,"Adults",19610.981268,53
"257",257,42.6429104579291,3.80319076807447e-31,2.80209005085458e-30,4.38581653132656e-11,2.3105775913378e-05,6318.9256265884,4.7558808478578,6322.68153054207,159.979796321413,23.6069483035616,"Malawi","Blantyre","TA Makata",176,6366.324441,"Adults",19610.981268,53
"258",258,42.6429104579291,2.72245146461982e-31,2.00583943631714e-30,3.86986592775664e-11,2.17054311383602e-05,6318.92562770663,4.75588112997317,6322.68153054207,159.979796321413,23.6069483035624,"Malawi","Blantyre","TA Makata",176,6366.324441,"Adults",19610.981268,53
"259",259,42.6429104579291,1.95004536878982e-31,1.43675435223678e-30,3.41461938903919e-11,2.03899564692074e-05,6318.92562875709,4.75588139499049,6322.68153054207,159.979796321413,23.606948303563,"Malawi","Blantyre","TA Makata",176,6366.324441,"Adults",19610.981268,53
"260",260,42.6429104579291,1.39673791818405e-31,1.02909235133862e-30,3.01292749784763e-11,1.91542071355416e-05,6318.92562974389,4.75588164394622,6322.68153054207,159.979796321413,23.6069483035636,"Malawi","Blantyre","TA Makata",176,6366.324441,"Adults",19610.981268,53
"261",261,42.6429104579291,1.00037648059218e-31,7.37062598699841e-31,2.65849014558554e-11,1.79933513273476e-05,6318.92563067088,4.7558818778138,6322.68153054207,159.979796321413,23.6069483035642,"Malawi","Blantyre","TA Makata",176,6366.324441,"Adults",19610.981268,53
"262",262,42.6429104579291,7.16491928345031e-32,5.2790227717007e-31,2.34574839878515e-11,1.69028500707075e-05,6318.92563154169,4.75588209750765,6322.68153054207,159.979796321413,23.6069483035646,"Malawi","Blantyre","TA Makata",176,6366.324441,"Adults",19610.981268,53
"263",263,42.6429104579291,5.13169412964434e-32,3.7809784061186e-31,2.06979723431291e-11,1.58784394777751e-05,6318.92563235973,4.75588230388678,6322.68153054207,159.979796321413,23.606948303565,"Malawi","Blantyre","TA Makata",176,6366.324441,"Adults",19610.981268,53
"264",264,42.6429104579291,3.67544963798235e-32,2.70803950137149e-31,1.82630864989287e-11,1.49161140762687e-05,6318.92563312818,4.75588249775814,6322.68153054207,159.979796321413,23.6069483035654,"Malawi","Blantyre","TA Makata",176,6366.324441,"Adults",19610.981268,53
"265",265,42.6429104579291,2.63245006312445e-32,1.93957081025931e-31,1.61146378465399e-11,1.40121111480876e-05,6318.92563385007,4.75588267987977,6322.68153054207,159.979796321413,23.6069483035657,"Malawi","Blantyre","TA Makata",176,6366.324441,"Adults",19610.981268,53
"266",266,42.6429104579291,1.88542747200704e-32,1.3891726146245e-31,1.42189302416306e-11,1.31628960170815e-05,6318.9256345282,4.75588285096377,6322.68153054207,159.979796321413,23.606948303566,"Malawi","Blantyre","TA Makata",176,6366.324441,"Adults",19610.981268,53
"267",267,42.6429104579291,1.3503911047352e-32,9.94962585098212e-32,1.25462315158245e-11,1.23651482284585e-05,6318.92563516523,4.7558830116791,6322.68153054207,159.979796321413,23.6069483035662,"Malawi","Blantyre","TA Makata",176,6366.324441,"Adults",19610.981268,53
"268",268,42.6429104579291,9.67184542951053e-33,7.12618757473141e-32,1.10703071591002e-11,1.16157485657917e-05,6318.92563576366,4.75588316265414,6322.68153054207,159.979796321413,23.6069483035665,"Malawi","Blantyre","TA Makata",176,6366.324441,"Adults",19610.981268,53
"269",269,42.6429104579291,6.92722287404992e-33,5.10396531438616e-32,9.76800885925389e-12,1.09117668548633e-05,6318.92563632582,4.75588330447922,6322.68153054207,159.979796321413,23.6069483035666,"Malawi","Blantyre","TA Makata",176,6366.324441,"Adults",19610.981268,53
"270",270,42.6429104579291,4.96145441580894e-33,3.65559561150304e-32,8.61891144511098e-12,1.02504505066597e-05,6318.9256368539,4.75588343770888,6322.68153054207,159.979796321413,23.6069483035668,"Malawi","Blantyre","TA Makata",176,6366.324441,"Adults",19610.981268,53
"271",271,42.6429104579291,3.55352093964999e-33,2.61823456356441e-32,7.60499253932282e-12,9.62921375472123e-06,6318.92563734999,4.75588356286404,6322.68153054207,159.979796321413,23.606948303567,"Malawi","Blantyre","TA Makata",176,6366.324441,"Adults",19610.981268,53
"272",272,42.6429104579291,2.54512301422392e-33,1.87524894766992e-32,6.71034989644345e-12,9.04562754476595e-06,6318.92563781601,4.75588368043408,6322.68153054207,159.979796321413,23.6069483035671,"Malawi","Blantyre","TA Makata",176,6366.324441,"Adults",19610.981268,53
"273",273,42.6429104579291,1.82288260415655e-33,1.34310289703839e-32,5.92095199303223e-12,8.4974100370564e-06,6318.92563825378,4.75588379087869,6322.68153054207,159.979796321413,23.6069483035672,"Malawi","Blantyre","TA Makata",176,6366.324441,"Adults",19610.981268,53
"274",274,42.6429104579291,1.30559549798838e-33,9.61965773688731e-33,5.22441795805211e-12,7.98241768437367e-06,6318.92563866502,4.75588389462972,6322.68153054207,159.979796321413,23.6069483035673,"Malawi","Blantyre","TA Makata",176,6366.324441,"Adults",19610.981268,53
"275",275,42.6429104579291,9.35101182548107e-34,6.88985267907359e-33,4.6098233920048e-12,7.49863685071454e-06,6318.92563905134,4.75588399209284,6322.68153054207,159.979796321413,23.6069483035674,"Malawi","Blantyre","TA Makata",176,6366.324441,"Adults",19610.981268,53
"276",276,42.6429104579291,6.69743620766714e-34,4.93469407810987e-33,4.06752902928113e-12,7.04417593794103e-06,6318.92563941424,4.75588408364912,6322.68153054207,159.979796321413,23.6069483035675,"Malawi","Blantyre","TA Makata",176,6366.324441,"Adults",19610.981268,53
"277",277,42.6429104579291,4.79687697865975e-34,3.53435783198622e-33,3.58902955647709e-12,6.61725798959786e-06,6318.92563975516,4.75588416965656,6322.68153054207,159.979796321413,23.6069483035675,"Malawi","Blantyre","TA Makata",176,6366.324441,"Adults",19610.981268,53
"278",278,42.6429104579291,3.43564742906488e-34,2.53140005949027e-33,3.16682021555054e-12,6.21621374297903e-06,6318.92564007541,4.75588425045145,6322.68153054207,159.979796321413,23.6069483035676,"Malawi","Blantyre","TA Makata",176,6366.324441,"Adults",19610.981268,53
"279",279,42.6429104579291,2.46069967023341e-34,1.81305526484846e-33,2.79427909963036e-12,5.83947510227734e-06,6318.92564037625,4.7558843263497,6322.68153054207,159.979796321413,23.6069483035677,"Malawi","Blantyre","TA Makata",176,6366.324441,"Adults",19610.981268,53
"280",280,42.6429104579291,1.76241688090876e-34,1.29855780594178e-33,2.4655632954123e-12,5.48556900729699e-06,6318.92564065885,4.75588439764808,6322.68153054207,159.979796321413,23.6069483035677,"Malawi","Blantyre","TA Makata",176,6366.324441,"Adults",19610.981268,53
"281",281,42.6429104579291,1.26228867879447e-34,9.30061189056554e-34,2.17551724324478e-12,5.15311167375607e-06,6318.92564092433,4.75588446462536,6322.68153054207,159.979796321413,23.6069483035678,"Malawi","Blantyre","TA Makata",176,6366.324441,"Adults",19610.981268,53
"282",282,42.6429104579291,9.04083908828361e-35,6.66134224397373e-34,1.9195918776297e-12,4.84080318265875e-06,6318.92564117372,4.75588452754343,6322.68153054207,159.979796321413,23.6069483035678,"Malawi","Blantyre","TA Makata",176,6366.324441,"Adults",19610.981268,53
"283",283,42.6429104579291,6.47528369471413e-35,4.77102798792255e-34,1.69377327994238e-12,4.54742239758152e-06,6318.925641408,4.7558845866483,6322.68153054207,159.979796321413,23.6069483035678,"Malawi","Blantyre","TA Makata",176,6366.324441,"Adults",19610.981268,53
"284",284,42.6429104579291,4.63776638966266e-35,3.41713529060972e-34,1.49451972436413e-12,4.27182219000029e-06,6318.92564162808,4.75588464217107,6322.68153054207,159.979796321413,23.6069483035679,"Malawi","Blantyre","TA Makata",176,6366.324441,"Adults",19610.981268,53
"285",285,42.6429104579291,3.32168881515489e-35,2.44744181758453e-34,1.31870612965947e-12,4.01292495398934e-06,6318.92564183482,4.75588469432884,6322.68153054207,159.979796321413,23.6069483035679,"Malawi","Blantyre","TA Makata",176,6366.324441,"Adults",19610.981268,53
"286",286,42.6429104579291,2.37907988771685e-35,1.7529219231588e-34,1.16357504558285e-12,3.76971839275465e-06,6318.92564202903,4.75588474332554,6322.68153054207,159.979796321413,23.6069483035679,"Malawi","Blantyre","TA Makata",176,6366.324441,"Adults",19610.981268,53
"287",287,42.6429104579291,1.70395888951828e-35,1.25548857062449e-34,1.02669340518858e-12,3.54125156052705e-06,6318.92564221147,4.75588478935276,6322.68153054207,159.979796321413,23.6069483035679,"Malawi","Blantyre","TA Makata",176,6366.324441,"Adults",19610.981268,53
"288",288,42.6429104579291,1.22041968654193e-35,8.99213770945487e-35,9.05914364749635e-13,3.32663114433882e-06,6318.92564238285,4.75588483259047,6322.68153054207,159.979796321413,23.6069483035679,"Malawi","Blantyre","TA Makata",176,6366.324441,"Adults",19610.981268,53
"289",289,42.6429104579291,8.74096338856628e-36,6.44040428812223e-35,7.99343632784898e-13,3.12501797114569e-06,6318.92564254385,4.75588487320771,6322.68153054207,159.979796321413,23.606948303568,"Malawi","Blantyre","TA Makata",176,6366.324441,"Adults",19610.981268,53
"290",290,42.6429104579291,6.26050550683688e-36,4.61278600735448e-35,7.05309760101158e-13,2.93562372663697e-06,6318.92564269508,4.75588491136332,6322.68153054207,159.979796321413,23.606948303568,"Malawi","Blantyre","TA Makata",176,6366.324441,"Adults",19610.981268,53
"291",291,42.6429104579291,4.48393704370825e-36,3.30379796300391e-35,6.22337924880699e-13,2.75770787290432e-06,6318.92564283716,4.75588494720647,6322.68153054207,159.979796321413,23.606948303568,"Malawi","Blantyre","TA Makata",176,6366.324441,"Adults",19610.981268,53
"292",292,42.6429104579291,3.21151248009575e-36,2.3662664773115e-35,5.49126801661253e-13,2.59057475291733e-06,6318.92564297062,4.75588498087732,6322.68153054207,159.979796321413,23.606948303568,"Malawi","Blantyre","TA Makata",176,6366.324441,"Adults",19610.981268,53
"293",293,42.6429104579291,2.30016888753428e-36,1.69478190415244e-35,4.84528151422753e-13,2.4335708704843e-06,6318.92564309599,4.75588501250752,6322.68153054207,159.979796321413,23.606948303568,"Malawi","Blantyre","TA Makata",176,6366.324441,"Adults",19610.981268,53
"294",294,42.6429104579291,1.64744087940704e-36,1.21384709293279e-35,4.27528812672987e-13,2.28608233506284e-06,6318.92564321377,4.75588504222075,6322.68153054207,159.979796321413,23.606948303568,"Malawi","Blantyre","TA Makata",176,6366.324441,"Adults",19610.981268,53
"295",295,42.6429104579291,1.17994008233697e-36,8.69389006956176e-36,3.77234811081383e-13,2.14753246142957e-06,6318.92564332441,4.75588507013318,6322.68153054207,159.979796321413,23.606948303568,"Malawi","Blantyre","TA Makata",176,6366.324441,"Adults",19610.981268,53
"296",296,42.6429104579291,8.45103834950595e-37,6.22679121565528e-36,3.3285733843734e-13,2.01737951482343e-06,6318.92564342834,4.75588509635396,6322.68153054207,159.979796321413,23.606948303568,"Malawi","Blantyre","TA Makata",176,6366.324441,"Adults",19610.981268,53
"297",297,42.6429104579291,6.05285391898234e-37,4.45979053722514e-36,2.937003810279e-13,1.89511459274629e-06,6318.92564352597,4.75588512098561,6322.68153054207,159.979796321413,23.606948303568,"Malawi","Blantyre","TA Makata",176,6366.324441,"Adults",19610.981268,53
"298",298,42.6429104579291,4.33521174588033e-37,3.19421847689189e-36,2.59149803398947e-13,1.78025963513843e-06,6318.92564361769,4.75588514412443,6322.68153054207,159.979796321413,23.606948303568,"Malawi","Blantyre","TA Makata",176,6366.324441,"Adults",19610.981268,53
"299",299,42.6429104579291,3.10499166246357e-37,2.2877827006553e-36,2.28663716290288e-13,1.67236555514889e-06,6318.92564370385,4.75588516586091,6322.68153054207,159.979796321413,23.606948303568,"Malawi","Blantyre","TA Makata",176,6366.324441,"Adults",19610.981268,53
"300",300,42.6429104579291,2.22387597698944e-37,1.6385697175832e-36,2.01763977675846e-13,1.57101048319174e-06,6318.92564378478,4.75588518628003,6322.68153054207,159.979796321413,23.606948303568,"Malawi","Blantyre","TA Makata",176,6366.324441,"Adults",19610.981268,53
"301",301,42.6429104579291,1.59279795692828e-37,1.1735864207508e-36,1.78028693611801e-13,1.47579811742266e-06,6318.92564386081,4.75588520546164,6322.68153054207,159.979796321413,23.606948303568,"Malawi","Blantyre","TA Makata",176,6366.324441,"Adults",19610.981268,53
"302",302,42.6429104579291,1.14080342829188e-37,8.40553238817588e-37,1.5708560127638e-13,1.38635617418611e-06,6318.92564393224,4.75588522348072,6322.68153054207,159.979796321413,23.606948303568,"Malawi","Blantyre","TA Makata",176,6366.324441,"Adults",19610.981268,53
"303",303,42.6429104579291,8.17073163364916e-38,6.0202617636087e-37,1.38606230421309e-13,1.30233493237429e-06,6318.92564399933,4.75588524040775,6322.68153054207,159.979796321413,23.606948303568,"Malawi","Blantyre","TA Makata",176,6366.324441,"Adults",19610.981268,53
"304",304,42.6429104579291,5.85209107237422e-38,4.31186865346184e-37,1.22300751663442e-13,1.22340586600626e-06,6318.92564406236,4.7558852563089,6322.68153054207,159.979796321413,23.6069483035681,"Malawi","Blantyre","TA Makata",176,6366.324441,"Adults",19610.981268,53
"305",305,42.6429104579291,4.19142024545364e-38,3.08827289853835e-37,1.07913430817489e-13,1.14926035968072e-06,6318.92564412156,4.75588527124635,6322.68153054207,159.979796321413,23.6069483035681,"Malawi","Blantyre","TA Makata",176,6366.324441,"Adults",19610.981268,53
"306",306,42.6429104579291,3.00200449534972e-38,2.21190167065143e-37,9.52186179758536e-14,1.07960850187967e-06,6318.92564417719,4.7558852852785,6322.68153054207,159.979796321413,23.6069483035681,"Malawi","Blantyre","TA Makata",176,6366.324441,"Adults",19610.981268,53
"307",307,42.6429104579291,2.15011391780955e-38,1.58422171653997e-37,8.40172084285375e-14,1.01417795140487e-06,6318.92564422943,4.75588529846022,6322.68153054207,159.979796321413,23.6069483035681,"Malawi","Blantyre","TA Makata",176,6366.324441,"Adults",19610.981268,53
"308",308,42.6429104579291,1.53996766949748e-38,1.13466094658529e-37,7.41335199163925e-14,9.52712872514716e-07,6318.92564427852,4.75588531084305,6322.68153054207,159.979796321413,23.6069483035681,"Malawi","Blantyre","TA Makata",176,6366.324441,"Adults",19610.981268,53
"309",309,42.6429104579291,1.10296501347263e-38,8.12673787079368e-38,6.54125372407333e-14,8.94972934598041e-07,6318.92564432462,4.75588532247541,6322.68153054207,159.979796321413,23.6069483035681,"Malawi","Blantyre","TA Makata",176,6366.324441,"Adults",19610.981268,53
"310",310,42.6429104579291,7.89972313403511e-39,5.82058178156169e-38,5.77174810139319e-14,8.40732372473382e-07,6318.92564436794,4.75588533340278,6322.68153054207,159.979796321413,23.6069483035681,"Malawi","Blantyre","TA Makata",176,6366.324441,"Adults",19610.981268,53
"311",311,42.6429104579291,5.65798777852202e-39,4.16885259213443e-38,5.09276624194166e-14,7.89779103639577e-07,6318.92564440863,4.75588534366789,6322.68153054207,159.979796321413,23.6069483035681,"Malawi","Blantyre","TA Makata",176,6366.324441,"Adults",19610.981268,53
"312",312,42.6429104579291,4.0523984436945e-39,2.98584103269295e-38,4.49365903352576e-14,7.41913899026054e-07,6318.92564444685,4.75588535331088,6322.68153054207,159.979796321413,23.6069483035681,"Malawi","Blantyre","TA Makata",176,6366.324441,"Adults",19610.981268,53
"313",313,42.6429104579291,2.90243348061918e-39,2.13853727552445e-38,3.96503011335719e-14,6.96949604000446e-07,6318.92564448275,4.75588536236944,6322.68153054207,159.979796321413,23.6069483035681,"Malawi","Blantyre","TA Makata",176,6366.324441,"Adults",19610.981268,53
