time,S_e,E_e,I_e,H_e,C_e,R_e,D_e,inci_e,hosp_e,crits_e,S_a,E_a,I_a,H_a,C_a,R_a,D_a,inci_a,hosp_a,crits_a,S_p,E_p,I_p,H_p,C_p,R_p,D_p,inci_p,hosp_p,crits_p,UID,Lvl1,Lvl2,Lvl3,Lvl4,TA_Code,TA_Code2,Adults_Crit_of_Hosp,Adults_Critical_Care,Adults_FR_of_Crit,Adults_FR_of_Hosp,Adults_Hospitalization,Adults_IFR,Adults_Population,Elderly_Crit_of_Hosp,Elderly_Critical_Care,Elderly_FR_of_Crit,Elderly_FR_of_Hosp,Elderly_Hospitalization,Elderly_IFR,Elderly_Population,Pediatrics_Crit_of_Hosp,Pediatrics_Critical_Care,Pediatrics_FR_of_Crit,Pediatrics_FR_of_Hosp,Pediatrics_Hospitalization,Pediatrics_IFR,Pediatrics_Population,start_day,start_date
35,4623.17488,0,0,0,0,0,0,0,0,0,22654.3746,1,0,0,0,0,0,0,0,0,34318.47559,0,0,0,0,0,0,0,0,0,372,Sub-Saharan Africa,Malawi,Mwanza,TA Kanduku,30601,MW30601,0.1424466,0.003436059,0.2052653,0.02923934,0.02412174,0.000705304,22655.37460,0.3022685,0.03429861,0.5959697,0.1801429,0.1134707,0.02044093, 4623.174880,0.05,9.12e-06,1,0.2227189,0.000182401,4.06e-05, 34318.47559,35,2020-04-07
36,4623.156499920152,0.016033410788816357,0.0021358974769184248,2.2463827779162142e-5,4.280343430781197e-7,1.878731462360173e-4,6.574861454995267e-9,0.018380079848954494,2.391639908804903e-5,4.390665506802768e-7,22654.28400569897,0.8305262521712324,0.22521598964108003,7.722647057734649e-4,9.439319977429888e-6,0.03407029197534698,6.32134422855214e-8,0.0905943010268523,8.40692310837742e-4,9.747279687549044e-6,34318.36614015837,0.09559487814665547,0.012616325852724784,2.122462188683487e-7,6.669701075292228e-10,0.0012384247183169672,1.7156236734855282e-11,0.10944984164804242,2.2592874575363027e-7,6.84126344264078e-10,372,Sub-Saharan Africa,Malawi,Mwanza,TA Kanduku,30601,MW30601,0.1424466,0.003436059,0.2052653,0.02923934,0.02412174,0.000705304,22655.37460,0.3022685,0.03429861,0.5959697,0.1801429,0.1134707,0.02044093, 4623.174880,0.05,9.12e-06,1,0.2227189,0.000182401,4.06e-05, 34318.47559,35,2020-04-07
37,4623.136200879844,0.02973957647482788,0.007420639115039935,1.5200585683363405e-4,5.841412452538966e-6,0.0013608735391108253,1.8375719379167438e-7,0.03867912015545859,1.7235116429078286e-4,6.14974556711119e-6,22654.183034316047,0.7121349885566393,0.3593565171704519,0.002437222440854787,6.123752886034804e-5,0.11757486219250507,8.560555841597193e-7,0.19156568394489504,0.0028963981076835397,6.540801254248873e-5,34318.23941415383,0.18239213943182117,0.04472462754431632,1.4584297300045362e-6,9.213473219326992e-9,0.009057611080781593,4.842956139241403e-10,0.23617584618441784,1.6523851066695592e-6,9.697768833251131e-9,372,Sub-Saharan Africa,Malawi,Mwanza,TA Kanduku,30601,MW30601,0.1424466,0.003436059,0.2052653,0.02923934,0.02412174,0.000705304,22655.37460,0.3022685,0.03429861,0.5959697,0.1801429,0.1134707,0.02044093, 4623.174880,0.05,9.12e-06,1,0.2227189,0.000182401,4.06e-05, 34318.47559,35,2020-04-07
38,4623.114430155229,0.0413126445792132,0.014514984936247364,4.341909954128645e-4,2.5239977344267535e-5,0.004161560543349103,1.2237394070775323e-6,0.06044984477097383,5.244860005937743e-4,2.7293335773525823e-5,22654.074054379376,0.6300954443040732,0.43571813205303445,0.004354900507645084,1.6826960946509503e-4,0.23020519107508333,3.6830696257217324e-6,0.3005456206189265,0.005662145341352098,1.862125819291292e-4,34318.09816847086,0.2602009291134759,0.08924836737147183,4.230971296739612e-6,4.0302044518859574e-8,0.027967958132220614,3.2575511433836442e-9,0.3774215291480608,5.1021632099844775e-6,4.355959566224322e-8,372,Sub-Saharan Africa,Malawi,Mwanza,TA Kanduku,30601,MW30601,0.1424466,0.003436059,0.2052653,0.02923934,0.02412174,0.000705304,22655.37460,0.3022685,0.03429861,0.5959697,0.1801429,0.1134707,0.02044093, 4623.174880,0.05,9.12e-06,1,0.2227189,0.000182401,4.06e-05, 34318.47559,35,2020-04-07
39,4623.090585339289,0.051813510117868666,0.02257664965829171,8.733052029624645e-4,6.813860017604156e-5,0.008958528092260044,4.529037686996943e-6,0.08429466070924586,0.0011238706540278704,7.57380430453635e-5,22653.954203561356,0.5778965886276767,0.47677818845155845,0.00619246132327508,3.261776959016341e-4,0.35919309412076816,9.92842807728865e-6,0.4203964386472566,0.00882184283271183,3.7454645612213227e-4,34317.93849988838,0.33469541153225446,0.1415951922868537,8.643348640585262e-6,1.1015017609674443e-7,0.060790742116646104,1.2176942916122081e-8,0.537090111611514,1.1089891020842588e-5,1.223271190128665e-7,372,Sub-Saharan Africa,Malawi,Mwanza,TA Kanduku,30601,MW30601,0.1424466,0.003436059,0.2052653,0.02923934,0.02412174,0.000705304,22655.37460,0.3022685,0.03429861,0.5959697,0.1801429,0.1134707,0.02044093, 4623.174880,0.05,9.12e-06,1,0.2227189,0.000182401,4.06e-05, 34318.47559,35,2020-04-07
40,4623.0654738616595,0.060804894366257654,0.031040599281192162,0.001453853565630775,1.4245133484635025e-4,0.015952181782627996,1.2158006964644005e-5,0.10940613833751953,0.0019926186454335,1.628517125243497e-4,22653.827708516008,0.5444369928021294,0.4972250814332156,0.007802746510157636,5.233968700160174e-4,0.49688250853448346,2.0757845191288154e-5,0.5468914839951927,0.012187012462580533,6.245237784184025e-4,34317.766011429805,0.40180695662478805,0.19846159711934055,1.4615082192616616e-5,2.33144365916611e-7,0.10929513520742248,3.3014339962068034e-8,0.7095785701924497,1.9938256310190192e-5,2.66158705878679e-7,372,Sub-Saharan Africa,Malawi,Mwanza,TA Kanduku,30601,MW30601,0.1424466,0.003436059,0.2052653,0.02923934,0.02412174,0.000705304,22655.37460,0.3022685,0.03429861,0.5959697,0.1801429,0.1134707,0.02044093, 4623.174880,0.05,9.12e-06,1,0.2227189,0.000182401,4.06e-05, 34318.47559,35,2020-04-07
41,4623.039142419835,0.0686224551236412,0.03947631188469687,0.0021491329706190623,2.5360739674237993e-4,0.02520940284061208,2.6669945682802142e-5,0.1357375801619943,0.0031361954757145915,2.983579028214678e-4,22653.694976860777,0.5247121292406786,0.506149486556956,0.009141275655185596,7.467345729634651e-4,0.6388365027990586,3.701040355253206e-5,0.679623139228394,0.015649256790200714,9.270397855470436e-4,34317.581516177415,0.4626701753834694,0.2570372681376395,2.1937790125669807e-5,4.202034846010683e-7,0.17434394792357233,7.313710440949184e-8,0.894073822575396,3.1804601905881e-5,4.933405890105599e-7,372,Sub-Saharan Africa,Malawi,Mwanza,TA Kanduku,30601,MW30601,0.1424466,0.003436059,0.2052653,0.02923934,0.02412174,0.000705304,22655.37460,0.3022685,0.03429861,0.5959697,0.1801429,0.1134707,0.02044093, 4623.174880,0.05,9.12e-06,1,0.2227189,0.000182401,4.06e-05, 34318.47559,35,2020-04-07
42,4623.011594198776,0.0755557904705443,0.04763803004491507,0.0029288919823039026,4.0433343348301033e-4,0.03670782710169822,5.0928187097696464e-5,0.1632858012200421,0.004549265114935506,4.897877562408561e-4,22653.55616761655,0.5151757612366995,0.5093371359377097,0.010217755124528492,9.840785376128804e-4,0.7826584557828338,5.919684073618699e-5,0.8184323834601197,0.019150719429117502,0.0012724703931100683,34317.38553653324,0.5183886736223776,0.31549053029962437,3.034400274103431e-5,6.780998073279825e-7,0.256143099704592,1.4102214133649259e-7,1.0900534667512838,4.67264417143238e-5,8.191219486644748e-7,372,Sub-Saharan Africa,Malawi,Mwanza,TA Kanduku,30601,MW30601,0.1424466,0.003436059,0.2052653,0.02923934,0.02412174,0.000705304,22655.37460,0.3022685,0.03429861,0.5959697,0.1801429,0.1134707,0.02044093, 4623.174880,0.05,9.12e-06,1,0.2227189,0.000182401,4.06e-05, 34318.47559,35,2020-04-07
43,4622.982806727021,0.08184463423789992,0.05540598155376879,0.003764599658247957,5.949234944458058e-4,0.050375229688685796,8.790434223923691e-5,0.19207327297528742,0.0062207652864852536,7.424215001988451e-4,22653.4112776894,0.5132988773915224,0.5104070423300667,0.011067303001610152,0.001225583315711324,0.927235959912369,8.754465589912433e-5,0.963322310607178,0.02266518228068057,0.0016520784705140316,34317.17837719605,0.5699798483974904,0.37270634487691945,3.95597279263812e-5,1.0095806217381966e-6,0.3544857956250941,2.45733397556679e-7,1.2972128039414497,6.466600831227872e-5,1.255314019294875e-6,372,Sub-Saharan Africa,Malawi,Mwanza,TA Kanduku,30601,MW30601,0.1424466,0.003436059,0.2052653,0.02923934,0.02412174,0.000705304,22655.37460,0.3022685,0.03429861,0.5959697,0.1801429,0.1134707,0.02044093, 4623.174880,0.05,9.12e-06,1,0.2227189,0.000182401,4.06e-05, 34318.47559,35,2020-04-07
44,4622.952741791163,0.08768263661986488,0.06274411345786138,0.004631863732822385,8.237567332897892e-4,0.06611532012742696,1.4051816159179177e-4,0.22213820883285715,0.008137149422965837,0.0010595374476311257,22653.26019379443,0.5172794981780547,0.5115378699866349,0.011734830615782068,0.001463910068617133,1.0722680354248346,1.2206130323746148e-4,1.1144062055771602,0.026186291682965913,0.0020585614940527093,34316.960172427454,0.618355827575464,0.42808816350753987,4.933263987195728e-5,1.4139713458145305e-6,0.4689224383805881,3.9645917209959684e-7,1.5154175725339818,8.554125023023985e-5,1.8104305179141265e-6,372,Sub-Saharan Africa,Malawi,Mwanza,TA Kanduku,30601,MW30601,0.1424466,0.003436059,0.2052653,0.02923934,0.02412174,0.000705304,22655.37460,0.3022685,0.03429861,0.5959697,0.1801429,0.1134707,0.02044093, 4623.174880,0.05,9.12e-06,1,0.2227189,0.000182401,4.06e-05, 34318.47559,35,2020-04-07
45,4622.921351126199,0.0932240621705452,0.0696679064174551,0.005511514915703372,0.0010878549937753722,0.08382602072178619,2.1151457760371008e-4,0.2535288737968688,0.01028463307988397,0.001442763267809623,22653.102725147728,0.5258294717119981,0.5139935785366736,0.012265341866573019,0.0016941157182752198,1.2179297472786643,1.6259716416317234e-4,1.2718748522763468,0.029719233235043094,0.0024862474822079077,34316.730916724504,0.6643235225157573,0.481399136976459,5.9448127474647236e-5,1.8879249044976031e-6,0.5988886778405674,6.021282874144888e-7,1.7446732755134506,1.0924919131288913e-4,2.4900531919120917e-6,372,Sub-Saharan Africa,Malawi,Mwanza,TA Kanduku,30601,MW30601,0.1424466,0.003436059,0.2052653,0.02923934,0.02412174,0.000705304,22655.37460,0.3022685,0.03429861,0.5959697,0.1801429,0.1134707,0.02044093, 4623.174880,0.05,9.12e-06,1,0.2227189,0.000182401,4.06e-05, 34318.47559,35,2020-04-07
46,4622.883755499951,0.10281019664568222,0.07677391280980576,0.006395299804144246,0.0013835243080055732,0.1034581825636048,3.0338391420388545e-4,0.2911245000454463,0.012656566198516014,0.0018925836011271628,22652.91448773749,0.559139235456977,0.5212119212236775,0.012705720470605917,0.0019133349059757881,1.3649331478265925,2.0890263180794948e-4,1.4601122625156366,0.03328223865706395,0.0029310550554991098,34316.45505261213,0.739588388912945,0.5366919442551611,6.980208397330244e-5,2.426428125161869e-6,0.7441839550601902,8.711292279035651e-7,2.020537387869622,1.3575323103461124e-4,3.297557353065436e-6,372,Sub-Saharan Africa,Malawi,Mwanza,TA Kanduku,30601,MW30601,0.1424466,0.003436059,0.2052653,0.02923934,0.02412174,0.000705304,22655.37460,0.3022685,0.03429861,0.5959697,0.1801429,0.1134707,0.02044093, 4623.174880,0.05,9.12e-06,1,0.2227189,0.000182401,4.06e-05, 34318.47559,35,2020-04-07
47,4622.843488706132,0.1123426749249791,0.08448375297762893,0.0072968937568569205,0.0017077887430371364,0.12514182518857045,4.183582726285991e-4,0.3313912938637009,0.015269169536011418,0.0024097678413513616,22652.71325848801,0.5954972982216613,0.5353035675540826,0.013115086029865485,0.002120854132520485,1.515044024109823,2.606819462717862e-4,1.6613415119942248,0.03691930352751421,0.0033908298482005655,34316.15857167928,0.8141154336073212,0.5968139111612032,8.053736125766777e-5,3.025454388657126e-6,0.9060042018785739,1.2112543135589013e-6,2.317018320717057,1.6527153530198843e-4,4.236708702216029e-6,372,Sub-Saharan Africa,Malawi,Mwanza,TA Kanduku,30601,MW30601,0.1424466,0.003436059,0.2052653,0.02923934,0.02412174,0.000705304,22655.37460,0.3022685,0.03429861,0.5959697,0.1801429,0.1134707,0.02044093, 4623.174880,0.05,9.12e-06,1,0.2227189,0.000182401,4.06e-05, 34318.47559,35,2020-04-07
48,4622.800299621912,0.12205315702605234,0.09266565910179218,0.00822746310787707,0.002058999515333892,0.14901659929463076,5.585000383757716e-4,0.37458037808406186,0.018139603338265385,0.0029961277592291304,22652.49779547737,0.6352260948323191,0.5553620616262648,0.013539153419867476,0.0023178404840409686,1.6700417255568174,3.176467169327263e-4,1.8768045226362429,0.040674472768682315,0.003865333981152884,34315.83982027076,0.8895267462945059,0.6606019408620405,9.176131005673516e-5,3.6831011940510145e-6,1.0855439677304795,1.6299338888939678e-6,2.635769729232164,1.9802201171563493e-4,5.313035082944984e-6,372,Sub-Saharan Africa,Malawi,Mwanza,TA Kanduku,30601,MW30601,0.1424466,0.003436059,0.2052653,0.02923934,0.02412174,0.000705304,22655.37460,0.3022685,0.03429861,0.5959697,0.1801429,0.1134707,0.02044093, 4623.174880,0.05,9.12e-06,1,0.2227189,0.000182401,4.06e-05, 34318.47559,35,2020-04-07
49,4622.753938083167,0.13211502620682403,0.10127017085995686,0.009193241822953675,0.0024362939796337864,0.1752014031550427,7.257808056193919e-4,0.42094191683003035,0.021282192281239787,0.0036541089216004545,22652.26685129673,0.6785733779580251,0.5807756869563625,0.014008975890290721,0.0025065893004941396,1.8315045188529437,3.7955432083818587e-4,2.1077487032789555,0.04458661549272414,0.00435568079739199,34315.497102485,0.9670788317337115,0.7275349483767737,1.0352032576240536e-4,4.398539837497126e-6,1.2837636815783546,2.1344365301793614e-006,2.978487514990969,2.341798531159352e-4,6.532976367676489e-6,372,Sub-Saharan Africa,Malawi,Mwanza,TA Kanduku,30601,MW30601,0.1424466,0.003436059,0.2052653,0.02923934,0.02412174,0.000705304,22655.37460,0.3022685,0.03429861,0.5959697,0.1801429,0.1134707,0.02044093, 4623.174880,0.05,9.12e-06,1,0.2227189,0.000182401,4.06e-05, 34318.47559,35,2020-04-07
50,4622.7041480921525,0.1426638949734288,0.11029763644375268,0.010198503634124985,0.00283926541463005,0.20381048062333396,9.221267552997666e-4,0.47073190784457014,0.024710557052479327,0.004386536618685839,22652.019143090543,0.7257568702618904,0.6111409017661301,0.014545746526743033,0.0026899808910295403,2.0008771802942764,4.462297204400136e-4,2.3554569094605102,0.0486911586877708,0.0048638978679370545,34315.12863947673,1.0477895510615296,0.7974982299020518,1.1583739312185485e-4,5.171408044541484e-6,1.5015390015330201,2.731961592240383e-6,3.3469505232593595,2.7390478585749225e-4,7.903369636781868e-6,372,Sub-Saharan Africa,Malawi,Mwanza,TA Kanduku,30601,MW30601,0.1424466,0.003436059,0.2052653,0.02923934,0.02412174,0.000705304,22655.37460,0.3022685,0.03429861,0.5959697,0.1801429,0.1134707,0.02044093, 4623.174880,0.05,9.12e-06,1,0.2227189,0.000182401,4.06e-05, 34318.47559,35,2020-04-07
51,4622.650663028636,0.153810854125493,0.11977898322733474,0.011247033121808464,0.003267842406947619,0.2349628128148428,0.0011494456653527794,0.5242169713617794,0.028438836334989583,0.005196540569543435,22651.75333165954,0.7769892738312247,0.6462085256173723,0.015163974188550103,0.002871151121276874,2.179517840433858,5.175752725489801e-4,2.621268340464832,0.05302128609205297,0.005392645365793509,34314.73254240511,1.1325190302107246,0.8706392898237237,1.2873131035103587e-4,6.001632843320604e-6,1.739751112226656,3.429678820211215e-6,3.7430475948831186,3.173575436216724e-4,9.431311663531818e-6,372,Sub-Saharan Africa,Malawi,Mwanza,TA Kanduku,30601,MW30601,0.1424466,0.003436059,0.2052653,0.02923934,0.02412174,0.000705304,22655.37460,0.3022685,0.03429861,0.5959697,0.1801429,0.1134707,0.02044093, 4623.174880,0.05,9.12e-06,1,0.2227189,0.000182401,4.06e-05, 34318.47559,35,2020-04-07
52,4622.59320176749,0.16565214132091455,0.12976276806676057,0.0123429806385701,0.003722235050781382,0.26878845603465595,0.0014096513950598733,0.5816782325067424,0.03248249965864679,0.0060875422049200476,22651.46800439895,0.832494789886061,0.6858448588687701,0.01587384353205003,0.003053270946568945,2.368735263040283,5.935747818704188e-4,2.906595601055604,0.05760888913485167,0.0059450153469640405,34314.3067908929,1.2220288915807003,0.9472675719796998,1.4222803737887175e-4,6.8893952163801315e-6,1.9993492913409099,4.234766998897848e-6,4.168799107100904,3.6471128168443146e-4,1.112416221527798e-5,372,Sub-Saharan Africa,Malawi,Mwanza,TA Kanduku,30601,MW30601,0.1424466,0.003436059,0.2052653,0.02923934,0.02412174,0.000705304,22655.37460,0.3022685,0.03429861,0.5959697,0.1801429,0.1134707,0.02044093, 4623.174880,0.05,9.12e-06,1,0.2227189,0.000182401,4.06e-05, 34318.47559,35,2020-04-07
53,4622.531465701315,0.17827532736093235,0.1403082133616693,0.01349113276777556,0.004202948398824034,0.30543199288913153,0.0017046839040447438,0.64341429868237765,0.03685877348722638,0.0070633017088073185,22651.16166209281,0.8925174134498836,0.7300077652566408,0.01668276756230214,0.003239429199758418,2.5698162392285586,6.742924978336494e-4,3.2129379071949775,0.06248526232928909,0.006524409651075079,34313.84921691354,1.3170201117160278,1.0277966827523606,1.5636462374657916e-4,7.835229261918483e-6,2.2813869376915896,5.154447011530632e-6,4.626373086459997,4.1615814921556153e-4,1.2989676273449113e-5,372,Sub-Saharan Africa,Malawi,Mwanza,TA Kanduku,30601,MW30601,0.1424466,0.003436059,0.2052653,0.02923934,0.02412174,0.000705304,22655.37460,0.3022685,0.03429861,0.5959697,0.1801429,0.1134707,0.02044093, 4623.174880,0.05,9.12e-06,1,0.2227189,0.000182401,4.06e-05, 34318.47559,35,2020-04-07
54,4622.465136149713,0.19176373537499003,0.1514809353380922,0.01469702472476385,0.004710793476137107,0.34505482898977824,0.002036532382370126,0.7097438502861316,0.04158691845557965,0.008127967843173094,22650.83270708541,0.9573264060456255,0.7787293143814379,0.017596507972682994,0.0034325688905167844,2.784048247142769,7.598701572677704e-4,3.5418929145903,0.06768167527993514,0.0071344617933492204,34313.35749020189,1.4181609246733995,1.1127067267462833,1.7119076321762651e-4,8.840114091359317e-6,2.587045919778227,6.196034287177871e-6,5.118099798109505,4.719137307883705e-4,1.5036148378537186e-5,372,Sub-Saharan Africa,Malawi,Mwanza,TA Kanduku,30601,MW30601,0.1424466,0.003436059,0.2052653,0.02923934,0.02412174,0.000705304,22655.37460,0.3022685,0.03429861,0.5959697,0.1801429,0.1134707,0.02044093, 4623.174880,0.05,9.12e-06,1,0.2227189,0.000182401,4.06e-05, 34318.47559,35,2020-04-07
55,4622.393872054104,0.20619947904495387,0.16335077926365751,0.015966909619434876,0.005246907158061263,0.3878366126013776,0.0024072582072476177,0.7810079458947327,0.046688391830778546,0.00928613634579953,22650.47943249609,1.0272192830305318,0.8321042923318713,0.018619946753895843,0.0036354638274004474,3.012737995145306,8.505228251185219e-4,3.8951675039141245,0.07322983792510322,0.007778993323708505,34312.829104786826,1.5261065026022902,1.2025227977493589,1.8676836199302805e-4,9.905574717147993e-6,2.917651871883021,7.36699900090307e-6,5.646485213170378,5.322198363540494e-4,1.727257371805106e-5,372,Sub-Saharan Africa,Malawi,Mwanza,TA Kanduku,30601,MW30601,0.1424466,0.003436059,0.2052653,0.02923934,0.02412174,0.000705304,22655.37460,0.3022685,0.03429861,0.5959697,0.1801429,0.1134707,0.02044093, 4623.174880,0.05,9.12e-06,1,0.2227189,0.000182401,4.06e-05, 34318.47559,35,2020-04-07
56,4622.317307777016,0.22166570039318567,0.17599070169163253,0.017307714176793106,0.005812760515666433,0.43397632616970183,0.0028190200362848026,0.8575722229832644,0.052186970138421364,0.010542900380637427,22650.10001164736,1.1025240814230186,0.8902816952897393,0.01975764362528325,0.0038507180478854434,3.2572276796880217,9.465345689613091e-4,4.27458835264291,0.0791623060331174,0.008461992184143785,34312.261365384686,1.6415142278694859,1.2978020985249439,2.031707102218292e-4,1.1033751476985742e-5,3.274685409416365,8.675040352273187e-6,6.214224615312843,5.973465468070079e-4,1.970879182925893e-5,372,Sub-Saharan Africa,Malawi,Mwanza,TA Kanduku,30601,MW30601,0.1424466,0.003436059,0.2052653,0.02923934,0.02412174,0.000705304,22655.37460,0.3022685,0.03429861,0.5959697,0.1801429,0.1134707,0.02044093, 4623.174880,0.05,9.12e-06,1,0.2227189,0.000182401,4.06e-05, 34318.47559,35,2020-04-07
57,4622.235050946069,0.23824816223265363,0.1894765232807741,0.01872696632804737,0.006410166391374109,0.48369313678864206,0.0032740989087769582,0.9398290539302683,0.058108841157316835,0.011903900231831029,22649.692487508182,1.1836008439575372,0.9534592019555187,0.021014213381012243,0.004080782786753518,3.518909195497806,0.0010482542402601692,4.682112491818887,0.08551283338650455,0.009187609124474359,34311.65137344035,1.7650551058776545,1.3991284371370845,2.2048120264051585e-4,1.2227456950847507e-5,3.6597901798127483,1.0128167030528579e-5,6.824216559654106,6.675936822680376e-4,2.2355623981376086e-5,372,Sub-Saharan Africa,Malawi,Mwanza,TA Kanduku,30601,MW30601,0.1424466,0.003436059,0.2052653,0.02923934,0.02412174,0.000705304,22655.37460,0.3022685,0.03429861,0.5959697,0.1801429,0.1134707,0.02044093, 4623.174880,0.05,9.12e-06,1,0.2227189,0.000182401,4.06e-05, 34318.47559,35,2020-04-07
58,4622.146680278402,0.25603651636869007,0.20388699996617596,0.02023274739203826,0.007041279731437503,0.5372272543855412,0.0037749237546119674,1.028199721598495,0.06448269880460772,0.013375366438550244,22649.25476190605,1.2708431133011056,1.0218790993967264,0.02239460357992273,0.004327980491749087,3.7992372053318784,0.0011560918537069074,5.11983809395509,0.09231669423755845,0.009960164079071972,34310.99601248695,1.8974233152857314,1.5071099660676888,2.3879229777940103e-4,1.3490208975988926e-5,4.074780214410246,1.1734783280359166e-5,7.479577513053698,7.432921429063628e-4,2.522499225634809e-5,372,Sub-Saharan Africa,Malawi,Mwanza,TA Kanduku,30601,MW30601,0.1424466,0.003436059,0.2052653,0.02923934,0.02412174,0.000705304,22655.37460,0.3022685,0.03429861,0.5959697,0.1801429,0.1134707,0.02044093, 4623.174880,0.05,9.12e-06,1,0.2227189,0.000182401,4.06e-05, 34318.47559,35,2020-04-07
59,4622.0517418332,0.27512574190513045,0.21930442046938667,0.021833679755942373,0.0077086028358888566,0.5948416163611111,0.004324105472397633,1.1231381667998572,0.07133993735774652,0.014964182225910925,22648.784576867976,1.364681908967793,1.095827059820601,0.02390429473811911,0.00459453781872859,4.099744813497928,0.0012705171790309922,5.590023132022202,0.09961106697184346,0.010784172301668435,34310.291921331205,2.0393473754648044,1.6223817049575073,2.582049079661734e-4,1.4826262361833026e-5,4.521653053395566,1.350380738280201e-5,8.183668668795583,8.248063028588745e-4,2.833006974463504e-5,372,Sub-Saharan Africa,Malawi,Mwanza,TA Kanduku,30601,MW30601,0.1424466,0.003436059,0.2052653,0.02923934,0.02412174,0.000705304,22655.37460,0.3022685,0.03429861,0.5959697,0.1801429,0.1134707,0.02044093, 4623.174880,0.05,9.12e-06,1,0.2227189,0.000182401,4.06e-05, 34318.47559,35,2020-04-07
60,4621.939727086695,0.3043933922806063,0.23695108540335438,0.023550622311205863,0.00841517454458248,0.656918209749224,0.004924429017252391,1.2351529133062256,0.0787269288559634,0.016678059414824024,22648.22988818778,1.5090453304976785,1.1812551425475493,0.025561768178511603,0.0048827135115071816,4.422574804988996,0.001392052503683898,6.1447118122279285,0.10744815217681684,0.011664436986852978,34309.46116723652,2.256687425812878,1.754032794051722,2.7896736354541353e-4,1.624099765707216e-5,5.003391890600314,1.544465154853551e-5,9.014422763477658,9.126803476575676e-4,3.168564920560768e-5,372,Sub-Saharan Africa,Malawi,Mwanza,TA Kanduku,30601,MW30601,0.1424466,0.003436059,0.2052653,0.02923934,0.02412174,0.000705304,22655.37460,0.3022685,0.03429861,0.5959697,0.1801429,0.1134707,0.02044093, 4623.174880,0.05,9.12e-06,1,0.2227189,0.000182401,4.06e-05, 34318.47559,35,2020-04-07
61,4621.817061423469,0.33567497908736715,0.25773674950568815,0.025441640456110116,0.009166652551883222,0.7242195397513803,0.005579015180031307,1.3578185765324604,0.0867377801204779,0.01852789219213894,22647.622513944527,1.6634732766154428,1.2825848892732212,0.027424893828422624,0.005195865068282398,4.7718858374039765,0.0015212932922357813,6.752086055481582,0.11592975518550903,0.012607216583788333,34308.55140454951,2.488909049433375,1.90883307404464,3.0177270408860525e-4,1.7745035462874357e-5,5.526106241510666,1.7567768797275163e-5,9.924185450497022,0.0010080287892915963,3.531280426014953e-5,372,Sub-Saharan Africa,Malawi,Mwanza,TA Kanduku,30601,MW30601,0.1424466,0.003436059,0.2052653,0.02923934,0.02412174,0.000705304,22655.37460,0.3022685,0.03429861,0.5959697,0.1801429,0.1134707,0.02044093, 4623.174880,0.05,9.12e-06,1,0.2227189,0.000182401,4.06e-05, 34318.47559,35,2020-04-07
62,4621.68259706231,0.3694695929258372,0.28144864516156576,0.027554578220503296,0.009971976836502468,0.7975466182888019,0.0062915262571288846,1.49228293769034,0.095470241419235,0.02052876564158582,22646.956765538518,1.8304186381265277,1.3986941150777723,0.029541035762861077,0.005538808349170063,5.15198292441629,0.0016589397605461086,7.417834461493168,0.12516099597969985,0.013620738225023934,34307.55412238732,2.7397259572779173,2.085225189750332,3.271929429744862e-4,1.9355546661861557e-5,6.096150031819791,1.9885341181970985e-5,10.921467612678851,0.0011120106998511376,3.9240887843832555e-5,372,Sub-Saharan Africa,Malawi,Mwanza,TA Kanduku,30601,MW30601,0.1424466,0.003436059,0.2052653,0.02923934,0.02412174,0.000705304,22655.37460,0.3022685,0.03429861,0.5959697,0.1801429,0.1134707,0.02044093, 4623.174880,0.05,9.12e-06,1,0.2227189,0.000182401,4.06e-05, 34318.47559,35,2020-04-07
63,4621.535113244071,0.4062163909905887,0.30804176034351677,0.029923336273002112,0.010841861940190767,0.8776770398751474,0.007066366507214623,1.6397667559296607,0.1050181092194809,0.02269878437637271,22646.226594347176,2.01204095068704,1.5293042258390672,0.031943168207852896,0.005917099351446778,5.5669943819551415,0.0018058267919305194,8.14800565283248,0.1352424062777384,0.014714625245645742,34306.46026800623,3.012404869362934,2.282893513616883,3.5563439557393354e-4,2.1093278208047792e-5,6.719624471164659,2.2411953344857175e-5,12.015321993771595,0.0012257390266320332,4.350523155290498e-5,372,Sub-Saharan Africa,Malawi,Mwanza,TA Kanduku,30601,MW30601,0.1424466,0.003436059,0.2052653,0.02923934,0.02412174,0.000705304,22655.37460,0.3022685,0.03429861,0.5959697,0.1801429,0.1134707,0.02044093, 4623.174880,0.05,9.12e-06,1,0.2227189,0.000182401,4.06e-05, 34318.47559,35,2020-04-07
64,4621.37329565226,0.4463269840254798,0.33758781148469497,0.03257478415022497,0.011787900995462583,0.9653980944648994,0.007908772619613303,1.8015843477403755,0.11547567646024746,0.025058328367212016,22645.425489670768,2.210366057223511,1.674725113566375,0.034657158216556974,0.006336615821045713,6.021062448243001,0.001962936172215222,8.949110329242705,0.14627469349521763,0.015899538400825253,34305.26009434547,3.310006179671215,2.5023857522850723,3.874198587694995e-4,2.298078201890308e-5,7.402668157041589,2.5164901147769844e-5,13.215495654539804,0.001350333522102958,4.814568316667293e-5,372,Sub-Saharan Africa,Malawi,Mwanza,TA Kanduku,30601,MW30601,0.1424466,0.003436059,0.2052653,0.02923934,0.02412174,0.000705304,22655.37460,0.3022685,0.03429861,0.5959697,0.1801429,0.1134707,0.02044093, 4623.174880,0.05,9.12e-06,1,0.2227189,0.000182401,4.06e-05, 34318.47559,35,2020-04-07
65,4621.195717993233,0.4902085264351406,0.3702417534910543,0.03553325158915765,0.012822112453816016,1.0615314989281424,0.008824863870569778,1.9791620067678812,0.12694100274293496,0.027629683829625516,22644.546387386617,2.4273998823938725,1.8356873048454412,0.03770648605756187,0.006803355633069058,6.518484181942098,0.002131402521458701,9.828212613393502,0.15836224859708045,0.017187003144161776,34303.943023532076,3.6355556110996456,2.744864708977278,4.2284198046121127e-4,2.504151510847375e-5,8.151670099988802,2.8164366344171633e-5,14.532566467927632,0.001486959609514119,5.320588145264539e-5,372,Sub-Saharan Africa,Malawi,Mwanza,TA Kanduku,30601,MW30601,0.1424466,0.003436059,0.2052653,0.02923934,0.02412174,0.000705304,22655.37460,0.3022685,0.03429861,0.5959697,0.1801429,0.1134707,0.02044093, 4623.174880,0.05,9.12e-06,1,0.2227189,0.000182401,4.06e-05, 34318.47559,35,2020-04-07
66,4621.00082382875,0.5382796011239247,0.40622270387056614,0.03882313815658274,0.01395683240858371,1.1669522229144647,0.009821672776574244,2.174056171250697,0.13951833789179802,0.030436986981163892,22643.581579875772,2.665206659497872,2.013245882647968,0.04111497560194811,0.007323403657280995,7.06381668646571,0.002312516380261329,10.793020124251042,0.17161574942797025,0.018589391528885817,34302.49751221183,3.992162367014074,3.0119670045014955,4.621942420448444e-4,2.7299620087892848e-5,8.97342748928444,3.14335260673403e-5,15.978077788188207,0.0016368571651495078,5.873314615523314e-5,372,Sub-Saharan Africa,Malawi,Mwanza,TA Kanduku,30601,MW30601,0.1424466,0.003436059,0.2052653,0.02923934,0.02412174,0.000705304,22655.37460,0.3022685,0.03429861,0.5959697,0.1801429,0.1134707,0.02044093, 4623.174880,0.05,9.12e-06,1,0.2227189,0.000182401,4.06e-05, 34318.47559,35,2020-04-07
67,4620.767430375145,0.6080560987811358,0.4479983285734714,0.042493144860844656,0.015205133322177388,1.2827897705884614,0.01090714873128991,2.407449624857381,0.15334375903727793,0.033506648871189204,22642.426203545037,3.01048905908682,2.2195925705805357,0.044932270161936225,0.00790315513398551,7.662971676440929,0.002507723588900511,11.948396454993103,0.18617918345465315,0.020120142559042303,34300.76644953075,4.50974428978176,3.322004759291606,5.060597766125283e-4,2.9780743843747664e-5,9.87682058110128,3.499857094735423e-5,17.709140469266043,0.0018016460724345667,6.47793147911019e-5,372,Sub-Saharan Africa,Malawi,Mwanza,TA Kanduku,30601,MW30601,0.1424466,0.003436059,0.2052653,0.02923934,0.02412174,0.000705304,22655.37460,0.3022685,0.03429861,0.5959697,0.1801429,0.1134707,0.02044093, 4623.174880,0.05,9.12e-06,1,0.2227189,0.000182401,4.06e-05, 34318.47559,35,2020-04-07
68,4620.506317392997,0.6846734594171188,0.4975931749135622,0.04666715189092226,0.016584979385396884,1.410953458424848,0.012090382972611755,2.6685626070044606,0.16865104442647455,0.036871888220882575,22641.133622131772,3.3896557005986376,2.4647297080794255,0.04928735216923106,0.008551392619600747,8.326035052810186,0.002718661977765744,13.240977868254843,0.20229920279587163,0.02179601788147279,34298.82978797594,5.078055270459005,3.690002008468551,5.559178909344274e-4,3.2520224517648566e-5,10.877117417564872,3.888945689851882e-5,19.64580202406477,0.0019841115192577754,7.14096814161674e-5,372,Sub-Saharan Africa,Malawi,Mwanza,TA Kanduku,30601,MW30601,0.1424466,0.003436059,0.2052653,0.02923934,0.02412174,0.000705304,22655.37460,0.3022685,0.03429861,0.5959697,0.1801429,0.1134707,0.02044093, 4623.174880,0.05,9.12e-06,1,0.2227189,0.000182401,4.06e-05, 34318.47559,35,2020-04-07
69,4620.213913230991,0.7695449711836446,0.5549496385396749,0.051456138480196284,0.0181209064699672,1.5535130571367985,0.013382057200097422,2.9609667690103794,0.18569164144481418,0.04057516412786059,22639.686153981096,3.809698614742085,2.7483559128843904,0.054295823717379496,0.009280129412687787,9.06386830066888,0.0029472375033573915,14.688446018928778,0.2202409296514064,0.023638316126941932,34296.661037008744,5.7075797134970605,4.115538250944024,6.130939040423618e-4,3.556639797256782e-5,11.99074322512521,4.3141393841673574e-5,21.814552991262143,0.0021872497403271902,7.870779181424142e-5,372,Sub-Saharan Africa,Malawi,Mwanza,TA Kanduku,30601,MW30601,0.1424466,0.003436059,0.2052653,0.02923934,0.02412174,0.000705304,22655.37460,0.3022685,0.03429861,0.5959697,0.1801429,0.1134707,0.02044093, 4623.174880,0.05,9.12e-06,1,0.2227189,0.000182401,4.06e-05, 34318.47559,35,2020-04-07
70,4619.886293479671,0.8640408557475985,0.6203685979026883,0.05695047415753693,0.01984161471074849,1.7125901304806235,0.014794847331720132,3.288586520330916,0.2047212346801977,0.04466644612704386,22638.06437166906,4.277397251396306,3.0719474778593288,0.060051771951529075,0.010103425477271027,9.88753271175509,0.0031956925263622996,16.310228330965884,0.24027384441071822,0.02567202146676511,34294.231089595785,6.408482166713269,4.600850625045045,6.786672173930957e-4,3.897584324558993e-5,13.234402173222538,4.779618626885725e-5,24.244500404227757,0.00241410780768204,8.677202951444722e-5,372,Sub-Saharan Africa,Malawi,Mwanza,TA Kanduku,30601,MW30601,0.1424466,0.003436059,0.2052653,0.02923934,0.02412174,0.000705304,22655.37460,0.3022685,0.03429861,0.5959697,0.1801429,0.1134707,0.02044093, 4623.174880,0.05,9.12e-06,1,0.2227189,0.000182401,4.06e-05, 34318.47559,35,2020-04-07
71,4619.519110893164,0.9695600474198097,0.6944191487441692,0.06323334549908356,0.021778525993730338,1.8904343643726753,0.016343674808435342,3.6557691068379037,0.22600979541710772,0.049202193352046265,22636.246755061456,4.79967368426222,3.4383109010453166,0.06664187697064777,0.011036679657852646,10.808715148268593,0.00346664836357347,18.1278449385682,0.2626823800776619,0.02792530312988357,34291.507702446404,7.191139807542333,5.150164619939071,7.536313888226881e-4,4.281053171332082e-5,14.625733781133404,5.2903068284935776e-5,26.967887553603624,0.002667903388787821,9.571359999825663e-5,372,Sub-Saharan Africa,Malawi,Mwanza,TA Kanduku,30601,MW30601,0.1424466,0.003436059,0.2052653,0.02923934,0.02412174,0.000705304,22655.37460,0.3022685,0.03429861,0.5959697,0.1801429,0.1134707,0.02044093, 4623.174880,0.05,9.12e-06,1,0.2227189,0.000182401,4.06e-05, 34318.47559,35,2020-04-07
72,4619.107526539553,1.0875828574923259,0.777886154004999,0.07038919665787274,0.02396528557528569,2.0894840806356654,0.01804588608440242,4.067353460450551,0.24984936974183689,0.05424515732783018,22634.209350472458,5.383853206115532,3.851322737834103,0.07415427373205778,0.012096388562748105,11.840059785576893,0.0037631357456652283,20.165249527566992,0.2877741331648862,0.03042942266868431,34288.45498535861,8.06653313426566,5.769305235064836,8.389947684981538e-4,4.713683889309547e-5,16.183821621158334,5.8519300321552816e-5,30.020604641396545,0.0029521175527911204,1.0565613921464833e-4,372,Sub-Saharan Africa,Malawi,Mwanza,TA Kanduku,30601,MW30601,0.1424466,0.003436059,0.2052653,0.02923934,0.02412174,0.000705304,22655.37460,0.3022685,0.03429861,0.5959697,0.1801429,0.1134707,0.02044093, 4623.174880,0.05,9.12e-06,1,0.2227189,0.000182401,4.06e-05, 34318.47559,35,2020-04-07
73,4618.646140400233,1.219711350754409,0.8717426417023166,0.07850912332414178,0.026437799498862005,2.312417268349642,0.019921416137686845,4.528739599767058,0.27656050396142834,0.059864693748161654,22631.925427113696,6.037864108661004,4.3157925647754505,0.0826842100087358,0.013300169713403894,12.995443210473077,0.004088622684904841,22.449172886316575,0.31588663725287885,0.03321889287267552,34285.03288647475,9.046545500445431,6.465492406704558,9.358448187744943e-4,5.202561371768396e-5,17.92961303696113,6.471071231399839e-5,33.442703525255915,0.0032705713394081412,1.1673632603168238e-4,372,Sub-Saharan Africa,Malawi,Mwanza,TA Kanduku,30601,MW30601,0.1424466,0.003436059,0.2052653,0.02923934,0.02412174,0.000705304,22655.37460,0.3022685,0.03429861,0.5959697,0.1801429,0.1134707,0.02044093, 4623.174880,0.05,9.12e-06,1,0.2227189,0.000182401,4.06e-05, 34318.47559,35,2020-04-07
74,4618.084964585656,1.4062525566044903,0.9820654668573632,0.08774539542511568,0.029235534590972095,2.56262347803041,0.02199298283711977,5.089915414345422,0.30655214706173595,0.0661383886070735,22629.14753945745,6.961228910104583,4.861795755659094,0.09239140408012432,0.014667409812668102,14.292530015199395,0.004447047712501559,25.22706054256827,0.3474504083709531,0.03633228796061399,34280.87064556659,10.430134894572452,7.283800604435355,0.0010459981817456322,5.755473842749056e-5,19.889833829139008,7.155234851747358e-5,37.604944433415504,0.0036281399206449035,1.2910708694496427e-4,372,Sub-Saharan Africa,Malawi,Mwanza,TA Kanduku,30601,MW30601,0.1424466,0.003436059,0.2052653,0.02923934,0.02412174,0.000705304,22655.37460,0.3022685,0.03429861,0.5959697,0.1801429,0.1134707,0.02044093, 4623.174880,0.05,9.12e-06,1,0.2227189,0.000182401,4.06e-05, 34318.47559,35,2020-04-07
75,4617.443797943379,1.6162471130098315,1.1142872527005483,0.09842932980989888,0.03241106038165956,2.845420645287822,0.024286655433889026,5.7310820566236,0.34047424687131056,0.07316255401277703,22625.973695926503,8.00069242769684,5.5162194708431205,0.10362406722915869,0.016223999212755295,15.759301191433007,0.004842917102961535,28.400904073517747,0.3831495294068494,0.03981745170064064,34276.1151103104,11.98767656611083,8.264525633888363,0.001173406048412803,6.382794380297144e-5,22.106961125272722,7.913034989555102e-5,42.36047968961402,0.00403257192238324,1.4295829369852256e-4,372,Sub-Saharan Africa,Malawi,Mwanza,TA Kanduku,30601,MW30601,0.1424466,0.003436059,0.2052653,0.02923934,0.02412174,0.000705304,22655.37460,0.3022685,0.03429861,0.5959697,0.1801429,0.1134707,0.02044093, 4623.174880,0.05,9.12e-06,1,0.2227189,0.000182401,4.06e-05, 34318.47559,35,2020-04-07
76,4616.710611793212,1.8543583406212367,1.2693998142421958,0.11088118687770754,0.036034716231099245,3.1667610464197975,0.026833102397754955,6.464268206789743,0.3790500139491186,0.08105898910563453,22622.344354886765,9.179336646736457,6.283969022848033,0.11671884396502909,0.018004648148457557,17.42693443337492,0.005281518179924796,32.030245113252725,0.42374514585591055,0.043734852814929635,34270.67706366927,13.753758946405537,9.415025487374873,0.0013218876467806634,7.098401101060929e-5,24.628261479227987,8.754608423781981e-5,47.79852633075042,0.004492489551749233,1.585300952484292e-4,372,Sub-Saharan Africa,Malawi,Mwanza,TA Kanduku,30601,MW30601,0.1424466,0.003436059,0.2052653,0.02923934,0.02412174,0.000705304,22655.37460,0.3022685,0.03429861,0.5959697,0.1801429,0.1134707,0.02044093, 4623.174880,0.05,9.12e-06,1,0.2227189,0.000182401,4.06e-05, 34318.47559,35,2020-04-07
77,4615.871830766584,2.125441858830951,1.449327516422199,0.12539332113440174,0.040190084085812906,3.5330277030794557,0.029668749865046997,7.303049233417818,0.42305052530184944,0.08997239661788788,22618.192319225847,10.52119524167417,7.174566499468506,0.13198307004551302,0.020050642828869602,19.328716202759487,0.005769117395300304,36.18228077417175,0.47004874561977955,0.04815630606225731,34264.45581664864,15.764396750446595,10.7495746019423,0.0014949293692237088,7.918784087148519e-5,27.504130961800875,9.691998018822957e-5,54.01977335138005,0.005017085790417992,1.7610782105971482e-4,372,Sub-Saharan Africa,Malawi,Mwanza,TA Kanduku,30601,MW30601,0.1424466,0.003436059,0.2052653,0.02923934,0.02412174,0.000705304,22655.37460,0.3022685,0.03429861,0.5959697,0.1801429,0.1134707,0.02044093, 4623.174880,0.05,9.12e-06,1,0.2227189,0.000182401,4.06e-05, 34318.47559,35,2020-04-07
78,4614.912051502421,2.4347423751753903,1.6567705910410315,0.14226041945814444,0.0449716437072786,3.9512468060478114,0.03283666215218393,8.262828497581792,0.4733220932649043,0.10006951554905831,22613.44134408003,12.052227570860186,8.201374959410593,0.14972658238647638,0.02240868332889324,21.501205013043517,0.006313110960002293,40.93325591998958,0.5229509623569162,0.053164543963897255,34257.3371218222,18.058490599208756,12.288201815616477,0.0016960453083782552,8.862582784343981e-5,30.789883697411746,1.0739444128489848e-4,61.13846817781449,0.005616450690945008,1.9602026912833836e-4,372,Sub-Saharan Africa,Malawi,Mwanza,TA Kanduku,30601,MW30601,0.1424466,0.003436059,0.2052653,0.02923934,0.02412174,0.000705304,22655.37460,0.3022685,0.03429861,0.5959697,0.1801429,0.1134707,0.02044093, 4623.174880,0.05,9.12e-06,1,0.2227189,0.000182401,4.06e-05, 34318.47559,35,2020-04-07
79,4613.813745986411,2.7880556496202398,1.8951301459615912,0.16180003197637402,0.05048443059370436,4.429276422102574,0.03638733333677797,9.361134013591212,0.5308100588612811,0.11154010731146022,22608.004668619877,13.80112025033068,9.381227027049865,0.17028331484577136,0.025130714238799107,23.985247913383454,0.006922160296912704,46.36993138014539,0.5834466149550275,0.058853707345343176,34249.19097294362,20.679028347702083,14.056134225977424,0.0019290220550573093,9.950518408232381e-5,34.54730681900058,1.1913646551980758e-4,69.28461705638475,0.006301855047099924,2.1864164960213147e-4,372,Sub-Saharan Africa,Malawi,Mwanza,TA Kanduku,30601,MW30601,0.1424466,0.003436059,0.2052653,0.02923934,0.02412174,0.000705304,22655.37460,0.3022685,0.03429861,0.5959697,0.1801429,0.1134707,0.02044093, 4623.174880,0.05,9.12e-06,1,0.2227189,0.000182401,4.06e-05, 34318.47559,35,2020-04-07
80,4612.5569477736935,3.1918637473609643,2.1684900186666565,0.18436722762521954,0.05684498270433633,4.975986746869696,0.04037950308290147,10.617932226309726,0.5965811081931366,0.12459927135844313,22601.783463203203,15.799956460087945,10.734334874058844,0.19402671220581866,0.02827439412394947,26.826938024708657,0.007606331637345435,52.59113679682248,0.6526581914708433,0.06533049487427323,34239.86927758647,23.674088300110675,16.083662657494965,0.0021980934462919547,1.1205580560265496e-4,38.84611896633767,1.3234034498894423e-4,78.60631241354021,0.007086016458123926,2.4439615059159927e-4,372,Sub-Saharan Africa,Malawi,Mwanza,TA Kanduku,30601,MW30601,0.1424466,0.003436059,0.2052653,0.02923934,0.02412174,0.000705304,22655.37460,0.3022685,0.03429861,0.5959697,0.1801429,0.1134707,0.02044093, 4623.174880,0.05,9.12e-06,1,0.2227189,0.000182401,4.06e-05, 34318.47559,35,2020-04-07
81,4611.194157665189,3.587461186723116,2.473202556873246,0.2102792551890978,0.0641814418447862,5.60071685060927,0.04488104357270962,11.980722334812173,0.6717531923862764,0.139489034785685,22595.0376144085,17.758138887289913,12.242639427073291,0.22129044498953268,0.031903145518054225,30.074636438893563,0.008377247762084797,59.33698559152635,0.7317621045258385,0.0727149522973043,34229.76143417501,26.608251379697602,18.343733267848183,0.0025070423390762472,1.2653047155670316e-4,43.75939037404267,1.4723060073642516e-4,88.71415582499976,0.007982263784938801,2.737610722931283e-4,372,Sub-Saharan Africa,Malawi,Mwanza,TA Kanduku,30601,MW30601,0.1424466,0.003436059,0.2052653,0.02923934,0.02412174,0.000705304,22655.37460,0.3022685,0.03429861,0.5959697,0.1801429,0.1134707,0.02044093, 4623.174880,0.05,9.12e-06,1,0.2227189,0.000182401,4.06e-05, 34318.47559,35,2020-04-07
82,4609.654530089102,4.038981833659029,2.8076925550760774,0.23962731240841414,0.07262046275667676,6.311458310967631,0.049969436030329474,13.520349910898105,0.7572666330727051,0.15646606099821392,22587.416441153033,19.993128940999057,13.898340315893345,0.25217033172610614,0.03607966273218564,33.769191426017244,0.00924816962872469,66.95815884699657,0.8217478289532005,0.081134377916509,34218.34197838909,29.957200461555676,20.824663532697024,0.002856956409879536,1.431790259384492e-4,49.34858341767135,1.6406355941895508e-4,100.13361161091922,0.00900180811702761,3.072425853574043e-4,372,Sub-Saharan Africa,Malawi,Mwanza,TA Kanduku,30601,MW30601,0.1424466,0.003436059,0.2052653,0.02923934,0.02412174,0.000705304,22655.37460,0.3022685,0.03429861,0.5959697,0.1801429,0.1134707,0.02044093, 4623.174880,0.05,9.12e-06,1,0.2227189,0.000182401,4.06e-05, 34318.47559,35,2020-04-07
83,4607.916347175013,4.5514776728970014,3.1790854898625565,0.27261350360263126,0.08228280684464968,7.11734203421132,0.055731317569906715,15.258532824988013,0.8542039871518305,0.1757964830766908,22578.812449448884,22.52992869699675,15.736705465910013,0.28687890925332576,0.04086372622443809,37.957539833551834,0.010233919205798582,75.56215055114208,0.9237544894827525,0.09072076102670903,34205.449826420525,33.75840729663874,23.57930408979827,0.003250245594353849,1.6223968728258794e-4,55.684456581903774,1.8312585340284426e-4,113.02576357947575,0.010157556408062483,3.453655406854322e-4,372,Sub-Saharan Africa,Malawi,Mwanza,TA Kanduku,30601,MW30601,0.1424466,0.003436059,0.2052653,0.02923934,0.02412174,0.000705304,22655.37460,0.3022685,0.03429861,0.5959697,0.1801429,0.1134707,0.02044093, 4623.174880,0.05,9.12e-06,1,0.2227189,0.000182401,4.06e-05, 34318.47559,35,2020-04-07
84,4605.954931945539,5.13132361137615,3.5941676584637063,0.3095932988251107,0.09329528114974166,8.02930573180646,0.062262472840135225,17.21994805446125,0.9638719574707433,0.19776782873082702,22569.103500800695,25.400087311267402,17.791323179959665,0.3257901055624776,0.046318122431413505,42.69622960185262,0.01135087825822053,85.27109919933172,1.0391570502978376,0.1016166958299399,34190.90194609775,38.0591560401805,26.65798997014531,0.0036911483253955018,1.8396259455228116e-4,62.852418046609486,2.0473439277717012e-4,127.573643902248,0.011465088071984516,3.886969873294513e-4,372,Sub-Saharan Africa,Malawi,Mwanza,TA Kanduku,30601,MW30601,0.1424466,0.003436059,0.2052653,0.02923934,0.02412174,0.000705304,22655.37460,0.3022685,0.03429861,0.5959697,0.1801429,0.1134707,0.02044093, 4623.174880,0.05,9.12e-06,1,0.2227189,0.000182401,4.06e-05, 34318.47559,35,2020-04-07
85,4603.74239384865,5.786110777834389,4.059783018807586,0.3510382860506554,0.10579941470083026,9.060086010016462,0.06966864394141127,19.432486151351277,1.0877973451035177,0.22269905564131973,22558.151553488315,28.64117241390379,20.09606626592326,0.3694000381369639,0.05251294553280225,48.051277721341634,0.01261712687447965,96.22304651171282,1.169562050210714,0.11398035806906463,34174.49146932319,42.91575193593049,30.11148402166478,0.004185287452432939,2.0862691865615026e-4,70.95226156579662,2.292390452056617e-4,143.98412067680817,0.012942606729669168,4.3786596386181193e-4,372,Sub-Saharan Africa,Malawi,Mwanza,TA Kanduku,30601,MW30601,0.1424466,0.003436059,0.2052653,0.02923934,0.02412174,0.000705304,22655.37460,0.3022685,0.03429861,0.5959697,0.1801429,0.1134707,0.02044093, 4623.174880,0.05,9.12e-06,1,0.2227189,0.000182401,4.06e-05, 34318.47559,35,2020-04-07
86,4601.247320513254,6.524617112402388,4.5831135043028155,0.39751665661446717,0.11995714029641573,10.224288241381613,0.07806683174884835,21.927559486746492,1.227733555763799,0.2509484167805194,22545.801137874565,32.29662399651364,22.686479305633718,0.4183064725564712,0.05952841411171326,54.09847127074583,0.01405266589994201,108.57346212546119,1.3168144420426842,0.1279894053262148,34155.98540560547,48.39330327988412,33.99305607148715,0.00473943758794468,2.3655206821761958e-4,80.09859202656301,2.570269419700294e-4,162.4901843945324,0.01461101779169765,4.935790101876491e-4,372,Sub-Saharan Africa,Malawi,Mwanza,TA Kanduku,30601,MW30601,0.1424466,0.003436059,0.2052653,0.02923934,0.02412174,0.000705304,22655.37460,0.3022685,0.03429861,0.5959697,0.1801429,0.1134707,0.02044093, 4623.174880,0.05,9.12e-06,1,0.2227189,0.000182401,4.06e-05, 34318.47559,35,2020-04-07
87,4598.434388902397,7.356833231067105,5.171904112480237,0.44968450599383836,0.1359551748085395,11.538527002088612,0.08758707116257373,24.740491097600845,1.3856762467000836,0.28292081947566544,22531.877433091435,36.41588174920634,25.600892464986096,0.47319966099117683,0.0674570422726839,60.92405627084446,0.01567972029289598,122.4971669085935,1.483014047672244,0.1438446260138033,34135.121757693145,54.56591338926256,38.36015249071089,0.0053614214026438695,2.6810632869329204e-4,90.4218483708069,2.885283523760796e-4,183.35383230686418,0.016494115024031294,5.566346810693719e-4,372,Sub-Saharan Africa,Malawi,Mwanza,TA Kanduku,30601,MW30601,0.1424466,0.003436059,0.2052653,0.02923934,0.02412174,0.000705304,22655.37460,0.3022685,0.03429861,0.5959697,0.1801429,0.1134707,0.02044093, 4623.174880,0.05,9.12e-06,1,0.2227189,0.000182401,4.06e-05, 34318.47559,35,2020-04-07
88,4595.350773901958,8.21794637345932,5.824857109679826,0.5081847886389401,0.15400573061056375,13.020737967693538,0.0983741279579832,27.82410609804012,1.5637740546246477,0.31907138404560076,22516.61397743201,40.67811708978253,28.832873805952637,0.5347560098445198,0.07640399122425141,68.62094864213626,0.017523029074917706,137.7606225680149,1.6704216102945004,0.16177170352105816,34112.25041869831,60.95286532406677,43.20314956505614,0.00605890490656544,3.0370826590686676e-4,102.06246957710782,3.2422229870540355e-4,206.2251713017021,0.018617516198810843,6.279305646122705e-4,372,Sub-Saharan Africa,Malawi,Mwanza,TA Kanduku,30601,MW30601,0.1424466,0.003436059,0.2052653,0.02923934,0.02412174,0.000705304,22655.37460,0.3022685,0.03429861,0.5959697,0.1801429,0.1134707,0.02044093, 4623.174880,0.05,9.12e-06,1,0.2227189,0.000182401,4.06e-05, 34318.47559,35,2020-04-07
89,4591.898106112748,9.186882482083297,6.543398971844108,0.5734260525600726,0.17433265182376828,14.688144444154167,0.11058928478395752,31.27677388724932,1.7640713789537446,0.3598945768410256,22499.523890041015,45.47398721596943,32.38947443004857,0.6034052475690019,0.08648019339460755,77.27775272159117,0.01961015043737237,154.85070995900992,1.881188127121434,0.18201582673045336,34086.64177107186,68.13955993577729,48.532629449591,0.006836759376897842,3.4379938429620173e-4,115.15408434156305,3.6464246637063496e-4,231.83381892815908,0.021005596390234572,7.08441850666837e-4,372,Sub-Saharan Africa,Malawi,Mwanza,TA Kanduku,30601,MW30601,0.1424466,0.003436059,0.2052653,0.02923934,0.02412174,0.000705304,22655.37460,0.3022685,0.03429861,0.5959697,0.1801429,0.1134707,0.02044093, 4623.174880,0.05,9.12e-06,1,0.2227189,0.000182401,4.06e-05, 34318.47559,35,2020-04-07
90,4588.034557199047,10.273327740763097,7.339244291234382,0.6459752083153066,0.1971664149120376,16.56019852750292,0.12441061822271708,35.140322800950415,1.9888861491786307,0.40591967572834575,22480.400173853555,50.85141429609244,36.328667743488744,0.67974370932635,0.09779987196448184,86.9948290164532,0.0219715091467851,173.97442614647179,2.117752342016951,0.2048394404974249,34057.985562812144,76.19784457053296,54.43548226263709,0.007701744237163201,3.8883426766077095e-4,129.84819939809262,4.103781205511162e-4,260.49002718788824,0.023685992001400934,7.992123882118874e-4,372,Sub-Saharan Africa,Malawi,Mwanza,TA Kanduku,30601,MW30601,0.1424466,0.003436059,0.2052653,0.02923934,0.02412174,0.000705304,22655.37460,0.3022685,0.03429861,0.5959697,0.1801429,0.1134707,0.02044093, 4623.174880,0.05,9.12e-06,1,0.2227189,0.000182401,4.06e-05, 34318.47559,35,2020-04-07
91,4583.71341085813,11.488817690339815,8.223851098682992,0.7266042588427999,0.2227585331617877,18.659403482830186,0.1400340780103723,39.461469141867894,2.240910200197584,0.4577269854343984,22459.011650491375,56.867468543354754,40.7071537453759,0.7645834963278794,0.11048768236544719,97.88861546033627,0.024640580893987837,195.36294950865403,2.3829463442339183,0.2305302852505323,34025.93528504969,85.21328449424965,60.99669584326756,0.008663064221739913,4.393089883781024e-4,146.3207601619391,4.620776775201137e-4,292.5403049503442,0.02669079753970422,9.013866658982163e-4,372,Sub-Saharan Africa,Malawi,Mwanza,TA Kanduku,30601,MW30601,0.1424466,0.003436059,0.2052653,0.02923934,0.02412174,0.000705304,22655.37460,0.3022685,0.03429861,0.5959697,0.1801429,0.1134707,0.02044093, 4623.174880,0.05,9.12e-06,1,0.2227189,0.000182401,4.06e-05, 34318.47559,35,2020-04-07
92,4578.882723857354,12.846578856287662,9.208915449492803,0.8162460319831571,0.25139174021388566,21.011348616035505,0.15767544863111538,44.292156142644075,2.523209584292204,0.515961312511127,22435.10128587855,63.58758276988651,45.582806338686005,0.8589058812785759,0.12468376041413785,110.09168114390238,0.027654227311479655,219.27331412147885,2.6799958704008278,0.25940807724450166,33990.105657292064,95.28398852365288,68.30302427793576,0.0097318416090432,4.95781192211035e-4,164.77217182838302,5.204551960289901e-4,328.3699327079692,0.030056569373843687,0.0010162363882400252,372,Sub-Saharan Africa,Malawi,Mwanza,TA Kanduku,30601,MW30601,0.1424466,0.003436059,0.2052653,0.02923934,0.02412174,0.000705304,22655.37460,0.3022685,0.03429861,0.5959697,0.1801429,0.1134707,0.02044093, 4623.174880,0.05,9.12e-06,1,0.2227189,0.000182401,4.06e-05, 34318.47559,35,2020-04-07
93,4573.484920565199,14.361449725123153,10.306735541391298,0.9159696150594203,0.28338711380972587,23.64484444978152,0.17757298963520854,49.68995943480026,2.8392382301173136,0.5813435193706267,22408.384187599564,71.08515931780721,51.016474603200635,0.9638354421497155,0.14054725277310723,123.75334263767195,0.031053146863208703,245.9904124004656,3.01253464339908,0.29183023564068755,33950.06961921212,106.52002326467316,76.44568878503146,0.01092082336088141,5.588841487991798e-4,185.428192731585,5.862991148621592e-4,368.40597078791444,0.033824488634108175,0.0011451832636613392,372,Sub-Saharan Africa,Malawi,Mwanza,TA Kanduku,30601,MW30601,0.1424466,0.003436059,0.2052653,0.02923934,0.02412174,0.000705304,22655.37460,0.3022685,0.03429861,0.5959697,0.1801429,0.1134707,0.02044093, 4623.174880,0.05,9.12e-06,1,0.2227189,0.000182401,4.06e-05, 34318.47559,35,2020-04-07
94,4567.456326584024,16.049889170714263,11.530441010494682,1.0269744559980267,0.3191084581990029,26.592149760352875,0.19999056021507888,55.71855341597386,3.1928638872050445,0.6546801495367987,22378.54530165457,79.4416095404374,57.07311647421116,1.0806338351619753,0.15825848774245455,139.040797599525,0.034882408383444335,275.82929834546115,3.3846316319750605,0.3281966525635149,33905.35487059059,119.04347603492718,85.522078661146,0.01224431082107037,6.29335395831964e-4,208.54163058455055,6.604825930586025e-4,413.12071940943383,0.03804067059888167,0.001289817988890567,372,Sub-Saharan Africa,Malawi,Mwanza,TA Kanduku,30601,MW30601,0.1424466,0.003436059,0.2052653,0.02923934,0.02412174,0.000705304,22655.37460,0.3022685,0.03429861,0.5959697,0.1801429,0.1134707,0.02044093, 4623.174880,0.05,9.12e-06,1,0.2227189,0.000182401,4.06e-05, 34318.47559,35,2020-04-07
95,4560.1562551145125,18.43024027801318,12.958249400057264,1.1512444735417815,0.35897870152924305,29.894691332853224,0.2252206994935909,63.0186248854882,3.589093583080346,0.7368849935665577,22342.413712325477,91.22237822797442,64.13983273138132,1.2113880030542932,0.17802710304337493,156.17006963211713,0.03919197699315878,311.96088767456354,3.801554304068299,0.3689603830140219,33851.20932846593,136.6989784102621,96.11234997771668,0.013725958591751694,7.079690797424374e-4,234.43975524472657,7.439737037090836e-4,467.2662615340805,0.04276481426078209,0.0014519427834515227,372,Sub-Saharan Africa,Malawi,Mwanza,TA Kanduku,30601,MW30601,0.1424466,0.003436059,0.2052653,0.02923934,0.02412174,0.000705304,22655.37460,0.3022685,0.03429861,0.5959697,0.1801429,0.1134707,0.02044093, 4623.174880,0.05,9.12e-06,1,0.2227189,0.000182401,4.06e-05, 34318.47559,35,2020-04-07
96,4551.859036232711,21.089080406942013,14.657975228691969,1.293040116392689,0.40360096965488185,33.61855358226284,0.2535934633446365,71.31584376728892,4.0360152874505895,0.8291149904929148,22301.347490490756,104.38106513562057,72.55220836525143,1.360579990970722,0.20015207554669376,175.4890657188721,0.044038223023427504,353.02710950928486,4.271811467797573,0.414695025686964,33789.66768096583,156.42015512854877,108.71950315146665,0.015416564202561127,7.959747422654458e-4,263.65120035054935,8.378646778970837e-4,528.8079090341873,0.048093352605811684,0.0016338394201625315,372,Sub-Saharan Africa,Malawi,Mwanza,TA Kanduku,30601,MW30601,0.1424466,0.003436059,0.2052653,0.02923934,0.02412174,0.000705304,22655.37460,0.3022685,0.03429861,0.5959697,0.1801429,0.1134707,0.02044093, 4623.174880,0.05,9.12e-06,1,0.2227189,0.000182401,4.06e-05, 34318.47559,35,2020-04-07
97,4542.427293600797,24.076958936487763,16.637859413195425,1.456380139799939,0.4538116453052469,37.83708344914872,0.2854928152644946,80.74758639920147,4.542546213516487,0.9328507898531901,22254.667009955687,119.1677010105741,82.35094507288602,1.532437227511269,0.22504802288430517,197.38197198961376,0.04948672088390927,399.70759004435325,4.804783917099235,0.4661346599530614,33719.71093132532,178.58196770031265,123.40467836255662,0.01736404395851939,8.950019686695291e-4,296.7588101397594,9.43426147325056e-4,598.7646586747029,0.054132606278411065,0.0018384281159945874,372,Sub-Saharan Africa,Malawi,Mwanza,TA Kanduku,30601,MW30601,0.1424466,0.003436059,0.2052653,0.02923934,0.02412174,0.000705304,22655.37460,0.3022685,0.03429861,0.5959697,0.1801429,0.1134707,0.02044093, 4623.174880,0.05,9.12e-06,1,0.2227189,0.000182401,4.06e-05, 34318.47559,35,2020-04-07
98,4531.709922045177,27.443840169332045,18.916548821838855,1.6447921165387387,0.5106141207298341,42.62779117485036,0.32137155153245456,91.46495795482218,5.118047013503798,1.0498555478232827,22201.624799402187,135.82936883848654,93.62822323587912,1.7306699457646741,0.2532123454768306,222.25271143485693,0.05561479738780475,452.74980059785173,5.410318338029317,0.5241534026735649,33640.21823456205,203.55504774734587,140.30620277320003,0.019610458432295325,0.0010070297379622633,334.37442527271605,0.0010621565370751164,678.257355437969,0.06099418393304289,0.0020691862750373824,372,Sub-Saharan Africa,Malawi,Mwanza,TA Kanduku,30601,MW30601,0.1424466,0.003436059,0.2052653,0.02923934,0.02412174,0.000705304,22655.37460,0.3022685,0.03429861,0.5959697,0.1801429,0.1134707,0.02044093, 4623.174880,0.05,9.12e-06,1,0.2227189,0.000182401,4.06e-05, 34318.47559,35,2020-04-07
99,4519.540367094503,31.240742519503716,21.520581597445837,1.8616813063882742,0.5751382064294028,48.074607168881066,0.3617621068483192,103.63451290549651,5.772616343068587,1.182152467134803,22141.397056963648,154.61830367583423,106.51524730441501,1.9588592014398212,0.28520508832641256,250.53741439009403,0.06251337628007769,512.9775430363894,6.099037036940281,0.5897542560624,33549.95413097987,231.71785756150308,159.62094040080896,0.022196410562669376,0.001134286373440914,377.15813454306954,0.0011958178264060983,768.5214590201439,0.0687984945596096,0.0023301041998470147,372,Sub-Saharan Africa,Malawi,Mwanza,TA Kanduku,30601,MW30601,0.1424466,0.003436059,0.2052653,0.02923934,0.02412174,0.000705304,22655.37460,0.3022685,0.03429861,0.5959697,0.1801429,0.1134707,0.02044093, 4623.174880,0.05,9.12e-06,1,0.2227189,0.000182401,4.06e-05, 34318.47559,35,2020-04-07
100,4505.73525118205,35.520663954451415,24.482822767973246,2.1105586593645236,0.648625597602928,54.26967255343162,0.4072852851273509,117.43962881795096,6.51731924887885,1.3320249132516109,22073.07688825149,175.79645641554885,121.17449293766325,2.2206966416236003,0.32164172096703525,282.7141355646374,0.07028846810812789,581.2977117485482,6.882577977542074,0.6640691459050446,33447.55834952548,263.4635573299776,181.59269070436085,0.025163764278617953,0.0012792208860669956,425.8332029905863,0.0013464644441063074,870.9172404745332,0.07767747088208399,0.0026256853301733054,372,Sub-Saharan Africa,Malawi,Mwanza,TA Kanduku,30601,MW30601,0.1424466,0.003436059,0.2052653,0.02923934,0.02412174,0.000705304,22655.37460,0.3022685,0.03429861,0.5959697,0.1801429,0.1134707,0.02044093, 4623.174880,0.05,9.12e-06,1,0.2227189,0.000182401,4.06e-05, 34318.47559,35,2020-04-07
101,4490.0933344487785,40.338986076477724,27.841449406262658,2.3951821479425415,0.7324298911703987,61.314839513365065,0.4586585160052837,133.08154555122357,7.364374390247846,1.5020302852932605,21995.66920968458,199.63747321341816,137.79467195818802,2.5201330421198,0.3631931288409864,319.31085639419,0.07906257869894635,658.7053903154558,7.773791428316208,0.7483657746751646,33331.5380912355,299.20300605929395,206.50466364520122,0.028557329815332485,0.0014445030165048613,481.1983107565837,0.001516470595247267,986.9374987645056,0.08777680205037505,0.00296097361175213,372,Sub-Saharan Africa,Malawi,Mwanza,TA Kanduku,30601,MW30601,0.1424466,0.003436059,0.2052653,0.02923934,0.02412174,0.000705304,22655.37460,0.3022685,0.03429861,0.5959697,0.1801429,0.1134707,0.02044093, 4623.174880,0.05,9.12e-06,1,0.2227189,0.000182401,4.06e-05, 34318.47559,35,2020-04-07
102,4470.99254073677,46.98368919607703,31.796163358582948,2.721258221673705,0.828054580766933,69.33646898014001,0.5167049259915337,152.18233926323202,8.329031548562373,1.6950532318586484,21901.148283337072,232.51429513945428,157.3637349747512,2.8631679841791544,0.4106044286144688,360.98553787971554,0.08897625625750982,753.2263166629721,8.788714637574854,0.8440739739175952,33189.86170948773,348.4896689406911,235.83816076550573,0.03244515061674353,0.001633098181771953,544.2502639969927,0.0017085602850448246,1128.6138805122725,0.09927831995307909,0.0033416584668167783,372,Sub-Saharan Africa,Malawi,Mwanza,TA Kanduku,30601,MW30601,0.1424466,0.003436059,0.2052653,0.02923934,0.02412174,0.000705304,22655.37460,0.3022685,0.03429861,0.5959697,0.1801429,0.1134707,0.02044093, 4623.174880,0.05,9.12e-06,1,0.2227189,0.000182401,4.06e-05, 34318.47559,35,2020-04-07
103,4449.024756872259,54.478723147001446,36.52722489146709,3.1001946999520915,0.9374520923554722,78.52415443596084,0.5823738610056128,174.15012312774243,9.434427748302477,1.9146391221752994,21792.44516246922,269.5956105658315,180.7732311578332,3.261797179066731,0.4648431847732173,408.7337638501904,0.10019159312619877,861.9294375308212,9.951679426305327,0.9529509805194967,33026.91902303849,404.08412476831364,270.9303152209038,0.03696325030200961,0.0018488572691573984,616.5013889894794,0.0019258752408357663,1291.5565669615085,0.11245790050187293,0.003774732509993166,372,Sub-Saharan Africa,Malawi,Mwanza,TA Kanduku,30601,MW30601,0.1424466,0.003436059,0.2052653,0.02923934,0.02412174,0.000705304,22655.37460,0.3022685,0.03429861,0.5959697,0.1801429,0.1134707,0.02044093, 4623.174880,0.05,9.12e-06,1,0.2227189,0.000182401,4.06e-05, 34318.47559,35,2020-04-07
104,4423.793559605826,62.958189723508895,42.07065331468044,3.5430419029441986,1.0631686366107027,89.08948376820155,0.6567830482298803,199.38132039417553,10.70624165231791,2.1652096434435686,21667.600603202973,311.5437068869412,208.20073035722473,3.7276378003773876,0.5271711651042443,463.6618511660887,0.11289942133461357,986.7739967970706,11.289687347849693,1.077188247068968,32839.769183868644,466.98129033825694,312.04841764610444,0.04224339342246196,0.0020968023512190764,699.6301858367743,0.0021721144485933406,1478.7064061313577,0.12762172941871033,0.004268916799812419,372,Sub-Saharan Africa,Malawi,Mwanza,TA Kanduku,30601,MW30601,0.1424466,0.003436059,0.2052653,0.02923934,0.02412174,0.000705304,22655.37460,0.3022685,0.03429861,0.5959697,0.1801429,0.1134707,0.02044093, 4623.174880,0.05,9.12e-06,1,0.2227189,0.000182401,4.06e-05, 34318.47559,35,2020-04-07
105,4394.873599546426,72.54800185493593,48.485763251979925,4.059805693972269,1.20819296402815,101.25825957521843,0.7412571134413722,228.30128045357594,12.171720053646272,2.451976185627122,21524.513082150486,358.97992207118614,239.9388656049416,4.271205167749514,0.5990692869775699,526.9451298345405,0.1273258841632126,1129.8615178495584,12.831384232133656,1.2193684031127014,32625.256631949276,538.1154209994104,359.63258636378475,0.04840489570252109,0.002382828426194641,795.4177113017665,0.0024516616324970907,1693.2189580507224,0.14509469687635576,0.004834490058691733,372,Sub-Saharan Africa,Malawi,Mwanza,TA Kanduku,30601,MW30601,0.1424466,0.003436059,0.2052653,0.02923934,0.02412174,0.000705304,22655.37460,0.3022685,0.03429861,0.5959697,0.1801429,0.1134707,0.02044093, 4623.174880,0.05,9.12e-06,1,0.2227189,0.000182401,4.06e-05, 34318.47559,35,2020-04-07
106,4361.812654024086,83.36608670927163,55.84739978746769,4.660229084407476,1.3758602413529546,115.27529347939331,0.8373566740223342,261.36222597591524,13.860302972819738,2.7808925341395425,21360.949186754937,412.4855533762841,276.3568435149925,4.902734149129992,0.6821898744309467,599.8543549338299,0.1437373964393075,1293.4254132451067,14.607716068902844,1.382441677533115,32380.026279930855,618.3616344749643,414.23818490974344,0.055563944327184964,0.0027135138800314755,905.788443544678,0.0027696815511258693,1938.4493100691438,0.16522785295033188,0.0054831954311573465,372,Sub-Saharan Africa,Malawi,Mwanza,TA Kanduku,30601,MW30601,0.1424466,0.003436059,0.2052653,0.02923934,0.02412174,0.000705304,22655.37460,0.3022685,0.03429861,0.5959697,0.1801429,0.1134707,0.02044093, 4623.174880,0.05,9.12e-06,1,0.2227189,0.000182401,4.06e-05, 34318.47559,35,2020-04-07
107,4324.136768361651,95.51982423702238,64.23981999909694,5.35420148543444,1.569809537974244,131.40755409348725,0.9469022853354662,299.0381116383506,15.804025191058376,3.1586525367633893,21174.569328960308,472.5890744442829,317.8700925357277,5.63260861669176,0.7783354714478193,683.7727152480719,0.16244472351295003,1479.8052710397349,16.65234923214162,1.5697245835527398,32100.56159867867,708.5169307391712,476.49045291631813,0.0638384789549884,0.0030960366918079364,1032.8365409509252,0.003132199267685485,2217.9139913213285,0.18840319814485681,0.006228235959493423,372,Sub-Saharan Africa,Malawi,Mwanza,TA Kanduku,30601,MW30601,0.1424466,0.003436059,0.2052653,0.02923934,0.02412174,0.000705304,22655.37460,0.3022685,0.03429861,0.5959697,0.1801429,0.1134707,0.02044093, 4623.174880,0.05,9.12e-06,1,0.2227189,0.000182401,4.06e-05, 34318.47559,35,2020-04-07
108,4281.358904009846,109.10093614873878,73.75117520080404,6.151915600467506,1.7939666842641784,149.94598547604835,1.0719968798304031,341.8159759901531,18.037740995475314,3.592710613410919,20962.970849367564,539.7407313365848,364.9128745276666,6.471525177134196,0.889450206115216,780.2053625852973,0.18380679967571723,1691.4037506324735,19.00190417706142,1.7849098852510328,31783.24870832882,809.2623012996659,547.0435941570488,0.07335006416148768,0.0035381406925372844,1178.8405518351644,0.0035461744397135035,2535.226881671172,0.21503636680650334,0.0070843151322507875,372,Sub-Saharan Africa,Malawi,Mwanza,TA Kanduku,30601,MW30601,0.1424466,0.003436059,0.2052653,0.02923934,0.02412174,0.000705304,22655.37460,0.3022685,0.03429861,0.5959697,0.1801429,0.1134707,0.02044093, 4623.174880,0.05,9.12e-06,1,0.2227189,0.000182401,4.06e-05, 34318.47559,35,2020-04-07
109,4237.670817320817,120.07770634633441,83.94051883158416,7.058369705173152,2.052424591794655,171.16000041358532,1.215042790708622,385.5040626791801,20.593325021354428,4.091190640989141,20746.892708158925,593.9969385389116,415.3021056287812,7.4247112671732305,1.0175603175639676,890.5323424705083,0.2082336181689764,1907.4818918411074,21.68985486403772,2.0320212038851158,31459.1798985386,890.6918989447707,622.6271633020518,0.0841583373734237,0.004047899592585124,1345.8844034199096,0.004019557696012054,2859.2956914613924,0.245507483145367,0.008067457288597178,372,Sub-Saharan Africa,Malawi,Mwanza,TA Kanduku,30601,MW30601,0.1424466,0.003436059,0.2052653,0.02923934,0.02412174,0.000705304,22655.37460,0.3022685,0.03429861,0.5959697,0.1801429,0.1134707,0.02044093, 4623.174880,0.05,9.12e-06,1,0.2227189,0.000182401,4.06e-05, 34318.47559,35,2020-04-07
110,4189.560890704565,132.1763707431623,94.47457599716861,8.061226938982218,2.3484732259500727,195.17461524292492,1.3787271472431397,433.61398929543094,23.484241312857055,4.661891420269586,20508.971288639514,653.7869385870649,467.38752739512677,8.47916132516106,1.1642933452888073,1015.3492069885422,0.23618371933119475,2145.403311360515,24.730303648716124,2.3149199701065184,31102.305899640593,980.4462253316634,700.7693488990556,0.09611624307948011,0.0046318037851949285,1534.84880683947,0.004561242347630477,3216.1696903593993,0.2799771657359878,0.009193046132825402,372,Sub-Saharan Africa,Malawi,Mwanza,TA Kanduku,30601,MW30601,0.1424466,0.003436059,0.2052653,0.02923934,0.02412174,0.000705304,22655.37460,0.3022685,0.03429861,0.5959697,0.1801429,0.1134707,0.02044093, 4623.174880,0.05,9.12e-06,1,0.2227189,0.000182401,4.06e-05, 34318.47559,35,2020-04-07
111,4136.86331939626,145.26189284355956,105.52858880923729,9.151874180333035,2.6841863439959184,222.11908541693984,1.5659330096721713,486.3115606037375,26.724741693318567,5.311724303848867,20248.39489550655,718.4392807923108,522.0338558819426,9.625781044613857,1.3306732988194665,1155.2819644736815,0.2681490021140896,2405.9797044934826,28.138168137227815,2.6370265992267434,30711.39527658947,1077.5242596832113,782.7704295507108,0.10912113266441495,0.005293945260731168,1746.6660283283422,0.005180770337819959,3607.0803134105254,0.31861544463543706,0.010474715598551123,372,Sub-Saharan Africa,Malawi,Mwanza,TA Kanduku,30601,MW30601,0.1424466,0.003436059,0.2052653,0.02923934,0.02412174,0.000705304,22655.37460,0.3022685,0.03429861,0.5959697,0.1801429,0.1134707,0.02044093, 4623.174880,0.05,9.12e-06,1,0.2227189,0.000182401,4.06e-05, 34318.47559,35,2020-04-07
112,4079.4419910403926,159.2066200950176,117.20200171480211,10.327450452117308,3.061011907152345,252.15613310468223,1.7796716858331758,543.7328889596045,30.333471720473145,6.047190039754016,19964.50002087587,787.3187635991205,579.7304957003196,10.861518809230159,1.5174131577566838,1311.141744708116,0.30464314962114486,2689.874579124165,31.932970170228856,3.001556603439637,30285.43660855251,1180.979798768931,869.3685089130493,0.12313895256083052,0.0060371821550582825,1982.5556095224993,0.00588810829617537,4033.0389814474897,0.3616447615855032,0.01192529045123365,372,Sub-Saharan Africa,Malawi,Mwanza,TA Kanduku,30601,MW30601,0.1424466,0.003436059,0.2052653,0.02923934,0.02412174,0.000705304,22655.37460,0.3022685,0.03429861,0.5959697,0.1801429,0.1134707,0.02044093, 4623.174880,0.05,9.12e-06,1,0.2227189,0.000182401,4.06e-05, 34318.47559,35,2020-04-07
113,4017.2074101648154,173.87373581760204,129.53692901901002,11.587687249605217,3.480134096146871,285.4659326670824,2.0230509857356904,605.967469835182,34.33133245295128,6.87468752014761,19656.85505142575,859.7446582386068,640.6829242648782,12.186042287659085,1.7250941610780035,1483.8346334360945,0.34619618596258794,2997.5195485742797,36.13658490164854,3.4116733635179104,29823.76403600133,1289.798691031366,960.8764942932371,0.13816657038761354,0.006863852829040068,2243.8846447083183,0.006693542535705244,4494.711553998673,0.4093144776825194,0.013557395364745305,372,Sub-Saharan Africa,Malawi,Mwanza,TA Kanduku,30601,MW30601,0.1424466,0.003436059,0.2052653,0.02923934,0.02412174,0.000705304,22655.37460,0.3022685,0.03429861,0.5959697,0.1801429,0.1134707,0.02044093, 4623.174880,0.05,9.12e-06,1,0.2227189,0.000182401,4.06e-05, 34318.47559,35,2020-04-07
114,3950.1318984127615,189.10635424261497,142.52858499668326,12.932864463776017,3.942608557509619,322.2333074825673,2.2992618440853154,673.0429815872361,38.739809550850225,7.800626581052289,19325.335353967996,934.9369076151643,704.8643375938103,13.59958858151289,1.9542327121089735,1674.290827364183,0.39335216525639893,3329.0392460320363,40.77148159397369,3.870543775188799,29326.170034705672,1402.817919166876,1057.2594525277232,0.15420740243525013,0.007776042678611306,2532.0585925197706,0.007607634845464935,4992.305555294327,0.46188095291677456,0.015383677524076232,372,Sub-Saharan Africa,Malawi,Mwanza,TA Kanduku,30601,MW30601,0.1424466,0.003436059,0.2052653,0.02923934,0.02412174,0.000705304,22655.37460,0.3022685,0.03429861,0.5959697,0.1801429,0.1134707,0.02044093, 4623.174880,0.05,9.12e-06,1,0.2227189,0.000182401,4.06e-05, 34318.47559,35,2020-04-07
115,3878.262976704649,204.7209233821079,156.13098945966456,14.36244038158948,4.449363051990583,362.6366176100138,2.611569409982527,744.9119032953486,43.57955595876066,8.831413699838167,18970.189256720165,1011.9836956669918,772.0439562322365,15.10152370161623,2.2052805919237084,1883.4042194669676,0.44666762012663197,3684.185343279863,45.85923153048391,4.3813309040155834,28793.004724133516,1518.6766261354721,1158.1769151369497,0.17125507789301625,0.00877558546251271,2848.4286527376316,0.008641193074000578,5525.470865866481,0.5195906486232816,0.01741677853651328,372,Sub-Saharan Africa,Malawi,Mwanza,TA Kanduku,30601,MW30601,0.1424466,0.003436059,0.2052653,0.02923934,0.02412174,0.000705304,22655.37460,0.3022685,0.03429861,0.5959697,0.1801429,0.1134707,0.02044093, 4623.174880,0.05,9.12e-06,1,0.2227189,0.000182401,4.06e-05, 34318.47559,35,2020-04-07
116,3801.7344452642,220.50425354860715,170.26015379386723,15.87409831243723,5.001118657086857,406.8375095443861,2.9633008794133477,821.4404347357976,48.86911030153962,9.973352781427996,18592.09252094454,1089.8270076514455,841.8029050781313,16.6893407405803,2.4785858289496305,2111.9775303045594,0.5067094518195573,4062.2820790554865,51.41915932655035,4.947144576188242,28225.258121396935,1635.7940253738534,1263.0064877831317,0.18928206994300195,0.009863907919115393,3194.20800423728,0.009805230938250567,6093.217468603063,0.5826648470903207,0.01966913885736595,372,Sub-Saharan Africa,Malawi,Mwanza,TA Kanduku,30601,MW30601,0.1424466,0.003436059,0.2052653,0.02923934,0.02412174,0.000705304,22655.37460,0.3022685,0.03429861,0.5959697,0.1801429,0.1134707,0.02044093, 4623.174880,0.05,9.12e-06,1,0.2227189,0.000182401,4.06e-05, 34318.47559,35,2020-04-07
117,3720.7743865519024,236.21400098106636,184.79613638517506,17.463084106762537,5.598261860688447,454.97118453760754,3.357825576795907,902.4004934480955,54.62370067785731,11.232483830019957,18192.187462554077,1167.2653286167972,913.5445418151122,18.35796464769975,2.774329277541648,2360.6709215930005,0.574051495802117,4462.187137445954,57.46708501682336,5.570961225572404,27624.619593212406,1752.37293208864,1370.8590659389495,0.20823179435454092,0.011041777498594009,3570.3936142859725,0.0111109021835702,6693.855996787595,0.6512853879978246,0.022152679682164195,372,Sub-Saharan Africa,Malawi,Mwanza,TA Kanduku,30601,MW30601,0.1424466,0.003436059,0.2052653,0.02923934,0.02412174,0.000705304,22655.37460,0.3022685,0.03429861,0.5959697,0.1801429,0.1134707,0.02044093, 4623.174880,0.05,9.12e-06,1,0.2227189,0.000182401,4.06e-05, 34318.47559,35,2020-04-07
118,3635.7093701169442,251.58234240485564,199.58515101053553,19.12174265265667,6.240693152849551,507.1370561356827,3.7985245264744902,987.4655098830541,60.85411133719732,12.614380483723071,17772.103167904334,1242.9721533592067,986.5050870709694,20.09926703028612,3.0924496144970273,2629.9532057273836,0.6492692933537433,4882.271432095697,64.01413350486587,6.255523418757873,26993.5091552754,1866.4269600249456,1480.5944366252886,0.22801307953738112,0.012309003707662339,3977.692146591162,0.012569399959958778,7324.966434724599,0.725581152889803,0.024878403667621105,372,Sub-Saharan Africa,Malawi,Mwanza,TA Kanduku,30601,MW30601,0.1424466,0.003436059,0.2052653,0.02923934,0.02412174,0.000705304,22655.37460,0.3022685,0.03429861,0.5959697,0.1801429,0.1134707,0.02044093, 4623.174880,0.05,9.12e-06,1,0.2227189,0.000182401,4.06e-05, 34318.47559,35,2020-04-07
119,3546.964041122623,266.32275059297325,214.44247533173396,20.83923121598737,6.927666593778353,563.3899669780691,4.28874816483373,1076.2108388773752,67.56563051366838,14.123918626111093,17333.95277664133,1315.5298360855613,1059.7682464584864,21.901767778994895,3.432563950075277,2920.0564762447957,0.7329328407873201,5320.421823358701,71.06563088375847,7.003225142139015,26335.074545112268,1975.830721887279,1590.8428095008157,0.2484967440553539,0.013664121612673023,4416.451160817027,0.014191816944051704,7983.401044887731,0.805615515189848,0.02785593855672471,372,Sub-Saharan Africa,Malawi,Mwanza,TA Kanduku,30601,MW30601,0.1424466,0.003436059,0.2052653,0.02923934,0.02412174,0.000705304,22655.37460,0.3022685,0.03429861,0.5959697,0.1801429,0.1134707,0.02044093, 4623.174880,0.05,9.12e-06,1,0.2227189,0.000182401,4.06e-05, 34318.47559,35,2020-04-07
120,3455.055830693355,280.1393861157548,229.1566395357377,22.601393609243992,7.657633754206996,623.7322337474424,4.831762544258527,1168.119049306644,74.75710967026664,15.765030060191227,16880.30657987343,1383.476347111068,1132.2861851351072,23.75050661640109,3.7938907062377867,3230.9354931792327,0.825597378552042,5774.068020126599,78.62011955922475,7.815989807021223,25653.152117498634,2078.3894437454,1700.0358408417917,0.2695140907575799,0.015104083917090717,4886.597580772135,0.015988967363716983,8665.32347250136,0.8913751163737333,0.031093051280807686,372,Sub-Saharan Africa,Malawi,Mwanza,TA Kanduku,30601,MW30601,0.1424466,0.003436059,0.2052653,0.02923934,0.02412174,0.000705304,22655.37460,0.3022685,0.03429861,0.5959697,0.1801429,0.1134707,0.02044093, 4623.174880,0.05,9.12e-06,1,0.2227189,0.000182401,4.06e-05, 34318.47559,35,2020-04-07
121,3360.584345459888,292.7387184524592,243.4952483839077,24.39081183647265,8.428103366710534,688.1069684942472,5.430684006313808,1262.5905345401104,82.42018818694125,17.54045254539162,16414.138793378253,1445.3629829169156,1202.9085854531352,25.627102018166198,4.175180401247605,3562.234163612913,0.9277922194005267,6240.2358066217785,86.66854918440626,8.695146607910528,24952.18826957567,2171.92513149965,1806.4497741581552,0.2908575161408214,0.016623983968206985,5387.586962095575,0.017971170843043442,9366.287320424326,0.9827606123658295,0.03459515481125042,372,Sub-Saharan Africa,Malawi,Mwanza,TA Kanduku,30601,MW30601,0.1424466,0.003436059,0.2052653,0.02923934,0.02412174,0.000705304,22655.37460,0.3022685,0.03429861,0.5959697,0.1801429,0.1134707,0.02044093, 4623.174880,0.05,9.12e-06,1,0.2227189,0.000182401,4.06e-05, 34318.47559,35,2020-04-07
122,3264.2160636100816,303.84236345960323,257.21241882782994,26.187032125217097,9.235527748610862,756.3930696911032,6.088404537553093,1358.9588163899168,90.53872928243277,19.451490972165843,15938.751178419785,1499.8179815103147,1270.4196733860406,27.509993996290376,4.574659823097402,3913.2611048681892,1.0400079963160402,6715.623421580249,95.19369140364958,9.641312571107129,24237.12603610861,2254.3717815796435,1908.2605700089093,0.31228319850206376,0.018216831509461143,5918.366554267438,0.020148005386297695,10081.349553891383,1.0795799364172398,0.03836483689575882,372,Sub-Saharan Africa,Malawi,Mwanza,TA Kanduku,30601,MW30601,0.1424466,0.003436059,0.2052653,0.02923934,0.02412174,0.000705304,22655.37460,0.3022685,0.03429861,0.5959697,0.1801429,0.1134707,0.02044093, 4623.174880,0.05,9.12e-06,1,0.2227189,0.000182401,4.06e-05, 34318.47559,35,2020-04-07
123,3166.6649603214705,313.20023721324935,270.05760614941823,27.966980481980205,10.075225132280195,828.4023607597726,6.807509941828231,1456.5099196785284,99.0885243760142,21.497802390533813,15457.676656013722,1545.611560499981,1333.5820650854037,29.37488634392145,4.989994118897231,4282.976755240329,1.1626826977767735,7196.69794398631,104.16983835734437,10.654286611475246,23513.261463412804,2323.872965429855,2003.6093453853673,0.333516045842992,0.019873399199084856,6477.355898290371,0.022528036555196737,10805.214126587187,1.1815447609286232,0.04240143575428157,372,Sub-Saharan Africa,Malawi,Mwanza,TA Kanduku,30601,MW30601,0.1424466,0.003436059,0.2052653,0.02923934,0.02412174,0.000705304,22655.37460,0.3022685,0.03429861,0.5959697,0.1801429,0.1134707,0.02044093, 4623.174880,0.05,9.12e-06,1,0.2227189,0.000182401,4.06e-05, 34318.47559,35,2020-04-07
124,3068.6703328256112,320.6028244093847,281.78542434552025,29.70555478890236,10.941347941354019,903.8792018435142,7.590193845712322,1554.5045471743874,108.03730286306765,23.677219992755827,14974.569260544411,1581.7164156499593,1391.1854560337777,31.1953742680877,5.418271758662947,4669.993634736905,1.296187008226648,7679.805339455619,113.56282339469178,11.732963078757715,22786.079173659313,2378.8728751862814,2090.675202962464,0.3542567493207791,0.021582159704285894,7062.447380750095,0.025118532816402583,11532.396416340676,1.2882705997345476,0.04670069252068846,372,Sub-Saharan Africa,Malawi,Mwanza,TA Kanduku,30601,MW30601,0.1424466,0.003436059,0.2052653,0.02923934,0.02412174,0.000705304,22655.37460,0.3022685,0.03429861,0.5959697,0.1801429,0.1134707,0.02044093, 4623.174880,0.05,9.12e-06,1,0.2227189,0.000182401,4.06e-05, 34318.47559,35,2020-04-07
125,2970.9734044957327,325.89158820013466,292.16582504114115,31.37636679838252,11.826899822011937,982.5026243782212,8.438171264374814,1652.201475504266,117.34505064582514,25.985625113540706,14493.08827502121,1607.3588763288628,1442.0969942655622,32.94372896635339,5.85601373175415,5072.589902095141,1.4408095911468641,8161.28632497882,123.3303668847423,12.875269256905574,22061.078830911818,2418.1936093527142,2167.7507367499065,0.3741906251420767,0.02332931892924909,7671.026967862091,0.027925179392696054,12257.396759088171,1.3992805915809787,0.05125449832194512,372,Sub-Saharan Africa,Malawi,Mwanza,TA Kanduku,30601,MW30601,0.1424466,0.003436059,0.2052653,0.02923934,0.02412174,0.000705304,22655.37460,0.3022685,0.03429861,0.5959697,0.1801429,0.1134707,0.02044093, 4623.174880,0.05,9.12e-06,1,0.2227189,0.000182401,4.06e-05, 34318.47559,35,2020-04-07
126,2874.2940289722314,328.96637451330537,300.99405304514625,32.95262334423243,12.723812497936143,1063.8913922353076,9.35259539183933,1748.880851027767,126.9646836953597,28.416884464244717,14016.783135087342,1622.0550413749452,1485.3104343291805,34.59182737652413,6.29921243391364,5488.7382064541,1.5967429440268526,8637.591464912688,133.42279519293186,14.078135340156699,21343.602299442628,2441.0901900349086,2233.3159021052275,0.3929981182889711,0.02509896722332771,8300.018149528983,0.030951802735148873,12974.873290557362,1.5140135174585019,0.05605076995847656,372,Sub-Saharan Africa,Malawi,Mwanza,TA Kanduku,30601,MW30601,0.1424466,0.003436059,0.2052653,0.02923934,0.02412174,0.000705304,22655.37460,0.3022685,0.03429861,0.5959697,0.1801429,0.1134707,0.02044093, 4623.174880,0.05,9.12e-06,1,0.2227189,0.000182401,4.06e-05, 34318.47559,35,2020-04-07
127,2779.3094436690862,329.7894118716741,308.0994252907152,34.40807325319805,13.623076281603991,1147.6114673044533,10.33398232926734,1843.8654363309115,136.84300889127172,30.962854342917076,13548.98870462346,1625.6299940350743,1519.989360792279,36.11214945113277,6.74339712226665,5916.1469233483,1.7640706275175604,9105.38589537657,143.78406069182776,15.337497671738777,20638.67596284322,2447.280338788246,2286.1031772070432,0.41036609189243667,0.02687333643754848,8945.944671611936,0.03420012122242808,13679.799627156772,1.631835245091967,0.06107345765997654,372,Sub-Saharan Africa,Malawi,Mwanza,TA Kanduku,30601,MW30601,0.1424466,0.003436059,0.2052653,0.02923934,0.02412174,0.000705304,22655.37460,0.3022685,0.03429861,0.5959697,0.1801429,0.1134707,0.02044093, 4623.174880,0.05,9.12e-06,1,0.2227189,0.000182401,4.06e-05, 34318.47559,35,2020-04-07
128,2686.636122173502,328.3855053486554,313.3524536080738,35.71797923205398,14.514924570087507,1233.1857476219275,11.382147445698092,1936.5387578264958,146.9219530083117,33.61345834738876,13092.736102399005,1618.2181400923039,1545.5021189489178,37.478799798799066,7.183726052990275,6352.312956208311,1.942756499703332,9561.638497601025,154.35304203179768,16.648338433667053,19950.87599268141,2436.9460273756176,2325.150456719589,0.4259994170751276,0.028633163499917867,9605.010811108496,0.03766953431407873,14367.599597318582,1.7520533733550587,0.06630269781399656,372,Sub-Saharan Africa,Malawi,Mwanza,TA Kanduku,30601,MW30601,0.1424466,0.003436059,0.2052653,0.02923934,0.02412174,0.000705304,22655.37460,0.3022685,0.03429861,0.5959697,0.1801429,0.1134707,0.02044093, 4623.174880,0.05,9.12e-06,1,0.2227189,0.000182401,4.06e-05, 34318.47559,35,2020-04-07
129,2596.8157707994055,324.8385663453821,316.6698134306785,36.860040694409484,15.389064317377951,1320.1054670167164,12.496157396028494,2026.3591092005922,157.13998166331228,36.35683733675879,12650.684189907464,1600.2454333531382,1561.446017098973,38.66847565013223,7.615101272096895,6794.582746079012,2.1326366392145673,10003.690410092566,165.0650417247177,18.00476108900004,19284.224332157046,2410.7078426852495,2349.837979193576,0.43963198061609826,0.030358144743999716,10273.19408887528,0.04135696348646007,15034.251257842943,1.873934145225293,0.07171510823045973,372,Sub-Saharan Africa,Malawi,Mwanza,TA Kanduku,30601,MW30601,0.1424466,0.003436059,0.2052653,0.02923934,0.02412174,0.000705304,22655.37460,0.3022685,0.03429861,0.5959697,0.1801429,0.1134707,0.02044093, 4623.174880,0.05,9.12e-06,1,0.2227189,0.000182401,4.06e-05, 34318.47559,35,2020-04-07
130,2510.3059113092713,319.2850239855783,318.0167378402146,37.81522296332035,16.234941870149438,1407.842741476715,13.67430055474938,2112.8689686907264,167.4336438600089,39.179565656810695,12225.07384233745,1572.3962467961203,1567.6587372968781,39.66133450226971,8.032300748606374,7240.21872389447,2.333414424237252,10429.30075766258,175.8534130861445,19.40009854120577,18642.118685773752,2369.576204691737,2359.906163923724,0.4510365787599886,0.03202746008027239,10946.346214817851,0.04525675409022536,15676.356904226235,1.9967208621699426,0.07728421417049769,372,Sub-Saharan Africa,Malawi,Mwanza,TA Kanduku,30601,MW30601,0.1424466,0.003436059,0.2052653,0.02923934,0.02412174,0.000705304,22655.37460,0.3022685,0.03429861,0.5959697,0.1801429,0.1134707,0.02044093, 4623.174880,0.05,9.12e-06,1,0.2227189,0.000182401,4.06e-05, 34318.47559,35,2020-04-07
131,2427.4751262562304,311.90481687487255,317.40686683268933,38.56843248972604,17.04203069559773,1495.8635285401078,14.914078310774956,2195.6997537437674,177.7391507786574,42.06692426111785,11817.705309839539,1535.5683854318218,1564.2171482265294,40.44169810032635,8.430121131462236,7686.467278090763,2.544659179588909,10836.669290160491,186.6512201245681,20.827049299978352,18027.297095048787,2314.884613627237,2355.4545711424407,0.46003297715898,0.03362034045769667,11620.29629621768,0.049360646235175484,16291.178494951206,2.119652711016422,0.0829809866928721,372,Sub-Saharan Africa,Malawi,Mwanza,TA Kanduku,30601,MW30601,0.1424466,0.003436059,0.2052653,0.02923934,0.02412174,0.000705304,22655.37460,0.3022685,0.03429861,0.5959697,0.1801429,0.1134707,0.02044093, 4623.174880,0.05,9.12e-06,1,0.2227189,0.000182401,4.06e-05, 34318.47559,35,2020-04-07
132,2348.6026261883744,302.9108681698484,314.89969620325326,39.10899835388476,17.80012741051654,1583.6403456366995,16.21221803742192,2274.5722538116233,187.9939086337718,45.003218502936036,11429.936918260273,1490.8207383026127,1551.4242666491637,40.998551348425835,8.803524380472483,8130.624792534676,2.7658085244080413,11224.437681739757,197.39284611938393,22.277835549520752,17441.834583722033,2248.211620049262,2336.923050738234,0.4664936625651008,0.03511665181527357,12290.951067358677,0.05365781741146132,16876.641006277958,2.2419830470997972,0.08877446922673485,372,Sub-Saharan Africa,Malawi,Mwanza,TA Kanduku,30601,MW30601,0.1424466,0.003436059,0.2052653,0.02923934,0.02412174,0.000705304,22655.37460,0.3022685,0.03429861,0.5959697,0.1801429,0.1134707,0.02044093, 4623.174880,0.05,9.12e-06,1,0.2227189,0.000182401,4.06e-05, 34318.47559,35,2020-04-07
133,2273.881510264756,292.5379879305821,310.59592529763586,39.43094599573115,18.4996388404843,1670.6641636749596,17.56470799584988,2349.293369735242,198.13793584147172,47.97212376018723,11062.701947364276,1439.318249949108,1529.7858764477885,41.32582205682754,9.147779690833021,8570.098750032608,2.996174458591616,11591.672652635754,208.01547786211714,23.744374724633758,16887.16721970334,2171.298518810805,2305.0572941974897,0.47034711782054844,0.03649746146287291,12954.387577711363,0.05813499771619748,17431.30837029665,2.3629963014019553,0.09463245917907033,372,Sub-Saharan Africa,Malawi,Mwanza,TA Kanduku,30601,MW30601,0.1424466,0.003436059,0.2052653,0.02923934,0.02412174,0.000705304,22655.37460,0.3022685,0.03429861,0.5959697,0.1801429,0.1134707,0.02044093, 4623.174880,0.05,9.12e-06,1,0.2227189,0.000182401,4.06e-05, 34318.47559,35,2020-04-07
134,2203.4249353000355,281.0320163824777,304.63123166035916,39.53305035897068,19.13184707131947,1756.4549463550666,18.966852871769717,2419.7499446999623,208.11510133037183,50.95704367404897,10716.539765988038,1382.2782298203772,1499.979445439884,41.42242846920229,9.458594276330123,9002.461183046797,3.2349529594032425,11937.834834011992,218.4603995133482,25.218457046137026,16364.137776337564,2085.9688045888943,2260.862702333494,0.47157846666359104,0.03774556116224547,13606.934206058822,0.06277665339735962,17954.33781366243,2.4820227578556917,0.10052221455960504,372,Sub-Saharan Africa,Malawi,Mwanza,TA Kanduku,30601,MW30601,0.1424466,0.003436059,0.2052653,0.02923934,0.02412174,0.000705304,22655.37460,0.3022685,0.03429861,0.5959697,0.1801429,0.1134707,0.02044093, 4623.174880,0.05,9.12e-06,1,0.2227189,0.000182401,4.06e-05, 34318.47559,35,2020-04-07
135,2137.2743371587294,268.6398960289,297.16900848832546,39.418680801092826,19.689139814243834,1840.5704699499915,20.413347758715517,2485.9005428412684,217.87414226477608,53.941464653435354,10391.636969237908,1320.9213840029824,1462.8180034185064,41.292108191901804,9.732226757353562,9425.492671682294,3.481236709087443,12262.737630762122,228.67405282631972,26.691920914561067,15873.056645286375,1994.0544961903438,2205.550542093155,0.4702276348386205,0.03884592188469299,14245.23726764191,0.06756523149071413,18445.418944713616,2.598450702346762,0.10641115337540707,372,Sub-Saharan Africa,Malawi,Mwanza,TA Kanduku,30601,MW30601,0.1424466,0.003436059,0.2052653,0.02923934,0.02412174,0.000705304,22655.37460,0.3022685,0.03429861,0.5959697,0.1801429,0.1134707,0.02044093, 4623.174880,0.05,9.12e-06,1,0.2227189,0.000182401,4.06e-05, 34318.47559,35,2020-04-07
136,2075.4088797941768,255.60116303999368,288.3926051485419,39.09546539415462,20.16519541451996,1922.6132034484253,21.89836776018668,2547.766000205821,227.36943780756394,56.90929123044262,10087.87443397568,1256.4299666882523,1419.2116592971217,40.94305810675592,9.965577904903888,9837.215873560712,3.7340304666095925,12566.50016602435,238.60883981960004,28.15681854133681,15413.771883221005,1897.3329730151593,2140.480399865062,0.4663853562256443,0.039786059177574065,14866.31168102717,0.0724814562008173,18904.703706778986,2.711735663793471,0.11226751537839134,372,Sub-Saharan Africa,Malawi,Mwanza,TA Kanduku,30601,MW30601,0.1424466,0.003436059,0.2052653,0.02923934,0.02412174,0.000705304,22655.37460,0.3022685,0.03429861,0.5959697,0.1801429,0.1134707,0.02044093, 4623.174880,0.05,9.12e-06,1,0.2227189,0.000182401,4.06e-05, 34318.47559,35,2020-04-07
137,2017.7554107092149,242.14112387583694,278.49760438250473,38.57480510046737,20.555116899432146,2002.2351495751934,23.415669457349267,2605.419469290783,236.56153003146997,59.84515036480677,9804.87673345993,1189.9143347378347,1370.1293940251358,40.387417653112784,10.156256027768501,10235.91819565736,3.9922684388926277,12849.4978665401,248.22365919338435,29.60556596419044,14985.743039945153,1797.4763027241534,2067.1028905729377,0.4601873870595937,0.040556298056471325,15467.575108408028,0.07750466461184766,19332.73255005484,2.8214066404259723,0.11806096266831893,372,Sub-Saharan Africa,Malawi,Mwanza,TA Kanduku,30601,MW30601,0.1424466,0.003436059,0.2052653,0.02923934,0.02412174,0.000705304,22655.37460,0.3022685,0.03429861,0.5959697,0.1801429,0.1134707,0.02044093, 4623.174880,0.05,9.12e-06,1,0.2227189,0.000182401,4.06e-05, 34318.47559,35,2020-04-07
138,1964.198331488215,228.46581201253562,267.68455502120673,37.87127964089712,20.85551165421884,2079.140689853307,24.95870032961836,2658.9765485117828,245.41740079064041,62.734654720751195,9542.061003705938,1122.388342512907,1316.563189295634,39.64063975839183,10.302615366906279,10620.163976378246,4.254832982010688,13112.313596294092,257.48418638538396,31.031072548956484,14588.114377669533,1696.0137694343164,1986.9057318296873,0.4518074265642307,0.04114993066668321,16046.86614054045,0.08261316878211705,19730.36121233046,2.927069415540235,0.12376309944880022,372,Sub-Saharan Africa,Malawi,Mwanza,TA Kanduku,30601,MW30601,0.1424466,0.003436059,0.2052653,0.02923934,0.02412174,0.000705304,22655.37460,0.3022685,0.03429861,0.5959697,0.1801429,0.1134707,0.02044093, 4623.174880,0.05,9.12e-06,1,0.2227189,0.000182401,4.06e-05, 34318.47559,35,2020-04-07
139,1914.588941232835,214.7586656048341,256.15247918591854,37.001988153016576,21.064516684949044,2153.0875770219577,26.52071211648776,2708.5859387671635,253.91052524485923,65.56461814394565,9298.683097346731,1054.7532554583881,1259.4960545046674,38.720794845182155,10.403767535986804,10988.797056361836,4.52057394724315,13355.691502653299,266.36291953710423,32.42684667914033,14219.784197029036,1594.3071684431072,1901.3655524275214,0.4414492577772687,0.04156326660641402,16602.447874945006,0.08778463094521133,20098.69139297096,3.0284072088097744,0.1293478975516253,372,Sub-Saharan Africa,Malawi,Mwanza,TA Kanduku,30601,MW30601,0.1424466,0.003436059,0.2052653,0.02923934,0.02412174,0.000705304,22655.37460,0.3022685,0.03429861,0.5959697,0.1801429,0.1134707,0.02044093, 4623.174880,0.05,9.12e-06,1,0.2227189,0.000182401,4.06e-05, 34318.47559,35,2020-04-07
140,1868.7539552456788,201.17875201543075,244.09337703769444,35.985863311066105,21.181773042441026,2223.886285240714,28.094874106973553,2754.4209247543195,262.02073025237166,68.32322017804803,9073.879577457623,987.7892983030781,1199.8750370417647,37.64784855660235,10.45956783572238,11340.934942817514,4.788327987730929,13580.495022542407,274.8390214406013,33.78707612733782,13879.468057338623,1493.5375800275792,1811.907093077555,0.4293385698024172,0.04179558293586168,17132.998728964973,0.09299643853131348,20439.00753266137,3.1251789991459193,0.13479202146717512,372,Sub-Saharan Africa,Malawi,Mwanza,TA Kanduku,30601,MW30601,0.1424466,0.003436059,0.2052653,0.02923934,0.02412174,0.000705304,22655.37460,0.3022685,0.03429861,0.5959697,0.1801429,0.1134707,0.02044093, 4623.174880,0.05,9.12e-06,1,0.2227189,0.000182401,4.06e-05, 34318.47559,35,2020-04-07
141,1826.5030290697507,187.86030065320534,231.68782755491532,34.84299578011758,21.208354846285363,2291.3979892867783,29.674382808946024,2796.6718509302477,269.7338928038858,71.0001191070289,8866.704735378738,922.1536411695614,1138.5896841112067,36.44295186046373,10.47057917935492,11675.95607107795,5.056937222762866,13787.669864621292,282.8979947210723,35.106682908347935,13565.754626619713,1394.7018551643878,1719.8705333400767,0.4157149013578733,0.041848984581574634,17637.592784922617,0.09822606726082803,20752.720963380278,3.2172159382059258,0.14007505184240263,372,Sub-Saharan Africa,Malawi,Mwanza,TA Kanduku,30601,MW30601,0.1424466,0.003436059,0.2052653,0.02923934,0.02412174,0.000705304,22655.37460,0.3022685,0.03429861,0.5959697,0.1801429,0.1134707,0.02044093, 4623.174880,0.05,9.12e-06,1,0.2227189,0.000182401,4.06e-05, 34318.47559,35,2020-04-07
142,1787.635224917054,174.9132764568501,219.10169644756323,33.593998160992314,21.14666011932925,2355.5314589180402,31.252564980169158,2835.5396550829446,277.0415147540756,73.58651566931638,8676.162342713313,858.3834894164856,1076.4559941005984,35.12777397283712,10.438017236273716,11993.481715812688,5.325266747841965,13978.212257286717,290.5312285119503,36.381353727351204,13277.153690695714,1298.61682904437,1626.487030040039,0.4008240535986262,0.041728189344720903,18115.672036554617,0.10345142231305518,21041.32189930428,3.304416286754147,0.14517961165777601,372,Sub-Saharan Africa,Malawi,Mwanza,TA Kanduku,30601,MW30601,0.1424466,0.003436059,0.2052653,0.02923934,0.02412174,0.000705304,22655.37460,0.3022685,0.03429861,0.5959697,0.1801429,0.1134707,0.02044093, 4623.174880,0.05,9.12e-06,1,0.2227189,0.000182401,4.06e-05, 34318.47559,35,2020-04-07
143,1751.944349377306,162.42478861018583,206.4839763587434,32.25943396714957,21.00026962728282,2416.2390911928974,32.822970866433515,2871.230530622692,283.9402023739686,76.07516834517658,8501.231802472366,796.9032531557119,1014.2059671738047,33.72390477618702,10.363679896739988,12293.35377207038,5.5922204548474985,14153.142797527664,297.73544676044406,37.60754651641464,13012.135791128363,1205.9297396609104,1532.8626561624324,0.3849112770600254,0.04144024971746476,18567.01240037439,0.10865114712270467,21306.339798871628,3.386739213863413,0.15009139684016937,372,Sub-Saharan Africa,Malawi,Mwanza,TA Kanduku,30601,MW30601,0.1424466,0.003436059,0.2052653,0.02923934,0.02412174,0.000705304,22655.37460,0.3022685,0.03429861,0.5959697,0.1801429,0.1134707,0.02044093, 4623.174880,0.05,9.12e-06,1,0.2227189,0.000182401,4.06e-05, 34318.47559,35,2020-04-07
144,1719.2233595549342,150.460950246247,193.96550539853882,30.859323312167966,20.773787142746915,2473.512497784429,34.37945656093486,2903.9515204450636,290.4311007704331,78.46037181464361,8340.889693503292,738.0339017426637,952.4814843952123,32.25233856833377,10.249867699749359,12575.61055910656,5.856754984226003,14313.484906496738,304.5121105380216,38.7824788338573,12769.16495170612,1117.131999581656,1439.9688586904713,0.36821537255463693,0.040994237982268936,18991.68676551502,0.11380489619428671,21549.31063829387,3.4641980560857486,0.15479913417655558,372,Sub-Saharan Africa,Malawi,Mwanza,TA Kanduku,30601,MW30601,0.1424466,0.003436059,0.2052653,0.02923934,0.02412174,0.000705304,22655.37460,0.3022685,0.03429861,0.5959697,0.1801429,0.1134707,0.02044093, 4623.174880,0.05,9.12e-06,1,0.2227189,0.000182401,4.06e-05, 34318.47559,35,2020-04-07
145,1689.2678448402376,139.06908550507666,181.65853561375795,29.41273440192933,20.4726654350823,2527.377760369219,35.916253834695986,2933.90703515976,296.5192973368139,80.73790011848315,8194.126750598945,682.0039889180979,891.8323698407273,30.733048551126707,10.099297366463508,12840.461253194837,6.117891529838648,14460.247849401085,310.8667892502854,39.904098907876744,12546.724545800864,1032.5755524449048,1348.6392254268071,0.3509638146700004,0.04040090307477844,19390.02600804321,0.11889356646744108,21771.751044199133,3.5368532055143898,0.15929446954221943,372,Sub-Saharan Africa,Malawi,Mwanza,TA Kanduku,30601,MW30601,0.1424466,0.003436059,0.2052653,0.02923934,0.02412174,0.000705304,22655.37460,0.3022685,0.03429861,0.5959697,0.1801429,0.1134707,0.02044093, 4623.174880,0.05,9.12e-06,1,0.2227189,0.000182401,4.06e-05, 34318.47559,35,2020-04-07
146,1661.87868269317,128.28011724621874,169.6569871413923,27.93746090247968,20.10302696089016,2577.8905782252873,37.42802683056009,2961.2961973068277,302.2132206249088,82.90492247765907,8059.960774484634,628.9615294866162,832.7178197751156,29.184651822846664,9.915012873064862,13088.260086159873,6.374725397885768,14594.413825515396,316.8085282652275,40.97104327803721,12343.337033272273,952.490576703189,1259.5713425714257,0.3333688991185186,0.03967231691979289,19762.579696751854,0.12389948521168553,21975.138556727718,3.604804941748086,0.16357180213147834,372,Sub-Saharan Africa,Malawi,Mwanza,TA Kanduku,30601,MW30601,0.1424466,0.003436059,0.2052653,0.02923934,0.02412174,0.000705304,22655.37460,0.3022685,0.03429861,0.5959697,0.1801429,0.1134707,0.02044093, 4623.174880,0.05,9.12e-06,1,0.2227189,0.000182401,4.06e-05, 34318.47559,35,2020-04-07
147,1636.8639972553071,118.11094558706753,158.03725309122302,26.449790902742123,19.671485061147582,2625.131492966484,38.90991513602735,2986.310882744691,307.5240568748935,84.95989676400325,7937.446115035758,578.9857956520315,775.5105213051268,27.62417074498292,9.700296932398505,13319.481267089057,6.626433240680394,14716.928484964274,322.3492362643043,41.98258351800453,12157.578521981355,877.0031263385586,1173.332744052678,0.31562498229349223,0.03882152169721783,20110.077944570574,0.1288065528385295,22160.897068018636,3.6681864730084377,0.16762807453574727,372,Sub-Saharan Africa,Malawi,Mwanza,TA Kanduku,30601,MW30601,0.1424466,0.003436059,0.2052653,0.02923934,0.02412174,0.000705304,22655.37460,0.3022685,0.03429861,0.5959697,0.1801429,0.1134707,0.02044093, 4623.174880,0.05,9.12e-06,1,0.2227189,0.000182401,4.06e-05, 34318.47559,35,2020-04-07
148,1614.0405519129627,108.56673084855343,146.8593714267757,24.964353140726473,19.184973501363515,2669.201335181398,40.35756398821869,3009.1343280870356,312.46519997861253,86.90244972241757,7825.680378438391,532.0986125657727,720.502557544294,26.06687531579263,9.45858673503449,13534.695311302086,6.872278098662555,14828.69422156164,327.5031085429218,42.93856654001154,11988.089126144332,806.1520669455455,1090.3695880256996,0.2979066425098695,0.037862193510918296,20433.395439705284,0.1336003431138547,22330.38646385566,3.7271573750053286,0.17146253662477293,372,Sub-Saharan Africa,Malawi,Mwanza,TA Kanduku,30601,MW30601,0.1424466,0.003436059,0.2052653,0.02923934,0.02412174,0.000705304,22655.37460,0.3022685,0.03429861,0.5959697,0.1801429,0.1134707,0.02044093, 4623.174880,0.05,9.12e-06,1,0.2227189,0.000182401,4.06e-05, 34318.47559,35,2020-04-07
149,1593.234660951872,99.64303048625979,136.16844435475397,23.49403630473018,18.65058773759997,2710.216978082553,41.76714208222919,3029.9402190481255,317.05174449530216,88.7332481182019,7723.808779660162,488.2749097010924,667.9125083616184,24.526202014534196,9.193395612931063,13734.54719231655,7.111612333147489,14930.56582033987,332.2860962213453,43.83935054611991,11833.579753275148,739.9049320198926,1011.0171738845662,0.28036771319277826,0.03680832913792165,20733.51828661573,0.13826816232620806,22484.895836724845,3.781897542475371,0.17507649146412962,372,Sub-Saharan Africa,Malawi,Mwanza,TA Kanduku,30601,MW30601,0.1424466,0.003436059,0.2052653,0.02923934,0.02412174,0.000705304,22655.37460,0.3022685,0.03429861,0.5959697,0.1801429,0.1134707,0.02044093, 4623.174880,0.05,9.12e-06,1,0.2227189,0.000182401,4.06e-05, 34318.47559,35,2020-04-07
150,1574.2827196578585,91.32772886800015,125.99622755430732,22.04996848748193,18.075441046265556,2748.307446139036,43.135348247048775,3048.8921603421395,321.3000261965263,90.45386606862627,7631.026631067972,447.45223186422265,617.8933634097655,23.01373554944858,8.90824214051405,13919.736517299496,7.343878668617099,15023.34796893206,336.71542591676314,44.685739207076686,11692.836056963928,678.1722445663829,935.511724184301,0.26314103374806225,0.03567396206809941,21011.51395021798,0.14279907158855853,22625.639533036065,3.8326017068812197,0.17847303365665787,372,Sub-Saharan Africa,Malawi,Mwanza,TA Kanduku,30601,MW30601,0.1424466,0.003436059,0.2052653,0.02923934,0.02412174,0.000705304,22655.37460,0.3022685,0.03429861,0.5959697,0.1801429,0.1134707,0.02044093, 4623.174880,0.05,9.12e-06,1,0.2227189,0.000182401,4.06e-05, 34318.47559,35,2020-04-07
151,1557.0314303547984,83.60275345799597,116.36276658835493,20.641547950408135,17.46653845466749,2783.610435307225,44.459407886548036,3066.1434496451993,325.2272159961323,92.06665300167896,7546.580349261186,409.5391829185324,570.5406464719927,21.53924400467225,8.606588119437001,14090.999979725239,7.568609498976339,15107.794250738845,340.80917580601493,45.47891626733311,11564.720130556578,620.820255895273,864.0025196452684,0.24633881305324037,0.03447291362961153,21268.504688300953,0.14718387524155502,22753.755459443415,3.8794745904765704,0.18165678887116649,372,Sub-Saharan Africa,Malawi,Mwanza,TA Kanduku,30601,MW30601,0.1424466,0.003436059,0.2052653,0.02923934,0.02412174,0.000705304,22655.37460,0.3022685,0.03429861,0.5959697,0.1801429,0.1134707,0.02044093, 4623.174880,0.05,9.12e-06,1,0.2227189,0.000182401,4.06e-05, 34318.47559,35,2020-04-07
152,1541.3377947571616,76.44556789411436,107.27802022940621,19.276515211776395,16.830668717277383,2816.269252363954,45.7370608263077,3081.837085242836,328.85096719757695,93.57460524006994,7469.767326238646,374.4227595642877,525.9004552617184,20.110756951391668,8.291785537121315,14249.096091707843,7.785424739027091,15184.607273761385,344.5859078957842,46.220382036515474,11448.170464217254,567.6820300669622,796.5639402424108,0.23005348635716452,0.03321857969593206,21505.644468326525,0.15141508078708474,22870.30512578274,3.9227266960174996,0.18463366048301671,372,Sub-Saharan Africa,Malawi,Mwanza,TA Kanduku,30601,MW30601,0.1424466,0.003436059,0.2052653,0.02923934,0.02412174,0.000705304,22655.37460,0.3022685,0.03429861,0.5959697,0.1801429,0.1134707,0.02044093, 4623.174880,0.05,9.12e-06,1,0.2227189,0.000182401,4.06e-05, 34318.47559,35,2020-04-07
153,1527.068931678586,69.83044074376146,98.74343487712534,17.961052931606126,16.174315668578398,2846.4301623401816,46.9665417601589,3096.1059483214117,332.1891135617797,94.98124454459162,7399.934954671311,341.97457287847277,483.9772431597826,18.734672313552036,7.9670331336977895,14394.792095417219,7.994028425998354,15254.43964532872,348.0643537513093,46.911893399891596,11342.200603695725,518.5668644968949,733.2071462038069,0.21435890413917477,0.0319237556154938,21724.099206109513,0.1554868343001009,22976.27498630427,3.962570702451068,0.18741058991559462,372,Sub-Saharan Africa,Malawi,Mwanza,TA Kanduku,30601,MW30601,0.1424466,0.003436059,0.2052653,0.02923934,0.02412174,0.000705304,22655.37460,0.3022685,0.03429861,0.5959697,0.1801429,0.1134707,0.02044093, 4623.174880,0.05,9.12e-06,1,0.2227189,0.000182401,4.06e-05, 34318.47559,35,2020-04-07
154,1514.1017642008633,63.729515233502745,90.75340531200675,16.699908977559527,15.503587683196853,2874.240143803395,48.14655478947378,3109.0731157991345,335.2594176685658,96.29050485276743,7336.479023359289,312.05608499920254,444.7410271517969,17.41588708887222,7.635341942621239,14528.853031133136,8.194204325116209,15317.895576640743,351.2631530148211,47.55540795044723,11245.896838354967,473.2682341175064,673.890917184826,0.19931179813648967,0.030600496855516746,21925.03029321144,0.15939483626376427,23072.578751645022,3.9992184605221093,0.18999533311928096,372,Sub-Saharan Africa,Malawi,Mwanza,TA Kanduku,30601,MW30601,0.1424466,0.003436059,0.2052653,0.02923934,0.02412174,0.000705304,22655.37460,0.3022685,0.03429861,0.5959697,0.1801429,0.1134707,0.02044093, 4623.174880,0.05,9.12e-06,1,0.2227189,0.000182401,4.06e-05, 34318.47559,35,2020-04-07
155,1502.3226163408017,58.11368964953417,83.2966156230823,15.496532307718208,14.824164624934571,2899.8450180538275,49.27624340009922,3120.852263659196,338.0793646274963,97.50662885105085,7278.841678625033,284.5229111525717,408.13399377930386,16.157941140139492,7.29950947244611,14652.032755061316,8.385810769224554,15375.532921375,354.200639460877,48.153033030614736,11158.415215803647,431.57033058999536,618.5316041562961,0.18495340064297303,0.029260014155988976,22109.58108979298,0.16313624227756898,23160.060374196346,4.032878529314131,0.19239625643355787,372,Sub-Saharan Africa,Malawi,Mwanza,TA Kanduku,30601,MW30601,0.1424466,0.003436059,0.2052653,0.02923934,0.02412174,0.000705304,22655.37460,0.3022685,0.03429861,0.5959697,0.1801429,0.1134707,0.02044093, 4623.174880,0.05,9.12e-06,1,0.2227189,0.000182401,4.06e-05, 34318.47559,35,2020-04-07
156,1491.6267504652494,52.95332940577895,76.35725003038877,14.353213863510152,14.141261250924803,2923.3879179426453,50.355157041500306,3131.5481295347477,340.6659963759713,98.63407530086785,7226.509104034073,259.2282922940979,374.07645538544,14.963165872586169,6.962102011078288,14765.066705472611,8.56877493015067,15427.865495965962,356.8946695243708,48.70698012808426,11078.978115286316,393.25335225350534,567.0121169591735,0.17131112398720885,0.027912601157875555,22278.866072223358,0.1667095524945335,23239.497474713677,4.063754197035389,0.19462215365240898,372,Sub-Saharan Africa,Malawi,Mwanza,TA Kanduku,30601,MW30601,0.1424466,0.003436059,0.2052653,0.02923934,0.02412174,0.000705304,22655.37460,0.3022685,0.03429861,0.5959697,0.1801429,0.1134707,0.02044093, 4623.174880,0.05,9.12e-06,1,0.2227189,0.000182401,4.06e-05, 34318.47559,35,2020-04-07
157,1481.9178665993254,48.21883619453013,69.91605084981707,13.271230635614632,13.459604654674674,2945.008075473614,51.38321559242182,3141.2570134006723,343.03578386314103,99.67743685725452,7179.009021391591,236.02586463246263,342.47204694728646,13.83283590048872,6.625443849123012,14868.666300539084,8.743086740001154,15475.365578608442,359.362490418473,49.21952448526145,11006.870536962759,358.0977332054879,519.1897782646718,0.15840027832668274,0.026567589736360732,22433.962459204966,0.17011449404227408,23311.605053037234,4.092041953899378,0.19668208377863472,372,Sub-Saharan Africa,Malawi,Mwanza,TA Kanduku,30601,MW30601,0.1424466,0.003436059,0.2052653,0.02923934,0.02412174,0.000705304,22655.37460,0.3022685,0.03429861,0.5959697,0.1801429,0.1134707,0.02044093, 4623.174880,0.05,9.12e-06,1,0.2227189,0.000182401,4.06e-05, 34318.47559,35,2020-04-07
158,1473.107584476184,43.88109043479543,63.95124626883561,12.25098510638049,12.783424583312978,2964.8398765398074,52.36067259068209,3150.0672955238138,345.2045303417977,100.64136868799164,7135.908114124312,214.7718070054431,313.2122769106576,12.767315602585212,6.291612835500218,14963.514680910259,8.908792611280418,15518.466485875719,361.6206407146457,49.6929700609076,10941.4362620031,325.8874317487561,474.9032121336856,0.14622573453153298,0.025233330752452703,22575.903873149833,0.17335189933252879,23377.039327996892,4.117930336231162,0.1985852300849814,372,Sub-Saharan Africa,Malawi,Mwanza,TA Kanduku,30601,MW30601,0.1424466,0.003436059,0.2052653,0.02923934,0.02412174,0.000705304,22655.37460,0.3022685,0.03429861,0.5959697,0.1801429,0.1134707,0.02044093, 4623.174880,0.05,9.12e-06,1,0.2227189,0.000182401,4.06e-05, 34318.47559,35,2020-04-07
159,1465.11492086249,39.91178568472909,58.439338228703654,11.29213867969815,12.116454765544953,2983.012163630317,53.28807814851527,3158.0599591375076,347.18730332906074,101.53052757581582,7096.8094339125255,195.32645857085626,286.18038602999496,11.766199123708184,5.962441341688316,15050.263691909362,9.065989111903122,15557.565166087505,363.6848807957378,50.1296196806629,10882.073976666532,296.412416661906,433.97819467096735,0.13478351567805028,0.0239171965422146,22705.675877705056,0.17642358331267852,23436.401613333463,4.1415991127759115,0.20034077985489301,372,Sub-Saharan Africa,Malawi,Mwanza,TA Kanduku,30601,MW30601,0.1424466,0.003436059,0.2052653,0.02923934,0.02412174,0.000705304,22655.37460,0.3022685,0.03429861,0.5959697,0.1801429,0.1134707,0.02044093, 4623.174880,0.05,9.12e-06,1,0.2227189,0.000182401,4.06e-05, 34318.47559,35,2020-04-07
160,1457.8657734544022,36.28367520148535,53.35576693572371,10.393736339994666,11.46194312139743,2999.647742609048,54.16624233794626,3165.3091065455956,348.998389789185,102.34952069110655,7061.349844888135,177.55550650880366,261.2545970997698,10.828440993342362,5.63952157803121,15129.53187220434,9.214816727617764,15593.024755111894,365.57014746775405,50.53174996547789,10828.233444363184,269.47050105552626,396.2325893107696,0.12406228411855912,0.02262560094708425,22824.213035163186,0.17933222225800782,23490.24214563681,4.1632187482204,0.20195782320509192,372,Sub-Saharan Africa,Malawi,Mwanza,TA Kanduku,30601,MW30601,0.1424466,0.003436059,0.2052653,0.02923934,0.02412174,0.000705304,22655.37460,0.3022685,0.03429861,0.5959697,0.1801429,0.1134707,0.02044093, 4623.174880,0.05,9.12e-06,1,0.2227189,0.000182401,4.06e-05, 34318.47559,35,2020-04-07
161,1451.2924156519985,32.97074498548962,48.67546341426136,9.554321460424044,10.822669553880436,3014.8630655329252,54.996199401018494,3171.8824643479998,350.6512711278272,103.10286333054141,7029.197525743894,161.33081445465527,238.3108125646556,9.95247626227312,5.3242146197353675,15201.903302583418,9.355453771406033,15625.177074256135,367.2905291590307,50.90159068576323,10779.411757803686,244.86863020984524,361.48045125727396,0.11404471123045681,0.021364034319564625,22932.397260748352,0.18208123528130046,23539.063832196312,4.182950103247757,0.20344526960086493,372,Sub-Saharan Africa,Malawi,Mwanza,TA Kanduku,30601,MW30601,0.1424466,0.003436059,0.2052653,0.02923934,0.02412174,0.000705304,22655.37460,0.3022685,0.03429861,0.5959697,0.1801429,0.1134707,0.02044093, 4623.174880,0.05,9.12e-06,1,0.2227189,0.000182401,4.06e-05, 34318.47559,35,2020-04-07
162,1445.333015023522,29.948330510312314,44.373300919280794,8.772039180405807,10.20096864603929,3028.7680518904467,55.77917382999119,3177.8418649764762,352.1586133647286,103.79494469883392,7000.04959185564,146.5309765008401,217.22481463885669,9.136328553254149,5.017661819497866,15267.92711601578,9.488110616169763,15654.32500814439,368.8592568445912,51.24130807714473,10735.149766450864,222.4237510383091,329.5353812039672,0.10470871092902317,0.02013710822353746,23031.057170815675,0.18467467202306462,23583.325823549134,4.200944315861064,0.20481178024660193,372,Sub-Saharan Africa,Malawi,Mwanza,TA Kanduku,30601,MW30601,0.1424466,0.003436059,0.2052653,0.02923934,0.02412174,0.000705304,22655.37460,0.3022685,0.03429861,0.5959697,0.1801429,0.1134707,0.02044093, 4623.174880,0.05,9.12e-06,1,0.2227189,0.000182401,4.06e-05, 34318.47559,35,2020-04-07
163,1439.9311872408796,27.193173306121572,40.42443659724182,8.044725132835616,9.598756869997846,3041.466051707433,56.51654914548858,3183.243692759119,353.53227255990083,104.43000272945781,6973.629895542199,133.04157838963917,197.87392628531794,8.377702663836779,4.7207984052017515,15328.117674322124,9.613024391719758,15680.74470445783,370.288710741571,51.55299260324572,10695.028766695426,201.96323465907582,300.2130642994277,0.09602849852495214,0.01894860905595829,23120.968430129218,0.18711710926335662,23623.44682330457,4.217342864911249,0.20606571831931475,372,Sub-Saharan Africa,Malawi,Mwanza,TA Kanduku,30601,MW30601,0.1424466,0.003436059,0.2052653,0.02923934,0.02412174,0.000705304,22655.37460,0.3022685,0.03429861,0.5959697,0.1801429,0.1134707,0.02044093, 4623.174880,0.05,9.12e-06,1,0.2227189,0.000182401,4.06e-05, 34318.47559,35,2020-04-07
164,1435.03554453692,24.683455427972635,36.80461799828556,7.369990426097696,9.01756310498707,3053.053871845963,57.20983665977219,3188.139335463078,354.7833073592017,105.01210218939389,6949.686800651123,120.75535068210861,180.13849918280096,7.674073190857163,4.434368695235424,15382.955053915543,9.730453682370541,15704.687799348905,371.59043440302656,51.83864833904536,10658.66715117552,183.3251347140734,273.3335482408537,0.08797560496770082,0.01780155820464595,23202.854565158894,0.1894135474779873,23659.80843882448,4.232277718620364,0.2072151056826331,372,Sub-Saharan Africa,Malawi,Mwanza,TA Kanduku,30601,MW30601,0.1424466,0.003436059,0.2052653,0.02923934,0.02412174,0.000705304,22655.37460,0.3022685,0.03429861,0.5959697,0.1801429,0.1134707,0.02044093, 4623.174880,0.05,9.12e-06,1,0.2227189,0.000182401,4.06e-05, 34318.47559,35,2020-04-07
165,1430.599283628406,22.39879587263315,33.490387912973475,6.745291368997627,8.458561397413453,3063.6219121178615,57.86064770171252,3192.575596371592,355.92200291662084,105.5451208344327,6927.991153953987,109.57213816779378,163.90290305389277,7.022757117378948,4.158942378789419,15432.88603151085,9.840673817347064,15726.38344604604,372.77516052498834,52.10018630724232,10625.717350587804,166.35816277511648,248.72276643871027,0.08051970914254974,0.01669827664784691,23277.38852289372,0.1915693188479004,23692.758239412196,4.245871619057493,0.20826759549574717,372,Sub-Saharan Africa,Malawi,Mwanza,TA Kanduku,30601,MW30601,0.1424466,0.003436059,0.2052653,0.02923934,0.02412174,0.000705304,22655.37460,0.3022685,0.03429861,0.5959697,0.1801429,0.1134707,0.02044093, 4623.174880,0.05,9.12e-06,1,0.2227189,0.000182401,4.06e-05, 34318.47559,35,2020-04-07
166,1426.5798304108844,20.32022666570653,30.459228905481428,6.167985034244423,7.922601645680521,3073.2543372206233,58.47067011737774,3196.595049589114,356.9578975241301,106.03274066344898,6908.334537158195,99.3987718384199,149.05622117090064,6.420971591111717,3.8949297394971745,15478.3251956128,9.943972889113729,15746.040062841834,373.85283942238226,52.3394203042138,10595.863196657368,150.92151245481801,226.21361316689462,0.0736293011999285,0.01564044547213241,23345.19440796481,0.19359000942334947,23722.61239334263,4.2582383991095645,0.20923045489548175,372,Sub-Saharan Africa,Malawi,Mwanza,TA Kanduku,30601,MW30601,0.1424466,0.003436059,0.2052653,0.02923934,0.02412174,0.000705304,22655.37460,0.3022685,0.03429861,0.5959697,0.1801429,0.1134707,0.02044093, 4623.174880,0.05,9.12e-06,1,0.2227189,0.000182401,4.06e-05, 34318.47559,35,2020-04-07
167,1422.9384353273945,18.430147374429534,27.68969815450578,5.635387094875224,7.4102465750029545,3082.029323213875,59.041642259914845,3200.2364446726037,357.89981838645167,106.47844124985785,6890.527277259507,90.14883414668101,135.49289674571742,5.865893995817891,3.6425999759676158,15519.656450527022,10.04064734932489,15763.84732274052,374.83267709310707,52.55806376514626,10568.816918849283,136.88452348246233,205.64694701355165,0.06727237309994623,0.014629178805528267,23406.849817729817,0.1954813729658055,23749.658671150715,4.26948340852662,0.21011055177133361,372,Sub-Saharan Africa,Malawi,Mwanza,TA Kanduku,30601,MW30601,0.1424466,0.003436059,0.2052653,0.02923934,0.02412174,0.000705304,22655.37460,0.3022685,0.03429861,0.5959697,0.1801429,0.1134707,0.02044093, 4623.174880,0.05,9.12e-06,1,0.2227189,0.000182401,4.06e-05, 34318.47559,35,2020-04-07
168,1419.639876953823,16.71227573573855,25.161474943492053,5.144807403379293,6.921801281334499,3090.0193086118356,59.57533507039535,3203.5350030461755,358.7559154689541,106.88549921831917,6874.396990269381,81.74240969020312,123.11295461234795,5.3546988109431375,3.402095811529802,15557.23445182683,10.130998978804563,15779.977609730646,375.7231710124333,52.75772961229673,10544.316944076292,124.12631629778944,186.8719451937664,0.0614168435235941,0.013665082105145098,23462.888053234925,0.1972492715827158,23774.158645923704,4.27970391728081,0.21091435368786077,372,Sub-Saharan Africa,Malawi,Mwanza,TA Kanduku,30601,MW30601,0.1424466,0.003436059,0.2052653,0.02923934,0.02412174,0.000705304,22655.37460,0.3022685,0.03429861,0.5959697,0.1801429,0.1134707,0.02044093, 4623.174880,0.05,9.12e-06,1,0.2227189,0.000182401,4.06e-05, 34318.47559,35,2020-04-07
169,1416.6521597428828,15.151585709461619,22.855398971817685,4.693583932720963,6.4573441649291095,3097.291273288539,60.073534189647624,3206.522720257116,359.5336984768053,107.25698916306854,6859.787096726884,74.10577407657196,111.82217792417235,4.884592742116045,3.1734487810415697,15591.386177884917,10.215331864336896,15794.587503273144,376.53214918431013,52.93993081349858,10522.12565298794,112.5353332764752,169.7463897286981,0.056030963258165166,0.012748313190566244,23513.800535113962,0.19889961646167914,23796.349937012055,4.288989556303071,0.21164792965224527,372,Sub-Saharan Africa,Malawi,Mwanza,TA Kanduku,30601,MW30601,0.1424466,0.003436059,0.2052653,0.02923934,0.02412174,0.000705304,22655.37460,0.3022685,0.03429861,0.5959697,0.1801429,0.1134707,0.02044093, 4623.174880,0.05,9.12e-06,1,0.2227189,0.000182401,4.06e-05, 34318.47559,35,2020-04-07
170,1413.9462200898306,13.734235285580537,20.75350124038661,4.279112208329549,6.016757376805268,3103.9070304352936,60.538023363772595,3209.228659910168,360.2400748950518,107.59578624987151,6846.555378520747,67.17103280155686,101.53224949468407,4.4528451412510694,2.956594265845862,15622.412550180015,10.293949595938884,15807.81922147928,377.2668102548297,53.10608176294783,10502.027197966794,102.00880380482525,154.13689837886193,0.05108366677678325,0.011878642320796986,23560.03928922752,0.20043831288692607,23816.448392033202,4.2974227709312425,0.21231695520772298,372,Sub-Saharan Africa,Malawi,Mwanza,TA Kanduku,30601,MW30601,0.1424466,0.003436059,0.2052653,0.02923934,0.02412174,0.000705304,22655.37460,0.3022685,0.03429861,0.5959697,0.1801429,0.1134707,0.02044093, 4623.174880,0.05,9.12e-06,1,0.2227189,0.000182401,4.06e-05, 34318.47559,35,2020-04-07
171,1411.4956728272216,12.447502184598536,18.838984446487288,3.898865667182538,5.599754318403692,3109.9235292714907,60.970571284614415,3211.6792071727773,360.88138827477025,107.90457163481163,6834.572734944018,60.87580131853815,92.16064644124282,4.056808965796568,2.751385055065777,15650.590070227701,10.36715304767828,15819.80186505601,377.9337637770118,53.257501031211184,10483.825621094717,92.45226767472488,139.91878048247764,0.04654481553827135,0.011055506464222596,23602.019449209438,0.2018712166300325,23834.649968905283,4.3050792774233715,0.212926723094255,372,Sub-Saharan Africa,Malawi,Mwanza,TA Kanduku,30601,MW30601,0.1424466,0.003436059,0.2052653,0.02923934,0.02412174,0.000705304,22655.37460,0.3022685,0.03429861,0.5959697,0.1801429,0.1134707,0.02044093, 4623.174880,0.05,9.12e-06,1,0.2227189,0.000182401,4.06e-05, 34318.47559,35,2020-04-07
172,1409.2765621977153,11.279709907116953,17.096198624175578,3.550412671182657,5.205906680857408,3115.393170408716,61.37291951023486,3213.898317802283,361.463457645666,108.18583923486962,6823.721961101061,55.16283782084801,83.63051239891401,3.6939382489687906,2.557604669678574,15676.172507417961,10.435238342607724,15830.652638898966,378.5390716181053,53.39541477497998,10467.343005313784,83.77902677117991,126.97585740378119,0.04238540135819004,0.010278062664139408,23640.121832953304,0.2032040939154989,23851.132584686216,4.312028532950955,0.21348215657963823,372,Sub-Saharan Africa,Malawi,Mwanza,TA Kanduku,30601,MW30601,0.1424466,0.003436059,0.2052653,0.02923934,0.02412174,0.000705304,22655.37460,0.3022685,0.03429861,0.5959697,0.1801429,0.1134707,0.02044093, 4623.174880,0.05,9.12e-06,1,0.2227189,0.000182401,4.06e-05, 34318.47559,35,2020-04-07
173,1407.2671540258552,10.220158764560807,15.51061234666202,3.2314269747548527,4.8346672247003095,3120.3640874135804,61.746773249884754,3215.9077259741434,361.9916121921641,108.44190304538849,6813.896728739802,49.97970152102599,75.87050995718823,3.3617987727727545,2.374978578117431,15699.392387128697,10.49849530243562,15840.477871260224,379.0882843460707,53.520960399865295,10452.417931392714,75.9096335745848,115.2002497547977,0.038577671618255135,0.009545233001567859,23674.695209782396,0.20444259087544275,23866.057658607286,4.318334149158466,0.21398782387701054,372,Sub-Saharan Africa,Malawi,Mwanza,TA Kanduku,30601,MW30601,0.1424466,0.003436059,0.2052653,0.02923934,0.02412174,0.000705304,22655.37460,0.3022685,0.03429861,0.5959697,0.1801429,0.1134707,0.02044093, 4623.174880,0.05,9.12e-06,1,0.2227189,0.000182401,4.06e-05, 34318.47559,35,2020-04-07
174,1405.4477371117525,9.25905826119515,14.06876620294024,2.9396958323623252,4.485391334861914,3124.8804378066616,62.09379345022455,3217.7271428882464,362.4707267411068,108.67490541623985,6805.000612620869,45.27841819855359,68.81458637530469,3.058076293859979,2.2031847999457352,15720.46251559323,10.557206118279007,15849.373987379158,379.58647843417447,53.63519068832048,10438.9040033117,68.77138960525562,104.49203293819782,0.035095226301540834,0.008855747144280817,23706.058620964075,0.20559220731305147,23879.571586688297,4.324054315448185,0.21444795445733222,372,Sub-Saharan Africa,Malawi,Mwanza,TA Kanduku,30601,MW30601,0.1424466,0.003436059,0.2052653,0.02923934,0.02412174,0.000705304,22655.37460,0.3022685,0.03429861,0.5959697,0.1801429,0.1134707,0.02044093, 4623.174880,0.05,9.12e-06,1,0.2227189,0.000182401,4.06e-05, 34318.47559,35,2020-04-07
175,1403.8004321170042,8.387458119528251,12.758223274592122,2.673125678363813,4.157357512893057,3128.982693409467,62.41558988814983,3219.3744478829944,362.90525689362914,108.88682595424146,6796.946153790331,41.01513935841699,62.40172524927171,2.780582243929423,2.0418639805371166,15739.577491185324,10.611644192229702,15857.428446209695,380.03829306839293,53.73907823072798,10426.668429241256,62.29783374594236,94.75887033863037,0.031913086045525826,0.008208182800539305,23734.503677131514,0.20665827379957583,23891.807160758744,4.329242218047827,0.21486645660011505,372,Sub-Saharan Africa,Malawi,Mwanza,TA Kanduku,30601,MW30601,0.1424466,0.003436059,0.2052653,0.02923934,0.02412174,0.000705304,22655.37460,0.3022685,0.03429861,0.5959697,0.1801429,0.1134707,0.02044093, 4623.174880,0.05,9.12e-06,1,0.2227189,0.000182401,4.06e-05, 34318.47559,35,2020-04-07
176,1402.3090244696143,7.597184259061856,11.567515042130346,2.429743853372517,3.8497849885682363,3132.707911193473,62.71371619377812,3220.865855530384,363.2992713881358,109.07949078364165,6789.654040833547,37.149826418947704,56.57567689338321,2.527255330542506,1.8906280404853588,15756.91509917764,10.662073305495108,15864.72055916648,380.44796401859975,53.83352002220418,10415.590780805518,56.428267237881904,85.91561240380668,0.029007712982655892,0.007601000490084005,23760.296674904137,0.20764593516535126,23902.88480919448,4.33394642609136,0.2152469356554352,372,Sub-Saharan Africa,Malawi,Mwanza,TA Kanduku,30601,MW30601,0.1424466,0.003436059,0.2052653,0.02923934,0.02412174,0.000705304,22655.37460,0.3022685,0.03429861,0.5959697,0.1801429,0.1134707,0.02044093, 4623.174880,0.05,9.12e-06,1,0.2227189,0.000182401,4.06e-05, 34318.47559,35,2020-04-07
177,1400.9588224511435,6.8807825891251015,10.486088802539873,2.2076988333143523,3.561848220202969,3136.0899728116433,62.98966629202942,3222.2160575488547,363.6564805476867,109.25458107563081,6783.05241465989,33.645973662036816,51.284696957588594,2.2961616118251893,1.7490672916542036,15772.637538791414,10.708747025632343,15871.322185340137,380.8193533962949,53.919341690845606,10405.561939309493,51.10733661144987,77.88390681131402,0.026357013672634877,0.007032572174610565,23783.68045754319,0.20856013869216003,23912.913650690505,4.338211231008045,0.2155927108667705,372,Sub-Saharan Africa,Malawi,Mwanza,TA Kanduku,30601,MW30601,0.1424466,0.003436059,0.2052653,0.02923934,0.02412174,0.000705304,22655.37460,0.3022685,0.03429861,0.5959697,0.1801429,0.1134707,0.02044093, 4623.174880,0.05,9.12e-06,1,0.2227189,0.000182401,4.06e-05, 34318.47559,35,2020-04-07
178,1399.7364982728245,6.23145364469126,9.504245031460782,2.005258934439187,3.292692624314354,3139.159860365726,63.2448711265422,3223.4383817271737,363.98026883767767,109.41364328093707,6777.076090070179,30.47028623737527,46.48123562193081,2.0854929650925147,1.6167581513921252,15786.892828790858,10.751908163212748,15877.29850992985,381.1559836960213,53.99730256495228,10396.482915627612,46.284548632354394,70.59173401008057,0.02394032386584212,0.006501212317753449,23804.876544570518,0.20940562323735135,23921.992674372384,4.342077034967936,0.2159068355551047,372,Sub-Saharan Africa,Malawi,Mwanza,TA Kanduku,30601,MW30601,0.1424466,0.003436059,0.2052653,0.02923934,0.02412174,0.000705304,22655.37460,0.3022685,0.03429861,0.5959697,0.1801429,0.1134707,0.02044093, 4623.174880,0.05,9.12e-06,1,0.2227189,0.000182401,4.06e-05, 34318.47559,35,2020-04-07
179,1398.6299758617001,5.64300513413086,8.613085568642362,1.8208092745630147,3.041444993238715,3141.9458618463614,63.48069732136218,3224.544904138298,364.2737188626985,109.55809730184136,6771.666006257008,27.59244673273006,42.12168124753484,1.8935637941730807,1.4932682444368561,15799.815845170298,10.791788553860673,15882.708593743018,381.46106286456853,54.06809971308096,10388.264016909261,41.913918128231096,63.97302288859203,0.02173837238767295,0.006005198458910952,23824.086701588272,0.21018691478245125,23930.21157309074,4.3455806372149155,0.21619211324136212,372,Sub-Saharan Africa,Malawi,Mwanza,TA Kanduku,30601,MW30601,0.1424466,0.003436059,0.2052653,0.02923934,0.02412174,0.000705304,22655.37460,0.3022685,0.03429861,0.5959697,0.1801429,0.1134707,0.02044093, 4623.174880,0.05,9.12e-06,1,0.2227189,0.000182401,4.06e-05, 34318.47559,35,2020-04-07
180,1397.6283161846065,5.109801946047666,7.804458640591788,1.6528481522471277,2.807223758798281,3144.4737851115533,63.69844620615409,3225.546563815392,364.5396362899789,109.68924512020999,6766.768665314947,24.984869287191973,38.166088576429104,1.7188071312275053,1.3781614266530395,15811.529399361412,10.82860890218223,15887.605934685082,381.73751033259373,54.13237220744371,10380.823994993498,37.95359693881336,57.96724295527856,0.01973323807571055,0.005542791484184971,23841.49457075965,0.21090832318519254,23937.6515950065,4.34875553146326,0.21645111466937744,372,Sub-Saharan Africa,Malawi,Mwanza,TA Kanduku,30601,MW30601,0.1424466,0.003436059,0.2052653,0.02923934,0.02412174,0.000705304,22655.37460,0.3022685,0.03429861,0.5959697,0.1801429,0.1134707,0.02044093, 4623.174880,0.05,9.12e-06,1,0.2227189,0.000182401,4.06e-05, 34318.47559,35,2020-04-07
181,1396.7216068039265,4.626716215680135,7.070905602135329,1.4999827974697553,2.5891483928098804,3146.767166841782,63.899353346195326,3226.453273196072,364.78057409084687,109.80827940936216,6762.335591523159,22.622454037945168,34.577915635486825,1.559770091160973,1.271002383398528,15822.145287617981,10.862578710912615,15892.039008476871,381.987982327171,54.190705377097984,10374.08922624081,34.36550328940335,52.519009248119545,0.01790829920542528,0.005112254193863152,23857.267256727646,0.21157394060409981,23944.38636375919,4.351632195164684,0.21668619479796292,372,Sub-Saharan Africa,Malawi,Mwanza,TA Kanduku,30601,MW30601,0.1424466,0.003436059,0.2052653,0.02923934,0.02412174,0.000705304,22655.37460,0.3022685,0.03429861,0.5959697,0.1801429,0.1134707,0.02044093, 4623.174880,0.05,9.12e-06,1,0.2227189,0.000182401,4.06e-05, 34318.47559,35,2020-04-07
182,1395.9008676272333,4.189085362291622,6.405608249358375,1.3609242116217068,2.3863467014260915,3148.8474588620666,64.08458898600124,3227.274012372765,364.998853975347,109.9162915727866,6758.322869992783,20.482381049388078,31.323763914535043,1.4151083988394932,1.171360191098401,15831.765220089539,10.893896363858902,15896.051730007246,382.21489423856343,54.24363477359678,10367.99301159501,31.115010304538146,47.57769139043235,0.01624817202199962,0.0047118657126760674,23871.556729029315,0.21218764295131323,23950.48257840499,4.354238345301785,0.21689950866398924,372,Sub-Saharan Africa,Malawi,Mwanza,TA Kanduku,30601,MW30601,0.1424466,0.003436059,0.2052653,0.02923934,0.02412174,0.000705304,22655.37460,0.3022685,0.03429861,0.5959697,0.1801429,0.1134707,0.02044093, 4623.174880,0.05,9.12e-06,1,0.2227189,0.000182401,4.06e-05, 34318.47559,35,2020-04-07
183,1395.157964112022,3.7926719550097454,5.802339783070458,1.2344819223670238,2.1979610111328,3150.7342023119554,64.25525890444166,3228.016915887976,365.1965863592218,110.01427936497143,6754.690721853336,18.543913225187588,28.373136707101324,1.2835808396756183,1.0788113344320456,15840.4816867624,10.92274927791023,15899.683878146692,382.42044145081303,54.29164992873041,10362.474932004558,28.17064807873012,43.097049716898404,0.014738648241531075,0.00433993371187597,23884.50112852513,0.21275309270971784,23956.000657995446,4.356599176673407,0.21709302642159375,372,Sub-Saharan Africa,Malawi,Mwanza,TA Kanduku,30601,MW30601,0.1424466,0.003436059,0.2052653,0.02923934,0.02412174,0.000705304,22655.37460,0.3022685,0.03429861,0.5959697,0.1801429,0.1134707,0.02044093, 4623.174880,0.05,9.12e-06,1,0.2227189,0.000182401,4.06e-05, 34318.47559,35,2020-04-07
184,1394.4855284003,3.433626150947286,5.255419501262867,1.1195584006977974,2.0231532683906854,3152.445188591152,64.4124056872485,3228.6893515996985,365.3756887160758,110.10315412623383,6751.403118291027,16.78821191366395,25.698216023420958,1.1640433684677378,0.9929421899439071,15848.37875408841,10.949314125110973,15902.971481709003,382.60661848097277,54.33519792002091,10357.480262724694,25.503824828669668,39.03489904734208,0.013366628506215726,0.0039948044866012266,23896.22596822315,0.21327374313391978,23960.99532727531,4.358737580916635,0.21726854762052097,372,Sub-Saharan Africa,Malawi,Mwanza,TA Kanduku,30601,MW30601,0.1424466,0.003436059,0.2052653,0.02923934,0.02412174,0.000705304,22655.37460,0.3022685,0.03429861,0.5959697,0.1801429,0.1134707,0.02044093, 4623.174880,0.05,9.12e-06,1,0.2227189,0.000182401,4.06e-05, 34318.47559,35,2020-04-07
185,1393.8768875564504,3.108451899869209,4.7596682451736,1.0151435379899405,1.8611091358654217,3153.996609275527,64.55701034912326,3229.2979924435476,365.5379026106221,110.18374760074592,6748.427429384769,15.198171103266404,23.273643326847807,1.055443292548007,0.9133510168997695,15855.532804762359,10.973757113355324,15905.94717061526,382.775236738306,54.37468672905047,10352.959440364433,23.08857599630704,35.352778018076016,0.012120056544044789,0.003674871052140836,23906.845247849957,0.21375284361046198,23965.51614963557,4.360674349796101,0.21742771466260277,372,Sub-Saharan Africa,Malawi,Mwanza,TA Kanduku,30601,MW30601,0.1424466,0.003436059,0.2052653,0.02923934,0.02412174,0.000705304,22655.37460,0.3022685,0.03429861,0.5959697,0.1801429,0.1134707,0.02044093, 4623.174880,0.05,9.12e-06,1,0.2227189,0.000182401,4.06e-05, 34318.47559,35,2020-04-07
186,1393.325998481129,2.813975462939853,4.310367603431228,0.9203091005750544,1.7110412044600576,3155.403193921198,64.68999422626538,3229.848881518869,365.684809285382,110.25681832411132,6745.734105638569,13.758262998006215,21.07631891249565,0.9568134403039495,0.8396495144974048,15862.013215183886,10.996234312286271,15908.640494361458,382.92794077060523,54.410488386368456,10348.867579508009,20.90133052138805,32.01564629000919,0.010987853048122132,0.0033785794942932275,23916.462473802116,0.21419344591501943,23969.608010491993,4.362428361234376,0.21757202540931264,372,Sub-Saharan Africa,Malawi,Mwanza,TA Kanduku,30601,MW30601,0.1424466,0.003436059,0.2052653,0.02923934,0.02412174,0.000705304,22655.37460,0.3022685,0.03429861,0.5959697,0.1801429,0.1134707,0.02044093, 4623.174880,0.05,9.12e-06,1,0.2227189,0.000182401,4.06e-05, 34318.47559,35,2020-04-07
187,1392.8273888718206,2.547316455394899,3.9032220132666255,0.8342032010361647,1.5721914580167344,3156.6783369235995,64.81222107686452,3230.347491128177,365.8178439461423,110.3230576125621,6743.296389123234,12.454396022597455,19.085215635014105,0.8672663546323002,0.7714640128885011,15867.882976837818,11.016892013860634,15911.078210876793,383.0662231503298,54.44294191909396,10345.164034237414,18.92069584537984,28.991603241227693,0.009959849745675245,0.003104433843958676,23925.17159398121,0.2145984111596054,23973.31155576259,4.364016749816957,0.21770284500356402,372,Sub-Saharan Africa,Malawi,Mwanza,TA Kanduku,30601,MW30601,0.1424466,0.003436059,0.2052653,0.02923934,0.02412174,0.000705304,22655.37460,0.3022685,0.03429861,0.5959697,0.1801429,0.1134707,0.02044093, 4623.174880,0.05,9.12e-06,1,0.2227189,0.000182401,4.06e-05, 34318.47559,35,2020-04-07
188,1392.3761035755363,2.305861587485049,3.534322798086072,0.7560450470310737,1.4438330420648018,3157.834214608387,64.92449934140878,3230.7987764244613,365.93830890966757,110.38309512436331,6741.090051019079,11.273786098239565,17.281202218818606,0.7859887839763019,0.708436323230183,15873.19926843724,11.035867119463246,15913.284548980948,383.19143817264916,54.47235608688848,10341.811999697959,17.127262941065712,26.251621016297026,0.009026726770902034,0.0028509995772990956,23933.057858201042,0.2149704172702547,23976.663590302047,4.365455063721978,0.21782141684755374,372,Sub-Saharan Africa,Malawi,Mwanza,TA Kanduku,30601,MW30601,0.1424466,0.003436059,0.2052653,0.02923934,0.02412174,0.000705304,22655.37460,0.3022685,0.03429861,0.5959697,0.1801429,0.1134707,0.02044093, 4623.174880,0.05,9.12e-06,1,0.2227189,0.000182401,4.06e-05, 34318.47559,35,2020-04-07
189,1391.9676559766604,2.087240445797072,3.200115287877702,0.6851198065608911,1.3252714648645731,3158.8818925055334,65.02758451270456,3231.207224023338,366.04738559873607,110.43750403760207,6739.093153807344,10.204837944917255,15.646881803613958,0.7122363001560712,0.6502243100354745,15878.013978288865,11.053287545114094,15915.281446192683,383.30481434955755,54.49901192837182,10338.778151055209,15.503426486554678,23.769300448757456,0.008179951419487227,0.0026169059946483126,23940.19860318522,0.2153119668291395,23979.6974389448,4.366757407895243,0.21792887282378773,372,Sub-Saharan Africa,Malawi,Mwanza,TA Kanduku,30601,MW30601,0.1424466,0.003436059,0.2052653,0.02923934,0.02412174,0.000705304,22655.37460,0.3022685,0.03429861,0.5959697,0.1801429,0.1134707,0.02044093, 4623.174880,0.05,9.12e-06,1,0.2227189,0.000182401,4.06e-05, 34318.47559,35,2020-04-07
190,1391.5979839077158,1.8893033676166708,2.8973683728197437,0.6207736894975784,1.2158453072842443,3159.8314237803784,65.12218157468591,3231.576896092282,366.1461455103612,110.48680585223468,6737.2858356003935,9.237036668963217,14.166442490023648,0.6453281470357242,0.5965022234398845,15882.374182232315,11.069272637874302,15917.088764399636,383.4074658324013,54.523165122012145,10336.03231604073,14.033220575676623,21.52064503473962,0.0074117194777205105,0.0024008476292264086,23946.663970386584,0.21562539514549964,23982.443273959278,4.367936574972241,0.218026242774726,372,Sub-Saharan Africa,Malawi,Mwanza,TA Kanduku,30601,MW30601,0.1424466,0.003436059,0.2052653,0.02923934,0.02412174,0.000705304,22655.37460,0.3022685,0.03429861,0.5959697,0.1801429,0.1134707,0.02044093, 4623.174880,0.05,9.12e-06,1,0.2227189,0.000182401,4.06e-05, 34318.47559,35,2020-04-07
191,1391.26340964695,1.710101329221154,2.6231461711512805,0.5624093235718121,1.114926496861991,3160.6919395522536,65.20894747998894,3231.911470353048,366.23556025184934,110.53147482136401,6735.650114473852,8.360849238414282,12.825518310180785,0.5846424011039759,0.5469608185268628,15886.322581159562,11.083933598407306,15918.724485526176,383.5004028619451,54.54504816406119,10333.547177848612,12.702169377668842,19.483850594109594,0.006714900060172363,0.002201584794925986,23952.517562816287,0.21591287845586316,23984.928412151403,4.369004165075955,0.2181144632507891,372,Sub-Saharan Africa,Malawi,Mwanza,TA Kanduku,30601,MW30601,0.1424466,0.003436059,0.2052653,0.02923934,0.02412174,0.000705304,22655.37460,0.3022685,0.03429861,0.5959697,0.1801429,0.1134707,0.02044093, 4623.174880,0.05,9.12e-06,1,0.2227189,0.000182401,4.06e-05, 34318.47559,35,2020-04-07
192,1390.9606036773725,1.5478675167786058,2.374782142654986,0.5094813413552994,1.0219202379164682,3161.471731450691,65.28849363322942,3232.214276322625,366.31651068161125,110.57194204813511,6734.1697112061565,7.5676342174043345,11.611062246107775,0.529611355483818,0.5013073069482126,15889.897899763819,11.097373904125808,15920.204888793869,383.5845412845834,54.56487238163843,10331.298005966453,11.49715028832488,17.63911308020102,0.006082982960544441,0.0020179434545390135,23957.817043296443,0.2161764421439649,23987.177584033558,4.369970694930623,0.21819438559850382,372,Sub-Saharan Africa,Malawi,Mwanza,TA Kanduku,30601,MW30601,0.1424466,0.003436059,0.2052653,0.02923934,0.02412174,0.000705304,22655.37460,0.3022685,0.03429861,0.5959697,0.1801429,0.1134707,0.02044093, 4623.174880,0.05,9.12e-06,1,0.2227189,0.000182401,4.06e-05, 34318.47559,35,2020-04-07
193,1390.6865518341538,1.4010005486977248,2.1498552402751137,0.4614922365588947,0.9362646454940143,3162.178327137229,65.36138835758979,3232.4883281658445,366.3897952468344,110.60859925846144,6732.82988859826,6.849559603893188,10.511229276448729,0.4797171881584572,0.45926516422630026,15893.13525043989,11.109689729169572,15921.544711401768,383.6607112312425,54.58282978605752,10329.262412170769,10.406269341197635,15.968451514807349,0.005510029212713189,0.001848814502763665,23962.614680160586,0.21641796890611945,23989.213177829242,4.370845697390376,0.21826678340888303,372,Sub-Saharan Africa,Malawi,Mwanza,TA Kanduku,30601,MW30601,0.1424466,0.003436059,0.2052653,0.02923934,0.02412174,0.000705304,22655.37460,0.3022685,0.03429861,0.5959697,0.1801429,0.1134707,0.02044093, 4623.174880,0.05,9.12e-06,1,0.2227189,0.000182401,4.06e-05, 34318.47559,35,2020-04-07
194,1390.4385255127686,1.26804921548786,1.9461679444446858,0.4179884961355225,0.8574301340245652,3162.818559371298,65.42815932583952,3232.7363544872296,366.45613758802466,110.64180226878166,6731.617305769142,6.199528109970364,9.515268685442484,0.4344879204999651,0.42057381769010815,15896.066465339249,11.120970358052215,15922.757294230887,383.72966503208966,54.599094775943726,10327.420129253864,9.4187478851112445,14.455544896654715,0.004990624939807758,0.001693152564451567,23966.957844980047,0.21663920679945162,23991.055460746145,4.371637812217871,0.21833235936390308,372,Sub-Saharan Africa,Malawi,Mwanza,TA Kanduku,30601,MW30601,0.1424466,0.003436059,0.2052653,0.02923934,0.02412174,0.000705304,22655.37460,0.3022685,0.03429861,0.5959697,0.1801429,0.1134707,0.02044093, 4623.174880,0.05,9.12e-06,1,0.2227189,0.000182401,4.06e-05, 34318.47559,35,2020-04-07
195,1390.2140546615028,1.1476985456538702,1.761726200653767,0.3785569682854076,0.7849186173904583,3163.3986290681846,65.48929593832761,3232.9608253384954,366.5161934611761,110.67187417625131,6730.5198860737,5.611108944482646,8.613425727886224,0.39349362388815184,0.3849882428782736,15898.72039879716,11.13129859004972,15923.854713926328,383.7920844201179,54.61382570371418,10325.75281042975,8.524819107093606,13.085583236146272,0.004519838015840833,0.0015499744200619674,23970.88946563744,0.21684177711507527,23992.722779570257,4.372354868718586,0.21839175153513715,372,Sub-Saharan Africa,Malawi,Mwanza,TA Kanduku,30601,MW30601,0.1424466,0.003436059,0.2052653,0.02923934,0.02412174,0.000705304,22655.37460,0.3022685,0.03429861,0.5959697,0.1801429,0.1134707,0.02044093, 4623.174880,0.05,9.12e-06,1,0.2227189,0.000182401,4.06e-05, 34318.47559,35,2020-04-07
196,1390.0109034604423,1.038757217157805,1.5947211231601384,0.3428215029944623,0.7182625432936152,3163.9241625208383,65.54525163211245,3233.163976539556,366.5705570020164,110.6991082676861,6729.526698163336,5.078476191708667,7.7968519709131385,0.35634291255766165,0.35227847963049846,15901.123201150236,11.140751131663391,15924.847901836692,383.8485870492973,54.62716630364845,10324.243848692517,7.71563454572972,11.845131699905053,0.004093177977361048,0.0014183571034947716,23974.448436344726,0.21702718202375007,23994.23174130749,4.373003960522257,0.21844553912724474,372,Sub-Saharan Africa,Malawi,Mwanza,TA Kanduku,30601,MW30601,0.1424466,0.003436059,0.2052653,0.02923934,0.02412174,0.000705304,22655.37460,0.3022685,0.03429861,0.5959697,0.1801429,0.1134707,0.02044093, 4623.174880,0.05,9.12e-06,1,0.2227189,0.000182401,4.06e-05, 34318.47559,35,2020-04-07
197,1389.827048078648,0.9401460151432947,1.4435121102440196,0.31043982104755924,0.657023824428646,3164.400264032773,65.59644611771442,3233.3478319213505,366.6197664755497,110.72377070386636,6728.627847212564,4.5963523167903135,7.057522568033012,0.3226796759654753,0.3222290983802408,15903.298570151686,11.149398976625958,15925.746752787463,383.89973247661976,54.639247009473635,10322.878211609446,6.983178373223883,10.722005233752798,0.003706558660033952,0.0012974357958038152,23977.669993977124,0.21719681198223054,23995.597378390565,4.3735915142207205,0.21849424777803425,372,Sub-Saharan Africa,Malawi,Mwanza,TA Kanduku,30601,MW30601,0.1424466,0.003436059,0.2052653,0.02923934,0.02412174,0.000705304,22655.37460,0.3022685,0.03429861,0.5959697,0.1801429,0.1134707,0.02044093, 4623.174880,0.05,9.12e-06,1,0.2227189,0.000182401,4.06e-05, 34318.47559,35,2020-04-07
198,1389.6606565838256,0.8508873529499208,1.3066115015581032,0.28110060997522424,0.6007926794764817,3164.8315637407377,65.64326753147662,3233.5142234161735,366.6643094857194,110.74610297205787,6727.814376674632,4.1599568813577825,6.388161103163414,0.29218004905789485,0.2946386230838558,15905.267978897336,11.157307771412595,15926.560223325396,383.9460275818857,54.65018615796967,10321.64229210092,6.320189572696468,9.705154633282003,0.0033562635419646827,0.0011864015404588427,23980.586059075144,0.21735195286052178,23996.833297899087,4.374123351561577,0.2185383544009805,372,Sub-Saharan Africa,Malawi,Mwanza,TA Kanduku,30601,MW30601,0.1424466,0.003436059,0.2052653,0.02923934,0.02412174,0.000705304,22655.37460,0.3022685,0.03429861,0.5959697,0.1801429,0.1134707,0.02044093, 4623.174880,0.05,9.12e-06,1,0.2227189,0.000182401,4.06e-05, 34318.47559,35,2020-04-07
199,1389.510070810613,0.7700958048687966,1.18267057883689,0.2545208515389505,0.549186404125257,3165.222261050276,65.68607449974088,3233.6648091893862,366.7046276955906,110.76632412059121,6727.07817961742,3.7649602161297304,5.782171027584834,0.26454962505032414,0.2693189206291823,15907.050882427591,11.164538165638453,15927.296420382607,383.9879314777937,54.66009108542496,10320.523773767245,5.720091628057282,8.784562587409773,0.0030389138488805256,0.0010844988200850122,23983.225544811827,0.2174937927774268,23997.951816232762,4.374604745799117,0.21857829159751171,372,Sub-Saharan Africa,Malawi,Mwanza,TA Kanduku,30601,MW30601,0.1424466,0.003436059,0.2052653,0.02923934,0.02412174,0.000705304,22655.37460,0.3022685,0.03429861,0.5959697,0.1801429,0.1134707,0.02044093, 4623.174880,0.05,9.12e-06,1,0.2227189,0.000182401,4.06e-05, 34318.47559,35,2020-04-07
200,1389.3737899156133,0.6969694863130461,1.0704668052468662,0.23044335916859146,0.5018481084132131,3165.57616421709,65.7251981081537,3233.801090084386,366.7411211194297,110.78463280057747,6726.411918309304,3.4074412427505942,5.233573172844857,0.2395208878061283,0.24609457448140734,15908.664905666616,11.171146146240192,15927.962681690722,384.0258599743776,54.66905912932917,10319.511508743351,5.176928506657465,7.951148917989768,0.002751439164026293,9.910230663700843e-4,23985.614637941137,0.21762342862217673,23998.964081256658,4.375040472934963,0.2186144516885467,372,Sub-Saharan Africa,Malawi,Mwanza,TA Kanduku,30601,MW30601,0.1424466,0.003436059,0.2052653,0.02923934,0.02412174,0.000705304,22655.37460,0.3022685,0.03429861,0.5959697,0.1801429,0.1134707,0.02044093, 4623.174880,0.05,9.12e-06,1,0.2227189,0.000182401,4.06e-05, 34318.47559,35,2020-04-07
201,1389.2504554716475,0.6307822159891763,0.9688922064282566,0.20863450347737575,0.45844543631677404,3165.8967263892523,65.76094377688771,3233.924424528352,366.7741520218455,110.80120913200085,6725.808951333055,3.0838491254984888,4.736948862059117,0.21685084094543708,0.224802250300131,15910.126014232594,11.177183355593964,15928.565648666974,384.0601896344281,54.677178543779675,10318.595406985694,4.685306448937085,7.196684295897882,0.0024910502819244923,9.053181346062868e-4,23987.777054028775,0.21774187226470476,23999.880183014317,4.375434858268147,0.21864719039931094,372,Sub-Saharan Africa,Malawi,Mwanza,TA Kanduku,30601,MW30601,0.1424466,0.003436059,0.2052653,0.02923934,0.02412174,0.000705304,22655.37460,0.3022685,0.03429861,0.5959697,0.1801429,0.1134707,0.02044093, 4623.174880,0.05,9.12e-06,1,0.2227189,0.000182401,4.06e-05, 34318.47559,35,2020-04-07
202,1389.1388379629113,0.570876415485985,0.8769427527420488,0.18888212861789172,0.4186692792566052,3166.187078420051,65.79359304093414,3234.0360420370885,366.8040484606856,110.8162164044446,6725.263267551111,2.7909685336418004,4.287387929818017,0.1963188364043288,0.20529005920897578,15911.448669696418,11.182697393442467,15929.111332448918,384.0912614581479,54.68452933366242,10317.766335964143,4.240341234174091,6.51371139089953,0.0022552143390678547,8.267737659410334e-4,23989.734269366214,0.21785005645173208,24000.70925403587,4.375791818692531,0.218676830217673,372,Sub-Saharan Africa,Malawi,Mwanza,TA Kanduku,30601,MW30601,0.1424466,0.003436059,0.2052653,0.02923934,0.02412174,0.000705304,22655.37460,0.3022685,0.03429861,0.5959697,0.1801429,0.1134707,0.02044093, 4623.174880,0.05,9.12e-06,1,0.2227189,0.000182401,4.06e-05, 34318.47559,35,2020-04-07
203,1389.0378245879765,0.5166566711955172,0.7937087445394684,0.17099364009867615,0.3822324988794422,3166.4500586241043,65.82340523320495,3234.137055412023,366.83110749256184,110.82980262401325,6724.769426466871,2.5258881459918454,3.880441658996315,0.1777245821075264,0.18741692622272318,15912.645970117594,11.187732102260398,15929.605173533158,384.119384216712,54.691184013306604,10317.016030067647,3.8376103648526554,5.895473468883793,0.0020416319904712752,7.548230676713128e-4,23991.50573080317,0.2179488403811484,24001.459559932362,4.376114900966867,0.2187036634488196,372,Sub-Saharan Africa,Malawi,Mwanza,TA Kanduku,30601,MW30601,0.1424466,0.003436059,0.2052653,0.02923934,0.02412174,0.000705304,22655.37460,0.3022685,0.03429861,0.5959697,0.1801429,0.1134707,0.02044093, 4623.174880,0.05,9.12e-06,1,0.2227189,0.000182401,4.06e-05, 34318.47559,35,2020-04-07
204,1388.9464081550793,0.4675838642979378,0.7183660223930768,0.1547942441699383,0.3488686715444926,3166.6882399659207,65.85061907659343,3234.2284718449205,366.85559809636567,110.84210192919743,6724.3225039276,2.2859719361987576,3.512079759419339,0.16088630791376873,0.17105196983086568,15913.729778261957,11.19232783712264,15930.05209607243,384.1448374924063,54.697208300796895,10316.337008122831,3.473109469657325,5.335849114725274,0.001848216394839757,6.889400361650224e-4,23993.10904712137,0.21803901497500447,24002.138581877178,4.37640731661823,0.21872795501116937,372,Sub-Saharan Africa,Malawi,Mwanza,TA Kanduku,30601,MW30601,0.1424466,0.003436059,0.2052653,0.02923934,0.02412174,0.000705304,22655.37460,0.3022685,0.03429861,0.5959697,0.1801429,0.1134707,0.02044093, 4623.174880,0.05,9.12e-06,1,0.2227189,0.000182401,4.06e-05, 34318.47559,35,2020-04-07
205,1388.8636770913904,0.4231698880278248,0.6501680076423599,0.1401253481819967,0.3183308588699246,3166.9039546261283,65.87545417975788,3234.311202908609,366.8777638095237,110.85323587125207,6723.918043274968,2.0688333325055335,3.178651414855674,0.14563909959602703,0.15607389488653284,15914.710837264041,11.196521719189064,15930.456556725061,384.16787441988777,54.70266174577544,10315.722499186562,3.143213067868601,4.829293120547934,0.0016730741206013615,6.286371310062153e-4,23994.560161605925,0.21812130783377323,24002.753090813447,4.376671973416191,0.21874994496477934,372,Sub-Saharan Africa,Malawi,Mwanza,TA Kanduku,30601,MW30601,0.1424466,0.003436059,0.2052653,0.02923934,0.02412174,0.000705304,22655.37460,0.3022685,0.03429861,0.5959697,0.1801429,0.1134707,0.02044093, 4623.174880,0.05,9.12e-06,1,0.2227189,0.000182401,4.06e-05, 34318.47559,35,2020-04-07
206,1388.7888063799353,0.38297284133477244,0.588438471733007,0.12684309252755052,0.2903904151326647,3167.099316355695,65.8981124436407,3234.3860736200645,366.89782512223854,110.86331458164769,6723.55201103184,1.8723117087698307,2.8768499000386645,0.13183337010139803,0.14237040401285259,15915.598875711266,11.200347874012737,15930.82258896819,384.1887241756723,54.7075983018248,10315.166375228646,2.8446388717565285,4.370782785741317,0.00151448762223248,5.73462921711168e-4,23995.873508775403,0.2181963878950653,24003.30921477137,4.376911503957763,0.21876985081677636,372,Sub-Saharan Africa,Malawi,Mwanza,TA Kanduku,30601,MW30601,0.1424466,0.003436059,0.2052653,0.02923934,0.02412174,0.000705304,22655.37460,0.3022685,0.03429861,0.5959697,0.1801429,0.1134707,0.02044093, 4623.174880,0.05,9.12e-06,1,0.2227189,0.000182401,4.06e-05, 34318.47559,35,2020-04-07
207,1388.7210493405642,0.34659266580794057,0.5325649562135935,0.11481700868269995,0.26483583553428364,3167.2762408118933,65.9187793813029,3234.453830659436,366.9159816518265,110.8724378349361,6723.220756716429,1.6944510445111087,2.6036803840005747,0.11933346234157803,0.12983762945391408,15916.402703108188,11.203837655117512,15931.1538432836,384.2075942388838,54.71206684753176,10314.66309008369,2.5744153809499744,3.9557690486844184,0.001370899221457109,5.229998149573415e-4,23997.06215671782,0.21826486980532414,24003.81249991632,4.377128291627087,0.21878786962028135,372,Sub-Saharan Africa,Malawi,Mwanza,TA Kanduku,30601,MW30601,0.1424466,0.003436059,0.2052653,0.02923934,0.02412174,0.000705304,22655.37460,0.3022685,0.03429861,0.5959697,0.1801429,0.1134707,0.02044093, 4623.174880,0.05,9.12e-06,1,0.2227189,0.000182401,4.06e-05, 34318.47559,35,2020-04-07
208,1388.6597301974214,0.3136671986963177,0.48199279782409293,0.10392879647246027,0.2414716479058902,3167.4364640082367,65.93762535344186,3234.5151498025784,366.9324141119362,110.88069601357726,6722.920976502313,1.5334806209925795,2.356430696561908,0.10801637630912381,0.11837958660274236,15917.130296364008,11.20701985325243,15931.453623497717,384.22467243864514,54.71611165944911,10314.20762424474,2.3298525670495263,3.580132111832314,0.0012408965113240066,4.7686186741937887e-4,23998.137935999974,0.2183273180123301,24004.267965755273,4.377324494106314,0.21880417987974934,372,Sub-Saharan Africa,Malawi,Mwanza,TA Kanduku,30601,MW30601,0.1424466,0.003436059,0.2052653,0.02923934,0.02412174,0.000705304,22655.37460,0.3022685,0.03429861,0.5959697,0.1801429,0.1134707,0.02044093, 4623.174880,0.05,9.12e-06,1,0.2227189,0.000182401,4.06e-05, 34318.47559,35,2020-04-07
209,1388.6042373506443,0.2838685929706967,0.436219711566269,0.0940712077115997,0.22011735224437037,3167.5815590619245,65.95480672293695,3234.570642649355,366.9472860968945,110.88817098473099,6722.649680321962,1.3877975130437752,2.1326448267563864,0.09777060708231711,0.10790765132204617,15917.788878187977,11.209920891897855,15931.724919678067,384.24012880919,54.71977284187232,10313.79543488759,2.1085152842159576,3.240141210441702,0.0011231990298710003,4.34692692902124e-4,23999.11155647543,0.21838425058957323,24004.680155112423,4.377502064679378,0.21881894328247523,372,Sub-Saharan Africa,Malawi,Mwanza,TA Kanduku,30601,MW30601,0.1424466,0.003436059,0.2052653,0.02923934,0.02412174,0.000705304,22655.37460,0.3022685,0.03429861,0.5959697,0.1801429,0.1134707,0.02044093, 4623.174880,0.05,9.12e-06,1,0.2227189,0.000182401,4.06e-05, 34318.47559,35,2020-04-07
210,1388.5540172855071,0.25690007429122647,0.3947908734952481,0.08514702932255498,0.2006064091220854,3167.712951396044,65.97046693221664,3234.620862714492,366.9607456987883,110.89493689642141,6722.40416208714,1.2559507291017655,1.930098867562363,0.08849508650808256,0.0983400615339294,15918.384988158521,11.212565009672348,15931.970437912887,384.25411727102346,54.723086717068746,10313.422410629768,1.9081991819332424,2.932418092368616,0.001016646121074282,3.9616346584426523e-4,23999.99271314353,0.21843614280504509,24005.053179370247,4.377662771538861,0.21883230627088923,372,Sub-Saharan Africa,Malawi,Mwanza,TA Kanduku,30601,MW30601,0.1424466,0.003436059,0.2052653,0.02923934,0.02412174,0.000705304,22655.37460,0.3022685,0.03429861,0.5959697,0.1801429,0.1134707,0.02044093, 4623.174880,0.05,9.12e-06,1,0.2227189,0.000182401,4.06e-05, 34318.47559,35,2020-04-07
211,1388.5085690588705,0.2324930037605913,0.3572944580160822,0.07706815759177729,0.18278527794344554,3167.831932536658,65.9847375071584,3234.666310941129,366.9729269727685,110.90106090027523,6722.181972732133,1.1366268471471144,1.7467791853782133,0.08009821984629442,0.08960144352565308,15918.924547141738,11.21497443027444,15932.192627267897,384.2667771542425,54.72608617949633,10313.084830577542,1.726908888850017,2.6539038731870055,9.201858835958768e-4,3.609710231284803e-4,24000.79018207306,0.21848343044673219,24005.390759422473,4.377808215280809,0.2188444014698605,372,Sub-Saharan Africa,Malawi,Mwanza,TA Kanduku,30601,MW30601,0.1424466,0.003436059,0.2052653,0.02923934,0.02412174,0.000705304,22655.37460,0.3022685,0.03429861,0.5959697,0.1801429,0.1134707,0.02044093, 4623.174880,0.05,9.12e-06,1,0.2227189,0.000182401,4.06e-05, 34318.47559,35,2020-04-07
212,1388.4674393089063,0.21040421609970852,0.3233575933160236,0.0697547550789722,0.16651250567288672,3167.9396726297778,65.99773899114706,3234.707440691093,366.9839512642791,110.90660380754116,6721.980895815489,1.028636997896035,1.5808626359961744,0.07249700851665115,0.08162236324969098,15919.412915658315,11.217169520578201,15932.39370418454,384.27823457827793,54.72880101730471,10312.779327259588,1.562838242209641,2.4018289965923243,8.328651060745113e-4,3.2883606544393797e-4,24001.511907287513,0.21852651291680686,24005.696262740425,4.37793984475109,0.21885534898225067,372,Sub-Saharan Africa,Malawi,Mwanza,TA Kanduku,30601,MW30601,0.1424466,0.003436059,0.2052653,0.02923934,0.02412174,0.000705304,22655.37460,0.3022685,0.03429861,0.5959697,0.1801429,0.1134707,0.02044093, 4623.174880,0.05,9.12e-06,1,0.2227189,0.000182401,4.06e-05, 34318.47559,35,2020-04-07
213,1388.430217736258,0.19041360812956307,0.29264269133905246,0.06313448361857359,0.15165786530540776,3168.0372318019768,66.0095818133712,3234.744662263741,366.9939284118901,110.91162068450775,6721.798925426865,0.9309050723381224,1.4306986135118915,0.06561625209938925,0.0743389022335331,15919.854946795414,11.219168937577859,15932.575674573163,384.2886037022857,54.731258204121666,10312.50285306232,1.4143523763406982,2.173685976388543,7.538201106723993e-4,2.9950145677434397e-4,24002.165079507267,0.21856575610802176,24005.972736937692,4.3780589714065945,0.21886525756479597,372,Sub-Saharan Africa,Malawi,Mwanza,TA Kanduku,30601,MW30601,0.1424466,0.003436059,0.2052653,0.02923934,0.02412174,0.000705304,22655.37460,0.3022685,0.03429861,0.5959697,0.1801429,0.1134707,0.02044093, 4623.174880,0.05,9.12e-06,1,0.2227189,0.000182401,4.06e-05, 34318.47559,35,2020-04-07
214,1388.396533010563,0.17232195309974055,0.2648441174626212,0.05714180647208536,0.1381015431817038,3168.125570473922,66.02036709529769,3234.7783469894357,367.00295783769116,110.91616139303257,6721.634246173601,0.8424570339263205,1.294792761529438,0.05938782234630331,0.06769225763513209,15920.25503418615,11.220989764852224,15932.740353826426,384.29798785862846,54.733482163928215,10312.252649824648,1.2799714885588034,1.9672046613404326,6.822684220457698e-4,2.7273062024917423e-4,24002.756207531325,0.21860149507534893,24006.22294017536,4.378166782334008,0.21887422569559795,372,Sub-Saharan Africa,Malawi,Mwanza,TA Kanduku,30601,MW30601,0.1424466,0.003436059,0.2052653,0.02923934,0.02412174,0.000705304,22655.37460,0.3022685,0.03429861,0.5959697,0.1801429,0.1134707,0.02044093, 4623.174880,0.05,9.12e-06,1,0.2227189,0.000182401,4.06e-05, 34318.47559,35,2020-04-07
215,1388.3660490887141,0.1559489331435133,0.2396851914867897,0.051717357633803154,0.12573337740417861,3168.2055586566694,66.03018739494694,3234.8088309112845,367.0111295286194,110.92027107780557,6721.4852151804525,0.7624112976089097,1.171792305481052,0.053750007111164004,0.06162836754107606,15920.61715520336,11.222647638487544,15932.889384819577,384.30648057295735,54.73549500982081,10312.026221491014,1.1583562251511952,1.7803299606157215,6.175012379116479e-4,2.483060348177924e-4,24003.29118247943,0.2186340365016085,24006.44936850899,4.378264351966438,0.21888234253642616,372,Sub-Saharan Africa,Malawi,Mwanza,TA Kanduku,30601,MW30601,0.1424466,0.003436059,0.2052653,0.02923934,0.02412174,0.000705304,22655.37460,0.3022685,0.03429861,0.5959697,0.1801429,0.1134707,0.02044093, 4623.174880,0.05,9.12e-06,1,0.2227189,0.000182401,4.06e-05, 34318.47559,35,2020-04-07
216,1388.3384618503203,0.14113134071200092,0.21691544324859394,0.04680736381331331,0.11445213937934064,3168.2779844616907,66.03912740083413,3234.8364181496786,367.0185249337279,110.92399061228177,6721.3503456401795,0.6899699352808554,1.0604726306953172,0.04864690911579373,0.0560975575514007,15920.944910462747,11.224156864472281,15933.02425435985,384.3141664969011,54.737316762513366,10311.821309120473,1.0482943224234083,1.6112014603074536,5.588765284229808e-4,2.260278170204105e-4,24003.77533653144,0.2186636609963805,24006.65428087953,4.378352652796442,0.2188896888134008,372,Sub-Saharan Africa,Malawi,Mwanza,TA Kanduku,30601,MW30601,0.1424466,0.003436059,0.2052653,0.02923934,0.02412174,0.000705304,22655.37460,0.3022685,0.03429861,0.5959697,0.1801429,0.1134707,0.02044093, 4623.174880,0.05,9.12e-06,1,0.2227189,0.000182401,4.06e-05, 34318.47559,35,2020-04-07
217,1388.3134960608925,0.1277214543732041,0.1963081326543543,0.04236312080919127,0.10416486162157505,3168.343561796774,66.04726457287374,3234.8613839391064,367.02521777447834,110.92735700188263,6721.228291966483,0.6244107339838378,0.9597251540865701,0.04402790133206487,0.051054210191245245,15921.241559506856,11.225530527106903,15933.146308033545,384.3211222503288,54.73896554789374,10311.635868329997,0.948688542814517,1.4581350037729863,5.058127848251344e-4,2.057123940451421e-4,24004.213495972996,0.21869062521924407,24006.839721670007,4.378432565050611,0.21889633761328908,372,Sub-Saharan Africa,Malawi,Mwanza,TA Kanduku,30601,MW30601,0.1424466,0.003436059,0.2052653,0.02923934,0.02412174,0.000705304,22655.37460,0.3022685,0.03429861,0.5959697,0.1801429,0.1134707,0.02044093, 4623.174880,0.05,9.12e-06,1,0.2227189,0.000182401,4.06e-05, 34318.47559,35,2020-04-07
218,1388.2909026341665,0.11558557393557758,0.1776580114026208,0.03834051970898668,0.09478620999905701,3168.4029373172757,66.05466973351028,3234.883977365832,367.0312747755862,110.93040374812266,6721.117836409479,0.5650800332914199,0.8685463782137763,0.03984713422355397,0.04645645624215822,15921.510052999607,11.226780588982994,15933.256763590549,384.32741718101767,54.7404577754276,10311.46804895971,0.8585457943758931,1.3196060670097514,4.577833629079329e-4,1.8719126448579193e-4,24004.610029040417,0.21871516383814987,24007.007541040293,4.378504885415622,0.2189023551026356,372,Sub-Saharan Africa,Malawi,Mwanza,TA Kanduku,30601,MW30601,0.1424466,0.003436059,0.2052653,0.02923934,0.02412174,0.000705304,22655.37460,0.3022685,0.03429861,0.5959697,0.1801429,0.1134707,0.02044093, 4623.174880,0.05,9.12e-06,1,0.2227189,0.000182401,4.06e-05, 34318.47559,35,2020-04-07
219,1388.2704561500861,0.10460269187390919,0.16077929175209765,0.034699616428272836,0.08623789772918299,3168.456696738213,66.06140761391596,3234.9044238499127,367.03675632789674,110.93316117909053,6721.0178769211325,0.5113862292163303,0.7860279581088429,0.03606308808404155,0.04226588665102951,15921.753061933494,11.227917983353848,15933.356723078894,384.3331140536626,54.74180830007332,10311.316176637065,0.7769672626283868,1.1942346717834087,4.1431134382942326e-4,1.7030984149325255e-4,24004.96888931598,0.218737491338954,24007.15941336294,4.378570334952775,0.21890780118044714,372,Sub-Saharan Africa,Malawi,Mwanza,TA Kanduku,30601,MW30601,0.1424466,0.003436059,0.2052653,0.02923934,0.02412174,0.000705304,22655.37460,0.3022685,0.03429861,0.5959697,0.1801429,0.1134707,0.02044093, 4623.174880,0.05,9.12e-06,1,0.2227189,0.000182401,4.06e-05, 34318.47559,35,2020-04-07
220,1388.2519526055482,0.09466328885183081,0.14550380444473207,0.03140424050414542,0.07844813857654946,3168.5053705634805,66.06753735859265,3234.92292739445,367.04171708930403,110.93565674933748,6720.927416158711,0.46279388497554746,0.7113476933502505,0.03263816622129744,0.03844728375613618,15921.973004113564,11.228952699462415,15933.447183841316,384.3382696744774,54.74303056920388,10311.17873606992,0.7031394641424765,1.0807717036386166,3.7496486355289275e-4,1.5492637329646904e-4,24005.293655067348,0.21875780369716522,24007.296853930085,4.378629566272787,0.21891273007046155,372,Sub-Saharan Africa,Malawi,Mwanza,TA Kanduku,30601,MW30601,0.1424466,0.003436059,0.2052653,0.02923934,0.02412174,0.000705304,22655.37460,0.3022685,0.03429861,0.5959697,0.1801429,0.1134707,0.02044093, 4623.174880,0.05,9.12e-06,1,0.2227189,0.000182401,4.06e-05, 34318.47559,35,2020-04-07
221,1388.235207380053,0.0856682440647576,0.13167933110376698,0.028421640441230755,0.0713511380026768,3168.5494392758687,66.07311299046444,3234.939672619945,367.0462065284583,110.9379153114236,6720.84555153892,0.41881840323384545,0.6437613735203467,0.029538326171253147,0.034968371207658645,15922.172068125807,11.229893861180967,15933.529048461109,384.3429354563226,54.74413675563976,10311.054355935883,0.6363261529460255,0.9780865257715554,3.3935287864740707e-4,1.40910938627371e-4,24005.587564841648,0.2187762799188162,24007.421234064124,4.378683170027519,0.21891719085744343,372,Sub-Saharan Africa,Malawi,Mwanza,TA Kanduku,30601,MW30601,0.1424466,0.003436059,0.2052653,0.02923934,0.02412174,0.000705304,22655.37460,0.3022685,0.03429861,0.5959697,0.1801429,0.1134707,0.02044093, 4623.174880,0.05,9.12e-06,1,0.2227189,0.000182401,4.06e-05, 34318.47559,35,2020-04-07
222,1388.2200533944078,0.07752784870019154,0.11916809380873365,0.025722162103409968,0.0648866201412357,3168.5893380414373,66.07818383939977,3234.9548266055904,367.0502694170313,110.93995936192617,6720.7714662358985,0.3790212025704755,0.5825953924243815,0.026732745289602376,0.031799581529405326,15922.352235042867,11.230749799460918,15933.60313376413,384.3471579303599,54.74513787816757,10310.941795205577,0.5758609928386622,0.8851557602985471,3.071213265939163e-4,1.2814451285605852e-4,24005.85354969197,0.21879308346018972,24007.533794794428,4.378731680787509,0.2189212279730456,372,Sub-Saharan Africa,Malawi,Mwanza,TA Kanduku,30601,MW30601,0.1424466,0.003436059,0.2052653,0.02923934,0.02412174,0.000705304,22655.37460,0.3022685,0.03429861,0.5959697,0.1801429,0.1134707,0.02044093, 4623.174880,0.05,9.12e-06,1,0.2227189,0.000182401,4.06e-05, 34318.47559,35,2020-04-07
223,1388.2063394443733,0.07016091284115503,0.10784538740415268,0.023278957019360908,0.05899938861721755,3168.6254609729726,66.08279493677091,3234.9685405556247,367.0539462753319,110.94180926430535,6720.704421034526,0.34300535087160205,0.5272400603808782,0.024193517461062578,0.028913840341065245,15922.515298077426,11.231528119035083,15933.670178965504,384.3509792092134,54.7460439107187,10310.839930765365,0.5211409237593998,0.8010531296504122,2.7794964321163905e-4,1.165181009274871e-4,24006.09426234993,0.21880836353503802,24007.635659234642,4.378775582362521,0.21892488163596532,372,Sub-Saharan Africa,Malawi,Mwanza,TA Kanduku,30601,MW30601,0.1424466,0.003436059,0.2052653,0.02923934,0.02412174,0.000705304,22655.37460,0.3022685,0.03429861,0.5959697,0.1801429,0.1134707,0.02044093, 4623.174880,0.05,9.12e-06,1,0.2227189,0.000182401,4.06e-05, 34318.47559,35,2020-04-07
224,1388.1939286925535,0.06349395706670795,0.09759834081766715,0.02106771798564938,0.05363891924811967,3168.658164993835,66.08698737849245,3234.980951307445,367.0572737757161,110.9434834507611,6720.643746957376,0.31041161286432883,0.47714354744549026,0.02189537820235311,0.02628636627102707,15922.662880378097,11.232235759786228,15933.730853042654,384.35443740626096,54.74686388125398,10310.747746215444,0.4716201572473695,0.7249402561661662,2.515476059744653e-4,1.0593193322914499e-4,24006.312103635268,0.21882225631738117,24007.72784378456,4.37881531261818,0.2189281882506101,372,Sub-Saharan Africa,Malawi,Mwanza,TA Kanduku,30601,MW30601,0.1424466,0.003436059,0.2052653,0.02923934,0.02412174,0.000705304,22655.37460,0.3022685,0.03429861,0.5959697,0.1801429,0.1134707,0.02044093, 4623.174880,0.05,9.12e-06,1,0.2227189,0.000182401,4.06e-05, 34318.47559,35,2020-04-07
225,1388.1826973034895,0.05746048061901472,0.08832479548212374,0.01906643938815573,0.048758982733764,3168.687773339438,66.09079865884847,3234.9921826965083,367.0602851077718,110.94499860506433,6720.588838591802,0.2809148720301976,0.43180639933545606,0.01981545547367554,0.02389448562429566,15922.796451142603,11.232879053173434,15933.785761408228,384.3575670151914,54.747605961326414,10310.664321731636,0.4268047406080833,0.6560583314634983,2.2765247242871237e-4,9.629472065420155e-5,24006.509246363035,0.21883488604753487,24007.811268268368,4.378851267836209,0.21893118076818885,372,Sub-Saharan Africa,Malawi,Mwanza,TA Kanduku,30601,MW30601,0.1424466,0.003436059,0.2052653,0.02923934,0.02412174,0.000705304,22655.37460,0.3022685,0.03429861,0.5959697,0.1801429,0.1134707,0.02044093, 4623.174880,0.05,9.12e-06,1,0.2227189,0.000182401,4.06e-05, 34318.47559,35,2020-04-07
226,1388.1725332084109,0.052000298947677666,0.07993228984336707,0.01725519995426801,0.04431729549045357,3168.7145787300833,66.094262977269,3235.0023467915876,367.06301030888125,110.94636982814268,6720.539148050921,0.2542208917457556,0.39077657213337214,0.0179330438188832,0.021717460894822915,15922.917340206446,11.233463774082342,15933.835451949111,384.360399253575,54.748277547194576,10310.588824890225,0.3862476363865104,0.593720573752578,2.0602638640462964e-4,8.752296522112727e-5,24006.68765698422,0.21884636604852323,24007.88676510978,4.378883806661292,0.21893388901374414,372,Sub-Saharan Africa,Malawi,Mwanza,TA Kanduku,30601,MW30601,0.1424466,0.003436059,0.2052653,0.02923934,0.02412174,0.000705304,22655.37460,0.3022685,0.03429861,0.5959697,0.1801429,0.1134707,0.02044093, 4623.174880,0.05,9.12e-06,1,0.2227189,0.000182401,4.06e-05, 34318.47559,35,2020-04-07
227,1388.163334987296,0.047058944113264535,0.07233713981085284,0.01561596592008694,0.040275196821587055,3168.7388462459485,66.097411520089,3235.0115450127023,367.06547656345276,110.94761078802529,6720.494179508114,0.23006338376982852,0.353644936173734,0.016229399736019973,0.01973633223027855,15923.026751251575,11.233995188443703,15933.880420491918,384.36296237386756,54.74888533327286,10310.520502364165,0.34954426873481714,0.5373053977620769,1.8645402795797493e-4,7.954032268237296e-5,24006.849115175315,0.21885679965961208,24007.95508763584,4.378913253673846,0.21893633998229423,372,Sub-Saharan Africa,Malawi,Mwanza,TA Kanduku,30601,MW30601,0.1424466,0.003436059,0.2052653,0.02923934,0.02412174,0.000705304,22655.37460,0.3022685,0.03429861,0.5959697,0.1801429,0.1134707,0.02044093, 4623.174880,0.05,9.12e-06,1,0.2227189,0.000182401,4.06e-05, 34318.47559,35,2020-04-07
228,1388.1550108571369,0.04258712202168884,0.06546360632499976,0.01413241265926372,0.03659735072655586,3168.760815931945,66.10027271918469,3235.0198691428614,367.06770847376794,110.94873385562721,6720.453484250766,0.20820135460129333,0.3200412059354099,0.014687556245756116,0.017933771011682528,15923.12577376454,11.23447809694123,15933.921115749263,384.36528194491183,54.74943537864449,10310.458672408118,0.31632849189978324,0.4862502317229643,1.6874048372284516e-4,7.2277013771016e-5,24006.995231569654,0.21886628109323839,24008.016917591885,4.378939902623911,0.2189385581070092,372,Sub-Saharan Africa,Malawi,Mwanza,TA Kanduku,30601,MW30601,0.1424466,0.003436059,0.2052653,0.02923934,0.02412174,0.000705304,22655.37460,0.3022685,0.03429861,0.5959697,0.1801429,0.1134707,0.02044093, 4623.174880,0.05,9.12e-06,1,0.2227189,0.000182401,4.06e-05, 34318.47559,35,2020-04-07
229,1388.1474777563083,0.038540221157351714,0.05924314170731099,0.012789763085467433,0.0332514706956813,3168.780705157784,66.10287248926173,3235.02740224369,367.06972830514053,110.94975022769916,6720.416656203842,0.18841670363396307,0.2896302551706287,0.013292154902053446,0.01629394473333345,15923.21539386265,11.234916875109164,15933.95794379619,384.36738110673855,54.7499331672866,10310.402718057358,0.28626894122472657,0.44004591951325234,1.5270931752426548e-4,6.566928082471203e-5,24007.12746380707,0.21887489622121398,24008.072871942648,4.378964019358297,0.2189405655020385,372,Sub-Saharan Africa,Malawi,Mwanza,TA Kanduku,30601,MW30601,0.1424466,0.003436059,0.2052653,0.02923934,0.02412174,0.000705304,22655.37460,0.3022685,0.03429861,0.5959697,0.1801429,0.1134707,0.02044093, 4623.174880,0.05,9.12e-06,1,0.2227189,0.000182401,4.06e-05, 34318.47559,35,2020-04-07
230,1388.1406605159098,0.03487786794717331,0.053613707332536203,0.011574641279243602,0.030208065918781675,3168.7987107561626,66.10523444545,3235.034219484089,367.07155620782214,110.95067003814655,6720.383327878677,0.1705120493036051,0.2621087807928918,0.012029293632684878,0.014802392408291998,15923.296504095128,11.235315510099786,15933.991272121353,384.3692808011987,54.750383662597585,10310.35208097267,0.2590657305107603,0.39823165255009185,1.3820082275533904e-4,5.965888668370569e-5,24007.24713106125,0.21888272329568492,24008.123509027337,4.378985844470126,0.21894238218236844,372,Sub-Saharan Africa,Malawi,Mwanza,TA Kanduku,30601,MW30601,0.1424466,0.003436059,0.2052653,0.02923934,0.02412174,0.000705304,22655.37460,0.3022685,0.03429861,0.5959697,0.1801429,0.1134707,0.02044093, 4623.174880,0.05,9.12e-06,1,0.2227189,0.000182401,4.06e-05, 34318.47559,35,2020-04-07
231,1388.1344911098397,0.03156352428700473,0.04851915602023228,0.010474939883248326,0.02744020743077043,3168.815010959797,66.10738010274213,3235.040388890159,367.0732104178462,110.95150245882063,6720.353166706685,0.154308761378877,0.23720228322318732,0.010886388895453668,0.013445909771984803,15923.369912315704,11.235677634381057,15934.021433293343,384.3709999807047,54.75079135676696,10310.306255870073,0.23444746254670826,0.36039038238886445,1.2507043913693867e-4,5.4192652948611174e-5,24007.355427188275,0.21888983360993858,24008.169334129932,4.379005595696879,0.218944026262887,372,Sub-Saharan Africa,Malawi,Mwanza,TA Kanduku,30601,MW30601,0.1424466,0.003436059,0.2052653,0.02923934,0.02412174,0.000705304,22655.37460,0.3022685,0.03429861,0.5959697,0.1801429,0.1134707,0.02044093, 4623.174880,0.05,9.12e-06,1,0.2227189,0.000182401,4.06e-05, 34318.47559,35,2020-04-07
232,1388.1289079761084,0.028564123284758842,0.043908672904159,0.009479700010564793,0.024923312774234437,3168.8297671562077,66.10932905870979,3235.0459720238905,367.07470743881674,110.95225579076731,6720.325871721341,0.1396451801025037,0.21466233267183157,0.009852050844457038,0.012212443584659949,15923.436349714888,11.236006556607059,15934.048728278689,384.37255579716634,54.751160315470756,10310.264785479661,0.21216852350078105,0.32614466767226774,1.1318731887329937e-4,4.922203479517047e-5,24007.45343262769,0.2188962921038078,24008.210804520342,4.379023470090932,0.2189455141386028,372,Sub-Saharan Africa,Malawi,Mwanza,TA Kanduku,30601,MW30601,0.1424466,0.003436059,0.2052653,0.02923934,0.02412174,0.000705304,22655.37460,0.3022685,0.03429861,0.5959697,0.1801429,0.1134707,0.02044093, 4623.174880,0.05,9.12e-06,1,0.2227189,0.000182401,4.06e-05, 34318.47559,35,2020-04-07
233,1388.1238554026274,0.0258497395811816,0.039736269293401946,0.008579002485749731,0.022634947850459074,3168.843125477335,66.11109916082636,3235.0510245973724,367.0760622064437,110.95293754683557,6720.3011705553845,0.12637500438889301,0.19426409453052412,0.008915970278404482,0.011090994378735035,15923.496478091192,11.236305289886209,15934.073429444645,384.37396377299444,54.75149421833432,10310.227255983395,0.19200663414510472,0.29515291468022314,1.0243302811207753e-4,4.470272972373135e-5,24007.542125174088,0.21890215791807563,24008.24833401661,4.379039645984098,0.21894686064779917,372,Sub-Saharan Africa,Malawi,Mwanza,TA Kanduku,30601,MW30601,0.1424466,0.003436059,0.2052653,0.02923934,0.02412174,0.000705304,22655.37460,0.3022685,0.03429861,0.5959697,0.1801429,0.1134707,0.02044093, 4623.174880,0.05,9.12e-06,1,0.2227189,0.000182401,4.06e-05, 34318.47559,35,2020-04-07
234,1388.119282971359,0.023393290947901824,0.03596032456961437,0.007763869342357026,0.02055464470932564,3168.8552182394424,66.1127066596291,3235.0555970286405,367.0772882374573,110.95355452646356,6720.278816723351,0.11436583294159551,0.17580408963501748,0.008068816252082615,0.010071527036000408,15923.550896433171,11.236576577655702,15934.095783276678,384.37523795586856,54.75179639556323,10310.193292886348,0.17376063339852119,0.2671059746741986,9.270037085981419e-5,4.0594317776951696e-5,24007.62238972597,0.21890748490196255,24008.28229711366,4.3790542847656475,0.2189480792197393,372,Sub-Saharan Africa,Malawi,Mwanza,TA Kanduku,30601,MW30601,0.1424466,0.003436059,0.2052653,0.02923934,0.02412174,0.000705304,22655.37460,0.3022685,0.03429861,0.5959697,0.1801429,0.1134707,0.02044093, 4623.174880,0.05,9.12e-06,1,0.2227189,0.000182401,4.06e-05, 34318.47559,35,2020-04-07
235,1388.1151450552723,0.021170268234775018,0.032543171478111255,0.007026174637303133,0.018663734092336747,3168.8661652474207,66.11416634886433,3235.0597349447276,367.0783977643889,110.95411288337682,6720.25858716225,0.10349784397391096,0.15909816670076934,0.007302143373596114,0.009144888611308511,15923.600146877778,11.236822917355859,15934.11601283778,384.3763910588154,54.75206986110233,10310.162557280213,0.15724847244007267,0.2417240635556627,8.389232413445359e-5,3.68599308851688e-5,24007.69502710944,0.21891232207748737,24008.313032719798,4.379067532491583,0.21894918200837235,372,Sub-Saharan Africa,Malawi,Mwanza,TA Kanduku,30601,MW30601,0.1424466,0.003436059,0.2052653,0.02923934,0.02412174,0.000705304,22655.37460,0.3022685,0.03429861,0.5959697,0.1801429,0.1134707,0.02044093, 4623.174880,0.05,9.12e-06,1,0.2227189,0.000182401,4.06e-05, 34318.47559,35,2020-04-07
236,1388.1114003630946,0.019158490951136576,0.029450720772227424,0.00635856369116623,0.016945191628417563,3168.87607497619,66.11549169367291,3235.0634796369054,367.07940185755456,110.95461818687114,6720.240280005923,0.0936626002561761,0.14397966717268096,0.006608307860915546,0.008302732861484592,15923.644720103885,11.237046582083057,15934.134319994106,384.377434586987,54.75231734265211,10310.1347424618,0.14230539922429433,0.21875397382624787,7.592107371886048e-5,3.346594916734775e-5,24007.76076206404,0.21891671406420235,24008.34084753821,4.37907952134111,0.2189501800133695,372,Sub-Saharan Africa,Malawi,Mwanza,TA Kanduku,30601,MW30601,0.1424466,0.003436059,0.2052653,0.02923934,0.02412174,0.000705304,22655.37460,0.3022685,0.03429861,0.5959697,0.1801429,0.1134707,0.02044093, 4623.174880,0.05,9.12e-06,1,0.2227189,0.000182401,4.06e-05, 34318.47559,35,2020-04-07
237,1388.1080115273203,0.017337886048228543,0.02665212148672659,0.005754379961324268,0.015383496648071033,3168.885045640742,66.11669494779363,3235.06686847268,367.08031053545477,110.95507547728677,6720.223712570885,0.08476196759539016,0.13029776427614936,0.005980391533234932,0.007537450970699971,15923.685060214393,11.237249640386725,15934.150887429141,384.3783789523987,54.75254130884013,10310.10957087286,0.12878231532842105,0.19796655118920078,6.870714104626301e-5,3.03817221456365e-5,24007.82025047027,0.2189207014675425,24008.36601912715,4.379090370934806,0.21895108318968795,372,Sub-Saharan Africa,Malawi,Mwanza,TA Kanduku,30601,MW30601,0.1424466,0.003436059,0.2052653,0.02923934,0.02412174,0.000705304,22655.37460,0.3022685,0.03429861,0.5959697,0.1801429,0.1134707,0.02044093, 4623.174880,0.05,9.12e-06,1,0.2227189,0.000182401,4.06e-05, 34318.47559,35,2020-04-07
238,1388.1049447313605,0.015690287723471544,0.02411945340901129,0.005207598842032194,0.013964502645579434,3168.89316616533,66.11778726068918,3235.0699352686397,367.0811328646939,110.95548931622116,6720.208719533508,0.07670713609161235,0.1179159594935199,0.00541213300297259,0.006842107995245638,15923.721569155587,11.237433974363322,15934.16588046652,384.3792335777751,54.75274399381483,10310.086791330628,0.11654428894455676,0.17915441030546544,6.217859278995844e-5,2.7579312958060167e-5,24007.874085890966,0.21892432123378502,24008.38879866938,4.379100189527649,0.21895190054674288,372,Sub-Saharan Africa,Malawi,Mwanza,TA Kanduku,30601,MW30601,0.1424466,0.003436059,0.2052653,0.02923934,0.02412174,0.000705304,22655.37460,0.3022685,0.03429861,0.5959697,0.1801429,0.1134707,0.02044093, 4623.174880,0.05,9.12e-06,1,0.2227189,0.000182401,4.06e-05, 34318.47559,35,2020-04-07
239,1388.1021693721232,0.014199256226771328,0.021827448760432223,0.004712767724455554,0.01267531849199208,3168.9005170612463,66.11877877542723,3235.0727106278773,367.0818770504089,110.9558638319806,6720.1951512804235,0.06941773429587081,0.10671072185573936,0.004897865375017579,0.0062103845865880405,15923.754610717315,11.23760129618816,15934.179448719604,384.3800069905321,54.75292741950755,10310.066176521537,0.10546920901405218,0.1621298675131371,5.6270325194229165e-5,2.5033263798042542e-5,24007.92280549136,0.21892760697437869,24008.409413478472,4.379109075088726,0.21895264023817657,372,Sub-Saharan Africa,Malawi,Mwanza,TA Kanduku,30601,MW30601,0.1424466,0.003436059,0.2052653,0.02923934,0.02412174,0.000705304,22655.37460,0.3022685,0.03429861,0.5959697,0.1801429,0.1134707,0.02044093, 4623.174880,0.05,9.12e-06,1,0.2227189,0.000182401,4.06e-05, 34318.47559,35,2020-04-07
240,1388.099657754653,0.012849913875859553,0.019753240292458632,0.004264951732316632,0.01150419955731537,3168.9071712218024,66.11967871808679,3235.075222245347,367.0825505181092,110.9562027607204,6720.182872415672,0.06282102750325283,0.09657025638150579,0.004432459845708539,0.005636523579047124,15923.784514153844,11.237753163215228,15934.191727584355,384.3807069078329,54.753093415782594,10310.047520733067,0.0954465671862462,0.1467230697489368,5.092341616957338e-5,2.2720380919340273e-5,24007.966895396927,0.21893058926219283,24008.428069266945,4.379117116278409,0.218953309643112,372,Sub-Saharan Africa,Malawi,Mwanza,TA Kanduku,30601,MW30601,0.1424466,0.003436059,0.2052653,0.02923934,0.02412174,0.000705304,22655.37460,0.3022685,0.03429861,0.5959697,0.1801429,0.1134707,0.02044093, 4623.174880,0.05,9.12e-06,1,0.2227189,0.000182401,4.06e-05, 34318.47559,35,2020-04-07
241,1388.0973848157853,0.011628796655081325,0.017876133273274388,0.0038596846019511586,0.010440447959716508,3168.9131946423263,66.1204954793982,3235.077495184215,367.08315998774685,110.95650948368116,6720.171760409681,0.05685119223330801,0.08739338932135912,0.004011274649190092,0.005115281057714951,15923.811577461336,11.237890991764852,15934.202839590349,384.3813403135678,54.753243638675166,10310.030637801097,0.08637635552731193,0.13278030092041657,4.608453881036128e-5,2.0619537662175924e-5,24008.006795542464,0.21893329590203436,24008.44495219892,4.379124393332738,0.21895391543969636,372,Sub-Saharan Africa,Malawi,Mwanza,TA Kanduku,30601,MW30601,0.1424466,0.003436059,0.2052653,0.02923934,0.02412174,0.000705304,22655.37460,0.3022685,0.03429861,0.5959697,0.1801429,0.1134707,0.02044093, 4623.174880,0.05,9.12e-06,1,0.2227189,0.000182401,4.06e-05, 34318.47559,35,2020-04-07
242,1388.0953278740585,0.0105237199005375,0.016177399144353583,0.003492924211003953,0.009474321219256256,3168.9186470721966,66.12123668926938,3235.0795521259415,367.0837115407481,110.95678706089275,6720.161704376635,0.0514486595783387,0.0790885593490793,0.0036301088358089983,0.004641881551592768,15923.836070344385,11.23801606970946,15934.212895623396,384.38191352801977,54.75337958689907,10310.015359252322,0.07816806885907038,0.1201624492367927,4.170543041562052e-5,1.871149407421234e-5,24008.04290406047,0.2189357521775939,24008.460230747693,4.379130978863774,0.2189544636716679,372,Sub-Saharan Africa,Malawi,Mwanza,TA Kanduku,30601,MW30601,0.1424466,0.003436059,0.2052653,0.02923934,0.02412174,0.000705304,22655.37460,0.3022685,0.03429861,0.5959697,0.1801429,0.1134707,0.02044093, 4623.174880,0.05,9.12e-06,1,0.2227189,0.000182401,4.06e-05, 34318.47559,35,2020-04-07
243,1388.0934664033923,0.009523656748020984,0.014640088756593773,0.0031610123242844022,0.008596948640857765,3168.9235826053387,66.12190928479906,3235.081413596608,367.0842106806793,110.9570382616792,6720.152603968016,0.04655952094853311,0.07157290447978093,0.003285160433956745,0.004211977020185839,15923.858236901186,11.238129567959055,15934.221996032013,384.38243227091397,54.75350261678763,10310.001532623166,0.07073980189684263,0.10874361997138016,3.774241186128594e-5,1.6978731793156802e-5,24008.07558125273,0.21893798107681184,24008.474057376847,4.379136938583959,0.2189549598086048,372,Sub-Saharan Africa,Malawi,Mwanza,TA Kanduku,30601,MW30601,0.1424466,0.003436059,0.2052653,0.02923934,0.02412174,0.000705304,22655.37460,0.3022685,0.03429861,0.5959697,0.1801429,0.1134707,0.02044093, 4623.174880,0.05,9.12e-06,1,0.2227189,0.000182401,4.06e-05, 34318.47559,35,2020-04-07
244,1388.091781828268,0.008618628130305644,0.013248863332713107,0.002860638157147001,0.007800254803250514,3168.928050214979,66.12251957232935,3235.0830981717318,367.0846623881513,110.95726559226816,6720.144368371278,0.04213499028127853,0.06477143565340707,0.0029729885798950115,0.0038216093273949242,15923.878298053984,11.23823255093974,15934.230231628751,384.38290171847825,54.75361395581627,10309.989019938432,0.06401743217319196,0.09840987988974995,3.415595255268319e-5,1.5405302960473246e-5,24008.105153184744,0.2189400034974946,24008.486570061585,4.379142331961652,0.21895540880045486,372,Sub-Saharan Africa,Malawi,Mwanza,TA Kanduku,30601,MW30601,0.1424466,0.003436059,0.2052653,0.02923934,0.02412174,0.000705304,22655.37460,0.3022685,0.03429861,0.5959697,0.1801429,0.1134707,0.02044093, 4623.174880,0.05,9.12e-06,1,0.2227189,0.000182401,4.06e-05, 34318.47559,35,2020-04-07
245,1388.0902573383744,0.0077996032176853945,0.011989841497914482,0.002588805390080766,0.007076889578123862,3168.9320942378968,66.12307328404505,3235.0846226616254,367.0850711705057,110.95747132078003,6720.1369154036765,0.038130917306907416,0.05861628887680025,0.0026904792348013645,0.003467175919898128,15923.89645374888,11.238325986151057,15934.237684596354,384.3833265550824,54.75371471484176,10309.977696334518,0.057933880531689186,0.08905812102893378,3.091027658344423e-5,1.3976692029453237e-5,24008.13191493851,0.2189418384348615,24008.4978936655,4.3791472128144,0.21895581512689077,372,Sub-Saharan Africa,Malawi,Mwanza,TA Kanduku,30601,MW30601,0.1424466,0.003436059,0.2052653,0.02923934,0.02412174,0.000705304,22655.37460,0.3022685,0.03429861,0.5959697,0.1801429,0.1134707,0.02044093, 4623.174880,0.05,9.12e-06,1,0.2227189,0.000182401,4.06e-05, 34318.47559,35,2020-04-07
246,1388.0888777208638,0.007058409322065561,0.010850460823466319,0.0023428023146371915,0.0064201641437122816,3168.9357548129465,66.12357562958627,3235.0860022791353,367.08544110678326,110.95765749984434,6720.1301706922,0.03450734708106554,0.05304604832009274,0.0024348141564951983,0.003145398446905474,15923.91288494696,11.23841075288098,15934.244429307828,384.38371101997234,54.75380589917929,10309.967448813468,0.05242844191381263,0.08059503227473955,2.7973006281839864e-5,1.2679689409817118e-5,24008.156133556487,0.21894350315256864,24008.50814118655,4.379151629845849,0.21895618284197826,372,Sub-Saharan Africa,Malawi,Mwanza,TA Kanduku,30601,MW30601,0.1424466,0.003436059,0.2052653,0.02923934,0.02412174,0.000705304,22655.37460,0.3022685,0.03429861,0.5959697,0.1801429,0.1134707,0.02044093, 4623.174880,0.05,9.12e-06,1,0.2227189,0.000182401,4.06e-05, 34318.47559,35,2020-04-07
247,1388.0876292085507,0.006387650359581932,0.009819352521720007,0.0021201748107639792,0.005823992500696153,3168.9390682781545,66.12403134310219,3235.0872507914487,367.0857758884191,110.95782598706892,6720.124066931436,0.031228121359011776,0.04800513371076913,0.002203442814073301,0.0028532940796280847,15923.927755426495,11.238487650150912,15934.250533068593,384.38405894956435,54.753888418627774,10309.958175115404,0.04744617971664013,0.07293616862461072,2.5314839563489993e-5,1.1502275977208657e-5,24008.178050705796,0.21894501333862695,24008.517414884616,4.379155627131644,0.21895651561460397,372,Sub-Saharan Africa,Malawi,Mwanza,TA Kanduku,30601,MW30601,0.1424466,0.003436059,0.2052653,0.02923934,0.02412174,0.000705304,22655.37460,0.3022685,0.03429861,0.5959697,0.1801429,0.1134707,0.02044093, 4623.174880,0.05,9.12e-06,1,0.2227189,0.000182401,4.06e-05, 34318.47559,35,2020-04-07
248,1388.086499342533,0.005780633056294916,0.008886228050823966,0.0019187018859808977,0.005282838035561425,3168.9420675303,66.12444472613849,3235.088380657466,367.0860788560723,110.95797846356575,6720.1185432119455,0.02826051782513283,0.04344324595418003,0.001994056965260447,0.002588149307124261,15923.941213414093,11.238557403956959,15934.256056788083,384.384373815721,54.753963096543494,10309.949782698115,0.042937377664379286,0.06600510891283806,2.2909257871875902e-5,1.0433517549508682e-5,24008.197885089274,0.2189463832475158,24008.5258073019,4.379159244559175,0.21895681676506507,372,Sub-Saharan Africa,Malawi,Mwanza,TA Kanduku,30601,MW30601,0.1424466,0.003436059,0.2052653,0.02923934,0.02412174,0.000705304,22655.37460,0.3022685,0.03429861,0.5959697,0.1801429,0.1134707,0.02044093, 4623.174880,0.05,9.12e-06,1,0.2227189,0.000182401,4.06e-05, 34318.47559,35,2020-04-07
249,1388.0854768478687,0.005231300169521772,0.008041776478219938,0.0017363735381595666,0.004791664710276084,3168.944782350516,66.12481968671912,3235.0894031521307,367.08635303295586,110.95811645071728,6720.113544412473,0.02557492362121246,0.03931486535365967,0.0018045676488211036,0.0023474960017661156,15923.95339306108,11.238620673868446,15934.261055587558,384.38465876039083,54.754030678051755,10309.94218781361,0.038857043790507556,0.05973269344930684,2.0732261862274517e-5,9.463468498437547e-6,24008.21583462758,0.21894762582968538,24008.533402186404,4.379162518225536,0.21895708929818358,372,Sub-Saharan Africa,Malawi,Mwanza,TA Kanduku,30601,MW30601,0.1424466,0.003436059,0.2052653,0.02923934,0.02412174,0.000705304,22655.37460,0.3022685,0.03429861,0.5959697,0.1801429,0.1134707,0.02044093, 4623.174880,0.05,9.12e-06,1,0.2227189,0.000182401,4.06e-05, 34318.47559,35,2020-04-07
250,1388.084551521066,0.0047341700512902665,0.007277571599578685,0.001571370717762643,0.004345892492518955,3168.947239699121,66.12515977495181,3235.090328478933,367.0866011550009,110.95824132535068,6720.109020649899,0.02314453988066728,0.035578797524689565,0.001633084359057197,0.0021290895649497665,15923.964415779777,11.23867805903939,15934.26557935013,384.38491662695697,54.75409183747894,10309.935314672412,0.03516446152779015,0.05405633411936007,1.876213215285439e-5,8.58308373476702e-6,24008.232078433866,0.2189487528495417,24008.540275327603,4.379165480797679,0.21895733593327624,372,Sub-Saharan Africa,Malawi,Mwanza,TA Kanduku,30601,MW30601,0.1424466,0.003436059,0.2052653,0.02923934,0.02412174,0.000705304,22655.37460,0.3022685,0.03429861,0.5959697,0.1801429,0.1134707,0.02044093, 4623.174880,0.05,9.12e-06,1,0.2227189,0.000182401,4.06e-05, 34318.47559,35,2020-04-07
251,1388.0837141282664,0.0042842819531492705,0.006585987882664113,0.0014220471914818756,0.003941356669836294,3168.9494639825766,66.12546821546027,3235.0911658717328,367.0868256981539,110.95835433347104,6720.104926781477,0.020945114331643644,0.03219776245373325,0.00147789619652216,0.0019308889779964462,15923.974391452924,11.23873010368399,15934.269673218554,384.3851499886068,54.75414718507864,10309.929094687273,0.031822783443855265,0.04891939003314326,1.6979212778146666e-5,7.784138362988627e-6,24008.2467786009,0.21894977499291582,24008.54649531274,4.379168161838352,0.21895755913127857,372,Sub-Saharan Africa,Malawi,Mwanza,TA Kanduku,30601,MW30601,0.1424466,0.003436059,0.2052653,0.02923934,0.02412174,0.000705304,22655.37460,0.3022685,0.03429861,0.5959697,0.1801429,0.1134707,0.02044093, 4623.174880,0.05,9.12e-06,1,0.2227189,0.000182401,4.06e-05, 34318.47559,35,2020-04-07
252,1388.0829563130999,0.0038771465307648064,0.005960124388444404,0.0012869131291270357,0.003574270719222409,3168.951477295213,66.1257479369199,3235.091923686899,367.08702890308155,110.95845660269,6720.10122195435,0.01895469932124543,0.02913802255743859,0.0013374548097764307,0.0017510385970102168,15923.983419528346,11.238777302063014,15934.27337804568,384.38536117400713,54.754197273118926,10309.923465788765,0.028798663599645495,0.044270602428060774,1.5365715217896175e-5,7.059154356798712e-6,24008.260081818364,0.21895070196493543,24008.552124211248,4.37917058810106,0.21895776111929197,372,Sub-Saharan Africa,Malawi,Mwanza,TA Kanduku,30601,MW30601,0.1424466,0.003436059,0.2052653,0.02923934,0.02412174,0.000705304,22655.37460,0.3022685,0.03429861,0.5959697,0.1801429,0.1134707,0.02044093, 4623.174880,0.05,9.12e-06,1,0.2227189,0.000182401,4.06e-05, 34318.47559,35,2020-04-07
253,1388.0822705132994,0.0035087010485717303,0.005393735926529627,0.0011646202471552343,0.0032411924314969557,3168.953299638097,66.12600159895017,3235.0926094866995,367.08721279752694,110.95854915347417,6720.0978691979,0.01715343281776387,0.026369046109960576,0.0012103589550157504,0.0015878515441486766,15923.991590009693,11.23882010302383,15934.27673080213,384.38555229053867,54.75424260139143,10309.918371805898,0.026061924818875426,0.04006358330617681,1.3905541011961647e-5,6.4013336618030525e-6,24008.272120836515,0.21895154257913846,24008.557218194117,4.3791727837970145,0.2189579439128,372,Sub-Saharan Africa,Malawi,Mwanza,TA Kanduku,30601,MW30601,0.1424466,0.003436059,0.2052653,0.02923934,0.02412174,0.000705304,22655.37460,0.3022685,0.03429861,0.5959697,0.1801429,0.1134707,0.02044093, 4623.174880,0.05,9.12e-06,1,0.2227189,0.000182401,4.06e-05, 34318.47559,35,2020-04-07
254,1388.0816498852353,0.003175268839424499,0.0048811707458355225,0.0010539483624632516,0.0029389930112877437,3168.954949117209,66.1262316165975,3235.093230114764,367.08737921654387,110.95863290932536,6720.094835054796,0.015523340215054532,0.023863202620507964,0.0010953405214265632,0.0014397945582976632,15923.9989843532,11.238858914133507,15934.279764945233,384.38572524532475,54.75428362219748,10309.913761905558,0.023585257562714273,0.03625635261377158,1.2584121213581156e-5,5.804497174160293e-6,24008.2830157908,0.21895230483860106,24008.561828094455,4.379174770836716,0.21895810933577498,372,Sub-Saharan Africa,Malawi,Mwanza,TA Kanduku,30601,MW30601,0.1424466,0.003436059,0.2052653,0.02923934,0.02412174,0.000705304,22655.37460,0.3022685,0.03429861,0.5959697,0.1801429,0.1134707,0.02044093, 4623.174880,0.05,9.12e-06,1,0.2227189,0.000182401,4.06e-05, 34318.47559,35,2020-04-07
255,1388.0810882356393,0.00287352262972951,0.0044173141598829084,9.537932276765213e-4,0.0026648289081254986,3168.9564421228242,66.1264401826118,3235.0937917643605,367.0875298208019,110.95870870599087,6720.092089247223,0.014048155034741026,0.021595487224838845,9.912518884302407e-4,0.0013054741851731293,15924.005676279048,11.238894105439424,15934.282510752806,384.3858817642557,54.75432074485888,10309.909590085408,0.021343947516442353,0.03281091950204403,1.1388271143559579e-5,5.263029112394167e-6,24008.292875400253,0.21895299600975662,24008.565999914605,4.379176569048521,0.21895825903886876,372,Sub-Saharan Africa,Malawi,Mwanza,TA Kanduku,30601,MW30601,0.1424466,0.003436059,0.2052653,0.02923934,0.02412174,0.000705304,22655.37460,0.3022685,0.03429861,0.5959697,0.1801429,0.1134707,0.02044093, 4623.174880,0.05,9.12e-06,1,0.2227189,0.000182401,4.06e-05, 34318.47559,35,2020-04-07
256,1388.080579959769,0.0026004513179245193,0.0039975374885287945,8.63155510676571e-4,0.0024161161157137522,3168.9577934920635,66.12662928773562,3235.094300040231,367.0876661131663,110.95877729980619,6720.089604374559,0.012713156511367946,0.01954327106827274,8.970544721579166e-4,0.001183624177840476,15924.01173250636,11.238926012894245,15934.284995625469,384.38602340921983,54.7543543398041,10309.905814714546,0.019315628826842835,0.02969290307709027,1.0306058806527423e-5,4.771826263179243e-6,24008.301798052962,0.2189536226896273,24008.569775285465,4.379178196376613,0.2189583945158902,372,Sub-Saharan Africa,Malawi,Mwanza,TA Kanduku,30601,MW30601,0.1424466,0.003436059,0.2052653,0.02923934,0.02412174,0.000705304,22655.37460,0.3022685,0.03429861,0.5959697,0.1801429,0.1134707,0.02044093, 4623.174880,0.05,9.12e-06,1,0.2227189,0.000182401,4.06e-05, 34318.47559,35,2020-04-07
257,1388.080119985576,0.002353329982933031,0.003617651957684315,7.811308452785109e-4,0.00219050679668213,3168.9590166557186,66.12680073912382,3235.094760014424,367.0877894536679,110.95883937522717,6720.087355640436,0.011505022968449668,0.017686075927814567,8.118083851873316e-4,0.0010730940376303425,15924.017213416822,11.23895494146529,15934.287244359592,384.3861515936612,54.754384742257194,10309.90239811882,0.017480061331165593,0.026871189976706573,9.326686096628785e-6,4.326251819344366e-6,24008.309872786052,0.21895419086686235,24008.573191881194,4.379179669059729,0.21895851711868142,372,Sub-Saharan Africa,Malawi,Mwanza,TA Kanduku,30601,MW30601,0.1424466,0.003436059,0.2052653,0.02923934,0.02412174,0.000705304,22655.37460,0.3022685,0.03429861,0.5959697,0.1801429,0.1134707,0.02044093, 4623.174880,0.05,9.12e-06,1,0.2227189,0.000182401,4.06e-05, 34318.47559,35,2020-04-07
258,1388.0797037229006,0.0021296925908030943,0.0032738667454435795,7.06900776590656e-4,0.0019858678753987766,3168.9601237719257,66.12695617718683,3235.095176277099,367.0879010731251,110.95889555168459,6720.085320604357,0.010411698385556212,0.016005369105629875,7.346630261317695e-4,9.728385201193754e-4,15924.022173658672,11.238981167977704,15934.28927939567,384.38626759673673,54.754412255595,10309.899306203448,0.015818927827640977,0.02431762274583284,8.44038068562819e-6,3.922093104303055e-6,24008.317180177513,0.2189547059775522,24008.576283796567,4.379181001793813,0.2189586280706562,372,Sub-Saharan Africa,Malawi,Mwanza,TA Kanduku,30601,MW30601,0.1424466,0.003436059,0.2052653,0.02923934,0.02412174,0.000705304,22655.37460,0.3022685,0.03429861,0.5959697,0.1801429,0.1134707,0.02044093, 4623.174880,0.05,9.12e-06,1,0.2227189,0.000182401,4.06e-05, 34318.47559,35,2020-04-07
259,1388.0793270177955,0.0019273074560590036,0.0029627512663785546,6.397246195613693e-4,0.0018002616493026505,3168.9611258463956,66.12709709081848,3235.095552982204,367.08800208539117,110.95894638974696,6720.08347895839,0.009422272432794395,0.014484379042433052,6.648486183132656e-4,8.819081309019796e-4,15924.026662689746,11.239004943684916,15934.291121041637,384.3863725760444,54.75443715436546,10309.896508113745,0.014315651807425585,0.022006719692168903,7.638298814388725e-6,3.5555232825676383e-6,24008.323793147963,0.21895517295568936,24008.579081886273,4.379182207878251,0.2189587284789716,372,Sub-Saharan Africa,Malawi,Mwanza,TA Kanduku,30601,MW30601,0.1424466,0.003436059,0.2052653,0.02923934,0.02412174,0.000705304,22655.37460,0.3022685,0.03429861,0.5959697,0.1801429,0.1134707,0.02044093, 4623.174880,0.05,9.12e-06,1,0.2227189,0.000182401,4.06e-05, 34318.47559,35,2020-04-07
260,1388.0789861110989,0.0017441549864101724,0.0026812009615601808,5.78932074982593e-4,0.001631928093882786,3168.962032841512,66.12722483127293,3235.0958938889007,367.0880934984618,110.95899239670996,6720.08181232464,0.008526871668281347,0.013107928069954596,6.01668535663041e-4,7.994404518025719e-4,15924.030725270068,11.239026496610983,15934.292787675386,384.3864675791673,54.75445968702527,10309.893975927409,0.012955232146849729,0.01991542078157047,6.912437128324212e-6,3.223066414826672e-6,24008.32977768786,0.21895559627915334,24008.581614072606,4.37918329934849,0.21895881934556785,372,Sub-Saharan Africa,Malawi,Mwanza,TA Kanduku,30601,MW30601,0.1424466,0.003436059,0.2052653,0.02923934,0.02412174,0.000705304,22655.37460,0.3022685,0.03429861,0.5959697,0.1801429,0.1134707,0.02044093, 4623.174880,0.05,9.12e-06,1,0.2227189,0.000182401,4.06e-05, 34318.47559,35,2020-04-07
261,1388.078677600878,0.0015784075076734723,0.0024264062865030954,5.239165354049803e-4,0.0014792687244133045,3168.962853775266,66.12734062480243,3235.096202399121,367.088176224545,110.95903403166368,6720.080304071652,0.007716560905466887,0.011862280797654022,5.444923456477311e-4,7.246522303791409e-4,15924.03440190843,11.23904603368376,15934.294295928376,384.38655355413886,54.75448007842153,10309.891684375578,0.011724093251059949,0.018022857286937914,6.255552750342924e-6,2.9215655872715345e-6,24008.335193516737,0.21895598001158906,24008.583905624433,4.379184287096274,0.218958901577176,372,Sub-Saharan Africa,Malawi,Mwanza,TA Kanduku,30601,MW30601,0.1424466,0.003436059,0.2052653,0.02923934,0.02412174,0.000705304,22655.37460,0.3022685,0.03429861,0.5959697,0.1801429,0.1134707,0.02044093, 4623.174880,0.05,9.12e-06,1,0.2227189,0.000182401,4.06e-05, 34318.47559,35,2020-04-07
262,1388.0783984084883,0.0014284110279078849,0.0021958246810921964,4.7412903415817894e-4,0.0013408319168155141,3168.963596810717,66.12744558413522,3235.096481591511,367.08825108916267,110.95907171007266,6720.0789391484595,0.006983254060971752,0.010735007077959343,4.927495205748419e-4,6.568321848332459e-4,15924.037729266069,11.239063742672258,15934.295660851569,384.38663135890187,54.75449853203498,10309.889610590695,0.010609949601729,0.01631014358662904,5.66109103242012e-6,2.648153922385667e-6,24008.340094679017,0.21895632784044206,24008.58597940932,4.379185180978319,0.21895897599436412,372,Sub-Saharan Africa,Malawi,Mwanza,TA Kanduku,30601,MW30601,0.1424466,0.003436059,0.2052653,0.02923934,0.02412174,0.000705304,22655.37460,0.3022685,0.03429861,0.5959697,0.1801429,0.1134707,0.02044093, 4623.174880,0.05,9.12e-06,1,0.2227189,0.000182401,4.06e-05, 34318.47559,35,2020-04-07
263,1388.078145747848,0.0012926687327199395,0.0019871551988711934,4.290727687084087e-4,0.0012152995436537973,3168.964269336998,66.12754071891067,3235.0967342521512,367.08831883938785,110.95910580792139,6720.077703934393,0.006319633465850934,0.00971485797277357,4.459237458046608e-4,5.95334453699216e-4,15924.040740522065,11.239079793947933,15934.296896065636,384.3867017698693,54.75451523201031,10309.887733878306,0.009601683163545429,0.014760188716049904,5.123120164720186e-6,2.400228186854886e-6,24008.34453008334,0.21895664311153804,24008.587856121714,4.379185989914659,0.21895904333972457,372,Sub-Saharan Africa,Malawi,Mwanza,TA Kanduku,30601,MW30601,0.1424466,0.003436059,0.2052653,0.02923934,0.02412174,0.000705304,22655.37460,0.3022685,0.03429861,0.5959697,0.1801429,0.1134707,0.02044093, 4623.174880,0.05,9.12e-06,1,0.2227189,0.000182401,4.06e-05, 34318.47559,35,2020-04-07
264,1388.0779170976375,0.0011698260487964243,0.0017983155473011584,3.882981442185514e-4,0.0011014748106162738,3168.964878042648,66.1276269451641,3235.0969629023616,367.0883801513001,110.95913666546572,6720.076586103157,0.005719076843674699,0.00879165350688267,4.035477686057123e-4,5.39572634084399e-4,15924.043465704048,11.239094342085595,15934.298013896872,384.38676548967254,54.75453034499351,10309.886035510553,0.008689232439172702,0.013357525827422024,4.636271995904174e-6,2.1754247701999292e-6,24008.348543990604,0.21895692886051382,24008.589554489463,4.379186721977674,0.21895910428528373,372,Sub-Saharan Africa,Malawi,Mwanza,TA Kanduku,30601,MW30601,0.1424466,0.003436059,0.2052653,0.02923934,0.02412174,0.000705304,22655.37460,0.3022685,0.03429861,0.5959697,0.1801429,0.1134707,0.02044093, 4623.174880,0.05,9.12e-06,1,0.2227189,0.000182401,4.06e-05, 34318.47559,35,2020-04-07
265,1388.077710176138,0.0010586571270837226,0.001627421310482818,3.5139828805057195e-4,9.982711877050579e-4,3168.965428982002,66.12770509394689,3235.097169823861,367.0884356367315,110.95916459062802,6720.075574499824,0.0051755912290380925,0.007956181091121787,3.651987364570682e-4,4.890143565862577e-4,15924.045931987488,11.239107527318287,15934.299025500204,384.38682315417213,54.75454402179467,10309.884498539299,0.007863492069051814,0.01208815786043178,4.19568847646128e-6,1.9715978252546015e-6,24008.352176455624,0.21895718784138224,24008.59109146072,4.3791873844726235,0.2189591594392072,372,Sub-Saharan Africa,Malawi,Mwanza,TA Kanduku,30601,MW30601,0.1424466,0.003436059,0.2052653,0.02923934,0.02412174,0.000705304,22655.37460,0.3022685,0.03429861,0.5959697,0.1801429,0.1134707,0.02044093, 4623.174880,0.05,9.12e-06,1,0.2227189,0.000182401,4.06e-05, 34318.47559,35,2020-04-07
266,1388.077522918464,9.580526103352e-4,0.001472767145482237,3.180049904126979e-4,9.047023380048587e-4,3168.9659276352927,66.12777591915963,3235.097357081535,367.08848584937215,110.95918986206958,6720.074659029527,0.004683753165140664,0.007200103594205567,3.3049397823879965e-4,4.4317634925278835e-4,15924.048163966572,11.23911947685937,15934.299940970503,384.38687533880335,54.75455639889277,10309.883107626978,0.007116221971226563,0.01093941787239309,3.7969731901853873e-6,1.7867993786815183e-6,24008.35546372683,0.21895742255248984,24008.59248237304,4.379187984010557,0.2189592093518682,372,Sub-Saharan Africa,Malawi,Mwanza,TA Kanduku,30601,MW30601,0.1424466,0.003436059,0.2052653,0.02923934,0.02412174,0.000705304,22655.37460,0.3022685,0.03429861,0.5959697,0.1801429,0.1134707,0.02044093, 4623.174880,0.05,9.12e-06,1,0.2227189,0.000182401,4.06e-05, 34318.47559,35,2020-04-07
267,1388.0773534559555,8.670085630491783e-4,0.0013328097656650684,2.8778503065028486e-4,8.198729557342525e-4,3168.9663789630604,66.1278401046695,3235.0975265440434,367.08853129029524,110.95921273197116,6720.073830556709,0.004238654584106903,0.006515876150981628,2.9908718621765573e-4,4.01619947288056e-4,15924.050183899364,11.239130306103755,15934.30076944332,384.38692256431796,54.75456759979751,10309.881848893569,0.006439965115168268,0.009899842641937086,3.436147490217249e-6,1.6192612371641258e-6,24008.358438607986,0.21895763526010242,24008.59374110645,4.379188526574279,0.21895925452133924,372,Sub-Saharan Africa,Malawi,Mwanza,TA Kanduku,30601,MW30601,0.1424466,0.003436059,0.2052653,0.02923934,0.02412174,0.000705304,22655.37460,0.3022685,0.03429861,0.5959697,0.1801429,0.1134707,0.02044093, 4623.174880,0.05,9.12e-06,1,0.2227189,0.000182401,4.06e-05, 34318.47559,35,2020-04-07
268,1388.0772000975323,7.846164533450055e-4,0.0012061525410513073,2.604368525612905e-4,7.429704327554932e-4,3168.966787455412,66.1278982707765,3235.0976799024666,367.08857241295715,110.95923342854927,6720.0730808139715,0.0038358538300616576,0.005896670876056191,2.7066496076963626e-4,3.639470088699768e-4,15924.052011929678,11.239140119719227,15934.301519186058,384.38696530198104,54.75457773628168,10309.880709778061,0.005827973109181711,0.008959058283594171,3.1096108024234935e-6,1.4673785296672657e-6,24008.361130785514,0.21895782801983277,24008.594880221954,4.379189017578049,0.2189592953983621,372,Sub-Saharan Africa,Malawi,Mwanza,TA Kanduku,30601,MW30601,0.1424466,0.003436059,0.2052653,0.02923934,0.02412174,0.000705304,22655.37460,0.3022685,0.03429861,0.5959697,0.1801429,0.1134707,0.02044093, 4623.174880,0.05,9.12e-06,1,0.2227189,0.000182401,4.06e-05, 34318.47559,35,2020-04-07
269,1388.0770613128175,7.100540868795995e-4,0.0010915315618694177,2.3568755561906906e-4,6.732572797587559e-4,3168.967157176611,66.12795098008723,3235.097818687181,367.0886096277225,110.95925215833344,6720.07240231957,0.0034713313365760928,0.00533630873078036,2.4494368342061634e-4,3.2979620090109024e-4,15924.053666287886,11.23914901263777,15934.30219768046,384.3870039782734,54.75458690949653,10309.87967891313,0.00527413885937354,0.008107676730717897,2.814104700694466e-6,1.329694740060156e-6,24008.36356712476,0.21895800269610555,24008.59591108689,4.3791894619216105,0.2189593323908453,372,Sub-Saharan Africa,Malawi,Mwanza,TA Kanduku,30601,MW30601,0.1424466,0.003436059,0.2052653,0.02923934,0.02412174,0.000705304,22655.37460,0.3022685,0.03429861,0.5959697,0.1801429,0.1134707,0.02044093, 4623.174880,0.05,9.12e-06,1,0.2227189,0.000182401,4.06e-05, 34318.47559,35,2020-04-07
270,1388.076935716867,6.425774022627977e-4,9.878030264985286e-4,2.1329017204991561e-4,6.100642347901423e-4,3168.9674918054475,66.12799874285028,3235.097944283132,367.08864330595907,110.95926910822705,6720.071788302749,0.003141449515839969,0.0048291978649664825,2.2166668697148263e-4,2.9883962167868695e-4,15924.055163472653,11.239157070955999,15934.302811697282,384.38703897914746,54.75459521098104,10309.878746011682,0.004772935627658255,0.007337202055689775,2.5466803953352957e-6,1.2048880971389812e-6,24008.36577193806,0.2189581609798377,24008.596843988336,4.379189864039089,0.21895936586793452,372,Sub-Saharan Africa,Malawi,Mwanza,TA Kanduku,30601,MW30601,0.1424466,0.003436059,0.2052653,0.02923934,0.02412174,0.000705304,22655.37460,0.3022685,0.03429861,0.5959697,0.1801429,0.1134707,0.02044093, 4623.174880,0.05,9.12e-06,1,0.2227189,0.000182401,4.06e-05, 34318.47559,35,2020-04-07
271,1388.0768220563475,5.815130461369389e-4,8.939318278690193e-4,1.9302120262731606e-4,5.527839976595388e-4,3168.9677946717766,66.12804202180179,3235.098057943652,367.0886737837437,110.95928444737224,6720.071232636183,0.002842916459483739,0.0043702778176814405,2.0060169450332368e-4,2.707797303483549e-4,15924.056518415411,11.23916437275294,15934.30336736385,384.38707065387877,54.754602723575374,10309.877901764215,0.00431936188095145,0.006639945692026034,2.304669310523692e-6,1.0917592006712612e-6,24008.36776722735,0.21895830440449565,24008.5976882358,4.379190227943234,0.21895939616369603,372,Sub-Saharan Africa,Malawi,Mwanza,TA Kanduku,30601,MW30601,0.1424466,0.003436059,0.2052653,0.02923934,0.02412174,0.000705304,22655.37460,0.3022685,0.03429861,0.5959697,0.1801429,0.1134707,0.02044093, 4623.174880,0.05,9.12e-06,1,0.2227189,0.000182401,4.06e-05, 34318.47559,35,2020-04-07
272,1388.076719197031,5.262516538495983e-4,8.089812244035117e-4,1.7467838661420929e-4,5.008655341553469e-4,3168.9680687896043,66.12808123656583,3235.098160802968,367.0887013652156,110.95929832883787,6720.070729774823,0.002572753088928589,0.00395496902018785,1.815385017285898e-4,2.4534655564916613e-4,15924.057744629225,11.239170988832647,15934.303870225209,384.3870993185511,54.75460952224749,10309.87713774591,0.003908891381365562,0.006008949712227486,2.085656457485765e-6,9.89219772729563e-7,24008.369572903735,0.21895843436067775,24008.598452254104,4.379190557265464,0.21895942358045017,372,Sub-Saharan Africa,Malawi,Mwanza,TA Kanduku,30601,MW30601,0.1424466,0.003436059,0.2052653,0.02923934,0.02412174,0.000705304,22655.37460,0.3022685,0.03429861,0.5959697,0.1801429,0.1134707,0.02044093, 4623.174880,0.05,9.12e-06,1,0.2227189,0.000182401,4.06e-05, 34318.47559,35,2020-04-07
273,1388.0766261124752,4.76241768638732e-4,7.321034925228857e-4,1.5807868359125457e-4,4.538088989290562e-4,3168.9683168870315,66.1281167676501,3235.098253887524,367.0887263256121,110.9593108911468,6720.070274700574,0.002328263427317332,0.003579127097600975,1.6428687955151423e-4,2.2229515887959396e-4,15924.058854343511,11.239176983398517,15934.304325299458,384.387125259211,54.75461567484121,10309.876446332562,0.003537428019146111,0.005437917396492942,1.8874563375827661e-6,8.962824333291697e-7,24008.37120698615,0.2189585521093552,24008.599143667456,4.379190855292104,0.21895944839178816,372,Sub-Saharan Africa,Malawi,Mwanza,TA Kanduku,30601,MW30601,0.1424466,0.003436059,0.2052653,0.02923934,0.02412174,0.000705304,22655.37460,0.3022685,0.03429861,0.5959697,0.1801429,0.1134707,0.02044093, 4623.174880,0.05,9.12e-06,1,0.2227189,0.000182401,4.06e-05, 34318.47559,35,2020-04-07
274,1388.076541873781,4.309843386717578e-4,6.625314674033067e-4,1.4305644705036281e-4,4.1116053041192525e-4,3168.9685414333617,66.1281489600738,3235.0983381262176,367.08874891401433,110.95932225965817,6720.069862872208,0.0021070076964765996,0.0032390015130627846,1.486746759265136e-4,2.0140332821986013e-4,15924.059858625958,11.239182414665539,15934.30473712782,384.3871487347219,54.754621242753245,10309.875820624491,0.0032012649377897353,0.004921150399179206,1.7080911350681702e-6,8.120514082691244e-7,24008.372685781214,0.21895865879389417,24008.599769375527,4.379191124997181,0.21895947084530212,372,Sub-Saharan Africa,Malawi,Mwanza,TA Kanduku,30601,MW30601,0.1424466,0.003436059,0.2052653,0.02923934,0.02412174,0.000705304,22655.37460,0.3022685,0.03429861,0.5959697,0.1801429,0.1134707,0.02044093, 4623.174880,0.05,9.12e-06,1,0.2227189,0.000182401,4.06e-05, 34318.47559,35,2020-04-07
275,1388.0764656403232,3.9002773702913297e-4,5.995708875747801e-4,1.294617715355197e-4,3.725089752487524e-4,3168.9687446636444,66.12817812666127,3235.098414359676,367.0887693558335,110.95933254781836,6720.069490180054,0.001906777970466952,0.0029311981417676513,1.3454609808084288e-4,1.824694835682417e-4,15924.060767492883,11.239187335416105,15934.305109819974,384.38716997934745,54.75462628154579,10309.875254377706,0.002897047543487916,0.004453491886031527,1.5457709819934432e-6,7.357140852173177e-7,24008.37402404591,0.21895875545097077,24008.600335622312,4.379191369072098,0.21895949116505564,372,Sub-Saharan Africa,Malawi,Mwanza,TA Kanduku,30601,MW30601,0.1424466,0.003436059,0.2052653,0.02923934,0.02412174,0.000705304,22655.37460,0.3022685,0.03429861,0.5959697,0.1801429,0.1134707,0.02044093, 4623.174880,0.05,9.12e-06,1,0.2227189,0.000182401,4.06e-05, 34318.47559,35,2020-04-07
276,1388.0763966513607,3.5296325492748654e-4,5.425934670052762e-4,1.1715899683608737e-4,3.374810035009866e-4,3168.968928600885,66.12820455103189,3235.098483348639,367.08878785505993,110.95934185829303,6720.069152904984,0.0017255761427215088,0.002652645401546855,1.2176015795866613e-4,1.6531077289629246e-4,15924.061590009085,11.23919179350458,15934.305447095046,384.38718920508916,54.75463084150103,10309.874741941576,0.002621740029698226,0.004030275075028332,1.3988760983151892e-6,6.665333415196431e-7,24008.37523513487,0.21895884302047852,24008.600848058446,4.379191589952496,0.21895950955381974,372,Sub-Saharan Africa,Malawi,Mwanza,TA Kanduku,30601,MW30601,0.1424466,0.003436059,0.2052653,0.02923934,0.02412174,0.000705304,22655.37460,0.3022685,0.03429861,0.5959697,0.1801429,0.1134707,0.02044093, 4623.174880,0.05,9.12e-06,1,0.2227189,0.000182401,4.06e-05, 34318.47559,35,2020-04-07
277,1388.0763342184466,3.194210232195478e-4,4.910306255213987e-4,1.0602535431519757e-4,3.0573807930797675e-4,3168.9690950761574,66.12822849031392,3235.098545781553,367.08880459629864,110.95935028399158,6720.068847681297,0.0015615939869575565,0.0024005636019528665,1.1018926538311957e-4,1.4976134281311442e-4,15924.062334378239,11.239195832315277,15934.305752318734,384.38720660380216,54.75463496812285,10309.874278202453,0.0023725950828689135,0.0036472766672155615,1.2659406290907648e-6,6.038405739995669e-7,24008.376331133648,0.2189589223545225,24008.601311797567,4.379191789842556,0.2189595261950962,372,Sub-Saharan Africa,Malawi,Mwanza,TA Kanduku,30601,MW30601,0.1424466,0.003436059,0.2052653,0.02923934,0.02412174,0.000705304,22655.37460,0.3022685,0.03429861,0.5959697,0.1801429,0.1134707,0.02044093, 4623.174880,0.05,9.12e-06,1,0.2227189,0.000182401,4.06e-05, 34318.47559,35,2020-04-07
278,1388.076277718557,2.890663214718387e-4,4.4436781500948214e-4,9.594974186800443e-5,2.769731548379038e-4,3168.9692457468022,66.12825017760787,3235.0986022814423,367.08881974661165,110.95935790899422,6720.068571463137,0.0014131951128902413,0.0021724372060162108,9.971795490059095e-5,1.356707675698557e-4,15924.063008024692,11.23919949117814,15934.306028536894,384.38722234910944,54.75463870259092,10309.873858532643,0.0021471264670126773,0.003300674702876691,1.1456380175104564e-6,5.470293672206167e-7,24008.37732297928,0.21895899422558177,24008.601731467377,4.379191970736996,0.21895954125494874,372,Sub-Saharan Africa,Malawi,Mwanza,TA Kanduku,30601,MW30601,0.1424466,0.003436059,0.2052653,0.02923934,0.02412174,0.000705304,22655.37460,0.3022685,0.03429861,0.5959697,0.1801429,0.1134707,0.02044093, 4623.174880,0.05,9.12e-06,1,0.2227189,0.000182401,4.06e-05, 34318.47559,35,2020-04-07
279,1388.076226587875,2.6159623778580624e-4,4.0213938479198417e-4,8.683161528602589e-5,2.50907758228226e-4,3168.9693821129076,66.12826982422196,3235.098653412125,367.08883345718516,110.95936480939116,6720.0683214941,0.0012788986366714418,0.001965989727941254,9.024173360325646e-5,1.2290262214201836e-4,15924.063617667483,11.239202805745988,15934.306278505932,384.38723659813456,54.754642082171614,10309.87347874422,0.0019430842135317833,0.002987010422587156,1.036767767814894e-6,4.955497423484977e-7,24008.378220569473,0.218959059333918,24008.602111255794,4.379192134440973,0.21895955488366006,372,Sub-Saharan Africa,Malawi,Mwanza,TA Kanduku,30601,MW30601,0.1424466,0.003436059,0.2052653,0.02923934,0.02412174,0.000705304,22655.37460,0.3022685,0.03429861,0.5959697,0.1801429,0.1134707,0.02044093, 4623.174880,0.05,9.12e-06,1,0.2227189,0.000182401,4.06e-05, 34318.47559,35,2020-04-07
280,1388.0761803161618,2.367366460352871e-4,3.639239349349285e-4,7.857998496896524e-5,2.2728934883187976e-4,3168.9695055322236,66.12828762170082,3235.0986996838383,367.08884586483794,110.95937105404168,6720.068095279719,0.001157364403123129,0.001779161016215888,8.166603843685995e-5,1.1133318631001779e-4,15924.06416938735,11.239205808336854,15934.30650472031,384.3872494930698,54.754645140589915,10309.873135047246,0.0017584321687475284,0.002703153752521475,9.382434660583437e-7,4.489029339163737e-7,24008.379032861354,0.21895911831429798,24008.602454952772,4.379192282588104,0.21895956721723167,372,Sub-Saharan Africa,Malawi,Mwanza,TA Kanduku,30601,MW30601,0.1424466,0.003436059,0.2052653,0.02923934,0.02412174,0.000705304,22655.37460,0.3022685,0.03429861,0.5959697,0.1801429,0.1134707,0.02044093, 4623.174880,0.05,9.12e-06,1,0.2227189,0.000182401,4.06e-05, 34318.47559,35,2020-04-07
281,1388.076138441668,2.1423947035575846e-4,3.2934011112260435e-4,7.11125079735803e-5,2.0588891547459147e-4,3168.969617233661,66.12830374366641,3235.0987415583318,367.0888570933871,110.95937670526145,6720.067890562583,0.001047379612295777,0.0016100866954699166,7.390529259007854e-5,1.0085026782980178e-4,15924.064668687353,11.239208528244632,15934.306709437447,384.3872611625947,54.75464790836592,10309.87282401193,0.0015913276750779259,0.0024462720696322884,8.490819391936845e-7,4.0663664651484383e-7,24008.379767960843,0.21895917174209445,24008.602765988082,4.379192416656759,0.21895957837874075,372,Sub-Saharan Africa,Malawi,Mwanza,TA Kanduku,30601,MW30601,0.1424466,0.003436059,0.2052653,0.02923934,0.02412174,0.000705304,22655.37460,0.3022685,0.03429861,0.5959697,0.1801429,0.1134707,0.02044093, 4623.174880,0.05,9.12e-06,1,0.2227189,0.000182401,4.06e-05, 34318.47559,35,2020-04-07
282,1388.0761005465242,1.9388020958719973e-4,2.980427991414905e-4,6.435466634019007e-5,1.8649879560736035e-4,3168.9697183295175,66.1283183474883,3235.098779453476,367.08886725488304,110.95938181944425,6720.067705299798,9.478467168956213e-4,0.001457079561956059,6.688205155020605e-5,9.135213385350806e-5,15924.065120547766,11.239210992020926,15934.306894700232,384.3872717231603,54.75465041311939,10309.87254253443,0.0014401031830983133,0.0022138019350456672,7.683934443100295e-7,3.6834074773063255e-7,24008.380433203565,0.21895922013882108,24008.603047465585,4.37919253798482,0.21895958847956856,372,Sub-Saharan Africa,Malawi,Mwanza,TA Kanduku,30601,MW30601,0.1424466,0.003436059,0.2052653,0.02923934,0.02412174,0.000705304,22655.37460,0.3022685,0.03429861,0.5959697,0.1801429,0.1134707,0.02044093, 4623.174880,0.05,9.12e-06,1,0.2227189,0.000182401,4.06e-05, 34318.47559,35,2020-04-07
283,1388.076066252571,1.754556969688507e-4,2.6971968099628125e-4,5.8239023499461934e-5,1.6893069522471712e-4,3168.9698098265335,66.12833157579918,3235.0988137474287,367.08887645072826,110.9593864476248,6720.067537642611,8.577724698182339e-4,0.0013186127469895623,6.0526230305807095e-5,8.274654073406338e-5,15924.06552947572,11.239213223730776,15934.30706235742,384.38728128015146,54.754652679845414,10309.872287805847,0.0013032496110055396,0.0020034235135863556,6.953727901468284e-7,3.3364335758106054e-7,24008.38103522802,0.21895926397715448,24008.603302194166,4.379192647783031,0.21895959762051181,372,Sub-Saharan Africa,Malawi,Mwanza,TA Kanduku,30601,MW30601,0.1424466,0.003436059,0.2052653,0.02923934,0.02412174,0.000705304,22655.37460,0.3022685,0.03429861,0.5959697,0.1801429,0.1134707,0.02044093, 4623.174880,0.05,9.12e-06,1,0.2227189,0.000182401,4.06e-05, 34318.47559,35,2020-04-07
284,1388.0760352175862,1.5878207272952542e-4,2.4408811829460707e-4,5.27045513398708e-5,1.5301389123127462e-4,3168.969892635911,66.12834355786961,3235.0988447824134,367.08888477268886,110.95939063598794,6720.067385917953,7.762580124920331e-4,0.0011933044803493368,5.477440398529691e-5,7.494985323590777e-5,15924.065899550162,11.239215245184653,15934.307214082077,384.3872899289382,54.754654731163775,10309.872057284223,0.0011794012854273736,0.0018130374241885996,6.292913022945658e-7,3.0220729826953377e-7,24008.381580041863,0.21895930368549046,24008.603532715788,4.379192747147077,0.2189596058927885,372,Sub-Saharan Africa,Malawi,Mwanza,TA Kanduku,30601,MW30601,0.1424466,0.003436059,0.2052653,0.02923934,0.02412174,0.000705304,22655.37460,0.3022685,0.03429861,0.5959697,0.1801429,0.1134707,0.02044093, 4623.174880,0.05,9.12e-06,1,0.2227189,0.000182401,4.06e-05, 34318.47559,35,2020-04-07
285,1388.0760071318684,1.436929493419756e-4,2.2089233180148642e-4,4.7696021221381354e-5,1.385935995903395e-4,3168.969967582374,66.12835441085531,3235.0988728681314,367.0888923038104,110.95939442632965,6720.067248611751,7.024899051233158e-4,0.0010799043016028625,4.956917495326483e-5,6.788624498352238e-5,15924.066234462523,11.23921707614891,15934.30735138828,384.38729775582743,54.754656587544716,10309.871848669163,0.0010673223133015922,0.00164074379019577,5.694895519117474e-7,2.737268713482281e-7,24008.382073081844,0.21895933965207706,24008.603741330844,4.37919283706852,0.21895961337894818,372,Sub-Saharan Africa,Malawi,Mwanza,TA Kanduku,30601,MW30601,0.1424466,0.003436059,0.2052653,0.02923934,0.02412174,0.000705304,22655.37460,0.3022685,0.03429861,0.5959697,0.1801429,0.1134707,0.02044093, 4623.174880,0.05,9.12e-06,1,0.2227189,0.000182401,4.06e-05, 34318.47559,35,2020-04-07
286,1388.0759817151481,1.3003775113309957e-4,1.9990084901783453e-4,4.3163452859286807e-5,1.25529494093132e-4,3168.9700354123765,66.12836424092842,3235.098898284852,367.0888991192466,110.95939785647398,6720.067124353814,6.357320093371034e-4,9.772805817553222e-4,4.4858600049818695e-5,6.148697271710424e-5,15924.066537553537,11.23921873453668,15934.307475646217,384.38730483892436,54.75465826751317,10309.871659878878,9.658942488351191e-4,0.0014848232804884627,5.153707754101212e-7,2.479249323458147e-7,24008.382519268045,0.2189593722287636,24008.60393012113,4.379192918444695,0.21895962015369572,372,Sub-Saharan Africa,Malawi,Mwanza,TA Kanduku,30601,MW30601,0.1424466,0.003436059,0.2052653,0.02923934,0.02412174,0.000705304,22655.37460,0.3022685,0.03429861,0.5959697,0.1801429,0.1134707,0.02044093, 4623.174880,0.05,9.12e-06,1,0.2227189,0.000182401,4.06e-05, 34318.47559,35,2020-04-07
287,1388.0759587137889,1.176802116807718e-4,1.809041943139851e-4,3.9061615579008595e-5,1.1369436195844058e-4,3168.9700968015236,66.12837314430375,3235.0989212862114,367.08890528700925,110.95940096065056,6720.067011904158,5.753181422096767e-4,8.844092307090128e-4,4.059567225776002e-5,5.5689717596935177e-5,15924.06681184655,11.239220236581033,15934.307588095873,384.3873112489119,54.75465978783368,10309.87148902941,8.741049324703558e-4,0.0013437199522621805,4.6639491944790074e-7,2.245502356261267e-7,24008.382923053003,0.21895940173440137,24008.6041009706,4.37919299208766,0.21895962628463678,372,Sub-Saharan Africa,Malawi,Mwanza,TA Kanduku,30601,MW30601,0.1424466,0.003436059,0.2052653,0.02923934,0.02412174,0.000705304,22655.37460,0.3022685,0.03429861,0.5959697,0.1801429,0.1134707,0.02044093, 4623.174880,0.05,9.12e-06,1,0.2227189,0.000182401,4.06e-05, 34318.47559,35,2020-04-07
288,1388.0759378982582,1.0649701400289928e-4,1.6371279856867768e-4,3.534957696533827e-5,1.0297288372151453e-4,3168.9701523612994,66.12838120816943,3235.098942101742,367.088910868647,110.95940376983619,6720.066910140639,5.206454283877588e-4,8.003634778476383e-4,3.6737851625608417e-5,5.043798741022558e-5,15924.067060077676,11.23922159699202,15934.307689859392,384.3873170497559,54.75466116367761,10309.871334415835,7.91038390483383e-4,0.0012160257242472506,4.220732518114976e-7,2.0337502471019706e-7,24008.38328846612,0.21895942845792793,24008.60425558417,4.379193058732305,0.21895963183295244,372,Sub-Saharan Africa,Malawi,Mwanza,TA Kanduku,30601,MW30601,0.1424466,0.003436059,0.2052653,0.02923934,0.02412174,0.000705304,22655.37460,0.3022685,0.03429861,0.5959697,0.1801429,0.1134707,0.02044093, 4623.174880,0.05,9.12e-06,1,0.2227189,0.000182401,4.06e-05, 34318.47559,35,2020-04-07
289,1388.0759190608358,9.63765599694039e-5,1.4815510745378092e-4,3.1990294402573667e-5,9.326052600851426e-5,3168.970202645145,66.12838851153106,3235.0989609391645,367.08891591985963,110.95940631206395,6720.066818047748,4.711682839563508e-4,7.243046237657523e-4,3.324664076604275e-5,4.5680574091796044e-5,15924.067284723082,11.239222829099104,15934.307781952282,384.3873222993433,54.754662408774614,10309.871194495254,7.158656944240033e-4,0.0011004663254291325,3.819634844135251e-7,1.841928455405207e-7,24008.38361915389,0.21895945266116443,24008.604395504757,4.379193119043684,0.21895963685400976,372,Sub-Saharan Africa,Malawi,Mwanza,TA Kanduku,30601,MW30601,0.1424466,0.003436059,0.2052653,0.02923934,0.02412174,0.000705304,22655.37460,0.3022685,0.03429861,0.5959697,0.1801429,0.1134707,0.02044093, 4623.174880,0.05,9.12e-06,1,0.2227189,0.000182401,4.06e-05, 34318.47559,35,2020-04-07
290,1388.0759020135342,8.721785289382515e-5,1.3407586370315012e-4,2.895024418066761e-5,8.446253342154197e-5,3168.970248153992,66.12839512597974,3235.0989779864653,367.08892049105543,110.95940861270385,6720.066734706449,4.2639295362224236e-4,6.554736425769369e-4,3.008719939573952e-5,4.137105980841984e-5,15924.067488023766,11.239223944980749,15934.307865293582,384.38732705006237,54.75466353555007,10309.871067871329,6.478366612311925e-4,9.958885360877349e-4,3.4566534482812044e-7,1.6681655548301763e-7,24008.383918416388,0.21895947458136084,24008.604522128684,4.379193173623672,0.21895964139791613,372,Sub-Saharan Africa,Malawi,Mwanza,TA Kanduku,30601,MW30601,0.1424466,0.003436059,0.2052653,0.02923934,0.02412174,0.000705304,22655.37460,0.3022685,0.03429861,0.5959697,0.1801429,0.1134707,0.02044093, 4623.174880,0.05,9.12e-06,1,0.2227189,0.000182401,4.06e-05, 34318.47559,35,2020-04-07
291,1388.075886586258,7.89295084601541e-5,1.2133458666367435e-4,2.619909319815698e-5,7.649303389124413e-5,3168.9702893411463,66.12840111637337,3235.098993413742,367.0889246278452,110.95941069471135,6720.066659285172,3.858726753063411e-4,5.93183748700831e-4,2.722800314494238e-5,3.746737863964823e-5,15924.067672007495,11.239224955579386,15934.307940714858,384.38733134931505,54.754664555246784,10309.870953280624,5.862725065967868e-4,9.012488942090211e-4,3.128166564308672e-7,1.5107655642199012e-7,24008.384189239627,0.21895949443345372,24008.604636719385,4.379193223016859,0.21895964551000993,372,Sub-Saharan Africa,Malawi,Mwanza,TA Kanduku,30601,MW30601,0.1424466,0.003436059,0.2052653,0.02923934,0.02412174,0.000705304,22655.37460,0.3022685,0.03429861,0.5959697,0.1801429,0.1134707,0.02044093, 4623.174880,0.05,9.12e-06,1,0.2227189,0.000182401,4.06e-05, 34318.47559,35,2020-04-07
292,1388.075872625027,7.142880040261068e-5,1.098041052694113e-4,2.3709382199847007e-5,6.92741732601017e-5,3168.9703266170172,66.12840654149525,3235.0990073749736,367.0889283715183,110.95941257886702,6720.066591031134,3.4920301463718136e-4,5.368132248265939e-4,2.4640514354818697e-5,3.3931392583767135e-5,15924.067838509958,11.239225870812538,15934.308008968896,384.38733524001236,54.75466547804236,10309.870849579407,5.305587564670231e-4,8.156027987124995e-4,2.830895562634055e-7,1.368190855828342e-7,24008.384434326694,0.2189595124122487,24008.6047404206,4.379193267716242,0.21895964923133407,372,Sub-Saharan Africa,Malawi,Mwanza,TA Kanduku,30601,MW30601,0.1424466,0.003436059,0.2052653,0.02923934,0.02412174,0.000705304,22655.37460,0.3022685,0.03429861,0.5959697,0.1801429,0.1134707,0.02044093, 4623.174880,0.05,9.12e-06,1,0.2227189,0.000182401,4.06e-05, 34318.47559,35,2020-04-07
293,1388.0758599905125,6.464087453371353e-5,9.936934980824257e-5,2.1456264892966875e-5,6.273540069766532e-5,3168.9703603530006,66.12841145459764,3235.0990200094875,367.0889317594351,110.95941428397394,6720.066529263186,3.160180224701539e-4,4.8579951506851293e-4,2.229891094784097e-5,3.0728541464235415e-5,15924.067989192212,11.239226699664522,15934.308070736843,384.3873387609819,54.754666313145954,10309.870755732778,4.8013940900128833e-4,7.380955349373707e-4,2.5618738008578145e-7,1.2390480424250323e-7,24008.384656123468,0.21895952869422192,24008.60483426723,4.379193308167902,0.21895965259902592,372,Sub-Saharan Africa,Malawi,Mwanza,TA Kanduku,30601,MW30601,0.1424466,0.003436059,0.2052653,0.02923934,0.02412174,0.000705304,22655.37460,0.3022685,0.03429861,0.5959697,0.1801429,0.1134707,0.02044093, 4623.174880,0.05,9.12e-06,1,0.2227189,0.000182401,4.06e-05, 34318.47559,35,2020-04-07
294,1388.0758485566637,5.849800909965381e-5,8.992621490472038e-5,1.941726244014801e-5,5.681279458735875e-5,3168.970390885142,66.12841590391423,3235.0990314433366,367.0889348253964,110.95941582704364,6720.066473365081,2.8598661889293984e-4,4.3963366628539425e-4,2.0179831278904176e-5,2.7827512667160988e-5,15924.068125557069,11.239227450272931,15934.308126634945,384.38734194735173,54.7546670688892,10309.870670804448,4.345114406407459e-4,6.679538291081695e-4,2.3184173102770838e-7,1.1220746636889831e-7,24008.384856842767,0.21895954343921809,24008.604919195557,4.379193344775418,0.2189596556466842,372,Sub-Saharan Africa,Malawi,Mwanza,TA Kanduku,30601,MW30601,0.1424466,0.003436059,0.2052653,0.02923934,0.02412174,0.000705304,22655.37460,0.3022685,0.03429861,0.5959697,0.1801429,0.1134707,0.02044093, 4623.174880,0.05,9.12e-06,1,0.2227189,0.000182401,4.06e-05, 34318.47559,35,2020-04-07
295,1388.0758382093816,5.2938904468653375e-5,8.138046759475725e-5,1.7572027688557194e-5,5.144841403179665e-5,3168.970418517653,66.12841993315293,3235.099041790619,367.0889375999971,110.9594172234744,6720.066422779013,2.588091206348464e-4,3.9785498984625206e-4,1.826212910497686e-5,2.519992343184251e-5,15924.068248964863,11.239228130011782,15934.308177221012,384.3873448309186,54.75466775281365,10309.870593946918,3.9321953005646003e-4,6.044777377335143e-4,2.0980966448929792e-7,1.0161263785528374e-7,24008.385038487573,0.21895955679208387,24008.604996053087,4.379193377904097,0.21895965840472148,372,Sub-Saharan Africa,Malawi,Mwanza,TA Kanduku,30601,MW30601,0.1424466,0.003436059,0.2052653,0.02923934,0.02412174,0.000705304,22655.37460,0.3022685,0.03429861,0.5959697,0.1801429,0.1134707,0.02044093, 4623.174880,0.05,9.12e-06,1,0.2227189,0.000182401,4.06e-05, 34318.47559,35,2020-04-07
296,1388.0758288454083,4.7908085142953e-5,7.364682806914828e-5,1.590214668176696e-5,4.6589751167408146e-5,3168.97044352587,66.12842358191182,3235.0990511545924,367.0889401109258,110.95941848720148,6720.066377000173,2.3421431760696233e-4,3.6004656754421154e-4,1.6526667301716712e-5,2.2820052532762884e-5,15924.06836064671,11.23922874556169,15934.308222999854,384.3873474404583,54.75466837174434,10309.87052439321,3.5585161641482247e-4,5.470338195541352e-4,1.8987131819687442e-7,9.201661484967852e-8,24008.38520287055,0.21895956888404616,24008.605065606796,4.379193407884537,0.21895966090066077,372,Sub-Saharan Africa,Malawi,Mwanza,TA Kanduku,30601,MW30601,0.1424466,0.003436059,0.2052653,0.02923934,0.02412174,0.000705304,22655.37460,0.3022685,0.03429861,0.5959697,0.1801429,0.1134707,0.02044093, 4623.174880,0.05,9.12e-06,1,0.2227189,0.000182401,4.06e-05, 34318.47559,35,2020-04-07
297,1388.0758203712999,4.3355347920508004e-5,6.66481213605576e-5,1.4390955489780871e-5,4.218922478359808e-5,3168.9704661589885,66.1284268860636,3235.099059628701,367.0889423832392,110.95941963083575,6720.066335571726,2.1195677506025422e-4,3.2583110434079816e-4,1.4956127499839605e-5,2.0664592198922533e-5,15924.06846171675,11.239229302974726,15934.3082644283,384.38734980201167,54.75466893185764,10309.870461449238,3.2203480043371157e-4,4.950488344446536e-4,1.7182772515723036e-7,8.332542365920502e-8,24008.385351632114,0.21895957983398592,24008.60512855077,4.379193435015914,0.2189596631594093,372,Sub-Saharan Africa,Malawi,Mwanza,TA Kanduku,30601,MW30601,0.1424466,0.003436059,0.2052653,0.02923934,0.02412174,0.000705304,22655.37460,0.3022685,0.03429861,0.5959697,0.1801429,0.1134707,0.02044093, 4623.174880,0.05,9.12e-06,1,0.2227189,0.000182401,4.06e-05, 34318.47559,35,2020-04-07
298,1388.0758127024917,3.9235260330710805e-5,6.031450631416988e-5,1.3023373726229045e-5,3.82037191556891e-5,3168.9704866425454,66.12842987810541,3235.09906729751,367.0889444396132,110.95942066578974,6720.066298080253,1.9181438152468457e-4,2.948671589367506e-4,1.3534837064021558e-5,1.8712422185464637e-5,15924.068553183264,11.239229807733468,15934.308301919775,384.38735193914505,54.754669438743015,10309.870404486874,2.914316188640004e-4,4.48004016362849e-4,1.5549882585634198e-7,7.545390995021675e-8,24008.385486256764,0.21895958974959784,24008.605185513134,4.379193459568979,0.21895966520350751,372,Sub-Saharan Africa,Malawi,Mwanza,TA Kanduku,30601,MW30601,0.1424466,0.003436059,0.2052653,0.02923934,0.02412174,0.000705304,22655.37460,0.3022685,0.03429861,0.5959697,0.1801429,0.1134707,0.02044093, 4623.174880,0.05,9.12e-06,1,0.2227189,0.000182401,4.06e-05, 34318.47559,35,2020-04-07
299,1388.0758057624553,3.5506707392565526e-5,5.458277884176247e-5,1.1785754104931674e-5,3.459416638243661e-5,3168.9705051806645,66.12843258747569,3235.099074237546,367.0889463005687,110.95942160239136,6720.066264151619,1.7358613298844343e-4,2.6684573750167836e-4,1.2248612741090092e-5,1.6944405160089444e-5,15924.06863595874,11.239230264804435,15934.30833584841,384.38735387318525,54.75466989745874,10309.87035293768,2.6373667790050796e-4,4.054298980612054e-4,1.4072167196779902e-7,6.832491386861753e-8,24008.38560808794,0.21895959872844017,24008.60523706233,4.37919348178875,0.2189596670533538,372,Sub-Saharan Africa,Malawi,Mwanza,TA Kanduku,30601,MW30601,0.1424466,0.003436059,0.2052653,0.02923934,0.02412174,0.000705304,22655.37460,0.3022685,0.03429861,0.5959697,0.1801429,0.1134707,0.02044093, 4623.174880,0.05,9.12e-06,1,0.2227189,0.000182401,4.06e-05, 34318.47559,35,2020-04-07
300,1388.075799481935,3.213248131275645e-5,4.939574118501709e-5,1.066574624928637e-5,3.1325167528007474e-5,3168.970521958089,66.12843504084134,3235.099080518066,367.0889479846763,110.95942244998714,6720.066233447245,1.5709012700289166e-4,2.414872101115056e-4,1.1084619120795412e-5,1.534320110120392e-5,15924.068710868962,11.239230678686553,15934.308366552783,384.3873556234323,54.75467031258242,10309.87030628724,2.3867360554183606e-4,3.669016261017871e-4,1.273488002396523e-7,6.186852179793981e-8,24008.385718341426,0.2189596068588864,24008.605283712768,4.379193501896962,0.21895966872740794,372,Sub-Saharan Africa,Malawi,Mwanza,TA Kanduku,30601,MW30601,0.1424466,0.003436059,0.2052653,0.02923934,0.02412174,0.000705304,22655.37460,0.3022685,0.03429861,0.5959697,0.1801429,0.1134707,0.02044093, 4623.174880,0.05,9.12e-06,1,0.2227189,0.000182401,4.06e-05, 34318.47559,35,2020-04-07
301,1388.075793798257,2.9078910177008372e-5,4.4701631121207044e-5,9.652173444520871e-6,2.8364649086123037e-5,3168.9705371420227,66.12843726235812,3235.099086201744,367.088949508742,110.95942321703532,6720.06620566073,1.421617474189603e-4,2.185385202338464e-4,1.003124054775581e-5,1.3893099001547388e-5,15924.068778661258,11.239231053455075,15934.308394339298,384.38735720735224,54.754670688256624,10309.870264070021,2.159922935845281e-4,3.3203472111100466e-4,1.152467609188044e-7,5.602138787781509e-8,24008.38581811745,0.21895961422098806,24008.605325929984,4.379193520094276,0.21895967024237561,372,Sub-Saharan Africa,Malawi,Mwanza,TA Kanduku,30601,MW30601,0.1424466,0.003436059,0.2052653,0.02923934,0.02412174,0.000705304,22655.37460,0.3022685,0.03429861,0.5959697,0.1801429,0.1134707,0.02044093, 4623.174880,0.05,9.12e-06,1,0.2227189,0.000182401,4.06e-05, 34318.47559,35,2020-04-07
302,1388.0757886547028,2.6315521935006253e-5,4.0453605423826815e-5,8.734921104789857e-6,2.5683551493622594e-5,3168.9705508837924,66.12843927390645,3235.099091345298,367.08895088797476,110.95942391119043,6720.066180514786,1.2865202166765255e-4,1.9777065945642683e-4,9.07796520832704e-6,1.2579864273727331e-5,15924.068840011952,11.239231392801388,15934.308419485242,384.38735864075124,54.754671028230256,10309.870225864737,1.9546640177068114e-4,3.004812410291636e-4,1.0429478605039584e-7,5.072611881932374e-8,24008.38590841169,0.21895962088725646,24008.60536413527,4.379193536562289,0.21895967161337496,372,Sub-Saharan Africa,Malawi,Mwanza,TA Kanduku,30601,MW30601,0.1424466,0.003436059,0.2052653,0.02923934,0.02412174,0.000705304,22655.37460,0.3022685,0.03429861,0.5959697,0.1801429,0.1134707,0.02044093, 4623.174880,0.05,9.12e-06,1,0.2227189,0.000182401,4.06e-05, 34318.47559,35,2020-04-07
303,1388.075783999944,2.3814740315102288e-5,3.660927240724385e-5,7.90483583860875e-6,2.3255546711060666e-5,3168.970563320357,66.1284410953054,3235.0990960000568,367.0889521361381,110.95942453937951,6720.066157758476,1.1642613413974819e-4,1.7897638217881254e-4,8.215280232039114e-6,1.1390600396380117e-5,15924.068895533106,11.239231700069091,15934.30844224155,384.3873599379333,54.75467133589598,10309.870191290123,1.768910991035904e-4,2.719263089462426e-4,9.438358432111636e-8,4.5930716127145785e-8,24008.385990125207,0.2189596269233715,24008.605398709882,4.379193551465335,0.21895967285408735,372,Sub-Saharan Africa,Malawi,Mwanza,TA Kanduku,30601,MW30601,0.1424466,0.003436059,0.2052653,0.02923934,0.02412174,0.000705304,22655.37460,0.3022685,0.03429861,0.5959697,0.1801429,0.1134707,0.02044093, 4623.174880,0.05,9.12e-06,1,0.2227189,0.000182401,4.06e-05, 34318.47559,35,2020-04-07
304,1388.07577978753,2.155160963662679e-5,3.3130268894168246e-5,7.153634106173673e-6,2.105678217223978e-5,3168.9705745756705,66.12844274450639,3235.0991002124706,367.0889532656877,110.95942510787138,6720.066137164715,1.0536208084088939e-4,1.619681374796181e-4,7.434576761622773e-6,1.0313623478982783e-5,15924.06894577863,11.239231978286698,15934.308462835312,384.3873611118433,54.75467161432403,10309.870160001157,1.6008101980897853e-4,2.460849709014172e-4,8.541425042944002e-8,4.158807039988221e-8,24008.386064073435,0.2189596323888239,24008.605429998843,4.379193564952134,0.21895967397689403,372,Sub-Saharan Africa,Malawi,Mwanza,TA Kanduku,30601,MW30601,0.1424466,0.003436059,0.2052653,0.02923934,0.02412174,0.000705304,22655.37460,0.3022685,0.03429861,0.5959697,0.1801429,0.1134707,0.02044093, 4623.174880,0.05,9.12e-06,1,0.2227189,0.000182401,4.06e-05, 34318.47559,35,2020-04-07
305,1388.0757759754247,1.9503545773497528e-5,2.9981877384186188e-5,6.473819557004862e-6,1.9065648651874934e-5,3168.9705847619175,66.1284442377688,3235.0991040245763,367.0889542878954,110.95942562233911,6720.066118527991,9.534945189583532e-5,1.4657619751976724e-4,6.728064044262602e-6,9.3383485445205e-6,15924.068991249798,11.239232230197262,15934.308481472033,384.3873621741959,54.754671866292874,10309.870131685604,1.4486841354280502e-4,2.2269935228798863e-4,7.729727809874449e-8,3.765550286830509e-8,24008.386130994313,0.21895963733749704,24008.6054583144,4.379193577157274,0.21895967499299965,372,Sub-Saharan Africa,Malawi,Mwanza,TA Kanduku,30601,MW30601,0.1424466,0.003436059,0.2052653,0.02923934,0.02412174,0.000705304,22655.37460,0.3022685,0.03429861,0.5959697,0.1801429,0.1134707,0.02044093, 4623.174880,0.05,9.12e-06,1,0.2227189,0.000182401,4.06e-05, 34318.47559,35,2020-04-07
306,1388.0757725255862,1.765011078387992e-5,2.7132679602922126e-5,5.858608223000252e-6,1.7262569827096043e-5,3168.970593980628,66.12844558981924,3235.0991074744147,367.08895521296205,110.95942608791661,6720.066101662329,8.628832975194012e-5,1.3264696380435636e-4,6.08869168676637e-6,8.45518644020722e-6,15924.069032400263,11.239232458285228,15934.308498337696,384.3873631355924,54.75467209431696,10309.870106060896,1.3110147138573825e-4,2.015360844862971e-4,6.995166688386796e-8,3.409434977863778e-8,24008.38619155566,0.21895964181819458,24008.605483939104,4.3791935882025514,0.2189596759125441,372,Sub-Saharan Africa,Malawi,Mwanza,TA Kanduku,30601,MW30601,0.1424466,0.003436059,0.2052653,0.02923934,0.02412174,0.000705304,22655.37460,0.3022685,0.03429861,0.5959697,0.1801429,0.1134707,0.02044093, 4623.174880,0.05,9.12e-06,1,0.2227189,0.000182401,4.06e-05, 34318.47559,35,2020-04-07
307,1388.075769403588,1.5972808956930155e-5,2.455424297461167e-5,5.3018608204113274e-6,1.562981151421187e-5,3168.970602323694,66.12844681399564,3235.099110596413,367.08895605011895,110.95942650925,6720.066086399423,7.808829208703857e-5,1.2004143440137828e-4,5.510079298845543e-6,7.655450387259458e-6,15924.069069640569,11.239232664800769,15934.308513600605,384.38736400562675,54.75467230067176,10309.870082871323,1.1864281091940815e-4,1.82383976045101e-4,6.33041138580533e-8,3.086958563424436e-8,24008.38624636182,0.2189596458751182,24008.60550712868,4.379193598198189,0.2189596767447036,372,Sub-Saharan Africa,Malawi,Mwanza,TA Kanduku,30601,MW30601,0.1424466,0.003436059,0.2052653,0.02923934,0.02412174,0.000705304,22655.37460,0.3022685,0.03429861,0.5959697,0.1801429,0.1134707,0.02044093, 4623.174880,0.05,9.12e-06,1,0.2227189,0.000182401,4.06e-05, 34318.47559,35,2020-04-07
308,1388.0757665782755,1.4454902241340363e-5,2.2220836889353506e-5,4.798021485180379e-6,1.4151308748913406e-5,3168.970609874279,66.12844792237802,3235.099113421725,367.08895680772025,110.95942689054378,6720.066072586959,7.066750947160427e-5,1.0863381682147649e-4,4.986452822414624e-6,6.931271272232671e-6,15924.069103342257,11.239232851781834,15934.308527413066,384.38736479298115,54.75467248741653,10309.87006188547,1.0736810526678388e-4,1.6505190517183225e-4,5.7288282114097304e-8,2.794948167793711e-8,24008.386295959714,0.21895964954830102,24008.60552811453,4.379193607243933,0.21895967749778242,372,Sub-Saharan Africa,Malawi,Mwanza,TA Kanduku,30601,MW30601,0.1424466,0.003436059,0.2052653,0.02923934,0.02412174,0.000705304,22655.37460,0.3022685,0.03429861,0.5959697,0.1801429,0.1134707,0.02044093, 4623.174880,0.05,9.12e-06,1,0.2227189,0.000182401,4.06e-05, 34318.47559,35,2020-04-07
309,1388.0757640214542,1.308124321382219e-5,2.0109175933639368e-5,4.342062330277332e-6,1.2812509047720072e-5,3168.97061670765,66.1284489259069,3235.0991159785467,367.0889574933263,110.95942723560296,6720.066060087104,6.39519287806269e-5,9.831027271649954e-5,4.512586911537283e-6,6.2755208655446965e-6,15924.069133841562,11.239233021074122,15934.308539912923,384.3873655055127,54.754672656414826,10309.870042893916,9.71648424156834e-5,1.4936691250065341e-4,5.184413878005681e-8,2.530529633211083e-8,24008.38634084428,0.21895965287399966,24008.605547106086,4.379193615430055,0.21895967817929568,372,Sub-Saharan Africa,Malawi,Mwanza,TA Kanduku,30601,MW30601,0.1424466,0.003436059,0.2052653,0.02923934,0.02412174,0.000705304,22655.37460,0.3022685,0.03429861,0.5959697,0.1801429,0.1134707,0.02044093, 4623.174880,0.05,9.12e-06,1,0.2227189,0.000182401,4.06e-05, 34318.47559,35,2020-04-07
310,1388.0757617075565,1.183809556982457e-5,1.8198143939384406e-5,3.929423861265312e-6,1.1600203308105669e-5,3168.9706228920677,66.12844983451089,3235.0991182924445,367.0889581137928,110.95942754787808,6720.066048774861,5.787439560385898e-5,8.896756880303744e-5,4.083743007943453e-6,5.681728985703115e-6,15924.0691614434,11.239233174352627,15934.30855122517,384.3873661503467,54.754672809356585,10309.87002570675,8.793099185994913e-5,1.3517215138419319e-4,4.691724358228624e-8,2.291094122457732e-8,24008.38638146437,0.21895965588511743,24008.60556429325,4.379193622838413,0.21895967879605838,372,Sub-Saharan Africa,Malawi,Mwanza,TA Kanduku,30601,MW30601,0.1424466,0.003436059,0.2052653,0.02923934,0.02412174,0.000705304,22655.37460,0.3022685,0.03429861,0.5959697,0.1801429,0.1134707,0.02044093, 4623.174880,0.05,9.12e-06,1,0.2227189,0.000182401,4.06e-05, 34318.47559,35,2020-04-07
311,1388.0757596136525,1.0713140004265538e-5,1.6468803024160238e-5,3.5560169283575393e-6,1.0502533099339687e-5,3168.9706284887543,66.12845065710152,3235.099120386348,367.08895867526854,110.95942783046368,6720.066038538128,5.237468299568821e-5,8.051312105853499e-5,3.695671369746378e-6,5.144087067768446e-6,15924.069186421237,11.239233313120746,15934.308561461903,384.3873667338732,54.754672947757435,10309.870010153652,7.9575048280342e-5,1.223269550425833e-4,4.245877215296337e-8,2.0742995589653315e-8,24008.386418222504,0.2189596586111871,24008.605579846353,4.379193629542422,0.2189596793541824,372,Sub-Saharan Africa,Malawi,Mwanza,TA Kanduku,30601,MW30601,0.1424466,0.003436059,0.2052653,0.02923934,0.02412174,0.000705304,22655.37460,0.3022685,0.03429861,0.5959697,0.1801429,0.1134707,0.02044093, 4623.174880,0.05,9.12e-06,1,0.2227189,0.000182401,4.06e-05, 34318.47559,35,2020-04-07
312,1388.0757577187378,9.695092126102473e-6,1.4903806229545467e-5,3.218095900842101e-6,9.508627729751874e-6,3168.970633553795,66.12845140184675,3235.0991222812627,367.0889591833857,110.95942808619438,6720.066029274219,4.739762352573761e-5,7.286212321202439e-5,3.3444792650750886e-6,4.657270381265214e-6,15924.069209025574,11.239233438756434,15934.30857072581,384.3873672619455,54.75467307300566,10309.86999607861,7.201319349085592e-5,1.1070247375932886e-4,3.8424001735231994e-8,1.8779989469165686e-8,24008.386451487415,0.2189596610792772,24008.605593921395,4.379193635609331,0.21895967985926637,372,Sub-Saharan Africa,Malawi,Mwanza,TA Kanduku,30601,MW30601,0.1424466,0.003436059,0.2052653,0.02923934,0.02412174,0.000705304,22655.37460,0.3022685,0.03429861,0.5959697,0.1801429,0.1134707,0.02044093, 4623.174880,0.05,9.12e-06,1,0.2227189,0.000182401,4.06e-05, 34318.47559,35,2020-04-07
313,1388.0757560039176,8.773800313470326e-6,1.3487547949192206e-5,2.912291148172056e-6,8.608698512008268e-6,3168.970638137646,66.12845207610009,3235.0991239960827,367.088959643211,110.95942831762024,6720.06602089076,4.2893587675661265e-5,6.593828216084863e-5,3.026664728785337e-6,4.216484203622325e-6,15924.069229481769,11.239233552500243,15934.308579109269,384.38736773982936,54.754673186350196,10309.869983341268,6.517002328699442e-5,1.0018279223071739e-4,3.477269900677822e-8,1.7002589889336067e-8,24008.386481590802,0.21895966331375716,24008.60560665873,4.379193641099636,0.21895968031634674,372,Sub-Saharan Africa,Malawi,Mwanza,TA Kanduku,30601,MW30601,0.1424466,0.003436059,0.2052653,0.02923934,0.02412174,0.000705304,22655.37460,0.3022685,0.03429861,0.5959697,0.1801429,0.1134707,0.02044093, 4623.174880,0.05,9.12e-06,1,0.2227189,0.000182401,4.06e-05, 34318.47559,35,2020-04-07
314,1388.075754452049,7.94005480024032e-6,1.2205870446719715e-5,2.635545670086312e-6,7.793857553149976e-6,3168.970642286087,66.12845268653722,3235.099125547951,367.08896005934116,110.95942852705473,6720.066013303945,3.881755049644067e-5,5.9672383187527445e-5,2.7390507038694664e-6,3.817375054498069e-6,15924.069247994265,11.239233655478365,15934.308586696085,384.38736817230205,54.7546732889241,10309.869971814302,5.897712937914585e-5,9.066274963979399e-5,3.1468363444728304e-8,1.5393242967811804e-8,24008.386508833595,0.21895966533675015,24008.6056181857,4.379193646068222,0.2189596807299928,372,Sub-Saharan Africa,Malawi,Mwanza,TA Kanduku,30601,MW30601,0.1424466,0.003436059,0.2052653,0.02923934,0.02412174,0.000705304,22655.37460,0.3022685,0.03429861,0.5959697,0.1801429,0.1134707,0.02044093, 4623.174880,0.05,9.12e-06,1,0.2227189,0.000182401,4.06e-05, 34318.47559,35,2020-04-07
315,1388.0757530476492,7.185537332772596e-6,1.1045986465463304e-5,2.385098386193026e-6,7.056070407727716e-6,3168.9706460404677,66.12845323919171,3235.0991269523506,367.08896043592785,110.95942871658734,6720.066006438078,3.51288454889786e-5,5.4001911612234424e-5,2.4787676747749307e-6,3.4560075021678823e-6,15924.069264747728,11.239233748708674,15934.308593561951,384.3873685636783,54.754673381750756,10309.869961382707,5.3372725453073e-5,8.204736481715145e-5,2.847802780360624e-8,1.3936080403140903e-8,24008.3865334876,0.21895966716825138,24008.605628617293,4.379193650564659,0.21895968110433148,372,Sub-Saharan Africa,Malawi,Mwanza,TA Kanduku,30601,MW30601,0.1424466,0.003436059,0.2052653,0.02923934,0.02412174,0.000705304,22655.37460,0.3022685,0.03429861,0.5959697,0.1801429,0.1134707,0.02044093, 4623.174880,0.05,9.12e-06,1,0.2227189,0.000182401,4.06e-05, 34318.47559,35,2020-04-07
316,1388.0757517767051,6.502719225112051e-6,9.996322513611736e-6,2.1584502974422513e-6,6.388059382085495e-6,3168.9706494382167,66.12845373952793,3235.0991282232944,367.0889607767287,110.95942888810929,6720.066000224653,3.179066621363198e-5,4.887028664100533e-5,2.2432184999440867e-6,3.1288167970239146e-6,15924.069279909294,11.239233833113014,15934.308599775377,384.38736891786334,54.75467346575638,10309.869951942388,4.8300889944421957e-005,7.42506721944687e-5,2.5771854083987013e-8,1.26167284990348e-8,24008.38655579881,0.21895966882636975,24008.605638057612,4.3791936546338155,0.21895968144309794,372,Sub-Saharan Africa,Malawi,Mwanza,TA Kanduku,30601,MW30601,0.1424466,0.003436059,0.2052653,0.02923934,0.02412174,0.000705304,22655.37460,0.3022685,0.03429861,0.5959697,0.1801429,0.1134707,0.02044093, 4623.174880,0.05,9.12e-06,1,0.2227189,0.000182401,4.06e-05, 34318.47559,35,2020-04-07
317,1388.0757506265347,5.88478708661016e-6,9.046404688824138e-6,1.9533398328979223e-6,5.783233021122462e-6,3168.970652513208,66.12845419249419,3235.099129373465,367.0889610851443,110.95942904333205,6720.065994601669,2.876970318543689e-5,4.4226303182087284e-005,2.0300527903856845e-6,2.832574330702224e-6,15924.06929363022,11.239233909526167,15934.308605398359,384.38736923839133,54.75467354177925,10309.869943399153,4.3711014358442755e-005,6.719487373274191e-5,2.332283917344183e-8,1.1422168899426271e-8,24008.38657598986,0.21895967032750396,24008.605646600845,4.379193658316292,0.21895968174967254,372,Sub-Saharan Africa,Malawi,Mwanza,TA Kanduku,30601,MW30601,0.1424466,0.003436059,0.2052653,0.02923934,0.02412174,0.000705304,22655.37460,0.3022685,0.03429861,0.5959697,0.1801429,0.1134707,0.02044093, 4623.174880,0.05,9.12e-06,1,0.2227189,0.000182401,4.06e-05, 34318.47559,35,2020-04-07
318,1388.0757495856612,5.325575017442086e-6,8.186754445633444e-6,1.7677203433959712e-6,5.235621665182641e-6,3168.9706552960974,66.12845460257128,3235.099130414338,367.0889613642522,110.95942918380453,6720.065989513019,2.6035812389751825e-5,4.002362227084799e-5,1.83714351944675e-6,2.5643560687806407e-6,15924.06930604739,11.239233978704045,15934.30861048701,384.3873695284606,54.754673610577896,10309.869935667755,3.955729963193448e-5,6.080956470353287e-5,2.1106546121261057e-8,1.0340611312077998e-8,24008.38659426222,0.21895967168650338,24008.60565433224,4.379193661648835,0.21895968202711438,372,Sub-Saharan Africa,Malawi,Mwanza,TA Kanduku,30601,MW30601,0.1424466,0.003436059,0.2052653,0.02923934,0.02412174,0.000705304,22655.37460,0.3022685,0.03429861,0.5959697,0.1801429,0.1134707,0.02044093, 4623.174880,0.05,9.12e-06,1,0.2227189,0.000182401,4.06e-05, 34318.47559,35,2020-04-07
319,1388.0757486436985,4.819503041949881e-6,7.4087939519631754e-6,1.5997396657220739e-6,4.739818868971652e-6,3168.9706578146306,66.12845497381669,3235.099131356301,367.0889616168375,110.95942931092836,6720.065984907927,2.3561714293551082e-5,3.622030837419805e-5,1.6625657844192048e-6,2.321513855091328e-6,15924.069317284686,11.239234041331134,15934.308615092103,384.3873697909655,54.754673672838834,10309.869928671045,3.5798298828507436e-5,5.503103069622135e-5,1.9100860135140466e-8,9.361377809747933e-9,24008.38661079822,0.2189596729168143,24008.605661328947,4.379193664664698,0.2189596822781918,372,Sub-Saharan Africa,Malawi,Mwanza,TA Kanduku,30601,MW30601,0.1424466,0.003436059,0.2052653,0.02923934,0.02412174,0.000705304,22655.37460,0.3022685,0.03429861,0.5959697,0.1801429,0.1134707,0.02044093, 4623.174880,0.05,9.12e-06,1,0.2227189,0.000182401,4.06e-05, 34318.47559,35,2020-04-07
320,1388.0757477912475,4.361521430841237e-6,6.704760498297708e-6,1.4477216414751497e-6,4.290928358972577e-6,3168.9706600939176,66.12845530990438,3235.099132208752,367.0889618454204,110.95942942597202,6720.065980740442,2.1322721646311644e-5,3.2778410951866995e-5,1.5045775995982256e-6,2.1016494291546623e-6,15924.069327454217,11.23923409802724,15934.308619259587,384.3873700285255,54.754673729183324,10309.86992233921,3.239650357507921e-5,4.980161186654575e-5,1.7285767916776507e-8,8.474798069945117e-9,24008.38662576286,0.21895967403061242,24008.60566766078,4.379193667393973,0.21895968250541017,372,Sub-Saharan Africa,Malawi,Mwanza,TA Kanduku,30601,MW30601,0.1424466,0.003436059,0.2052653,0.02923934,0.02412174,0.000705304,22655.37460,0.3022685,0.03429861,0.5959697,0.1801429,0.1134707,0.02044093, 4623.174880,0.05,9.12e-06,1,0.2227189,0.000182401,4.06e-05, 34318.47559,35,2020-04-07
321,1388.0757470198023,3.947060314143125e-6,6.067629040075858e-6,1.3101493920897937e-6,3.884515975125632e-6,3168.970662156683,66.12845561416111,3235.0991329801977,367.0889620522818,110.95942953008345,6720.065976968978,1.9296493146483254e-5,2.966358577959811e-5,1.3616025144688023e-6,1.9025908852190384e-6,15924.06933665744,11.239234149353582,15934.30862303105,384.3873702435109,54.754673780173576,10309.86991660907,2.9317969797033454e-5,4.5069127597089665e-5,1.5643157965964457e-8,7.672114458663177e-9,24008.386639305452,0.21895967503892255,24008.605673390924,4.379193669863894,0.2189596827110367,372,Sub-Saharan Africa,Malawi,Mwanza,TA Kanduku,30601,MW30601,0.1424466,0.003436059,0.2052653,0.02923934,0.02412174,0.000705304,22655.37460,0.3022685,0.03429861,0.5959697,0.1801429,0.1134707,0.02044093, 4623.174880,0.05,9.12e-06,1,0.2227189,0.000182401,4.06e-05, 34318.47559,35,2020-04-07
322,1388.0757463216648,3.5719840816658454e-6,5.491042099695013e-6,1.1856501829761405e-6,3.5165661293175156e-6,3168.970664023495,66.12845588959918,3235.0991336783354,367.0889622394858,110.95942962430154,6720.065973555905,1.7462810513266573e-5,2.684475225220345e-5,1.2322138834187946e-6,1.7223713439066034e-6,15924.069344986172,11.239234195818328,15934.30862644412,384.38737043806697,54.754673826318395,10309.869911423446,2.6531979014042544e-5,4.078635582347448e-5,1.4156639858727181e-8,6.94539603487038e-9,24008.38665156114,0.2189596759517275,24008.60567857655,4.379193672099106,0.21895968289712323,372,Sub-Saharan Africa,Malawi,Mwanza,TA Kanduku,30601,MW30601,0.1424466,0.003436059,0.2052653,0.02923934,0.02412174,0.000705304,22655.37460,0.3022685,0.03429861,0.5959697,0.1801429,0.1134707,0.02044093, 4623.174880,0.05,9.12e-06,1,0.2227189,0.000182401,4.06e-05, 34318.47559,35,2020-04-07
323,1388.075745689869,3.2325501167174014e-6,4.969246329813566e-6,1.0729817259949423e-6,3.183442357873946e-6,3168.970665712966,66.1284561389461,3235.0991343101314,367.08896240890044,110.95942970956636,6720.065970467165,1.5803376742900634e-5,2.429378325255126e-5,1.1151206302746214e-6,1.5592096293387652e-6,15924.069352523507,11.239234237881613,15934.308629532861,384.38737061413497,54.75467386807822,10309.869906730593,2.4010731822401655e-5,3.6910561839335287e-5,1.2811380699137906e-8,6.287460640713249e-9,24008.38666265221,0.21895967677806621,24008.6056832694,4.379193674121914,0.21895968306552654,372,Sub-Saharan Africa,Malawi,Mwanza,TA Kanduku,30601,MW30601,0.1424466,0.003436059,0.2052653,0.02923934,0.02412174,0.000705304,22655.37460,0.3022685,0.03429861,0.5959697,0.1801429,0.1134707,0.02044093, 4623.174880,0.05,9.12e-06,1,0.2227189,0.000182401,4.06e-05, 34318.47559,35,2020-04-07
324,1388.075745118111,2.925371451220387e-6,4.497035104837905e-6,9.710197835634819e-7,2.8818515840822812e-6,3168.9706672419416,66.12845636467152,3235.0991348818898,367.0889625622162,110.95942978672876,6720.065967671938,1.430163353600711e-5,2.198522449130247e-5,1.009154365586437e-6,1.4114927636402905e-6,15924.06935934464,11.23923427596005,15934.30863232809,384.38737077347184,54.754673905869744,10309.869902483688,2.172907050475166e-5,3.340307187743845e-5,1.1593957112589364e-8,5.691804319086184e-9,24008.386672689332,0.21895967752612305,24008.605687516305,4.3791936759525,0.21895968321792708,372,Sub-Saharan Africa,Malawi,Mwanza,TA Kanduku,30601,MW30601,0.1424466,0.003436059,0.2052653,0.02923934,0.02412174,0.000705304,22655.37460,0.3022685,0.03429861,0.5959697,0.1801429,0.1134707,0.02044093, 4623.174880,0.05,9.12e-06,1,0.2227189,0.000182401,4.06e-05, 34318.47559,35,2020-04-07
325,1388.0757446006849,2.6473829695889727e-6,4.06969656774879e-6,8.787469507013248e-7,2.608811742716849e-6,3168.9706686256673,66.1284565690115,3235.099135399316,367.0889627009628,110.95942985655867,6720.065965142331,1.294259607420718e-5,1.9896040516855584e-5,9.13257728114099e-7,1.2777601083310251e-6,15924.069365517626,11.239234310430863,15934.308634857694,384.38737091766745,54.75467394007007,10309.869898640352,1.9664227999277905e-5,3.0228887211962367e-5,1.049222130364131e-8,5.152537371211784e-9,24008.386681772656,0.21895967820330842,24008.605691359644,4.379193677609133,0.21895968335584548,372,Sub-Saharan Africa,Malawi,Mwanza,TA Kanduku,30601,MW30601,0.1424466,0.003436059,0.2052653,0.02923934,0.02412174,0.000705304,22655.37460,0.3022685,0.03429861,0.5959697,0.1801429,0.1134707,0.02044093, 4623.174880,0.05,9.12e-06,1,0.2227189,0.000182401,4.06e-05, 34318.47559,35,2020-04-07
326,1388.075744131954,2.395556071386037e-6,3.682574994520252e-6,7.951579428996231e-7,2.361374239274689e-6,3168.970669879208,66.12845675417672,3235.0991358680467,367.0889628266519,110.95942991981686,6720.065962850787,1.171145805535093e-5,1.8003470302080222e-5,8.263859530935247e-7,1.1565674226151376e-6,15924.069371109705,11.239234341666988,15934.308637149237,384.3873710482928,54.75467397105179,10309.869895158714,1.7793708471342458e-5,2.7353426061663225e-5,9.49417019504446e-9,4.6638362025246085e-9,24008.386690001153,0.21895967881694842,24008.605694841277,4.379193679109859,0.21895968348078432,372,Sub-Saharan Africa,Malawi,Mwanza,TA Kanduku,30601,MW30601,0.1424466,0.003436059,0.2052653,0.02923934,0.02412174,0.000705304,22655.37460,0.3022685,0.03429861,0.5959697,0.1801429,0.1134707,0.02044093, 4623.174880,0.05,9.12e-06,1,0.2227189,0.000182401,4.06e-05, 34318.47559,35,2020-04-07
327,1388.0757437086502,2.1681349402756954e-6,3.3329712518441917e-6,7.196699513606286e-7,2.1378288691219017e-6,3168.9706710112973,66.12845692144927,3235.0991362913505,367.0889629401599,110.95942997694439,6720.0659607813295,1.0599635597963341e-5,1.6294318252455697e-5,7.479333432414963e-7,1.047077038422411e-6,15924.069376159863,11.23923436988471,15934.308639218698,384.38737116625856,54.75467399903092,10309.869892014498,1.6104470070504152e-5,2.4756639807445486e-5,8.592845061224307e-9,4.2223230883474986e-9,24008.38669743218,0.21895967937129196,24008.605697985495,4.379193680465143,0.21895968359361473,372,Sub-Saharan Africa,Malawi,Mwanza,TA Kanduku,30601,MW30601,0.1424466,0.003436059,0.2052653,0.02923934,0.02412174,0.000705304,22655.37460,0.3022685,0.03429861,0.5959697,0.1801429,0.1134707,0.02044093, 4623.174880,0.05,9.12e-06,1,0.2227189,0.000182401,4.06e-05, 34318.47559,35,2020-04-07
328,1388.0757433248448,1.9619344981283503e-6,3.015989069924568e-6,6.512257518515432e-7,1.935071329332905e-6,3168.9706720377803,66.12845707315604,3235.099136675156,367.08896304307643,110.95943002874135,6720.065958904971,9.591557407602983e-6,1.4744647354315945e-5,6.768011542567273e-7,9.47768453629204e-7,15924.06938073882,11.239234395476567,15934.308641095055,384.3873712732169,54.75467402439931,10309.869889163669,1.457285467731095e-5,2.240215994248591e-5,7.775622665648076e-9,3.821866900657004e-9,24008.386704169818,0.21895967987405032,24008.60570083632,4.379193681693964,0.21895968369591692,372,Sub-Saharan Africa,Malawi,Mwanza,TA Kanduku,30601,MW30601,0.1424466,0.003436059,0.2052653,0.02923934,0.02412174,0.000705304,22655.37460,0.3022685,0.03429861,0.5959697,0.1801429,0.1134707,0.02044093, 4623.174880,0.05,9.12e-06,1,0.2227189,0.000182401,4.06e-05, 34318.47559,35,2020-04-07
329,1388.0757429775463,1.7753475119512684e-6,2.7291577255756884e-6,5.892918548862227e-7,1.7515337457761888e-6,3168.9706729666527,66.12845721047206,3235.099137022454,367.08896313620374,110.95943007561148,6720.065957207089,8.679366000985224e-6,1.3342378670610375e-5,6.124349450715959e-7,8.578737184968896e-7,15924.069384882258,11.239234418640782,15934.308642792937,384.3873713700015,54.754674047354705,10309.869886584007,1.3186924088496626e-5,2.0271634432116586e-5,7.036133154349947e-9,3.4593710212802016e-9,24008.386710266583,0.21895968032911758,24008.605703415982,4.379193682805902,0.21895968378848832,372,Sub-Saharan Africa,Malawi,Mwanza,TA Kanduku,30601,MW30601,0.1424466,0.003436059,0.2052653,0.02923934,0.02412174,0.000705304,22655.37460,0.3022685,0.03429861,0.5959697,0.1801429,0.1134707,0.02044093, 4623.174880,0.05,9.12e-06,1,0.2227189,0.000182401,4.06e-05, 34318.47559,35,2020-04-07
330,1388.075742663279,1.6065066472651491e-6,2.4696066539102063e-6,5.332484353866626e-7,1.5853940478319767e-6,3168.9706738072045,66.12845733476276,3235.099137336721,367.08896322047383,110.9594301180238,6720.065955670691,7.853932303779202e-6,1.2073478507571478e-5,5.541905483934634e-7,7.76500377819622e-7,15924.06938863164,11.239234439607703,15934.308644329336,384.3873714575811,54.754674068126825,10309.869884249694,1.1932808119289704e-5,1.8343741297965114e-5,6.366975828096135e-9,3.131236782747196e-9,24008.38671578349,0.21895968074101882,24008.605705750295,4.379193683812086,0.2189596838722553,372,Sub-Saharan Africa,Malawi,Mwanza,TA Kanduku,30601,MW30601,0.1424466,0.003436059,0.2052653,0.02923934,0.02412174,0.000705304,22655.37460,0.3022685,0.03429861,0.5959697,0.1801429,0.1134707,0.02044093, 4623.174880,0.05,9.12e-06,1,0.2227189,0.000182401,4.06e-05, 34318.47559,35,2020-04-07
331,1388.0757423788998,1.4537230521480907e-6,2.2347396628205005e-6,4.825349120561708e-7,1.4350033922816845e-6,3168.9706745678377,66.12845744726364,3235.099137621101,367.08896329672956,110.9594301564026,6720.06595428041,7.106999811915118e-6,1.0925254532356837e-5,5.014853673754304e-7,7.028408252118912e-7,15924.069392024467,11.23923445858575,15934.308645719617,384.3873715368316,54.75467408692346,10309.86988213738,1.0797962317441103e-5,1.659919654745763e-5,5.7614573572354676e-9,2.8342076483041788e-9,24008.386720775725,0.21895968111384848,24008.60570786261,4.379193684722577,0.21895968394805582,372,Sub-Saharan Africa,Malawi,Mwanza,TA Kanduku,30601,MW30601,0.1424466,0.003436059,0.2052653,0.02923934,0.02412174,0.000705304,22655.37460,0.3022685,0.03429861,0.5959697,0.1801429,0.1134707,0.02044093, 4623.174880,0.05,9.12e-06,1,0.2227189,0.000182401,4.06e-05, 34318.47559,35,2020-04-07
332,1388.0757421215656,1.3154696317782342e-6,2.0222092217262717e-6,4.366443956930054e-7,1.298870037009249e-6,3168.9706752561506,66.12845754909235,3235.0991378784342,367.0889633657331,110.95943019113146,6720.0659530223475,6.431102823724569e-6,9.886230075195972e-6,4.537926059001179e-7,6.361644040771486e-7,15924.069395094642,11.239234475763466,15934.308646977679,384.38737160854515,54.75467410393247,10309.869880225953,9.771043729892391e-6,1.5020563195809643e-5,5.2135254946735786e-9,2.5653373619535545e-9,24008.38672529318,0.2189596814513104,24008.605709774034,4.379193685546478,0.21895968401664748,372,Sub-Saharan Africa,Malawi,Mwanza,TA Kanduku,30601,MW30601,0.1424466,0.003436059,0.2052653,0.02923934,0.02412174,0.000705304,22655.37460,0.3022685,0.03429861,0.5959697,0.1801429,0.1134707,0.02044093, 4623.174880,0.05,9.12e-06,1,0.2227189,0.000182401,4.06e-05, 34318.47559,35,2020-04-07
333,1388.075741888705,1.1903645261288288e-6,1.8298910626194445e-6,3.951182049364444e-7,1.175643401876576e-6,3168.9706758790194,66.12845764126065,3235.0991381112954,367.08896342817417,110.9594302225575,6720.065951883931,5.81948566525783e-6,8.94601995830457e-6,4.10635568944139e-7,5.758096002734268e-7,15924.06939787285,11.239234491311537,15934.308648116095,384.38737167343845,54.75467411932389,10309.86987849631,8.84178817841932e-6,1.3592062607698388e-5,4.717703593989009e-9,2.321958468161249e-9,24008.38672938101,0.21895968175675767,24008.60571150368,4.379193686292025,0.21895968407871588,372,Sub-Saharan Africa,Malawi,Mwanza,TA Kanduku,30601,MW30601,0.1424466,0.003436059,0.2052653,0.02923934,0.02412174,0.000705304,22655.37460,0.3022685,0.03429861,0.5959697,0.1801429,0.1134707,0.02044093, 4623.174880,0.05,9.12e-06,1,0.2227189,0.000182401,4.06e-05, 34318.47559,35,2020-04-07
334,1388.0757416779898,1.0771572910748729e-6,1.6558629369345297e-6,3.575412793568325e-7,1.064100721147852e-6,3168.970676442665,66.1284577246845,3235.0991383220103,367.0889634846769,110.95943025099481,6720.065950853782,5.266035132111405e-6,8.095226641908564e-6,3.7158289552769847e-7,5.211775042046607e-7,15924.069400386854,11.239234505384474,15934.308649146245,384.38737173216026,54.754674133251534,10309.86987693116,8.000907615672593e-6,1.2299416707570453e-5,4.2690358418186815e-9,2.101655949943227e-9,24008.38673308008,0.2189596820332257,24008.605713068824,4.3791936869666674,0.21895968413488134,372,Sub-Saharan Africa,Malawi,Mwanza,TA Kanduku,30601,MW30601,0.1424466,0.003436059,0.2052653,0.02923934,0.02412174,0.000705304,22655.37460,0.3022685,0.03429861,0.5959697,0.1801429,0.1134707,0.02044093, 4623.174880,0.05,9.12e-06,1,0.2227189,0.000182401,4.06e-05, 34318.47559,35,2020-04-07
335,1388.0757414873142,9.747164034493534e-7,1.4983854076636957e-6,3.2353803200454714e-7,9.631349646108055e-7,3168.9706769527197,66.12845780019302,3235.0991385126854,367.08896353580616,110.95943027672769,6720.065949921603,4.765219403815506e-6,7.32534632022661e-6,3.3624424838186633e-7,4.7172589436222664e-7,15924.069402661782,11.239234518122148,15934.308650078425,384.38737178529743,54.754674145854615,10309.869875514862,7.239997315249832e-6,1.1129705307337561e-5,3.86303773737424e-9,1.9022433726624373e-9,24008.386736427354,0.21895968228346227,24008.605714485122,4.379193687577149,0.21895968418570536,372,Sub-Saharan Africa,Malawi,Mwanza,TA Kanduku,30601,MW30601,0.1424466,0.003436059,0.2052653,0.02923934,0.02412174,0.000705304,22655.37460,0.3022685,0.03429861,0.5959697,0.1801429,0.1134707,0.02044093, 4623.174880,0.05,9.12e-06,1,0.2227189,0.000182401,4.06e-05, 34318.47559,35,2020-04-07
336,1388.0757413147726,8.820179513382867e-7,1.355884463483237e-6,2.927685953756094e-7,8.717438958831901e-7,3168.970677414278,66.12845786853683,3235.099138685227,367.08896358207284,110.95943030001327,6720.065949078077,4.312032752648433e-6,6.628683924950236e-6,3.042664124830407e-7,4.269638778954375e-7,15924.069404720369,11.239234529651181,15934.30865092195,384.38737183338117,54.7546741572591,10309.869874233256,6.551451865482853e-6,1.0071236967606383e-5,3.4956512693453437e-9,1.7217412737982634e-9,24008.386739456295,0.21895968250995482,24008.605715766727,4.379193688129571,0.21895968423169582,372,Sub-Saharan Africa,Malawi,Mwanza,TA Kanduku,30601,MW30601,0.1424466,0.003436059,0.2052653,0.02923934,0.02412174,0.000705304,22655.37460,0.3022685,0.03429861,0.5959697,0.1801429,0.1134707,0.02044093, 4623.174880,0.05,9.12e-06,1,0.2227189,0.000182401,4.06e-05, 34318.47559,35,2020-04-07
337,1388.07574115864,7.981353999197445e-7,1.2269357862627925e-6,2.649254243829201e-7,7.890201636136575e-7,3168.9706778319496,66.12845793039538,3235.0991388413595,367.08896362393943,110.95943032108433,6720.065948314772,3.901945510598921e-6,5.998276211825465e-6,2.7532976461362207e-7,3.86447037124441e-7,15924.069406583185,11.239234540086198,15934.308651685255,384.38737187689185,54.75467416757899,10309.869873073538,5.9283891521492645e-6,9.113432139902691e-6,3.163204355443117e-9,1.5583575927120285e-9,24008.38674219717,0.21895968271495514,24008.605716926446,4.379193688629457,0.21895968427331244,372,Sub-Saharan Africa,Malawi,Mwanza,TA Kanduku,30601,MW30601,0.1424466,0.003436059,0.2052653,0.02923934,0.02412174,0.000705304,22655.37460,0.3022685,0.03429861,0.5959697,0.1801429,0.1134707,0.02044093, 4623.174880,0.05,9.12e-06,1,0.2227189,0.000182401,4.06e-05, 34318.47559,35,2020-04-07
338,1388.0757410173562,7.222303306104659e-7,1.1102505147941407e-6,2.397302223977779e-7,7.141423282922534e-7,3168.970678209909,66.12845798638372,3235.099138982643,367.0889636618244,110.95943034015147,6720.065947624061,3.5308587946604546e-6,5.427822161992444e-6,2.4914507868082027e-7,3.497730343410141e-7,15924.069408268853,11.239234549530954,15934.308652375968,384.38737191626467,54.754674176917426,10309.86987202411,5.364581570716952e-6,8.246717422513488e-6,2.8623741393963796e-9,1.4104699482691638e-9,24008.38674467738,0.21895968290050155,24008.605717975872,4.379193689081803,0.2189596843109712,372,Sub-Saharan Africa,Malawi,Mwanza,TA Kanduku,30601,MW30601,0.1424466,0.003436059,0.2052653,0.02923934,0.02412174,0.000705304,22655.37460,0.3022685,0.03429861,0.5959697,0.1801429,0.1134707,0.02044093, 4623.174880,0.05,9.12e-06,1,0.2227189,0.000182401,4.06e-05, 34318.47559,35,2020-04-07
339,1388.075740889509,6.535440609475274e-7,1.0046623624322288e-6,2.1693115963406056e-7,6.46366736478531e-7,3168.9706785519297,66.12845803705866,3235.0991391104903,367.0889636961063,110.95943035740525,6720.065946999037,3.195063537886474e-6,4.911620002367122e-6,2.2545063485921846e-7,3.165776316969719e-7,15924.069409794214,11.239234558079378,15934.308653000991,384.387371951893,54.754674185367755,10309.869871074487,4.854393780511353e-6,7.462429872916751e-6,2.590153778513534e-9,1.276609590136922e-9,24008.38674692172,0.21895968306843924,24008.605718925493,4.379193689491128,0.21895968434504856,372,Sub-Saharan Africa,Malawi,Mwanza,TA Kanduku,30601,MW30601,0.1424466,0.003436059,0.2052653,0.02923934,0.02412174,0.000705304,22655.37460,0.3022685,0.03429861,0.5959697,0.1801429,0.1134707,0.02044093, 4623.174880,0.05,9.12e-06,1,0.2227189,0.000182401,4.06e-05, 34318.47559,35,2020-04-07
340,1388.0757407738206,5.91390061444344e-7,9.091159598870567e-7,1.963003560723571e-7,5.850201625562645e-7,3168.9706788614303,66.1284580829242,3235.099139226179,367.0889637271279,110.95943037301817,6720.065946433456,2.8912034167148616e-6,4.44451021557294e-6,2.040096036624923e-7,2.8653108704625677e-7,15924.069411174516,11.239234565816487,15934.308653566572,384.3873719841329,54.75467419301443,10309.869870215176,4.392726378647708e-6,6.752730420385197e-6,2.3438223898462436e-9,1.1554468659710734e-9,24008.386748952616,0.21895968322043843,24008.60571978481,4.379193689861526,0.21895968437588503,372,Sub-Saharan Africa,Malawi,Mwanza,TA Kanduku,30601,MW30601,0.1424466,0.003436059,0.2052653,0.02923934,0.02412174,0.000705304,22655.37460,0.3022685,0.03429861,0.5959697,0.1801429,0.1134707,0.02044093, 4623.174880,0.05,9.12e-06,1,0.2227189,0.000182401,4.06e-05, 34318.47559,35,2020-04-07
341,1388.0757406691346,5.351470936263832e-7,8.226563066509414e-7,1.7763160376552239e-7,5.294931456393179e-7,3168.970679141503,66.12845812443652,3235.099139330865,367.08896375519936,110.95943038714624,6720.065945921663,2.6162413040149187e-6,4.021823969798604e-6,1.8460767879771258e-7,2.5933489028835536e-7,15924.069412423552,11.239234572819246,15934.308654078364,384.3873720133068,54.75467419993388,10309.869869437587,3.974964930741084e-6,6.110525513310583e-6,2.1209178545625884e-9,1.045778061548381e-9,24008.386750790367,0.21895968335801105,24008.6057205624,4.379193690196698,0.21895968440378885,372,Sub-Saharan Africa,Malawi,Mwanza,TA Kanduku,30601,MW30601,0.1424466,0.003436059,0.2052653,0.02923934,0.02412174,0.000705304,22655.37460,0.3022685,0.03429861,0.5959697,0.1801429,0.1134707,0.02044093, 4623.174880,0.05,9.12e-06,1,0.2227189,0.000182401,4.06e-05, 34318.47559,35,2020-04-07
342,1388.0757405744043,4.842530006602395e-7,7.444192256266264e-7,1.6073830575977136e-7,4.792339560635551e-7,3168.970679394945,66.12845816200863,3235.0991394255952,367.08896378060103,110.9594303999307,6720.065945458544,2.3674289125500893e-6,3.639336453130759e-6,1.6705093514226912e-7,2.3471880809678433e-7,15924.069413553807,11.23923457915732,15934.308654541484,384.3873720397061,54.75467420619527,10309.86986873395,3.5969338489485805e-6,5.5293962181020145e-6,1.9192122087054927e-9,9.465134843521368e-10,24008.386752453338,0.21895968348252573,24008.60572126603,4.379193690499994,0.2189596844290389,372,Sub-Saharan Africa,Malawi,Mwanza,TA Kanduku,30601,MW30601,0.1424466,0.003436059,0.2052653,0.02923934,0.02412174,0.000705304,22655.37460,0.3022685,0.03429861,0.5959697,0.1801429,0.1134707,0.02044093, 4623.174880,0.05,9.12e-06,1,0.2227189,0.000182401,4.06e-05, 34318.47559,35,2020-04-07
343,1388.075740488683,4.381990885124869e-7,6.736227255488356e-7,1.4545161103053084e-7,4.337431320709083e-7,3168.970679624288,66.12845819601431,3235.0991395113165,367.088963803587,110.95943041149931,6720.065945039468,2.142279325438326e-6,3.293224645931347e-6,1.511638904335855e-7,2.1243820793939617e-7,15924.069414576577,11.239234584893769,15934.308654960561,384.3873720635948,54.75467421186118,10309.869868097228,3.2548546563479046e-6,5.003534060991286e-6,1.7366893743635016e-9,8.566666733063219e-10,24008.38675395816,0.21895968359522125,24008.60572190275,4.3791936907744455,0.21895968445188765,372,Sub-Saharan Africa,Malawi,Mwanza,TA Kanduku,30601,MW30601,0.1424466,0.003436059,0.2052653,0.02923934,0.02412174,0.000705304,22655.37460,0.3022685,0.03429861,0.5959697,0.1801429,0.1134707,0.02044093, 4623.174880,0.05,9.12e-06,1,0.2227189,0.000182401,4.06e-05, 34318.47559,35,2020-04-07
344,1388.0757404111143,3.965250414771628e-7,6.095591848654011e-7,1.316187267914623e-7,3.925685328835905e-7,3168.9706798318243,66.12845822679198,3235.099139588885,367.0889638243869,110.95943042196772,6720.065944660247,1.938542139047989e-6,2.9800291091883266e-6,1.3678775129793216e-7,1.9227163503645435e-7,15924.069415502081,11.239234590085676,15934.30865533978,384.3873720852115,54.75467421698825,10309.869867521063,2.9453082204985976e-6,4.527682971474653e-6,1.5715250086737273e-9,7.753446283979892e-10,24008.38675531987,0.21895968369721902,24008.60572247892,4.379193691022796,0.2189596844725634,372,Sub-Saharan Africa,Malawi,Mwanza,TA Kanduku,30601,MW30601,0.1424466,0.003436059,0.2052653,0.02923934,0.02412174,0.000705304,22655.37460,0.3022685,0.03429861,0.5959697,0.1801429,0.1134707,0.02044093, 4623.174880,0.05,9.12e-06,1,0.2227189,0.000182401,4.06e-05, 34318.47559,35,2020-04-07
345,1388.0757403409225,3.588143212518217e-7,5.515882789547027e-7,1.1910139130793965e-7,3.5530085943318806e-7,3168.970680019627,66.1284582546479,3235.0991396590766,367.08896384320866,110.95943043144054,6720.065944317092,1.7541809698788252e-6,2.6966194069086766e-6,1.237788260871403e-7,1.7401861838437374e-7,15924.06941633957,11.239234594784708,15934.308655682938,384.38737210477245,54.75467422162772,10309.869866999694,2.6652005787047514e-6,4.097086747107144e-6,1.4220682692448246e-9,7.01738963934384e-10,24008.386756552078,0.21895968378953412,24008.605723000288,4.379193691247528,0.21895968449127282,372,Sub-Saharan Africa,Malawi,Mwanza,TA Kanduku,30601,MW30601,0.1424466,0.003436059,0.2052653,0.02923934,0.02412174,0.000705304,22655.37460,0.3022685,0.03429861,0.5959697,0.1801429,0.1134707,0.02044093, 4623.174880,0.05,9.12e-06,1,0.2227189,0.000182401,4.06e-05, 34318.47559,35,2020-04-07
346,1388.0757402774063,3.246900035752438e-7,4.991305799859117e-7,1.0777449195052945e-7,3.2156959860011745e-7,3168.970680189572,66.12845827985932,3235.099139722593,367.0889638602404,110.95943044001247,6720.065944006572,1.5873531006059756e-6,2.4401628169453825e-6,1.1200708865928912e-7,1.5749768422179949e-7,15924.069417097415,11.239234599037635,15934.308655993458,384.3873721224731,54.75467422582596,10309.869866527906,2.4117320133976546e-6,3.707441514552278e-6,1.286825313742743e-9,6.351178982481359e-10,24008.386757667093,0.21895968387308526,24008.605723472076,4.3791936914508875,0.2189596845082029,372,Sub-Saharan Africa,Malawi,Mwanza,TA Kanduku,30601,MW30601,0.1424466,0.003436059,0.2052653,0.02923934,0.02412174,0.000705304,22655.37460,0.3022685,0.03429861,0.5959697,0.1801429,0.1134707,0.02044093, 4623.174880,0.05,9.12e-06,1,0.2227189,0.000182401,4.06e-05, 34318.47559,35,2020-04-07
347,1388.0757402199306,2.938110108133743e-7,4.516617654516956e-7,9.752481467571725e-8,2.910393509782909e-7,3168.9706803433573,66.12845830267717,3235.099139780069,367.08896387565244,110.95943044776918,6720.065943725583,1.4363910618461887e-6,2.2080960175185056e-6,1.0135487874814362e-7,1.4254455735214057e-7,15924.06941778319,11.23923460288679,15934.308656274447,384.3873721384904,54.75467422962494,10309.86986610099,2.182369068542216e-6,3.3548527117283424e-6,1.1644443687152032e-9,5.748190008786689e-10,24008.38675867607,0.21895968394870416,24008.605723898992,4.379193691634907,0.2189596845235229,372,Sub-Saharan Africa,Malawi,Mwanza,TA Kanduku,30601,MW30601,0.1424466,0.003436059,0.2052653,0.02923934,0.02412174,0.000705304,22655.37460,0.3022685,0.03429861,0.5959697,0.1801429,0.1134707,0.02044093, 4623.174880,0.05,9.12e-06,1,0.2227189,0.000182401,4.06e-05, 34318.47559,35,2020-04-07
348,1388.075740167921,2.658687028376307e-7,4.087073774868112e-7,8.824991243475641e-8,2.634065059481926e-7,3168.9706804825196,66.12845832332864,3235.099139832079,367.08896388959874,110.9594304547882,6720.065943471317,1.2997859655532701e-6,1.998099466432908e-6,9.171572593134603e-8,1.2901053258258769e-7,15924.069418403747,11.239234606370493,15934.308656528712,384.38737215298437,54.754674233062616,10309.869865714672,1.9748192273670055e-6,3.0357961610814238e-6,1.0537022184156199e-9,5.202426257005717e-10,24008.38675958909,0.21895968401714355,24008.60572428531,4.379193691801425,0.2189596845373859,372,Sub-Saharan Africa,Malawi,Mwanza,TA Kanduku,30601,MW30601,0.1424466,0.003436059,0.2052653,0.02923934,0.02412174,0.000705304,22655.37460,0.3022685,0.03429861,0.5959697,0.1801429,0.1134707,0.02044093, 4623.174880,0.05,9.12e-06,1,0.2227189,0.000182401,4.06e-05, 34318.47559,35,2020-04-07
349,1388.0757401208575,2.4058379212089933e-7,3.6983808059119936e-7,7.98570812002204e-8,2.383962312555968e-7,3168.97068060845,66.12845834201931,3235.099139879142,367.08896390221867,110.95943046113969,6720.065943241232,1.176172423457571e-6,1.8080742169091338e-6,8.299328544275023e-8,1.1676100021197626e-7,15924.069418965291,11.239234609523425,15934.308656758796,384.3873721660999,54.75467423617336,10309.869865365094,1.7870079983180558e-6,2.7470828449067873e-6,9.534919785802834e-10,4.708459652124409e-10,24008.386760415284,0.21895968407908484,24008.605724634886,4.379193691952107,0.2189596845499305,372,Sub-Saharan Africa,Malawi,Mwanza,TA Kanduku,30601,MW30601,0.1424466,0.003436059,0.2052653,0.02923934,0.02412174,0.000705304,22655.37460,0.3022685,0.03429861,0.5959697,0.1801429,0.1134707,0.02044093, 4623.174880,0.05,9.12e-06,1,0.2227189,0.000182401,4.06e-05, 34318.47559,35,2020-04-07
350,1388.0757400782702,2.1770355221714906e-7,3.346653703578215e-7,7.226243337549345e-8,2.157597473860546e-7,3168.970680722405,66.12845835893529,3235.0991399217296,367.08896391363845,110.95943046688716,6720.06594303303,1.0643148998070846e-6,1.636120938298233e-6,7.510037519218738e-8,1.0567411101488555e-7,15924.069419473431,11.23923461237698,15934.308656966998,384.38737217796813,54.754674238988265,10309.869865048762,1.6170581802071322e-6,2.485827030642727e-6,8.628120329559113e-10,4.261376673082628e-10,24008.3867611629,0.21895968413514472,24008.60572495122,4.3791936920884575,0.21895968456128206,372,Sub-Saharan Africa,Malawi,Mwanza,TA Kanduku,30601,MW30601,0.1424466,0.003436059,0.2052653,0.02923934,0.02412174,0.000705304,22655.37460,0.3022685,0.03429861,0.5959697,0.1801429,0.1134707,0.02044093, 4623.174880,0.05,9.12e-06,1,0.2227189,0.000182401,4.06e-05, 34318.47559,35,2020-04-07
351,1388.0757400397329,1.9699929172299995e-7,3.0283769031333624e-7,6.539005932579164e-8,1.9527185982718548e-7,3168.970680825525,66.128458374245,3235.0991399602667,367.08896392397213,110.95943047208802,6720.065942844627,9.630953620037674e-7,1.4805209319894618e-6,6.79581043675337e-8,9.563956754184337e-8,15924.069419933247,11.239234614959576,15934.3086571554,384.38737218870773,54.75467424153547,10309.869864762515,1.4632710993065507e-6,2.2494174275444713e-6,7.807560219965374e-10,3.8567296138722994e-10,24008.386761839418,0.2189596841858814,24008.605725237463,4.3791936922118415,0.21895968457155407,372,Sub-Saharan Africa,Malawi,Mwanza,TA Kanduku,30601,MW30601,0.1424466,0.003436059,0.2052653,0.02923934,0.02412174,0.000705304,22655.37460,0.3022685,0.03429861,0.5959697,0.1801429,0.1134707,0.02044093, 4623.174880,0.05,9.12e-06,1,0.2227189,0.000182401,4.06e-05, 34318.47559,35,2020-04-07
352,1388.0757400048606,1.7826406847311824e-7,2.740369180588627e-7,5.91712686500934e-8,1.767287248490186e-7,3168.970680918839,66.12845838810091,3235.099139995139,367.08896393332304,110.95943047679425,6720.065942674143,8.715021057013602e-7,1.3397189527620486e-6,6.149508490932989e-8,8.655752979881622e-8,15924.069420349335,11.239234617296932,15934.308657325884,384.38737219842585,54.75467424384042,10309.869864503491,1.3241096308525126e-6,2.035491086444827e-6,7.065037836652892e-10,3.4904924567091564e-10,24008.386762451595,0.21895968423180023,24008.605725496487,4.379193692323492,0.2189596845808492,372,Sub-Saharan Africa,Malawi,Mwanza,TA Kanduku,30601,MW30601,0.1424466,0.003436059,0.2052653,0.02923934,0.02412174,0.000705304,22655.37460,0.3022685,0.03429861,0.5959697,0.1801429,0.1134707,0.02044093, 4623.174880,0.05,9.12e-06,1,0.2227189,0.000182401,4.06e-05, 34318.47559,35,2020-04-07
353,1388.0757399733047,1.6131062112248036e-7,2.4797518558928683e-7,5.354390361038067e-8,1.5994582673189473e-7,3168.9706810032803,66.12845840064104,3235.0991400266944,367.0889639417847,110.9594304810529,6720.065942519872,7.886196426699026e-7,1.2123076638778814e-6,5.564671797652478e-8,7.833762449542365e-8,15924.069420725851,11.239234619412324,15934.308657480155,384.38737220721976,54.75467424592617,10309.869864269102,1.1981828352543658e-6,1.8419097817257917e-6,6.393131557930369e-10,3.15902092137845e-10,24008.38676300555,0.2189596842733585,24008.60572573088,4.379193692424523,0.2189596845892603,372,Sub-Saharan Africa,Malawi,Mwanza,TA Kanduku,30601,MW30601,0.1424466,0.003436059,0.2052653,0.02923934,0.02412174,0.000705304,22655.37460,0.3022685,0.03429861,0.5959697,0.1801429,0.1134707,0.02044093, 4623.174880,0.05,9.12e-06,1,0.2227189,0.000182401,4.06e-05, 34318.47559,35,2020-04-07
354,1388.07573994475,1.4596949744136362e-7,2.243920020097306e-7,4.845171785581479e-8,1.4475614645420443e-7,3168.970681079692,66.1284584119903,3235.099140055249,367.08896394944156,110.95943048490656,6720.065942380273,7.136195503546418e-7,1.0970135705414664e-6,5.0354548271463205e-8,7.089804807152263e-8,15924.069421066562,11.239234621326823,15934.308657619755,384.3873722151773,54.754674247813554,10309.869864057,1.0842320554464125e-6,1.6667386394354462e-6,5.785125580572759e-10,2.859016295990105e-10,24008.386763506827,0.21895968431097015,24008.605725942976,4.379193692515946,0.21895968459687148,372,Sub-Saharan Africa,Malawi,Mwanza,TA Kanduku,30601,MW30601,0.1424466,0.003436059,0.2052653,0.02923934,0.02412174,0.000705304,22655.37460,0.3022685,0.03429861,0.5959697,0.1801429,0.1134707,0.02044093, 4623.174880,0.05,9.12e-06,1,0.2227189,0.000182401,4.06e-05, 34318.47559,35,2020-04-07
355,1388.0757399189108,1.320873606150936e-7,2.030516498903065e-7,4.384381423210354e-8,1.3100850373882616e-7,3168.970681148838,66.12845842226173,3235.0991400810885,367.08896395637026,110.95943048839372,6720.065942253949,6.45752191669317e-7,9.926842911299979e-7,4.55656797705009e-8,6.416475463591775e-8,15924.069421374872,11.239234623059506,15934.308657746076,384.38737222237813,54.75467424952144,10309.869863865073,9.811183364232372e-7,1.508226797934974e-6,5.234942794370315e-10,2.5874926916395053e-10,24008.386763960425,0.21895968434500984,24008.605726134905,4.379193692598675,0.2189596846037588,372,Sub-Saharan Africa,Malawi,Mwanza,TA Kanduku,30601,MW30601,0.1424466,0.003436059,0.2052653,0.02923934,0.02412174,0.000705304,22655.37460,0.3022685,0.03429861,0.5959697,0.1801429,0.1134707,0.02044093, 4623.174880,0.05,9.12e-06,1,0.2227189,0.000182401,4.06e-05, 34318.47559,35,2020-04-07
356,1388.075739895529,1.1952545661976254e-7,1.8374082923533886e-7,3.9674136056881014e-8,1.1856605606598335e-7,3168.9706812114086,66.12845843155763,3235.0991401044703,367.08896396264004,110.95943049154923,6720.06594213964,5.843392222619237e-7,8.982770389675968e-7,4.123224702038768e-8,5.807072078800069e-8,15924.069421653861,11.23923462462763,15934.308657860385,384.38737222889415,54.7546742510669,10309.869863691398,8.878110412149306e-7,1.3647899077761085e-6,4.737084040509015e-10,2.341747397220441e-10,24008.386764370884,0.21895968437581673,24008.60572630858,4.379193692673536,0.21895968460999113,372,Sub-Saharan Africa,Malawi,Mwanza,TA Kanduku,30601,MW30601,0.1424466,0.003436059,0.2052653,0.02923934,0.02412174,0.000705304,22655.37460,0.3022685,0.03429861,0.5959697,0.1801429,0.1134707,0.02044093, 4623.174880,0.05,9.12e-06,1,0.2227189,0.000182401,4.06e-05, 34318.47559,35,2020-04-07
357,1388.0757398743713,1.0815822735511095e-7,1.6626652551817274e-7,3.590100677632248e-8,1.0730493980805915e-7,3168.970681268029,66.12845843997064,3235.0991401256283,367.0889639683136,110.95943049440464,6720.065942036203,5.287668103619631e-7,8.128481995173396e-7,3.731093671594819e-8,5.255528005128741e-8,15924.069421906317,11.23923462604682,15934.308657963826,384.38737223479046,54.754674252465385,10309.869863534239,8.033775495171976e-7,1.2349942958926831e-6,4.286573146660958e-10,2.1193340412066532e-10,24008.386764742314,0.2189596844036977,24008.60572646574,4.379193692741278,0.21895968461563078,372,Sub-Saharan Africa,Malawi,Mwanza,TA Kanduku,30601,MW30601,0.1424466,0.003436059,0.2052653,0.02923934,0.02412174,0.000705304,22655.37460,0.3022685,0.03429861,0.5959697,0.1801429,0.1134707,0.02044093, 4623.174880,0.05,9.12e-06,1,0.2227189,0.000182401,4.06e-05, 34318.47559,35,2020-04-07
358,1388.0757398552253,9.787205567262942e-8,1.504540804722623e-7,3.248671340179399e-8,9.711304004383565e-8,3168.9706813192656,66.12845844758462,3235.099140144774,367.08896397344745,110.9594304969885,6720.065941942601,4.784795014405426e-7,7.355438988135636e-7,3.37625547771582e-8,4.7563520334523315e-8,15924.069422134766,11.239234627331214,15934.308658057427,384.387372240126,54.754674253730876,10309.869863392027,7.269739360126189e-7,1.1175426358250275e-6,3.8789071894022803e-10,1.9180382949069368e-10,24008.386765078416,0.21895968442893055,24008.60572660795,4.379193692802576,0.21895968462073406,372,Sub-Saharan Africa,Malawi,Mwanza,TA Kanduku,30601,MW30601,0.1424466,0.003436059,0.2052653,0.02923934,0.02412174,0.000705304,22655.37460,0.3022685,0.03429861,0.5959697,0.1801429,0.1134707,0.02044093, 4623.174880,0.05,9.12e-06,1,0.2227189,0.000182401,4.06e-05, 34318.47559,35,2020-04-07
359,1388.0757398379003,8.85641297552501e-8,1.3614544635580904e-7,2.9397129562924524e-8,8.788887687938098e-8,3168.9706813656303,66.12845845447539,3235.099140162099,367.08896397809315,110.95943049932663,6720.065941857902,4.329746663596923e-7,6.6559146886453e-7,3.05516345984878e-8,4.304573845798432e-8,15924.069422341487,11.239234628493614,15934.308658142125,384.3873722449541,54.754674254876,10309.869863263339,6.578365352115056e-7,1.01126098074897e-6,3.510011486824122e-10,1.7358558767768303e-10,24008.386765382555,0.21895968445176672,24008.605726736634,4.3791936928580455,0.21895968462535198,372,Sub-Saharan Africa,Malawi,Mwanza,TA Kanduku,30601,MW30601,0.1424466,0.003436059,0.2052653,0.02923934,0.02412174,0.000705304,22655.37460,0.3022685,0.03429861,0.5959697,0.1801429,0.1134707,0.02044093, 4623.174880,0.05,9.12e-06,1,0.2227189,0.000182401,4.06e-05, 34318.47559,35,2020-04-07
360,1388.0757398222227,8.014141549793355e-8,1.2319760624106533e-7,2.660137440946017e-8,7.954059725282579e-8,3168.9706814075857,66.12845846071163,3235.099140177776,367.088963982297,110.95943050144238,6720.065941781258,3.9179747751932464e-7,6.022917247208725e-7,2.7646082554905807e-8,3.8956946345907535e-8,15924.069422528552,11.239234629545603,15934.30865821877,384.38737224932305,54.75467425591223,10309.86986314689,5.952743085016734e-7,9.150870297026518e-7,3.176198871481129e-10,1.5709726400831614e-10,24008.386765657764,0.2189596844724338,24008.605726853082,4.379193692908239,0.21895968462953072,372,Sub-Saharan Africa,Malawi,Mwanza,TA Kanduku,30601,MW30601,0.1424466,0.003436059,0.2052653,0.02923934,0.02412174,0.000705304,22655.37460,0.3022685,0.03429861,0.5959697,0.1801429,0.1134707,0.02044093, 4623.174880,0.05,9.12e-06,1,0.2227189,0.000182401,4.06e-05, 34318.47559,35,2020-04-07
361,1388.0757398080364,7.251972661794247e-8,1.114811445388601e-7,2.407150395257393e-8,7.198506224181878e-8,3168.9706814455517,66.1284584663555,3235.0991401919628,367.088963986101,110.95943050335694,6720.065941711903,3.545363627876779e-7,5.450119760179865e-7,2.5016857221325086e-8,3.5256423996158445e-8,15924.069422697823,11.239234630497664,15934.308658288126,384.3873722532765,54.75467425684991,10309.869863041517,5.386619371146649e-7,8.280595097303377e-7,2.8741328366045637e-10,1.4217465467886348e-10,24008.386765906806,0.21895968449113776,24008.605726958456,4.37919369295366,0.21895968463331208,372,Sub-Saharan Africa,Malawi,Mwanza,TA Kanduku,30601,MW30601,0.1424466,0.003436059,0.2052653,0.02923934,0.02412174,0.000705304,22655.37460,0.3022685,0.03429861,0.5959697,0.1801429,0.1134707,0.02044093, 4623.174880,0.05,9.12e-06,1,0.2227189,0.000182401,4.06e-05, 34318.47559,35,2020-04-07
362,1388.075739795199,6.562288320041583e-8,1.008789534705269e-7,2.1782231760541778e-8,6.514702083573894e-8,3168.970681479908,66.12845847146326,3235.0991402048,367.08896398954334,110.9594305050894,6720.065941649144,3.208188917766026e-7,4.931797031416837e-7,2.2637679099239893e-8,3.1907314800282674e-8,15924.069422851,11.23923463135929,15934.308658350885,384.38737225685395,54.75467425769841,10309.869862946165,4.874335719715898e-7,7.493085678161785e-7,2.600794187220973e-10,1.286691349153897e-10,24008.38676613216,0.21895968450806502,24008.605727053808,4.37919369299476,0.21895968463673382,372,Sub-Saharan Africa,Malawi,Mwanza,TA Kanduku,30601,MW30601,0.1424466,0.003436059,0.2052653,0.02923934,0.02412174,0.000705304,22655.37460,0.3022685,0.03429861,0.5959697,0.1801429,0.1134707,0.02044093, 4623.174880,0.05,9.12e-06,1,0.2227189,0.000182401,4.06e-05, 34318.47559,35,2020-04-07
363,1388.0757397835825,5.9381950268781454e-8,9.12850625582289e-8,1.971067621709678e-8,5.8958361989020395e-8,3168.9706815109967,66.12845847608581,3235.0991402164163,367.08896399265825,110.9594305066571,6720.065941592354,2.903080533444006e-7,4.4627683480944925e-7,2.0484767949229712e-8,2.8876259205532475e-8,15924.069422989609,11.239234632139066,15934.308658407674,384.3873722600912,54.754674258466224,10309.869862859883,4.410771779373623e-7,6.780470765738717e-7,2.353450862849397e-10,1.164461817426806e-10,24008.386766336083,0.21895968452338427,24008.605727140093,4.379193693031953,0.21895968463983012,372,Sub-Saharan Africa,Malawi,Mwanza,TA Kanduku,30601,MW30601,0.1424466,0.003436059,0.2052653,0.02923934,0.02412174,0.000705304,22655.37460,0.3022685,0.03429861,0.5959697,0.1801429,0.1134707,0.02044093, 4623.174880,0.05,9.12e-06,1,0.2227189,0.000182401,4.06e-05, 34318.47559,35,2020-04-07
364,1388.0757397730708,5.3734548769405024e-8,8.260357943426275e-8,1.7836131816271156e-8,5.335743754559864e-8,3168.9706815391296,66.128458480269245,3235.099140226928,367.08896399547695,110.95943050807571,6720.065941540964,2.6269888711930303e-7,4.0383456987087416e-7,1.853660510392913e-8,2.6133063089406664e-8,15924.069423115036,11.239234632844763,15934.308658459062,384.38737226302055,54.754674259161014,10309.869862781805,3.9912941595331525e-7,6.135627667912977e-7,2.1296306301504985e-10,1.0538403672685581e-10,24008.386766520613,0.21895968453724826,24008.60572721817,4.379193693065607,0.21895968464263196,372,Sub-Saharan Africa,Malawi,Mwanza,TA Kanduku,30601,MW30601,0.1424466,0.003436059,0.2052653,0.02923934,0.02412174,0.000705304,22655.37460,0.3022685,0.03429861,0.5959697,0.1801429,0.1134707,0.02044093, 4623.174880,0.05,9.12e-06,1,0.2227189,0.000182401,4.06e-05, 34318.47559,35,2020-04-07
365,1388.0757397635591,4.8624232083664416e-8,7.47477313825724e-8,1.6139862207784143e-8,4.8288449325108255e-8,3168.9706815645873,66.12845848405526,3235.0991402364402,367.08896399802757,110.95943050935941,6720.065941494461,2.37715435375164e-7,3.654286915703885e-7,1.6773718385746515e-8,2.3650397560418413e-8,15924.069423228533,11.23923463348342,15934.308658505564,384.38737226567133,54.754674259789724,10309.869862711153,3.611710118943449e-7,5.552111081937434e-7,1.927096372586593e-10,9.537249544038195e-11,24008.386766687592,0.2189596845497952,24008.605727288825,4.37919369309606,0.21895968464516732,372,Sub-Saharan Africa,Malawi,Mwanza,TA Kanduku,30601,MW30601,0.1424466,0.003436059,0.2052653,0.02923934,0.02412174,0.000705304,22655.37460,0.3022685,0.03429861,0.5959697,0.1801429,0.1134707,0.02044093, 4623.174880,0.05,9.12e-06,1,0.2227189,0.000182401,4.06e-05, 34318.47559,35,2020-04-07
