"","time","S","E","I","H","C","R","D","inci","hosp","crits","lvl2","lvl3","lvl4","ID","POP","start","age","tot_pop"
"1",1,726.7885194,0,1,0,0,0,0,0,0,0,"Malawi","Neno","Neno Boma",31,727.7885194,1,"Adults",2117.4914522
"2",2,138.93550263327,525.441791026645,57.9375151881696,0.13093117826592,0.000499259973878383,5.3422788787079,0.00000123496881591305,587.853016766731,0.134441271820049,0.000505308954222859,"Malawi","Neno","Neno Boma",31,727.7885194,1,"Adults",2117.4914522
"3",3,0.00000785102304381339,456.525536824856,210.588040500663,1.40432107300413,0.0120890100913741,59.258466628986,0.0000575113766128089,726.788511548977,1.49025332034473,0.0123707056145582,"Malawi","Neno","Neno Boma",31,727.7885194,1,"Adults",2117.4914522
"4",4,0.0000000590811165888474,310.762582014274,262.874035486088,3.40226636277317,0.0531213212613284,150.696076329449,0.000437813191497693,726.788519340919,3.78616617347465,0.0552657668180074,"Malawi","Neno","Neno Boma",31,727.7885194,1,"Adults",2117.4914522
"5",5,-0.0000000174754987027594,211.539908326112,260.303258637615,5.35242730373345,0.126836432965184,250.464535263286,0.00155344208087813,726.788519417476,6.286342394684,0.134445321944755,"Malawi","Neno","Neno Boma",31,727.7885194,1,"Adults",2117.4914522
"6",6,0.000000000334827193313875,143.997867079424,232.575310141707,6.92052261991676,0.227008744983377,344.064023171314,0.00378762931688106,726.788519399665,8.62629414463929,0.245560869534827,"Malawi","Neno","Neno Boma",31,727.7885194,1,"Adults",2117.4914522
"7",7,0.000000000805668713608744,98.0211716579129,196.01717290062,8.00952756032736,0.344275618406863,425.388952221473,0.00741942741152728,726.788519399195,10.653454288988,0.380616593175862,"Malawi","Neno","Neno Boma",31,727.7885194,1,"Adults",2117.4914522
"8",8,-0.00000000100532612183264,66.7242849523145,159.094257449915,8.64003713415117,0.469314091266454,492.848019312581,0.0126064478327506,726.788519401006,12.3290191327029,0.531061525024605,"Malawi","Neno","Neno Boma",31,727.7885194,1,"Adults",2117.4914522
"9",9,0.00000000601532781705466,45.420087299978,125.766543283464,8.88307600206173,0.594240494633317,547.105176638486,0.019395662512844,726.788519393985,13.6708481600665,0.68924206859739,"Malawi","Neno","Neno Boma",31,727.7885194,1,"Adults",2117.4914522
"10",10,0.000000232353426470809,30.9180424184807,97.5023078360327,8.82407091264293,0.713051080146502,589.803301609055,0.0277452990732919,726.788519167647,14.7212422270448,0.848949870936513,"Malawi","Neno","Neno Boma",31,727.7885194,1,"Adults",2117.4914522
"11",11,0.000000143309923553485,21.0463116956153,74.4657125106895,8.5448807798428,0.821581706998809,622.872483641753,0.0375489071530289,726.788519256691,15.5295124446738,1.00549938848076,"Malawi","Neno","Neno Boma",31,727.7885194,1,"Adults",2117.4914522
"12",12,0.000000959537376795649,14.3264954697486,56.1998951200814,8.11601692987752,0.917254856040741,648.180198702868,0.0486573483781045,726.788518440463,16.143191268059,1.15558260987627,"Malawi","Neno","Neno Boma",31,727.7885194,1,"Adults",2117.4914522
"13",13,0.00000313676961160656,9.75222647397758,42.006809500525,7.59435350665587,0.998759781198763,667.375469965079,0.0608970229526363,726.788516263231,16.6041412409569,1.29703848275874,"Malawi","Neno","Neno Boma",31,727.7885194,1,"Adults",2117.4914522
"14",14,0.0000000959261579978765,6.63846962694288,31.1478149997379,7.02359647872826,1.06573937372455,681.838814804393,0.0740840060447212,726.788519304074,16.9473298061543,1.42860901920078,"Malawi","Neno","Neno Boma",31,727.7885194,1,"Adults",2117.4914522
"15",15,0.0000000107826711355014,4.51888244222033,22.9407352976082,6.43596884970131,1.11851642449116,692.686381943073,0.0880344176202452,726.788519389218,17.2009658412002,1.5497163503197,"Malawi","Neno","Neno Boma",31,727.7885194,1,"Adults",2117.4914522
"16",16,0.0000000154192458624028,3.07606058997006,16.7991393530033,5.85426626784157,1.15787028607206,700.798611253148,0.102571620043101,726.788519384581,17.3872487592188,1.66027464280319,"Malawi","Neno","Neno Boma",31,727.7885194,1,"Adults",2117.4914522
"17",17,0.00000000535439587569163,2.09391353981248,12.2407338115999,5.29387251803091,1.18486254525672,706.857606082763,0.117530882680055,726.788519394646,17.5233317565355,1.76053861904889,"Malawi","Neno","Neno Boma",31,727.7885194,1,"Adults",2117.4914522
"18",18,0.00000000151695799040569,1.42535316966574,8.88063212060142,4.76453057661665,1.20070676822692,711.384534641151,0.132762107718345,726.788519398484,17.6222808051949,1.85098665362286,"Malawi","Neno","Neno Boma",31,727.7885194,1,"Adults",2117.4914522
"19",19,0.000000000711457027724441,0.970256406119567,6.41833223382348,4.27181368197705,1.20667430284378,714.773311625475,0.148131134547674,726.788519399289,17.6939357662056,1.93223296451846,"Malawi","Neno","Neno Boma",31,727.7885194,1,"Adults",2117.4914522
"20",20,0.0000000000772763102143828,0.660466101033598,4.62306434969452,3.81829868233821,1.20402877095986,717.319141448554,0.163520032840156,726.788519399923,17.7456386645621,2.00496354099849,"Malawi","Neno","Neno Boma",31,727.7885194,1,"Adults",2117.4914522
"21",21,0.000000000110735509235555,0.449587834406579,3.31989620095583,3.40447311900038,1.193982633267,719.241752891656,0.178826706100975,726.78851939989,17.7828255643335,2.06989076660109,"Malawi","Neno","Neno Boma",31,727.7885194,1,"Adults",2117.4914522
"22",22,-0.000000000104382557216374,0.306039463158046,2.37760178532396,3.02942022571694,1.17767016062905,720.703823698956,0.193964051817571,726.788519400105,17.8094952400332,2.12772227681306,"Malawi","Neno","Neno Boma",31,727.7885194,1,"Adults",2117.4914522
"23",23,-0.0000000000967801191725215,0.20832485335103,1.69858768273751,2.69132459719145,1.15613238025668,721.825291015478,0.208858856579378,726.788519400097,17.8285726821014,2.17914049344889,"Malawi","Neno","Neno Boma",31,727.7885194,1,"Adults",2117.4914522
"24",24,-0.0000000000826832029213597,0.141809291912939,1.21079160553308,2.38783868324792,1.13031043084043,722.694318816914,0.223450557131429,726.788519400083,17.8421872788133,2.22478991132104,"Malawi","Neno","Neno Boma",31,727.7885194,1,"Adults",2117.4914522
"25",25,-0.0000000000764235918618544,0.096531178141345,0.861328093753896,2.11634188657176,1.10104476278025,723.375583509061,0.237689955265385,726.788519400077,17.8518826336691,2.26527000389837,"Malawi","Neno","Neno Boma",31,727.7885194,1,"Adults",2117.4914522
"26",26,-0.0000000000699937975953477,0.0657099422591019,0.611589394661786,1.87411975254006,1.06907815481624,723.916484192233,0.251537949057207,726.788519400071,17.8587735414219,2.30113202543318,"Malawi","Neno","Neno Boma",31,727.7885194,1,"Adults",2117.4914522
"27",27,-0.0000000000658824778129766,0.0447295419622004,0.433519997751352,1.65848415596637,1.03506112298888,724.351760247603,0.264964319291043,726.788519400067,17.8636624568363,2.33287847572427,"Malawi","Neno","Neno Boma",31,727.7885194,1,"Adults",2117.4914522
"28",28,-0.0000000000631324957536523,0.0304479336328778,0.306812998854278,1.46685061926717,0.999558704590615,724.706902534869,0.277946594346446,726.788519400064,17.8671253158033,2.3609643241914,"Malawi","Neno","Neno Boma",31,727.7885194,1,"Adults",2117.4914522
"29",29,-0.0000000000612574888250279,0.0207262798191947,0.216822969720269,1.29678499217011,0.963057894441602,725.000658242862,0.290469006545513,726.788519400062,17.8695743611709,2.38579933425221,"Malawi","Neno","Neno Boma",31,727.7885194,1,"Adults",2117.4914522
"30",30,-0.000000000059967292833886,0.0141086214404152,0.153020395180708,1.14602873169484,0.925975243144611,725.246864849272,0.302521544824391,726.788519400061,17.8713039713842,2.40775102148309,"Malawi","Neno","Neno Boma",31,727.7885194,1,"Adults",2117.4914522
"31",31,-0.0000000000590736550316643,0.00960391290060244,0.107856639484401,1.01250939634344,0.888664299036775,725.455786034153,0.314099103638053,726.78851940006,17.8725238918454,2.42714792683547,"Malawi","Neno","Neno Boma",31,727.7885194,1,"Adults",2117.4914522
"32",32,-0.0000000000584521323937638,0.00653749578464325,0.0759337364178401,0.894341302592723,0.851422688485325,725.635083437607,0.325200724668379,726.788519400059,17.8733832739155,2.44428298275444,"Malawi","Neno","Neno Boma",31,727.7885194,1,"Adults",2117.4914522
"33",33,-0.000000000058018719592592,0.0044501537280325,0.0534006055428697,0.789819793711562,0.814498718753478,725.790521187874,0.335828925944799,726.788519400059,17.8739879839495,2.45941683002153,"Malawi","Neno","Neno Boma",31,727.7885194,1,"Adults",2117.4914522
"34",34,-0.0000000000577159894451271,0.00302925500074633,0.0375154633661171,0.697411622398332,0.778097443392685,725.926476489618,0.345989111778877,726.788519400058,17.8744130422581,2.47278099295735,"Malawi","Neno","Neno Boma",31,727.7885194,1,"Adults",2117.4914522
"35",35,-0.0000000000575043568361099,0.00206205433998172,0.0263302968092862,0.615743140729404,0.742386171139357,726.046308665888,0.355689056648706,726.788519400058,17.8747115198062,2.48458086034095,"Malawi","Neno","Neno Boma",31,727.7885194,1,"Adults",2117.4914522
"36",36,-0.0000000000573563501846466,0.00140367003058475,0.0184632196128096,0.543587525540454,0.707499424624649,726.152627090021,0.36493845572538,726.788519400058,17.8749209159511,2.49499844256077,"Malawi","Neno","Neno Boma",31,727.7885194,1,"Adults",2117.4914522
"37",37,-0.000000000057252834931709,0.000955496514278955,0.012935621098066,0.479851766844687,0.673543373489366,726.247484592243,0.373748535365007,726.788519400058,17.8750676884894,2.50419489688691,"Malawi","Neno","Neno Boma",31,727.7885194,1,"Adults",2117.4914522
"38",38,-0.0000000000571804497963672,0.000650419975005836,0.00905558693752373,0.423563965927583,0.640599773910206,726.332517921847,0.382131716957273,726.788519400058,17.8751704801149,2.51231282049957,"Malawi","Neno","Neno Boma",31,727.7885194,1,"Adults",2117.4914522
"39",39,-0.0000000000571298495100874,0.000442748511538636,0.00633453346448117,0.373861255377084,0.608729452640312,726.409050067453,0.390101328108009,726.788519400058,17.875242413313,2.51947831987773,"Malawi","Neno","Neno Boma",31,727.7885194,1,"Adults",2117.4914522
"40",40,-0.0000000000570944926303235,0.000301386898252799,0.00442790997775222,0.329978507706067,0.577975376493858,726.478164848914,0.397671355564416,726.788519400058,17.8752927144239,2.52580287009084,"Malawi","Neno","Neno Boma",31,727.7885194,1,"Adults",2117.4914522
"41",41,-0.000000000057069798782534,0.000205157145763391,0.00309303918575878,0.291237928825895,0.548365346231369,726.540761679269,0.404856234896044,726.788519400058,17.8753278640679,2.53138497852403,"Malawi","Neno","Neno Boma",31,727.7885194,1,"Adults",2117.4914522
"42",42,-0.0000000000570525604611654,0.000139651641292043,0.00215915561155575,0.25703955714411,0.519914354000353,726.597595994821,0.411670672335997,726.788519400058,17.8753524103309,2.5363116696821,"Malawi","Neno","Neno Boma",31,727.7885194,1,"Adults",2117.4914522
"43",43,-0.0000000000570405341800966,0.0000950647399999655,0.00150634282454212,0.226852659311379,0.492626637985196,726.649309185736,0.418129494956903,726.788519400058,17.8753695393515,2.54065980598879,"Malawi","Neno","Neno Boma",31,727.7885194,1,"Adults",2117.4914522
"44",44,-0.0000000000570321489434785,0.0000647190678575997,0.00105034156890424,0.200207968084374,0.4664974750999,726.696451356895,0.424247524838368,726.788519400058,17.8753814846488,2.54449726414125,"Malawi","Neno","Neno Boma",31,727.7885194,1,"Adults",2117.4914522
"45",45,-0.0000000000570263035978925,0.0000440549292045746,0.000731930237038903,0.176690724180294,0.44151473465248,726.739498466785,0.430039474769859,726.788519400058,17.8753898127723,2.54788397791837,"Malawi","Neno","Neno Boma",31,727.7885194,1,"Adults",2117.4914522
"46",46,-0.0000000000570222313349366,0.0000299858814808816,0.000509755991496121,0.155934462422788,0.417660218766026,726.778865099633,0.435519862859026,726.788519400058,17.8753956152071,2.55087286034636,"Malawi","Neno","Neno Boma",31,727.7885194,1,"Adults",2117.4914522
"47",47,-0.0000000000570193961982956,0.0000204112271804867,0.000354846622810453,0.137615473134119,0.394910823303929,726.814914888652,0.440702942613548,726.788519400058,17.8753996551433,2.55351062215897,"Malawi","Neno","Neno Boma",31,727.7885194,1,"Adults",2117.4914522
"48",48,-0.0000000000570174230733723,0.0000138931656400206,0.000246886523631016,0.121447862396565,0.373239538236031,726.847968558423,0.445602646809342,726.788519400058,17.8754024668721,2.55583849722549,"Malawi","Neno","Neno Boma",31,727.7885194,1,"Adults",2117.4914522
"49",49,-0.0000000000570160501808585,0.00000945446085608783,0.000171669501884398,0.10717914159556,0.35261631091316,726.878310266227,0.450232542855038,726.788519400058,17.8754044233177,2.55789288719669,"Malawi","Neno","Neno Boma",31,727.7885194,1,"Adults",2117.4914522
"50",50,-0.0000000000570150957407425,0.00000643405726591642,0.000119311874343751,0.0945864570589054,0.333008756489086,726.906192626115,0.454605799959425,726.788519400058,17.8754057834724,2.55970591111023,"Malawi","Neno","Neno Boma",31,727.7885194,1,"Adults",2117.4914522
"51",51,-0.0000000000570144328678576,0.0000043803274408135,0.0000829041896188254,0.0834730731384537,0.314382798950866,726.931841066274,0.458735162673312,726.788519400058,17.8754067281335,2.56130591682684,"Malawi","Neno","Neno Boma",31,727.7885194,1,"Adults",2117.4914522
"52",52,-0.0000000000570139723797568,0.00000298216468951933,0.0000575835033523849,0.0736652842160757,0.296703209880872,726.955457393416,0.46263293237328,726.788519400058,17.8754073843823,2.56271792909819,"Malawi","Neno","Neno Boma",31,727.7885194,1,"Adults",2117.4914522
"53",53,-0.0000000000570136525706336,0.0000020301461808611,0.000039979144636626,0.0650097598963711,0.279934047837862,726.977222612517,0.466310956012149,726.788519400058,17.8754078401504,2.56396403384683,"Malawi","Neno","Neno Boma",31,727.7885194,1,"Adults",2117.4914522
"54",54,-0.0000000000570134306021529,0.00000138222521094874,0.0000277476621990567,0.0573711621045232,0.264039035873544,726.997299438248,0.469780619440634,726.788519400058,17.8754081564849,2.56506372297164,"Malawi","Neno","Neno Boma",31,727.7885194,1,"Adults",2117.4914522
"55",55,-0.0000000000570132765685756,0.000000941057877912448,0.0000192512217992627,0.0506300379464637,0.24898187703969,727.015834433116,0.473052845172086,726.788519400058,17.8754083760039,2.56603419890654,"Malawi","Neno","Neno Boma",31,727.7885194,1,"Adults",2117.4914522
"56",56,-0.0000000000570131697137276,0.000000640660099769502,0.0000133514848643745,0.0446809585549931,0.234726515852927,727.03295982514,0.476138093860779,726.788519400058,17.8754085282871,2.56689064332592,"Malawi","Neno","Neno Boma",31,727.7885194,1,"Adults",2117.4914522
"57",57,-0.0000000000570130956211664,0.000000436180311185959,0.00000925681857908939,0.03943087503017,0.221237353523281,727.048795095203,0.479046368798511,726.788519400058,17.8754086338795,2.56764645439802,"Malawi","Neno","Neno Boma",31,727.7885194,1,"Adults",2117.4914522
"58",58,-0.0000000000570130442825279,0.00000029703901282075,0.00000641708378612335,0.0347976880202221,0.208479420789801,727.063448339871,0.481787222750358,726.788519400058,17.8754087070445,2.56831345310262,"Malawi","Neno","Neno Boma",31,727.7885194,1,"Adults",2117.4914522
"59",59,-0.0000000000570130087141998,0.000000202329881797495,0.0000044479724952104,0.0307089170371194,0.196418524714071,727.077017526348,0.484369767152977,726.788519400058,17.8754087577346,2.56890207507859,"Malawi","Neno","Neno Boma",31,727.7885194,1,"Adults",2117.4914522
"60",60,-0.0000000000570129840279195,0.00000013768363154983,0.00000308021867801074,0.0271005653260989,0.185021359533963,727.089591559908,0.486802682883912,726.788519400058,17.8754087929161,2.56942153422662,"Malawi","Neno","Neno Boma",31,727.7885194,1,"Adults",2117.4914522
"61",61,-0.0000000000570129669284448,0.0000000936650752249144,0.00000213205467687282,0.0239161890248548,0.174255583687895,727.101251155206,0.489094231915454,726.788519400058,17.8754088172854,2.56987995681503,"Malawi","Neno","Neno Boma",31,727.7885194,1,"Adults",2117.4914522
"62",62,-0.0000000000570129551063911,0.0000000637694389713565,0.00000147598548308042,0.0211059801958784,0.164089890051864,727.112069705601,0.491252269950824,726.788519400058,17.8754088341336,2.57028451360992,"Malawi","Neno","Neno Boma",31,727.7885194,1,"Adults",2117.4914522
"63",63,-0.000000000057012946917371,0.0000000433918473837157,0.0000010212019084821,0.0186259743698886,0.154494053339773,727.122114033199,0.49328426005127,726.788519400058,17.8754088458041,2.57064153402215,"Malawi","Neno","Neno Boma",31,727.7885194,1,"Adults",2117.4914522
"64",64,-0.0000000000570129412536806,0.0000000295301581726131,0.000000706432573714318,0.0164373734133632,0.145438958706472,727.131445030768,0.495197286703293,726.788519400058,17.8754088538757,2.57095660361278,"Malawi","Neno","Neno Boma",31,727.7885194,1,"Adults",2117.4914522
"65",65,-0.0000000000570129373389267,0.000000020110301030984,0.000000488702005304771,0.0145059374317765,0.136896619545302,727.140118249698,0.496998070066162,726.788519400058,17.8754088594548,2.57123465167621,"Malawi","Neno","Neno Boma",31,727.7885194,1,"Adults",2117.4914522
"66",66,-0.000000000057012934628443,0.0000000136829219762938,0.000000337855751662451,0.012801449404698,0.128840183802655,727.148184420386,0.49869298042172,726.788519400058,17.8754088633177,2.57148002833102,"Malawi","Neno","Neno Boma",31,727.7885194,1,"Adults",2117.4914522
"67",67,-0.0000000000570129327556343,0.00000000931282939617681,0.000000233557631011386,0.011297242775731,0.121243931106067,727.155689916154,0.500288052647497,726.788519400058,17.8754088659867,2.57169657253863,"Malawi","Neno","Neno Boma",31,727.7885194,1,"Adults",2117.4914522
"68",68,-0.0000000000570129314616006,0.00000000634202289430813,0.000000161443170595214,0.0099697842149009,0.11408326242034,727.162677170539,0.501789000594447,726.788519400058,17.8754088678309,2.57188767218275,"Malawi","Neno","Neno Boma",31,727.7885194,1,"Adults",2117.4914522
"69",69,-0.0000000000570129305664289,0.00000000431433437333695,0.000000111529236362485,0.00879830552830017,0.107334683444233,727.169185049441,0.503201231296395,726.788519400058,17.8754088691066,2.57205631706515,"Malawi","Neno","Neno Boma",31,727.7885194,1,"Adults",2117.4914522
"70",70,-0.000000000057012929948504,0.00000000293690621453928,0.000000077052067789719,0.00776447877021034,0.10097578299165,727.17524918487,0.504529858933364,726.788519400058,17.8754088699873,2.57220514568038,"Malawi","Neno","Neno Boma",31,727.7885194,1,"Adults",2117.4914522
"71",71,-0.0000000000570129295216583,0.00000000199997230606963,0.0000000532216175370859,0.00685212953643024,0.0949852073586655,727.180902274945,0.505779718492347,726.788519400058,17.8754088705956,2.57233648649437,"Malawi","Neno","Neno Boma",31,727.7885194,1,"Adults",2117.4914522
"72",72,-0.0000000000570129292266536,0.00000000136034494449557,0.0000000367438367161992,0.00604698392880798,0.0893426315439779,727.186174352897,0.506955379080269,726.788519400058,17.875408871016,2.57245239437294,"Malawi","Neno","Neno Boma",31,727.7885194,1,"Adults",2117.4914522
"73",73,-0.0000000000570129290231623,0.00000000092622906149277,0.0000000253705322899605,0.00533644524960964,0.0840287280672219,727.191093029087,0.508061156853562,726.788519400058,17.875408871306,2.5725546827302,"Malawi","Neno","Neno Boma",31,727.7885194,1,"Adults",2117.4914522
"74",74,-0.0000000000570129288826292,0.000000000630679899349339,0.0000000175117621569412,0.00470939693612993,0.0790251340166475,727.195683708921,0.509101127537979,726.788519400058,17.8754088715063,2.57264495189934,"Malawi","Neno","Neno Boma",31,727.7885194,1,"Adults",2117.4914522
"75",75,-0.0000000000570129287856001,0.000000000428927620197759,0.0000000120834732124485,0.00415602864315657,0.0743144168642058,727.199969789015,0.510079138519535,726.788519400058,17.8754088716446,2.57272461417015,"Malawi","Neno","Neno Boma",31,727.7885194,1,"Adults",2117.4914522
"76",76,-0.0000000000570129287187027,0.000000000292119760426264,0.0000000083386177573304,0.00366768276257604,0.0698800395016619,727.203972834165,0.510998820493827,726.788519400058,17.8754088717399,2.5727949158845,"Malawi","Neno","Neno Boma",31,727.7885194,1,"Adults",2117.4914522
"77",77,-0.0000000000570129286725163,0.000000000198872890774946,0.00000000575193116359892,0.0032367189763902,0.0657063248799037,727.207712737081,0.51186359866632,726.788519400058,17.8754088718057,2.57285695693555,"Malawi","Neno","Neno Boma",31,727.7885194,1,"Adults",2117.4914522
"78",78,-0.00000000005701292864066,0.000000000135245906795768,0.00000000396712201074626,0.0028563947229699,0.0617784205711409,727.211207862657,0.512676703500614,726.788519400058,17.8754088718511,2.57291170797587,"Malawi","Neno","Neno Boma",31,727.7885194,1,"Adults",2117.4914522
"79",79,-0.0000000000570129286187017,0.0000000000921333614808173,0.00000000273612496181778,0.00252075970953811,0.0580822635192865,727.214475178482,0.513441181015476,726.788519400058,17.8754088718824,2.57296002560354,"Malawi","Neno","Neno Boma",31,727.7885194,1,"Adults",2117.4914522
"80",80,-0.0000000000570129286035479,0.0000000000627076175996184,0.00000000188626511443303,0.00222456281901753,0.0546045451973748,727.217530372954,0.514159902634462,726.788519400058,17.875408871904,2.57300266576387,"Malawi","Neno","Neno Boma",31,727.7885194,1,"Adults",2117.4914522
"81",81,-0.0000000000570129285931060,0.0000000000426457996798183,0.00000000130044482750591,0.00196316995513703,0.051332677350468,727.220387962311,0.514835574594515,726.788519400058,17.8754088719189,2.57304029557634,"Malawi","Neno","Neno Boma",31,727.7885194,1,"Adults",2117.4914522
"82",82,-0.0000000000570129285859087,0.000000000029059128555056,0.000000000896409433453313,0.00173249154117437,0.0482547584677882,727.223061387698,0.515470746921951,726.788519400058,17.8754088719292,2.57307350377194,"Malawi","Neno","Neno Boma",31,727.7885194,1,"Adults",2117.4914522
"83",83,-0.0000000000570129285809447,0.0000000000197715189955835,0.000000000617666894366425,0.00152891853746907,0.0453595410981199,727.225563103295,0.516067821985902,726.788519400058,17.8754088719362,2.57310280990398,"Malawi","Neno","Neno Boma",31,727.7885194,1,"Adults",2117.4914522
"84",84,-0.0000000000570129285775271,0.0000000000134476990532381,0.000000000425685463277569,0.00134926597702257,0.0426364000969824,727.2279046564,0.516629062640566,726.788519400058,17.8754088719411,2.57312867247673,"Malawi","Neno","Neno Boma",31,727.7885194,1,"Adults",2117.4914522
"85",85,-0.000000000057012928575171,0.00000000000916541151760843,0.000000000293259343250644,0.00119072313585676,0.0400753018723108,727.230096760275,0.517156599968591,726.788519400058,17.8754088719445,2.57315149611882,"Malawi","Neno","Neno Boma",31,727.7885194,1,"Adults",2117.4914522
"86",86,-0.0000000000570129285735475,0.000000000006233524314138,0.000000000201985748430519,0.0010508095583746,0.0376667746768873,727.232149360472,0.517652440638672,726.788519400058,17.8754088719468,2.57317163791378,"Malawi","Neno","Neno Boma",31,727.7885194,1,"Adults",2117.4914522
"87",87,-0.0000000000570129285724303,0.00000000000424077942945357,0.000000000139157364283125,0.00092733624663743,0.0354018799774401,727.234071695295,0.518118473891559,726.788519400058,17.8754088719484,2.57318941298726,"Malawi","Neno","Neno Boma",31,727.7885194,1,"Adults",2117.4914522
"88",88,-0.0000000000570129285716602,0.00000000000289205789263539,0.0000000000958188887458186,0.000818371368731194,0.0332721848583156,727.235872351046,0.51855647818203,726.788519400058,17.8754088719495,2.57320509944353,"Malawi","Neno","Neno Boma",31,727.7885194,1,"Adults",2117.4914522
"89",89,-0.0000000000570129285711297,0.00000000000196659445472423,0.0000000000659643905534802,0.000722209838919916,0.0312697354732488,727.237559312681,0.518968127493077,726.788519400058,17.8754088719502,2.57321894274477,"Malawi","Neno","Neno Boma",31,727.7885194,1,"Adults",2117.4914522
"90",90,-0.0000000000570129285707647,0.00000000000133659975615985,0.0000000000454175000231141,0.000637347424117292,0.0293870323500227,727.239140008594,0.519354997138782,726.788519400058,17.8754088719507,2.57323115943862,"Malawi","Neno","Neno Boma",31,727.7885194,1,"Adults",2117.4914522
"91",91,-0.0000000000570129285705135,0.00000000000091070633200768,0.0000000000312651425799276,0.000562456677644283,0.0276170057978311,727.240621353554,0.519718569492513,726.788519400058,17.8754088719511,2.57324194062277,"Malawi","Neno","Neno Boma",31,727.7885194,1,"Adults",2117.4914522
"92",92,-0.0000000000570129285703406,0.000000000000619921108340808,0.0000000000215218431022767,0.000496365880013557,0.025952992514058,727.242009787756,0.520060239381862,726.788519400058,17.8754088719513,2.57325145497657,"Malawi","Neno","Neno Boma",31,727.7885194,1,"Adults",2117.4914522
"93",93,-0.0000000000570129285702216,0.000000000000421781564528597,0.0000000000148151902318201,0.000438041001109213,0.0243887136850324,727.243311311763,0.520381319089784,726.788519400058,17.8754088719515,2.57325985135781,"Malawi","Neno","Neno Boma",31,727.7885194,1,"Adults",2117.4914522
"94",94,-0.0000000000570129285701396,0.000000000000287311009051959,0.0000000000101957904994623,0.000386569517907345,0.022918253966078,727.244531518938,0.520683043121665,726.788519400058,17.8754088719516,2.57326726113222,"Malawi","Neno","Neno Boma",31,727.7885194,1,"Adults",2117.4914522
"95",95,-0.0000000000570129285700833,0.000000000000195609102110632,0.00000000000701607642597776,0.000341146129660264,0.0215360414515496,727.245675625251,0.520966572714512,726.788519400058,17.8754088719517,2.57327380022997,"Malawi","Neno","Neno Boma",31,727.7885194,1,"Adults",2117.4914522
"96",96,-0.0000000000570129285700445,0.000000000000133127551450259,0.00000000000482793181453342,0.00030106016221592,0.0202368286237962,727.246748496667,0.521233000096644,726.788519400058,17.8754088719518,2.57327957095887,"Malawi","Neno","Neno Boma",31,727.7885194,1,"Adults",2117.4914522
"97",97,-0.0000000000570129285700178,0.0000000000000906587949775357,0.00000000000332148990851364,0.000265684448372439,0.0190156742502418,727.247754674342,0.521483352510422,726.788519400058,17.8754088719518,2.57328466360518,"Malawi","Neno","Neno Boma",31,727.7885194,1,"Adults",2117.4914522
"98",98,-0.0000000000570129285699994,0.0000000000000617236149822023,0.00000000000228487408178775,0.000234465515413417,0.0178679261949712,727.248698397832,0.521718596009862,726.788519400058,17.8754088719518,2.57328915784618,"Malawi","Neno","Neno Boma",31,727.7885194,1,"Adults",2117.4914522
"99",99,-0.0000000000570129285699868,0.0000000000000420142305372643,0.00000000000157172531403775,0.000206914925783273,0.0167892051108866,727.249583626471,0.521939639044567,726.788519400058,17.8754088719518,2.57329312399678,"Malawi","Neno","Neno Boma",31,727.7885194,1,"Adults",2117.4914522
"100",100,-0.0000000000570129285699781,0.0000000000000286074292562687,0.0000000000010809752125189,0.000182601635194303,0.0157753889780206,727.250414059099,0.522147335841019,726.788519400058,17.8754088719519,2.5732966241096,"Malawi","Neno","Neno Boma",31,727.7885194,1,"Adults",2117.4914522
"101",101,-0.0000000000570129285699721,0.0000000000000194768866574792,0.000000000000743380714886054,0.00016114524870034,0.0148225984533917,727.25119315226,0.522342489591773,726.788519400058,17.8754088719519,2.57329971294585,"Malawi","Neno","Neno Boma",31,727.7885194,1,"Adults",2117.4914522
"102",102,-0.000000000057012928569968,0.0000000000000132587806996992,0.000000000000511193091687552,0.000142210069707231,0.013927182999193,727.251924137022,0.522525855462462,726.788519400058,17.8754088719519,2.57330243883203,"Malawi","Neno","Neno Boma",31,727.7885194,1,"Adults",2117.4914522
"103",103,-0.0000000000570129285699652,0.00000000000000902988230807434,0.000000000000351557025021352,0.00012549992602379,0.0130857079614703,727.252610034284,0.522698143381893,726.788519400058,17.8754088719519,2.57330484440473,"Malawi","Neno","Neno Boma",31,727.7885194,1,"Adults",2117.4914522
"104",104,-0.0000000000570129285699632,0.00000000000000615104622018296,0.000000000000241803523272093,0.000110753359846755,0.0122949417208992,727.253253669666,0.522860020806735,726.788519400058,17.8754088719519,2.57330696730311,"Malawi","Neno","Neno Boma",31,727.7885194,1,"Adults",2117.4914522
"105",105,-0.0000000000570129285699619,0.00000000000000418516582425318,0.000000000000166172350141812,0.0000977395266091087,0.0115518438759019,727.253857686897,0.523012115254611,726.788519400058,17.8754088719519,2.5733088407593,"Malawi","Neno","Neno Boma",31,727.7885194,1,"Adults",2117.4914522
"106",106,-0.000000000057012928569961,0.0000000000000028473069382065,0.000000000000114157486703715,0.0000862548339456102,0.0108535547261,727.254424559444,0.523155016549952,726.788519400058,17.8754088719519,2.57331049408219,"Malawi","Neno","Neno Boma",31,727.7885194,1,"Adults",2117.4914522
"107",107,-0.0000000000570129285699603,0.00000000000000193852215288866,0.0000000000000784643305453027,0.0000761196298674378,0.0101973845707472,727.254956602247,0.523289279106183,726.788519400058,17.8754088719519,2.57331195313429,"Malawi","Neno","Neno Boma",31,727.7885194,1,"Adults",2117.4914522
"108",108,-0.0000000000570129285699599,0.000000000000001318903455891,0.0000000000000539048459006172,0.0000671753419982918,0.00958080366630674,727.255455982486,0.52341542406008,726.788519400058,17.8754088719519,2.57331324074349,"Malawi","Neno","Neno Boma",31,727.7885194,1,"Adults",2117.4914522
"109",109,-0.0000000000570129285699596,0.000000000000000897516435390888,0.0000000000000370270998823593,0.0000592820310660676,0.00900143291515226,727.255924729363,0.523533941244684,726.788519400058,17.8754088719519,2.57331437705528,"Malawi","Neno","Neno Boma",31,727.7885194,1,"Adults",2117.4914522
"110",110,-0.0000000000570129285699594,0.000000000000000611068105736174,0.0000000000000254417296610152,0.0000523161826580918,0.00845703500110225,727.256364743306,0.523645291063986,726.788519400058,17.8754088719519,2.57331537985065,"Malawi","Neno","Neno Boma",31,727.7885194,1,"Adults",2117.4914522
"111",111,-0.0000000000570129285699593,0.000000000000000415877841268394,0.0000000000000174766979168769,0.0000461688313243986,0.00794550627626516,727.256777804242,0.52374990620445,726.788519400058,17.8754088719519,2.57331626481615,"Malawi","Neno","Neno Boma",31,727.7885194,1,"Adults",2117.4914522
"112",112,-0.0000000000570129285699592,0.000000000000000283099078542476,0.0000000000000120052730105927,0.0000407438180164721,0.00746486877917904,727.257165579641,0.523848193315825,726.788519400058,17.8754088719519,2.57331704579471,"Malawi","Neno","Neno Boma",31,727.7885194,1,"Adults",2117.4914522
"113",113,-0.0000000000570129285699591,0.000000000000000192770923642205,0.00000000000000824785905782383,0.0000359562645079012,0.00701326274596943,727.257529631959,0.523940534584911,726.788519400058,17.8754088719519,2.5733177350053,"Malawi","Neno","Neno Boma",31,727.7885194,1,"Adults",2117.4914522
"114",114,-0.0000000000570129285699591,0.000000000000000131229718631418,0.00000000000000566532407629772,0.0000317312666518982,0.00658893969463367,727.257871425407,0.524027289185886,726.788519400058,17.8754088719519,2.57331834323104,"Malawi","Neno","Neno Boma",31,727.7885194,1,"Adults",2117.4914522
"115",115,-0.000000000057012928569959,0.0000000000000000893390770852382,0.00000000000000389107778720271,0.0000280027221600101,0.0061902558511023,727.258192332324,0.524108794656911,726.788519400058,17.8754088719519,2.57331887998793,"Malawi","Neno","Neno Boma",31,727.7885194,1,"Adults",2117.4914522
"116",116,-0.000000000057012928569959,0.0000000000000000608293062699126,0.00000000000000267249928947403,0.0000247122958231648,0.00581566594922175,727.258493639113,0.524185368196341,726.788519400058,17.8754088719519,2.57331935367385,"Malawi","Neno","Neno Boma",31,727.7885194,1,"Adults",2117.4914522
"117",117,-0.000000000057012928569959,0.0000000000000000414117777097643,0.00000000000000183530348667223,0.0000218085070916306,0.00546371738987678,727.258776551775,0.524257307882026,726.788519400058,17.8754088719519,2.57331977169987,"Malawi","Neno","Neno Boma",31,727.7885194,1,"Adults",2117.4914522
"118",118,-0.000000000057012928569959,0.0000000000000000281928702858227,0.00000000000000126026397357295,0.0000192459246464258,0.00513304473938081,727.259042201072,0.524324893818203,726.788519400058,17.8754088719519,2.57332014060624,"Malawi","Neno","Neno Boma",31,727.7885194,1,"Adults",2117.4914522
"119",119,-0.000000000057012928569959,0.0000000000000000192002262075687,0.000000000000000865572807535862,0.000016984466179393,0.00482236462957041,727.259291647261,0.524388389197275,726.788519400058,17.8754088719519,2.57332046616315,"Malawi","Neno","Neno Boma",31,727.7885194,1,"Adults",2117.4914522
"120",120,-0.000000000057012928569959,0.000000000000000013078489940552,0.000000000000000594570520486515,0.0000149887474369147,0.00453047070879219,727.259525884748,0.524448041349762,726.788519400058,17.8754088719519,2.57332075346448,"Malawi","Neno","Neno Boma",31,727.7885194,1,"Adults",2117.4914522
"121",121,-0.000000000057012928569959,0.00000000000000000889938814512345,0.000000000000000408039589537252,0.0000132275271914776,0.004256229020128,727.259745846302,0.5245040827042,726.788519400058,17.8754088719519,2.57332100700768,"Malawi","Neno","Neno Boma",31,727.7885194,1,"Adults",2117.4914522
"122",122,-0.000000000057012928569959,0.00000000000000000605426855694626,0.000000000000000279955780099705,0.0000116732523778107,0.00399857390753999,727.259952406758,0.524556731636317,726.788519400058,17.8754088719519,2.57332123075926,"Malawi","Neno","Neno Boma",31,727.7885194,1,"Adults",2117.4914522
"123",123,-0.000000000057012928569959,0.00000000000000000412181201850065,0.0000000000000001921798383559,0.0000103016098888881,0.00375650385724579,727.260146386756,0.524606193331237,726.788519400058,17.8754088719519,2.57332142821931,"Malawi","Neno","Neno Boma",31,727.7885194,1,"Adults",2117.4914522
"124",124,-0.000000000057012928569959,0.00000000000000000280459199448251,0.000000000000000131855485334843,0.00000909113944769024,0.00352907761212036,727.260328556214,0.52465266058815,726.788519400058,17.8754088719519,2.57332160247722,"Malawi","Neno","Neno Boma",31,727.7885194,1,"Adults",2117.4914522
"125",125,-0.000000000057012928569959,0.00000000000000000190873709092462,0.000000000000000090476609788103,0.00000802290297200056,0.00331541059022567,727.260499637499,0.524696314561226,726.788519400058,17.8754088719519,2.57332175625929,"Malawi","Neno","Neno Boma",31,727.7885194,1,"Adults",2117.4914522
"126",126,-0.000000000057012928569959,0.000000000000000001299842711827,0.0000000000000000621073834416111,0.00000708018755208186,0.00311467149322135,727.260660308412,0.524737325460774,726.788519400058,17.8754088719519,2.57332189197149,"Malawi","Neno","Neno Boma",31,727.7885194,1,"Adults",2117.4914522
"127",127,-0.000000000057012928569959,0.000000000000000000884385424903581,0.0000000000000000426020908323993,0.00000624824404011557,0.00292607911463046,727.260811204983,0.524775853212561,726.788519400058,17.8754088719519,2.57332201173711,"Malawi","Neno","Neno Boma",31,727.7885194,1,"Adults",2117.4914522
"128",128,-0.000000000057012928569959,0.000000000000000000601957416084483,0.0000000000000000292297247412496,0.00000551405641613977,0.00274889933724426,727.260952924083,0.524812048077598,726.788519400058,17.8754088719519,2.5733221174299,"Malawi","Neno","Neno Boma",31,727.7885194,1,"Adults",2117.4914522
"129",129,-0.000000000057012928569959,0.000000000000000000409917547747782,0.0000000000000000200596846773734,0.00000486613806470249,0.00258244230846369,727.261086025872,0.524846051234819,726.788519400058,17.8754088719519,2.57332221070346,"Malawi","Neno","Neno Boma",31,727.7885194,1,"Adults",2117.4914522
"130",130,-0.000000000057012928569959,0.000000000000000000278854271949253,0.0000000000000000137560044449769,0.00000429435208403783,0.00242605978351182,727.261211036089,0.524877995328773,726.788519400058,17.8754088719519,2.5733222930171,"Malawi","Neno","Neno Boma",31,727.7885194,1,"Adults",2117.4914522
"131",131,-0.000000000057012928569959,0.00000000000000000018983512502858,0.00000000000000000943752618691844,0.00000378975269044384,0.00227914262666162,727.26132844819,0.524908004984438,726.788519400058,17.8754088719519,2.57332236565864,"Malawi","Neno","Neno Boma",31,727.7885194,1,"Adults",2117.4914522
"132",132,-0.000000000057012928569959,0.000000000000000000129267156891643,0.00000000000000000647515398718017,0.00000334444525587667,0.00214111846125756,727.261438725356,0.524936197291114,726.788519400058,17.8754088719519,2.57332242976458,"Malawi","Neno","Neno Boma",31,727.7885194,1,"Adults",2117.4914522
"133",133,-0.000000000057012928569959,0.0000000000000000000879255251973908,0.00000000000000000443936968330987,0.00000295146279538039,0.00201144945982146,727.261542302374,0.524962682257224,726.788519400058,17.8754088719519,2.57332248633787,"Malawi","Neno","Neno Boma",31,727.7885194,1,"Adults",2117.4914522
"134",134,-0.000000000057012928569959,0.0000000000000000000598696658429624,0.00000000000000000304554653931818,0.00000260465696582683,0.00188963026602517,727.261639587393,0.52498756323777,726.788519400058,17.8754088719519,2.57332253626363,"Malawi","Neno","Neno Boma",31,727.7885194,1,"Adults",2117.4914522
"135",135,-0.000000000057012928569959,0.0000000000000000000407631991559255,0.00000000000000000208898739295777,0.00000229860187302243,0.00177518604077831,727.261730963575,0.525010937336079,726.788519400058,17.8754088719519,2.57332258032296,"Malawi","Neno","Neno Boma",31,727.7885194,1,"Adults",2117.4914522
"136",136,-0.000000000057012928569959,0.0000000000000000000277238712349873,0.00000000000000000143195254666434,0.00000202850918181752,0.00166767062512115,727.261816790638,0.525032895781361,726.788519400058,17.8754088719519,2.57332261920519,"Malawi","Neno","Neno Boma",31,727.7885194,1,"Adults",2117.4914522
"137",137,-0.000000000057012928569959,0.0000000000000000000188820898346799,0.00000000000000000098231314183879,0.0000017901532009576,0.00156666481303118,727.261897406304,0.525053524283536,726.788519400058,17.8754088719519,2.57332265351864,"Malawi","Neno","Neno Boma",31,727.7885194,1,"Adults",2117.4914522
"138",138,-0.000000000057012928569959,0.0000000000000000000128537447252523,0.000000000000000000673580703742178,0.00000157980477072675,0.00147177472764736,727.261973127655,0.525072903366694,726.788519400058,17.8754088719519,2.57332268380015,"Malawi","Neno","Neno Boma",31,727.7885194,1,"Adults",2117.4914522
"139",139,-0.000000000057012928569959,0.00000000000000000000874177260767228,0.000000000000000000461665368644907,0.00000139417291898598,0.00138263029479054,727.262044252404,0.525091108682452,726.788519400058,17.8754088719519,2.5733227105235,"Malawi","Neno","Neno Boma",31,727.7885194,1,"Adults",2117.4914522
"140",140,-0.000000000057012928569959,0.00000000000000000000595531937068163,0.000000000000000000316679033588486,0.00000123035337280296,0.00129888380801257,727.262111060088,0.525108211304435,726.788519400058,17.8754088719519,2.57332273410677,"Malawi","Neno","Neno Boma",31,727.7885194,1,"Adults",2117.4914522
"141",141,-0.000000000057012928569959,0.00000000000000000000405293372017089,0.000000000000000000217081410255722,0.00000108578312012301,0.0012202085797409,727.262173813186,0.525124278004993,726.788519400058,17.8754088719519,2.57332275491893,"Malawi","Neno","Neno Boma",31,727.7885194,1,"Adults",2117.4914522
"142",142,-0.000000000057012928569959,0.00000000000000000000275649689636424,0.000000000000000000148774466696205,0.00000095820030721484,0.00114629767328883,727.262232758165,0.525139371515253,726.788519400058,17.8754088719519,2.5733227732856,"Malawi","Neno","Neno Boma",31,727.7885194,1,"Adults",2117.4914522
"143",143,-0.000000000057012928569959,0.00000000000000000000187857288208362,0.000000000000000000102053642749219,0.000000845608805643711,0.0010768627086024,727.262288126467,0.525153550769983,726.788519400058,17.8754088719519,2.57332278949414,"Malawi","Neno","Neno Boma",31,727.7885194,1,"Adults",2117.4914522
"144",144,-0.000000000057012928569959,0.00000000000000000000127822521280742,0.0000000000000000000699353646741733,0.0000007462467799444,0.0010116327363806,727.262340135432,0.525166871138378,726.788519400058,17.8754088719519,2.57332280379818,"Malawi","Neno","Neno Boma",31,727.7885194,1,"Adults",2117.4914522
"145",145,-0.000000000057012928569959,0.000000000000000000000869027782996764,0.000000000000000000047908017971101,0.000000658559932250696,0.000950353212301392,727.262388989147,0.525179384634266,726.788519400058,17.8754088719519,2.57332281642148,"Malawi","Neno","Neno Boma",31,727.7885194,1,"Adults",2117.4914522
"146",146,-0.000000000057012928569959,0.000000000000000000000591939693593936,0.000000000000000000032850245240176,0.000000581176635044201,0.0008927849909173,727.262434879264,0.525191140122251,726.788519400058,17.8754088719519,2.57332282756149,"Malawi","Neno","Neno Boma",31,727.7885194,1,"Adults",2117.4914522
"147",147,-0.000000000057012928569959,0.000000000000000000000403021417034507,0.0000000000000000000225188908824261,0.000000512886171022337,0.000838703385042027,727.262477985772,0.525202183510387,726.788519400058,17.8754088719519,2.5733228373925,"Malawi","Neno","Neno Boma",31,727.7885194,1,"Adults",2117.4914522
"148",148,-0.000000000057012928569959,0.000000000000000000000274237844141118,0.0000000000000000000154324561969932,0.000000452620094922979,0.000787897300225183,727.262518477706,0.525212557927432,726.788519400058,17.8754088719519,2.57332284606834,"Malawi","Neno","Neno Boma",31,727.7885194,1,"Adults",2117.4914522
"149",149,-0.000000000057012928569959,0.0000000000000000000001867680384792,0.000000000000000000010579843942072,0.000000399435512650674,0.000740168414113135,727.262556513813,0.525222303890886,726.788519400058,17.8754088719519,2.57332285372473,"Malawi","Neno","Neno Boma",31,727.7885194,1,"Adults",2117.4914522
"150",150,-0.000000000057012928569959,0.000000000000000000000127166985105537,0.00000000000000000000725177364086562,0.000000352500321021824,0.00069533040462961,727.262592243184,0.525231459464996,726.788519400058,17.8754088719519,2.57332286048146,"Malawi","Neno","Neno Boma",31,727.7885194,1,"Adults",2117.4914522
"151",151,-0.000000000057012928569959,0.0000000000000000000000865529709331743,0.00000000000000000000496967056941358,0.000000311080192864674,0.000653208224754451,727.26262580584,0.525240060409206,726.788519400058,17.8754088719519,2.57332286644426,"Malawi","Neno","Neno Boma",31,727.7885194,1,"Adults",2117.4914522
"152",152,-0.000000000057012928569959,0.0000000000000000000000589356019262306,0.00000000000000000000340621296201278,0.000000274527087281933,0.000613637421001243,727.262657333288,0.525248140317629,726.788519400058,17.8754088719519,2.5733228717064,"Malawi","Neno","Neno Boma",31,727.7885194,1,"Adults",2117.4914522
"153",153,-0.000000000057012928569959,0.0000000000000000000000401268182484846,0.00000000000000000000233438705443263,0.000000242269110601253,0.000576463493000873,727.262686949042,0.525255730750099,726.788519400058,17.8754088719519,2.57332287635022,"Malawi","Neno","Neno Boma",31,727.7885194,1,"Adults",2117.4914522
"154",154,-0.000000000057012928569959,0.0000000000000000000000273147801505175,0.00000000000000000000159964620226346,0.000000213801568845492,0.000541541291720323,727.262714769106,0.525262861355292,726.788519400058,17.8754088719519,2.57332288044837,"Malawi","Neno","Neno Boma",31,727.7885194,1,"Adults",2117.4914522
"155",155,-0.000000000057012928569959,0.0000000000000000000000185975803571077,0.00000000000000000000109621069987872,0.000000188679071497757,0.000508734453994841,727.262740902435,0.525269559986405,726.788519400058,17.8754088719519,2.57332288406498,"Malawi","Neno","Neno Boma",31,727.7885194,1,"Adults",2117.4914522
"156",156,-0.000000000057012928569959,0.0000000000000000000000126620349706848,0.000000000000000000000751166895503601,0.00000016650856311992,0.000477914871190703,727.262765451364,0.525275852809838,726.788519400058,17.8754088719519,2.57332288725662,"Malawi","Neno","Neno Boma",31,727.7885194,1,"Adults",2117.4914522
"157",157,-0.000000000057012928569959,0.00000000000000000000000861980420194145,0.000000000000000000000514689449456054,0.000000146943173782737,0.000448962189945899,727.262788512014,0.525281764407308,726.788519400058,17.8754088719519,2.57332289007323,"Malawi","Neno","Neno Boma",31,727.7885194,1,"Adults",2117.4914522
"158",158,-0.000000000057012928569959,0.00000000000000000000000586866287209799,0.000000000000000000000352657855229036,0.000000129676792092628,0.00042176334305864,727.262810174662,0.52528731787178,726.788519400058,17.8754088719519,2.57332289255888,"Malawi","Neno","Neno Boma",31,727.7885194,1,"Adults",2117.4914522
"159",159,-0.000000000057012928569959,0.00000000000000000000000399557392014725,0.000000000000000000000241624275550614,0.000000114439275908781,0.000396212108708974,727.262830524108,0.525292534897597,726.788519400058,17.8754088719519,2.57332289475245,"Malawi","Neno","Neno Boma",31,727.7885194,1,"Adults",2117.4914522
"160",160,-0.000000000057012928569959,0.00000000000000000000000272012899948558,0.000000000000000000000165539868102532,0.000000100992225819184,0.000372208696307346,727.26284964,0.525297435865162,726.788519400058,17.8754088719519,2.57332289668827,"Malawi","Neno","Neno Boma",31,727.7885194,1,"Adults",2117.4914522
"161",161,-0.000000000057012928569959,0.00000000000000000000000185192518979813,0.000000000000000000000113411054119158,0.0000000891252552492818,0.000349659357366064,727.262867597151,0.525302039920489,726.788519400058,17.8754088719519,2.57332289839663,"Malawi","Neno","Neno Boma",31,727.7885194,1,"Adults",2117.4914522
"162",162,-0.000000000057012928569959,0.00000000000000000000000126083638978126,0.0000000000000000000000776944086522412,0.0000000786526988470508,0.000328476019885766,727.262884465831,0.525306365049945,726.788519400058,17.8754088719519,2.57332289990425,"Malawi","Neno","Neno Boma",31,727.7885194,1,"Adults",2117.4914522
"163",163,-0.000000000057012928569959,0.000000000000000000000000858376273285182,0.0000000000000000000000532235431018387,0.0000000694107076453474,0.000308575944839356,727.262900312048,0.525310428150468,726.788519400058,17.8754088719519,2.57332290123471,"Malawi","Neno","Neno Boma",31,727.7885194,1,"Adults",2117.4914522
"164",164,-0.000000000057012928569959,0.000000000000000000000000584397237453866,0.00000000000000000000003645900926351,0.0000000612546855537245,0.000289881403420929,727.2629151978,0.525314245095536,726.788519400058,17.8754088719519,2.57332290240884,"Malawi","Neno","Neno Boma",31,727.7885194,1,"Adults",2117.4914522
"165",165,-0.000000000057012928569959,0.000000000000000000000000397869356441514,0.0000000000000000000000249740524059642,0.0000000540570270722081,0.000272319373807201,727.262929181326,0.525317830797145,726.788519400058,17.8754088719519,2.57332290344501,"Malawi","Neno","Neno Boma",31,727.7885194,1,"Adults",2117.4914522
"166",166,-0.000000000057012928569959,0.000000000000000000000000270871904163897,0.0000000000000000000000171062710070125,0.0000000477051208323077,0.000255821256254163,727.262942317329,0.525321199264029,726.788519400058,17.8754088719519,2.57332290435942,"Malawi","Neno","Neno Boma",31,727.7885194,1,"Adults",2117.4914522
"167",167,-0.000000000057012928569959,0.000000000000000000000000184413589252552,0.0000000000000000000000117167556824936,0.0000000420995877295499,0.000240322605422448,727.262954657193,0.525324363656365,726.788519400058,17.8754088719519,2.57332290516639,"Malawi","Neno","Neno Boma",31,727.7885194,1,"Adults",2117.4914522
"168",168,-0.000000000057012928569959,0.000000000000000000000000125551952208212,0.00000000000000000000000802496949538898,0.0000000371527260821389,0.00022576287889142,727.262966249185,0.525327336337162,726.788519400058,17.8754088719519,2.57332290587853,"Malawi","Neno","Neno Boma",31,727.7885194,1,"Adults",2117.4914522
"169",169,-0.000000000057012928569959,0.0000000000000000000000000854769974158319,0.0000000000000000000000054962068944569,0.0000000327871394893872,0.000212085200884551,727.262977138646,0.525330128920537,726.788519400058,17.8754088719519,2.573322906507,"Malawi","Neno","Neno Boma",31,727.7885194,1,"Adults",2117.4914522
"170",170,-0.000000000057012928569959,0.0000000000000000000000000581939211066801,0.00000000000000000000000376416043526792,0.0000000289345259219978,0.000199236140287467,727.262987368162,0.525332752317074,726.788519400058,17.8754088719519,2.57332290706162,"Malawi","Neno","Neno Boma",31,727.7885194,1,"Adults",2117.4914522
"171",171,-0.000000000057012928569959,0.0000000000000000000000000396193293405409,0.00000000000000000000000257785124878302,0.0000000255346090988437,0.000187165502095375,727.262996977741,0.52533521677643,726.788519400058,17.8754088719519,2.57332290755106,"Malawi","Neno","Neno Boma",31,727.7885194,1,"Adults",2117.4914522
"172",172,-0.000000000057012928569959,0.0000000000000000000000000269722470298986,0.0000000000000000000000017652914387416,0.0000000225341881430888,0.000175826128165843,727.263006004964,0.525337531928047,726.788519400058,17.8754088719519,2.573322907983,"Malawi","Neno","Neno Boma",31,727.7885194,1,"Adults",2117.4914522
"173",173,-0.000000000057012928569959,0.000000000000000000000000018369863732243,0.00000000000000000000000120928247866985,0.0000000198864178710534,0.000165173768744432,727.263014485092,0.525339706807396,726.788519400058,17.8754088719519,2.57332290836417,"Malawi","Neno","Neno Boma",31,727.7885194,1,"Adults",2117.4914522
"174",174,-0.000000000057012928569959,0.0000000000000000000000000125171524428252,0.000000000000000000000000828750043052699,0.0000000175498595031501,0.00015516680890314,727.263022451284,0.525341749911861,726.788519400058,17.8754088719519,2.57332290870054,"Malawi","Neno","Neno Boma",31,727.7885194,1,"Adults",2117.4914522
"175",175,-0.000000000057012928569959,0.00000000000000000000000000852272554725708,0.000000000000000000000000567567345811903,0.0000000154878517253508,0.000145766108289483,727.263029934725,0.525343669233472,726.788519400058,17.8754088719519,2.57332290899738,"Malawi","Neno","Neno Boma",31,727.7885194,1,"Adults",2117.4914522
"176",176,-0.000000000057012928569959,0.00000000000000000000000000579982615657336,0.000000000000000000000000388496931153826,0.0000000136681149264308,0.000136934927467339,727.263036964685,0.525345472273955,726.788519400058,17.8754088719519,2.57332290925935,"Malawi","Neno","Neno Boma",31,727.7885194,1,"Adults",2117.4914522
"177",177,-0.000000000057012928569959,0.00000000000000000000000000394755113118065,0.000000000000000000000000265955199519738,0.0000000120621872911506,0.000128638765741778,727.263043568649,0.525347166077861,726.788519400058,17.8754088719519,2.57332290949054,"Malawi","Neno","Neno Boma",31,727.7885194,1,"Adults",2117.4914522
"178",178,-0.000000000057012928569959,0.00000000000000000000000000268692457363852,0.000000000000000000000000182065569858517,0.0000000106449473156409,0.00012084521176352,727.263049772434,0.525348757263076,726.788519400058,17.8754088719519,2.57332290969456,"Malawi","Neno","Neno Boma",31,727.7885194,1,"Adults",2117.4914522
"179",179,-0.000000000057012928569959,0.00000000000000000000000000182869035206668,0.000000000000000000000000124622755142495,0.00000000939422515023303,0.000113523817451572,727.263055600296,0.525350252046578,726.788519400058,17.8754088719519,2.57332290987462,"Malawi","Neno","Neno Boma",31,727.7885194,1,"Adults",2117.4914522
"180",180,-0.000000000057012928569959,0.00000000000000000000000000124459481347591,0.000000000000000000000000085301229953099,0.00000000829045589001963,0.000106645979110001,727.263061075016,0.525351656268715,726.788519400058,17.8754088719519,2.57332291003351,"Malawi","Neno","Neno Boma",31,727.7885194,1,"Adults",2117.4914522
"181",181,-0.000000000057012928569959,0.000000000000000000000000000847084366661688,0.0000000000000000000000000583858842267699,0.0000000073163733856012,0.000100184825715114,727.263066217996,0.525352975416023,726.788519400058,17.8754088719519,2.57332291017374,"Malawi","Neno","Neno Boma",31,727.7885194,1,"Adults",2117.4914522
"182",182,-0.000000000057012928569959,0.000000000000000000000000000576527860773036,0.0000000000000000000000000399615829217402,0.00000000645674016331117,0.0000941151139771863,727.263071049341,0.525354214642656,726.788519400058,17.8754088719519,2.57332291029749,"Malawi","Neno","Neno Boma",31,727.7885194,1,"Adults",2117.4914522
"183",183,-0.000000000057012928569959,0.000000000000000000000000000392384388089558,0.0000000000000000000000000273503072407244,0.00000000569810906842693,0.0000884131297552992,727.263075587936,0.525355378790525,726.788519400058,17.8754088719519,2.5733229104067,"Malawi","Neno","Neno Boma",31,727.7885194,1,"Adults",2117.4914522
"184",184,-0.000000000057012928569959,0.000000000000000000000000000267057838497575,0.0000000000000000000000000187184495186743,0.00000000502861291216144,0.0000830565954411367,727.263079851522,0.525356472408207,726.788519400058,17.8754088719519,2.57332291050308,"Malawi","Neno","Neno Boma",31,727.7885194,1,"Adults",2117.4914522
"185",185,-0.000000000057012928569959,0.00000000000000000000000000018176026255616,0.0000000000000000000000000128104437207007,0.00000000443777883446819,0.0000780245829506265,727.263083856765,0.52535749976872,726.788519400058,17.8754088719519,2.57332291058814,"Malawi","Neno","Neno Boma",31,727.7885194,1,"Adults",2117.4914522
"186",186,-0.000000000057012928569959,0.000000000000000000000000000123706305548772,0.0000000000000000000000000087668740894538,0.00000000391636447816954,0.0000732974319840549,727.26308761932,0.525358464886211,726.788519400058,17.8754088719519,2.5733229106632,"Malawi","Neno","Neno Boma",31,727.7885194,1,"Adults",2117.4914522
"187",187,-0.000000000057012928569959,0.0000000000000000000000000000841947371415047,0.00000000000000000000000000599946418739799,0.0000000034562134117047,0.0000688566732358182,727.263091153893,0.52535937153164,726.788519400058,17.8754088719519,2.57332291072944,"Malawi","Neno","Neno Boma",31,727.7885194,1,"Adults",2117.4914522
"188",188,-0.000000000057012928569959,0.0000000000000000000000000000573031130602048,0.00000000000000000000000000410551227463138,0.00000000305012753890326,0.0000646849562542448,727.2630944743,0.525360223247513,726.788519400058,17.8754088719519,2.57332291078791,"Malawi","Neno","Neno Boma",31,727.7885194,1,"Adults",2117.4914522
"189",189,-0.000000000057012928569959,0.0000000000000000000000000000390006071897677,0.00000000000000000000000000280937291844702,0.00000000269175449990151,0.0000607659816700355,727.263097593519,0.525361023361721,726.788519400058,17.8754088719519,2.5733229108395,"Malawi","Neno","Neno Boma",31,727.7885194,1,"Adults",2117.4914522
"190",190,-0.000000000057012928569959,0.0000000000000000000000000000265438860731705,0.00000000000000000000000000192237798480503,0.00000000237548830182535,0.0000570844375288908,727.263100523741,0.525361775000539,726.788519400058,17.8754088719519,2.57332291088503,"Malawi","Neno","Neno Boma",31,727.7885194,1,"Adults",2117.4914522
"191",191,-0.000000000057012928569959,0.0000000000000000000000000000180658202012673,0.00000000000000000000000000131539353617845,0.00000000209638162481591,0.0000536259394798812,727.263103276418,0.525362481100843,726.788519400058,17.8754088719519,2.57332291092521,"Malawi","Neno","Neno Boma",31,727.7885194,1,"Adults",2117.4914522
"192",192,-0.000000000057012928569959,0.0000000000000000000000000000122956319464215,0.000000000000000000000000000900036764235117,0.00000000185006843160995,0.0000503769745861497,727.263105862308,0.525363144421583,726.788519400058,17.8754088719519,2.57332291096066,"Malawi","Neno","Neno Boma",31,727.7885194,1,"Adults",2117.4914522
"193",193,-0.000000000057012928569959,0.00000000000000000000000000000836843051398884,0.000000000000000000000000000615818246759224,0.00000000163269567006449,0.0000473248485386488,727.263108291519,0.525363767554561,726.788519400058,17.8754088719519,2.57332291099196,"Malawi","Neno","Neno Boma",31,727.7885194,1,"Adults",2117.4914522
"194",194,-0.000000000057012928569959,0.0000000000000000000000000000056955698199839,0.000000000000000000000000000421340059678629,0.00000000144086300025541,0.0000444576360668857,727.263110573543,0.525364352934558,726.788519400058,17.8754088719519,2.57332291101957,"Malawi","Neno","Neno Boma",31,727.7885194,1,"Adults",2117.4914522
"195",195,-0.000000000057012928569959,0.00000000000000000000000000000387641573332622,0.000000000000000000000000000288271011598344,0.00000000127156960330703,0.0000417641343531108,727.2631127173,0.525364902848846,726.788519400058,17.8754088719519,2.57332291104394,"Malawi","Neno","Neno Boma",31,727.7885194,1,"Adults",2117.4914522
"196",196,-0.000000000057012928569959,0.00000000000000000000000000000263829596112475,0.000000000000000000000000000197222897361727,0.00000000112216723988873,0.0000392338192680982,727.263114731167,0.525365419446125,726.788519400058,17.8754088719519,2.57332291106545,"Malawi","Neno","Neno Boma",31,727.7885194,1,"Adults",2117.4914522
"197",197,-0.000000000057012928569959,0.00000000000000000000000000000179562927719512,0.000000000000000000000000000134927963174142,0.000000000990318824077328,0.0000368568042576713,727.263116623015,0.525365904744917,726.788519400058,17.8754088719519,2.57332291108443,"Malawi","Neno","Neno Boma",31,727.7885194,1,"Adults",2117.4914522
"198",198,-0.000000000057012928569959,0.00000000000000000000000000000122210872247381,0.000000000000000000000000000092307073597827,0.000000000873961864560532,0.000034623801719464,727.263118400237,0.525366360641453,726.788519400058,17.8754088719519,2.57332291110118,"Malawi","Neno","Neno Boma",31,727.7885194,1,"Adults",2117.4914522
"199",199,-0.000000000057012928569959,0.000000000000000000000000000000831769534805089,0.000000000000000000000000000063147550412074,0.000000000771276201295836,0.0000325260867191237,727.263120069779,0.525366788917083,726.788519400058,17.8754088719519,2.57332291111597,"Malawi","Neno","Neno Boma",31,727.7885194,1,"Adults",2117.4914522
"200",200,-0.000000000057012928569959,0.000000000000000000000000000000565638853410331,0.0000000000000000000000000000431643422686893,0.000000000680639322645227,0.0000305553753243188,727.263121638235,0.525367191263114,726.788519400058,17.8754088719519,2.57332291112901,"Malawi","Neno","Neno Boma",31,727.7885194,1,"Adults",2117.4914522
"201",201,-0.000000000057012928569959,0.000000000000000000000000000000384038812629327,0.0000000000000000000000000000294582814534784,0.000000000600617813013549,0.0000287038516732874,727.263123111827,0.525367569275286,726.788519400058,17.8754088719519,2.57332291114053,"Malawi","Neno","Neno Boma",31,727.7885194,1,"Adults",2117.4914522
"202",202,-0.000000000057012928569959,0.000000000000000000000000000000260421649007899,0.0000000000000000000000000000200788902758998,0.000000000529959171440033,0.0000269642377433616,727.263124496347,0.525367924439528,726.788519400058,17.8754088719519,2.5733229111507,"Malawi","Neno","Neno Boma",31,727.7885194,1,"Adults",2117.4914522
"203",203,-0.000000000057012928569959,0.000000000000000000000000000000177094129018074,0.0000000000000000000000000000137209970535797,0.00000000046761514442161,0.0000253300565505433,727.263125796952,0.525368258078221,726.788519400058,17.8754088719519,2.57332291115968,"Malawi","Neno","Neno Boma",31,727.7885194,1,"Adults",2117.4914522
"204",204,-0.000000000057012928569959,0.000000000000000000000000000000120488043154767,0.00000000000000000000000000000938026878660061,0.000000000412605442292267,0.0000237949155357862,727.26312701873,0.525368571496508,726.788519400058,17.8754088719519,2.5733229111676,"Malawi","Neno","Neno Boma",31,727.7885194,1,"Adults",2117.4914522
"205",205,-0.000000000057012928569959,0.0000000000000000000000000000000819531239478442,0.0000000000000000000000000000064110776497773,0.000000000364067010081297,0.0000223528120858986,727.263128166459,0.525368865919918,726.788519400058,17.8754088719519,2.57332291117459,"Malawi","Neno","Neno Boma",31,727.7885194,1,"Adults",2117.4914522
"206",206,-0.000000000057012928569959,0.0000000000000000000000000000000557375176432176,0.00000000000000000000000000000438129663030159,0.00000000032123858248469,0.000020998107692111,727.263129244626,0.525369142499639,726.788519400058,17.8754088719519,2.57332291118075,"Malawi","Neno","Neno Boma",31,727.7885194,1,"Adults",2117.4914522
"207",207,-0.000000000057012928569959,0.000000000000000000000000000000037908692120737,0.0000000000000000000000000000029941387199069,0.000000000283448442259991,0.0000197255055575872,727.263130257448,0.525369402317093,726.788519400058,17.8754088719519,2.57332291118619,"Malawi","Neno","Neno Boma",31,727.7885194,1,"Adults",2117.4914522
"208",208,-0.000000000057012928569959,0.0000000000000000000000000000000257831352083264,0.00000000000000000000000000000204614314558854,0.000000000250103891007442,0.0000185300298908029,727.263131208886,0.525369646388161,726.788519400058,17.8754088719519,2.57332291119099,"Malawi","Neno","Neno Boma",31,727.7885194,1,"Adults",2117.4914522
"209",209,-0.000000000057012928569959,0.0000000000000000000000000000000175360707003277,0.00000000000000000000000000000139826670256673,0.0000000002206819547086,0.0000174070064523982,727.26313210266,0.52536987566716,726.788519400058,17.8754088719519,2.57332291119523,"Malawi","Neno","Neno Boma",31,727.7885194,1,"Adults",2117.4914522
"210",210,-0.000000000057012928569959,0.0000000000000000000000000000000119269151473291,0.000000000000000000000000000000955506731537195,0.000000000194721181417181,0.0000163520442805074,727.263132942265,0.525370091050568,726.788519400058,17.8754088719519,2.57332291119897,"Malawi","Neno","Neno Boma",31,727.7885194,1,"Adults",2117.4914522
"211",211,-0.000000000057012928569959,0.00000000000000000000000000000000811192498647459,0.000000000000000000000000000000652931831617089,0.000000000171814403867183,0.0000153610185235054,727.263133730984,0.525370293380532,726.788519400058,17.8754088719519,2.57332291120226,"Malawi","Neno","Neno Boma",31,727.7885194,1,"Adults",2117.4914522
"212",212,-0.000000000057012928569959,0.00000000000000000000000000000000551721364280016,0.000000000000000000000000000000446161889125851,0.000000000151602353485058,0.0000144300543130715,727.263134471901,0.525370483448163,726.788519400058,17.8754088719519,2.57332291120517,"Malawi","Neno","Neno Boma",31,727.7885194,1,"Adults",2117.4914522
"213",213,-0.000000000057012928569959,0.0000000000000000000000000000000037524567204918,0.000000000000000000000000000000304865076205508,0.000000000133768025642222,0.0000135555116145344,727.263135167913,0.525370661996624,726.788519400058,17.8754088719519,2.57332291120774,"Malawi","Neno","Neno Boma",31,727.7885194,1,"Adults",2117.4914522
"214",214,-0.000000000057012928569959,0.00000000000000000000000000000000255218160993609,0.000000000000000000000000000000208311637023856,0.000000000118031707772807,0.0000127339709952816,727.263135821742,0.52537082972404,726.788519400058,17.8754088719519,2.57332291121001,"Malawi","Neno","Neno Boma",31,727.7885194,1,"Adults",2117.4914522
"215",215,-0.000000000057012928569959,0.00000000000000000000000000000000173583106085674,0.000000000000000000000000000000142334482158899,0.000000000104146592377963,0.0000119622202556045,727.263136435944,0.525370987286226,726.788519400058,17.8754088719519,2.57332291121201,"Malawi","Neno","Neno Boma",31,727.7885194,1,"Adults",2117.4914522
"216",216,-0.000000000057012928569959,0.00000000000000000000000000000000118060151515513,0.0000000000000000000000000000000972517769102811,0.0000000000918949061113254,0.0000112372418697197,727.263137012922,0.525371135299251,726.788519400058,17.8754088719519,2.57332291121377,"Malawi","Neno","Neno Boma",31,727.7885194,1,"Adults",2117.4914522
"217",217,-0.000000000057012928569959,0.000000000000000000000000000000000802969810967887,0.0000000000000000000000000000000664470759154611,0.0000000000810844942344574,0.0000105562011878745,727.263137554931,0.525371274341846,726.788519400058,17.8754088719519,2.57332291121533,"Malawi","Neno","Neno Boma",31,727.7885194,1,"Adults",2117.4914522
"218",218,-0.000000000057012928569959,0.000000000000000000000000000000000546128824180681,0.0000000000000000000000000000000453988858297599,0.000000000071545806873048,0.00000991643535341621,727.26313806409,0.52537140495767,726.788519400058,17.8754088719519,2.5733229112167,"Malawi","Neno","Neno Boma",31,727.7885194,1,"Adults",2117.4914522
"219",219,-0.000000000057012928569959,0.000000000000000000000000000000000371441975145252,0.0000000000000000000000000000000310174141162094,0.0000000000631292398064957,0.00000931544289150332,727.263138542391,0.525371527657431,726.788519400058,17.8754088719519,2.57332291121791,"Malawi","Neno","Neno Boma",31,727.7885194,1,"Adults",2117.4914522
"220",220,-0.000000000057012928569959,0.000000000000000000000000000000000252631128022394,0.0000000000000000000000000000000211912773612169,0.00000000005570278808397,0.00000875087392875659,727.263138991704,0.525371642920888,726.788519400058,17.8754088719519,2.57332291121898,"Malawi","Neno","Neno Boma",31,727.7885194,1,"Adults",2117.4914522
"221",221,-0.000000000057012928569959,0.000000000000000000000000000000000171823571693804,0.0000000000000000000000000000000144777114321661,0.0000000000491499756664013,0.00000822052100561816,727.263139413786,0.525371751198721,726.788519400058,17.8754088719519,2.57332291121992,"Malawi","Neno","Neno Boma",31,727.7885194,1,"Adults",2117.4914522
"222",222,-0.000000000057012928569959,0.00000000000000000000000000000000011686342859142,0.00000000000000000000000000000000989085892684688,0.0000000000433680286230237,0.00000772231044550098,727.263139810286,0.5253718529143,726.788519400058,17.8754088719519,2.57332291122076,"Malawi","Neno","Neno Boma",31,727.7885194,1,"Adults",2117.4914522
"223",223,-0.000000000057012928569959,0.0000000000000000000000000000000000794830465195497,0.00000000000000000000000000000000675708663895255,0.0000000000382662632309929,0.0000072542942469879,727.263140182757,0.525371948465332,726.788519400058,17.8754088719519,2.57332291122149,"Malawi","Neno","Neno Boma",31,727.7885194,1,"Adults",2117.4914522
"224",224,-0.000000000057012928569959,0.0000000000000000000000000000000000540592960531591,0.00000000000000000000000000000000461611300366901,0.0000000000337646636971239,0.00000681464246738429,727.263140532653,0.525372038225425,726.788519400058,17.8754088719519,2.57332291122214,"Malawi","Neno","Neno Boma",31,727.7885194,1,"Adults",2117.4914522
"225",225,-0.000000000057012928569959,0.0000000000000000000000000000000000367676833956959,0.00000000000000000000000000000000315344249770859,0.0000000000297926271948214,0.00000640163606784819,727.263140861343,0.525372122545542,726.788519400058,17.8754088719519,2.57332291122271,"Malawi","Neno","Neno Boma",31,727.7885194,1,"Adults",2117.4914522
"226",226,-0.000000000057012928569959,0.0000000000000000000000000000000000250070319257126,0.00000000000000000000000000000000215419500384561,0.0000000000262878565334332,0.00000601366019212666,727.263141170113,0.525372201755376,726.788519400058,17.8754088719519,2.57332291122321,"Malawi","Neno","Neno Boma",31,727.7885194,1,"Adults",2117.4914522
"227",227,-0.000000000057012928569959,0.0000000000000000000000000000000000170081872986668,0.00000000000000000000000000000000147155601977593,0.0000000000231953830927165,0.00000564919785262148,727.263141460169,0.52537227616464,726.788519400058,17.8754088719519,2.57332291122366,"Malawi","Neno","Neno Boma",31,727.7885194,1,"Adults",2117.4914522
"228",228,-0.000000000057012928569959,0.0000000000000000000000000000000000115678836275,0.00000000000000000000000000000000100521820298011,0.0000000000204667046981793,0.00000530682399910008,727.263141732646,0.525372346064275,726.788519400058,17.8754088719519,2.57332291122405,"Malawi","Neno","Neno Boma",31,727.7885194,1,"Adults",2117.4914522
"229",229,-0.000000000057012928569959,0.0000000000000000000000000000000000078677362419183,0.000000000000000000000000000000000686650467257528,0.0000000000180590249157819,0.0000049851999468628,727.263141988609,0.52537241172759,726.788519400058,17.8754088719519,2.5733229112244,"Malawi","Neno","Neno Boma",31,727.7885194,1,"Adults",2117.4914522
"230",230,-0.000000000057012928569959,0.00000000000000000000000000000000000535113211418267,0.000000000000000000000000000000000469032564687815,0.0000000000159345818351424,0.00000468306814258314,727.263142229059,0.525372473411331,726.788519400058,17.8754088719519,2.5733229112247,"Malawi","Neno","Neno Boma",31,727.7885194,1,"Adults",2117.4914522
"231",231,-0.000000000057012928569959,0.00000000000000000000000000000000000363949858293487,0.000000000000000000000000000000000320377673950459,0.0000000000140600558139191,0.00000439924724735758,727.263142454937,0.525372531356681,726.788519400058,17.8754088719519,2.57332291122497,"Malawi","Neno","Neno Boma",31,727.7885194,1,"Adults",2117.4914522
"232",232,-0.000000000057012928569959,0.00000000000000000000000000000000000247535468243166,0.000000000000000000000000000000000218833360958661,0.0000000000124060468944684,0.00000413262751774131,727.263142667124,0.52537258579021,726.788519400058,17.8754088719519,2.57332291122521,"Malawi","Neno","Neno Boma",31,727.7885194,1,"Adults",2117.4914522
"233",233,-0.000000000057012928569959,0.00000000000000000000000000000000000168357829085353,0.000000000000000000000000000000000149470994509012,0.0000000000109466136966101,0.00000388216646671159,727.263142866452,0.525372636924753,726.788519400058,17.8754088719519,2.57332291122542,"Malawi","Neno","Neno Boma",31,727.7885194,1,"Adults",2117.4914522
"234",234,-0.000000000057012928569959,0.00000000000000000000000000000000000114506251631058,0.000000000000000000000000000000000102092183304835,0.00000000000965886655452193,0.00000364688478759433,727.2631430537,0.525372684960248,726.788519400058,17.8754088719519,2.57332291122561,"Malawi","Neno","Neno Boma",31,727.7885194,1,"Adults",2117.4914522
"235",235,-0.000000000057012928569959,0.000000000000000000000000000000000000778798451714157,0.0000000000000000000000000000000000697301017477715,0.00000000000852260851654546,0.00000342586252501769,727.263143229599,0.525372730084515,726.788519400058,17.8754088719519,2.57332291122577,"Malawi","Neno","Neno Boma",31,727.7885194,1,"Adults",2117.4914522
"236",236,-0.000000000057012928569959,0.000000000000000000000000000000000000529689008024759,0.0000000000000000000000000000000000476255946548327,0.00000000000752001857736488,0.00000321823547792239,727.263143394838,0.525372772473991,726.788519400058,17.8754088719519,2.57332291122592,"Malawi","Neno","Neno Boma",31,727.7885194,1,"Adults",2117.4914522
"237",237,-0.000000000057012928569959,0.000000000000000000000000000000000000360260661284089,0.0000000000000000000000000000000000325276653488444,0.00000000000663537217439093,0.00000302319182056517,727.263143550062,0.52537281229442,726.788519400058,17.8754088719519,2.57332291122604,"Malawi","Neno","Neno Boma",31,727.7885194,1,"Adults",2117.4914522
"238",238,-0.000000000057012928569959,0.000000000000000000000000000000000000245026311858948,0.0000000000000000000000000000000000222155877704971,0.00000000000585479456463118,0.00000283996892830457,727.263143695878,0.525372849701501,726.788519400058,17.8754088719519,2.57332291122616,"Malawi","Neno","Neno Boma",31,727.7885194,1,"Adults",2117.4914522
"239",239,-0.000000000057012928569959,0.000000000000000000000000000000000000166651261031544,0.0000000000000000000000000000000000151724326660801,0.00000000000516604321402383,0.00000266785039575849,727.263143832857,0.525372884841497,726.788519400058,17.8754088719519,2.57332291122625,"Malawi","Neno","Neno Boma",31,727.7885194,1,"Adults",2117.4914522
"240",240,-0.000000000057012928569959,0.000000000000000000000000000000000000113345552943406,0.0000000000000000000000000000000000103620381597578,0.00000000000455831578624192,0.00000250616323567515,727.263143961535,0.525372917851805,726.788519400058,17.8754088719519,2.57332291122634,"Malawi","Neno","Neno Boma",31,727.7885194,1,"Adults",2117.4914522
"241",241,-0.000000000057012928569959,0.0000000000000000000000000000000000000770904119926413,0.00000000000000000000000000000000000707665094892307,0.00000000000402208071947546,0.00000235427524756557,727.263144082414,0.525372948861499,726.788519400058,17.8754088719519,2.57332291122642,"Malawi","Neno","Neno Boma",31,727.7885194,1,"Adults",2117.4914522
"242",242,-0.000000000057012928569959,0.0000000000000000000000000000000000000524319787309872,0.00000000000000000000000000000000000483284695106306,0.00000000000354892773396759,0.00000221159254580957,727.263144195967,0.525372977991825,726.788519400058,17.8754088719519,2.57332291122649,"Malawi","Neno","Neno Boma",31,727.7885194,1,"Adults",2117.4914522
"243",243,-0.000000000057012928569959,0.000000000000000000000000000000000000035660885998409,0.00000000000000000000000000000000000330043396811419,0.00000000000313143592567354,0.00000207755723757025,727.263144302638,0.525373005356685,726.788519400058,17.8754088719519,2.57332291122655,"Malawi","Neno","Neno Boma",31,727.7885194,1,"Adults",2117.4914522
"244",244,-0.000000000057012928569959,0.0000000000000000000000000000000000000242542589649938,0.00000000000000000000000000000000000225388551672736,0.00000000000276305737723101,0.00000195164524143842,727.263144402844,0.525373031063076,726.788519400058,17.8754088719519,2.5733229112266,"Malawi","Neno","Neno Boma",31,727.7885194,1,"Adults",2117.4914522
"245",245,-0.000000000057012928569959,0.0000000000000000000000000000000000000164961991680686,0.00000000000000000000000000000000000153916618683246,0.0000000000024380144608032,0.00000183336423827775,727.263144496976,0.525373055211511,726.788519400058,17.8754088719519,2.57332291122665,"Malawi","Neno","Neno Boma",31,727.7885194,1,"Adults",2117.4914522
"246",246,-0.000000000057012928569959,0.0000000000000000000000000000000000000112196619729622,0.00000000000000000000000000000000000105107108631302,0.00000000000215120922209808,0.00000172225174625907,727.263144585404,0.525373077896411,726.788519400058,17.8754088719519,2.57332291122669,"Malawi","Neno","Neno Boma",31,727.7885194,1,"Adults",2117.4914522
"247",247,-0.000000000057012928569959,0.00000000000000000000000000000000000000763089809384045,0.000000000000000000000000000000000000717747412851797,0.00000000000189814342434838,0.0000016178733125572,727.263144668473,0.525373099206474,726.788519400058,17.8754088719519,2.57332291122673,"Malawi","Neno","Neno Boma",31,727.7885194,1,"Adults",2117.4914522
"248",248,-0.000000000057012928569959,0.0000000000000000000000000000000000000051900499193971,0.000000000000000000000000000000000000490122013981496,0.00000000000167484799822632,0.00000151982081464024,727.263144746507,0.525373119225024,726.788519400058,17.8754088719519,2.57332291122676,"Malawi","Neno","Neno Boma",31,727.7885194,1,"Adults",2117.4914522
"249",249,-0.000000000057012928569959,0.00000000000000000000000000000000000000352994075330539,0.000000000000000000000000000000000000334680081388484,0.00000000000147782079119006,0.00000142771086450937,727.263144819812,0.525373138030334,726.788519400058,17.8754088719519,2.57332291122679,"Malawi","Neno","Neno Boma",31,727.7885194,1,"Adults",2117.4914522
"250",250,-0.000000000057012928569959,0.00000000000000000000000000000000000000240084043801706,0.000000000000000000000000000000000000228532862865834,0.00000000000130397163992579,0.00000134118330965003,727.263144888674,0.525373155695934,726.788519400058,17.8754088719519,2.57332291122681,"Malawi","Neno","Neno Boma",31,727.7885194,1,"Adults",2117.4914522
"251",251,-0.000000000057012928569959,0.00000000000000000000000000000000000000163289845683854,0.000000000000000000000000000000000000156048876519683,0.00000000000115057390440522,0.0000012598998248332,727.263144953363,0.525373172290895,726.788519400058,17.8754088719519,2.57332291122683,"Malawi","Neno","Neno Boma",31,727.7885194,1,"Adults",2117.4914522
"252",252,-0.000000000057012928569959,0.00000000000000000000000000000000000000111059332728559,0.000000000000000000000000000000000000106553048135001,0.00000000000101522170342111,0.00000118354258926102,727.263145014131,0.525373187880106,726.788519400058,17.8754088719519,2.57332291122685,"Malawi","Neno","Neno Boma",31,727.7885194,1,"Adults",2117.4914522
"253",253,-0.000000000057012928569959,0.000000000000000000000000000000000000000755354708948821,0.0000000000000000000000000000000000000727552618587456,0.000000000000895792180885634,0.00000111181304388429,727.263145071216,0.52537320252452,726.788519400058,17.8754088719519,2.57332291122687,"Malawi","Neno","Neno Boma",31,727.7885194,1,"Adults",2117.4914522
"254",254,-0.000000000057012928569959,0.000000000000000000000000000000000000000513744070229806,0.0000000000000000000000000000000000000496771061844861,0.000000000000790412211078384,0.00000104443072403315,727.263145124842,0.525373216281398,726.788519400058,17.8754088719519,2.57332291122688,"Malawi","Neno","Neno Boma",31,727.7885194,1,"Adults",2117.4914522
"255",255,-0.000000000057012928569959,0.000000000000000000000000000000000000000349415932102867,0.0000000000000000000000000000000000000339188854131928,0.000000000000697429020650921,0.000000981132162796603,727.263145175217,0.525373229204529,726.788519400058,17.8754088719519,2.5733229112269,"Malawi","Neno","Neno Boma",31,727.7885194,1,"Adults",2117.4914522
"256",256,-0.000000000057012928569959,0.000000000000000000000000000000000000000237650419113162,0.0000000000000000000000000000000000000231590270515194,0.000000000000615384266625234,0.000000921669860863124,727.26314522254,0.525373241344443,726.788519400058,17.8754088719519,2.57332291122691,"Malawi","Neno","Neno Boma",31,727.7885194,1,"Adults",2117.4914522
"257",257,-0.000000000057012928569959,0.000000000000000000000000000000000000000161634649469552,0.0000000000000000000000000000000000000158122091991715,0.000000000000542991163826871,0.000000865811318794485,727.263145266994,0.525373252748608,726.788519400058,17.8754088719519,2.57332291122692,"Malawi","Neno","Neno Boma",31,727.7885194,1,"Adults",2117.4914522
"258",258,-0.000000000057012928569959,0.000000000000000000000000000000000000000109933573887959,0.0000000000000000000000000000000000000107958874237521,0.00000000000047911430302071,0.000000813338127949038,727.263145308754,0.525373263461615,726.788519400058,17.8754088719519,2.57332291122693,"Malawi","Neno","Neno Boma",31,727.7885194,1,"Adults",2117.4914522
"259",259,-0.000000000057012928569959,0.0000000000000000000000000000000000000000747698015704625,0.00000000000000000000000000000000000000737085294067475,0.000000000000422751843218229,0.000000764045116500007,727.263145347984,0.525373273525351,726.788519400058,17.8754088719519,2.57332291122694,"Malawi","Neno","Neno Boma",31,727.7885194,1,"Adults",2117.4914522
"260",260,-0.000000000057012928569959,0.0000000000000000000000000000000000000000508536476087857,0.00000000000000000000000000000000000000503234953000655,0.00000000000037301979886141,0.000000717739547209741,727.263145384835,0.525373282979166,726.788519400058,17.8754088719519,2.57332291122694,"Malawi","Neno","Neno Boma",31,727.7885194,1,"Adults",2117.4914522
"261",261,-0.000000000057012928569959,0.0000000000000000000000000000000000000000345874058883934,0.00000000000000000000000000000000000000343571831792971,0.000000000000329138175444404,0.000000674240363823252,727.263145419454,0.525373291860025,726.788519400058,17.8754088719519,2.57332291122695,"Malawi","Neno","Neno Boma",31,727.7885194,1,"Adults",2117.4914522
"262",262,-0.000000000057012928569959,0.0000000000000000000000000000000000000000235241462970075,0.00000000000000000000000000000000000000234562213347872,0.000000000000290418736124836,0.00000063337748313446,727.263145451974,0.525373300202653,726.788519400058,17.8754088719519,2.57332291122696,"Malawi","Neno","Neno Boma",31,727.7885194,1,"Adults",2117.4914522
"263",263,-0.000000000057012928569959,0.0000000000000000000000000000000000000000159996231225702,0.00000000000000000000000000000000000000160137242982148,0.000000000000256254207456996,0.000000594991129957141,727.263145482523,0.525373308039669,726.788519400058,17.8754088719519,2.57332291122696,"Malawi","Neno","Neno Boma",31,727.7885194,1,"Adults",2117.4914522
"264",264,-0.000000000057012928569959,0.0000000000000000000000000000000000000000108819226352209,0.00000000000000000000000000000000000000109325251591938,0.000000000000226108754950254,0.000000558931212400318,727.263145511221,0.525373315401716,726.788519400058,17.8754088719519,2.57332291122696,"Malawi","Neno","Neno Boma",31,727.7885194,1,"Adults",2117.4914522
"265",265,-0.000000000057012928569959,0.00000000000000000000000000000000000000000740118934874148,0.000000000000000000000000000000000000000746349956842576,0.000000000000199509579071921,0.000000525056735005446,727.26314553818,0.525373322317581,726.788519400058,17.8754088719519,2.57332291122697,"Malawi","Neno","Neno Boma",31,727.7885194,1,"Adults",2117.4914522
"266",266,-0.000000000057012928569959,0.0000000000000000000000000000000000000000050338166895705,0.000000000000000000000000000000000000000509516757961344,0.000000000000176039499886735,0.000000493235247450756,727.263145563505,0.525373328814304,726.788519400058,17.8754088719519,2.57332291122697,"Malawi","Neno","Neno Boma",31,727.7885194,1,"Adults",2117.4914522
"267",267,-0.000000000057012928569959,0.00000000000000000000000000000000000000000342368088021491,0.00000000000000000000000000000000000000034783110135264,0.000000000000155330414030899,0.000000463342326667192,727.263145587295,0.525373334917287,726.788519400058,17.8754088719519,2.57332291122697,"Malawi","Neno","Neno Boma",31,727.7885194,1,"Adults",2117.4914522
"268",268,-0.000000000057012928569959,0.0000000000000000000000000000000000000000023285692531884,0.000000000000000000000000000000000000000237450109852774,0.000000000000137057521400221,0.000000435261090341042,727.263145609643,0.525373340650395,726.788519400058,17.8754088719519,2.57332291122698,"Malawi","Neno","Neno Boma",31,727.7885194,1,"Adults",2117.4914522
"269",269,-0.000000000057012928569959,0.00000000000000000000000000000000000000000158374420881795,0.000000000000000000000000000000000000000162095293615655,0.00000000000012093423100408,0.000000408881739901022,727.263145630637,0.525373346036043,726.788519400058,17.8754088719519,2.57332291122698,"Malawi","Neno","Neno Boma",31,727.7885194,1,"Adults",2117.4914522
"270",270,-0.000000000057012928569959,0.00000000000000000000000000000000000000000107716174450205,0.000000000000000000000000000000000000000110652835498388,0.000000000000106707666088908,0.000000384101131202937,727.263145650358,0.525373351095289,726.788519400058,17.8754088719519,2.57332291122698,"Malawi","Neno","Neno Boma",31,727.7885194,1,"Adults",2117.4914522
"271",271,-0.000000000057012928569959,0.000000000000000000000000000000000000000000732616679736337,0.0000000000000000000000000000000000000000755351060881113,0.0000000000000941546980338243,0.000000360822371233256,727.263145668884,0.525373355847916,726.788519400058,17.8754088719519,2.57332291122698,"Malawi","Neno","Neno Boma",31,727.7885194,1,"Adults",2117.4914522
"272",272,-0.000000000057012928569959,0.000000000000000000000000000000000000000000498279113759929,0.0000000000000000000000000000000000000000515619504015375,0.0000000000000830784468142551,0.000000338954439254745,727.263145686287,0.525373360312505,726.788519400058,17.8754088719519,2.57332291122698,"Malawi","Neno","Neno Boma",31,727.7885194,1,"Adults",2117.4914522
"273",273,-0.000000000057012928569959,0.000000000000000000000000000000000000000000338897655589998,0.0000000000000000000000000000000000000000351968720407792,0.0000000000000733051931470218,0.000000318411830912807,727.263145702636,0.525373364506515,726.788519400058,17.8754088719519,2.57332291122699,"Malawi","Neno","Neno Boma",31,727.7885194,1,"Adults",2117.4914522
"274",274,-0.000000000057012928569959,0.000000000000000000000000000000000000000000230496558640528,0.0000000000000000000000000000000000000000240255358543129,0.0000000000000646816538871564,0.000000299114223911007,727.263145717994,0.525373368446344,726.788519400058,17.8754088719519,2.57332291122699,"Malawi","Neno","Neno Boma",31,727.7885194,1,"Adults",2117.4914522
"275",275,-0.000000000057012928569959,0.000000000000000000000000000000000000000000156769050091252,0.0000000000000000000000000000000000000000163997194437223,0.0000000000000570725779439252,0.00000028098616394855,727.263145732421,0.525373372147395,726.788519400058,17.8754088719519,2.57332291122699,"Malawi","Neno","Neno Boma",31,727.7885194,1,"Adults",2117.4914522
"276",276,-0.000000000057012928569959,0.000000000000000000000000000000000000000000106624303683343,0.0000000000000000000000000000000000000000111942272025391,0.0000000000000503586250105488,0.000000263956769691744,727.263145745973,0.525373375624142,726.788519400058,17.8754088719519,2.57332291122699,"Malawi","Neno","Neno Boma",31,727.7885194,1,"Adults",2117.4914522
"277",277,-0.000000000057012928569959,0.0000000000000000000000000000000000000000000725190471544769,0.00000000000000000000000000000000000000000764092997393937,0.0000000000000444344938377363,0.000000247959455625862,727.263145758705,0.525373378890178,726.788519400058,17.8754088719519,2.57332291122699,"Malawi","Neno","Neno Boma",31,727.7885194,1,"Adults",2117.4914522
"278",278,-0.000000000057012928569959,0.0000000000000000000000000000000000000000000493228280842871,0.00000000000000000000000000000000000000000521546175787986,0.000000000000039207270694985,0.00000023293167170377,727.263145770664,0.525373381958272,726.788519400058,17.8754088719519,2.57332291122699,"Malawi","Neno","Neno Boma",31,727.7885194,1,"Adults",2117.4914522
"279",279,-0.000000000057012928569959,0.0000000000000000000000000000000000000000000335462401352856,0.0000000000000000000000000000000000000000035598671755239,0.0000000000000345949721170075,0.000000218814658773333,727.263145781899,0.525373384840423,726.788519400058,17.8754088719519,2.57332291122699,"Malawi","Neno","Neno Boma",31,727.7885194,1,"Adults",2117.4914522
"280",280,-0.000000000057012928569959,0.0000000000000000000000000000000000000000000228160117925192,0.00000000000000000000000000000000000000000242979338215707,0.0000000000000305252590798066,0.000000205553218827314,727.263145792453,0.525373387547898,726.788519400058,17.8754088719519,2.57332291122699,"Malawi","Neno","Neno Boma",31,727.7885194,1,"Adults",2117.4914522
"281",281,-0.000000000057012928569959,0.0000000000000000000000000000000000000000000155179952213941,0.00000000000000000000000000000000000000000165843882588395,0.0000000000000269343024396089,0.00000019309549917745,727.263145802368,0.525373390091285,726.788519400058,17.8754088719519,2.57332291122699,"Malawi","Neno","Neno Boma",31,727.7885194,1,"Adults",2117.4914522
"282",282,-0.000000000057012928569959,0.0000000000000000000000000000000000000000000105543500713642,0.00000000000000000000000000000000000000000113194198129672,0.0000000000000237657818402672,0.000000181392789708812,727.263145811681,0.525373392480528,726.788519400058,17.8754088719519,2.57332291122699,"Malawi","Neno","Neno Boma",31,727.7885194,1,"Adults",2117.4914522
"283",283,-0.000000000057012928569959,0.00000000000000000000000000000000000000000000717839539446805,0.000000000000000000000000000000000000000000772580095649034,0.0000000000000209700023880543,0.000000170399332421711,727.26314582043,0.525373394724969,726.788519400058,17.8754088719519,2.57332291122699,"Malawi","Neno","Neno Boma",31,727.7885194,1,"Adults",2117.4914522
"284",284,-0.000000000057012928569959,0.00000000000000000000000000000000000000000000488228645921098,0.000000000000000000000000000000000000000000527299715795069,0.000000000000018503115239825,0.000000160072142516461,727.263145828649,0.525373396833383,726.788519400058,17.8754088719519,2.57332291122699,"Malawi","Neno","Neno Boma",31,727.7885194,1,"Adults",2117.4914522
"285",285,-0.000000000057012928569959,0.00000000000000000000000000000000000000000000332061968725017,0.000000000000000000000000000000000000000000359887092754072,0.0000000000000163264298802977,0.000000150370840321432,727.263145836369,0.525373398814015,726.788519400058,17.8754088719519,2.57332291122699,"Malawi","Neno","Neno Boma",31,727.7885194,1,"Adults",2117.4914522
"286",286,-0.000000000057012928569959,0.00000000000000000000000000000000000000000000225847360646438,0.000000000000000000000000000000000000000000245623408206832,0.0000000000000144058073022517,0.000000141257493407227,727.263145843622,0.52537340067461,726.788519400058,17.8754088719519,2.57332291122699,"Malawi","Neno","Neno Boma",31,727.7885194,1,"Adults",2117.4914522
"287",287,-0.000000000057012928569959,0.00000000000000000000000000000000000000000000153606962298886,0.000000000000000000000000000000000000000000167636281981326,0.0000000000000127111245723138,0.000000132696468269651,727.263145850435,0.525373402422442,726.788519400058,17.8754088719519,2.573322911227,"Malawi","Neno","Neno Boma",31,727.7885194,1,"Adults",2117.4914522
"288",288,-0.000000000057012928569959,0.00000000000000000000000000000000000000000000104473653351971,0.000000000000000000000000000000000000000000114409241774502,0.0000000000000112158023846136,0.000000124654291001541,727.263145856836,0.525373404064345,726.788519400058,17.8754088719519,2.573322911227,"Malawi","Neno","Neno Boma",31,727.7885194,1,"Adults",2117.4914522
"289",289,-0.000000000057012928569959,0.000000000000000000000000000000000000000000000710563120403574,0.0000000000000000000000000000000000000000000780816623776103,0.00000000000000989638819248912,0.00000011709951640869,727.263145862848,0.525373405606739,726.788519400058,17.8754088719519,2.573322911227,"Malawi","Neno","Neno Boma",31,727.7885194,1,"Adults",2117.4914522
"290",290,-0.000000000057012928569959,0.000000000000000000000000000000000000000000000483279690024264,0.000000000000000000000000000000000000000000053288302499018,0.00000000000000873218838010153,0.000000110002605058098,727.263145868496,0.525373407055655,726.788519400058,17.8754088719519,2.573322911227,"Malawi","Neno","Neno Boma",31,727.7885194,1,"Adults",2117.4914522
"291",291,-0.000000000057012928569959,0.000000000000000000000000000000000000000000000328696004735967,0.0000000000000000000000000000000000000000000363671817726049,0.00000000000000770494370496209,0.000000103335807777806,727.263145873802,0.525373408416758,726.788519400058,17.8754088719519,2.573322911227,"Malawi","Neno","Neno Boma",31,727.7885194,1,"Adults",2117.4914522
"292",292,-0.000000000057012928569959,0.000000000000000000000000000000000000000000000223558046736245,0.000000000000000000000000000000000000000000024818890864524,0.00000000000000679854292102946,0.0000000970730571567142,727.263145878786,0.52537340969537,726.788519400058,17.8754088719519,2.573322911227,"Malawi","Neno","Neno Boma",31,727.7885194,1,"Adults",2117.4914522
"293",293,-0.000000000057012928569959,0.000000000000000000000000000000000000000000000152049917067136,0.0000000000000000000000000000000000000000000169375303470696,0.00000000000000599877009085911,0.0000000911898656201232,727.263145883468,0.525373410896491,726.788519400058,17.8754088719519,2.573322911227,"Malawi","Neno","Neno Boma",31,727.7885194,1,"Adults",2117.4914522
"294",294,-0.000000000057012928569959,0.000000000000000000000000000000000000000000000103414650546408,0.0000000000000000000000000000000000000000000115588022046578,0.00000000000000529308162366309,0.0000000856632296824999,727.263145887866,0.525373412024818,726.788519400058,17.8754088719519,2.573322911227,"Malawi","Neno","Neno Boma",31,727.7885194,1,"Adults",2117.4914522
"295",295,-0.000000000057012928569959,0.0000000000000000000000000000000000000000000000703360459110772,0.00000000000000000000000000000000000000000000788806789561184,0.00000000000000467040954235795,0.0000000804715400030712,727.263145891998,0.525373413084761,726.788519400058,17.8754088719519,2.573322911227,"Malawi","Neno","Neno Boma",31,727.7885194,1,"Adults",2117.4914522
"296",296,-0.000000000057012928569959,0.0000000000000000000000000000000000000000000000478380899442576,0.00000000000000000000000000000000000000000000538298963304798,0.00000000000000412098789405267,0.0000000755944968925699,727.263145895879,0.525373414080465,726.788519400058,17.8754088719519,2.573322911227,"Malawi","Neno","Neno Boma",31,727.7885194,1,"Adults",2117.4914522
"297",297,-0.000000000057012928569959,0.0000000000000000000000000000000000000000000000325364159993086,0.00000000000000000000000000000000000000000000367342836294416,0.00000000000000363619958140858,0.000000071013030940761,727.263145899526,0.525373415015824,726.788519400058,17.8754088719519,2.573322911227,"Malawi","Neno","Neno Boma",31,727.7885194,1,"Adults",2117.4914522
"298",298,-0.000000000057012928569959,0.0000000000000000000000000000000000000000000000221291938560049,0.00000000000000000000000000000000000000000000250677160701798,0.00000000000000320844121258343,0.000000066709228454398,727.263145902951,0.525373415894495,726.788519400058,17.8754088719519,2.573322911227,"Malawi","Neno","Neno Boma",31,727.7885194,1,"Adults",2117.4914522
"299",299,-0.000000000057012928569959,0.000000000000000000000000000000000000000000000014905337510754,0.00000000000000000000000000000000000000000000169454914361992,0.00000000000000283020236305379,0.0000000626640985748888,727.26314590617,0.525373416720355,726.788519400058,17.8754088719519,2.573322911227,"Malawi","Neno","Neno Boma",31,727.7885194,1,"Adults",2117.4914522
"300",300,-0.000000000057012928569959,0.00000000000000000000000000000000000000000000000994222624251931,0.00000000000000000000000000000000000000000000113476015045227,0.0000000000000024961112071809,0.0000000588630917812213,727.263145909195,0.525373417496374,726.788519400058,17.8754088719519,2.573322911227,"Malawi","Neno","Neno Boma",31,727.7885194,1,"Adults",2117.4914522
"301",301,-0.000000000057012928569959,0.00000000000000000000000000000000000000000000000648080006784837,0.000000000000000000000000000000000000000000000743044420821483,0.00000000000000219819636278195,0.0000000552735723454177,727.263145912052,0.525373418229215,726.788519400058,17.8754088719519,2.573322911227,"Malawi","Neno","Neno Boma",31,727.7885194,1,"Adults",2117.4914522
"302",302,-0.000000000057012928569959,0.00000000000000000000000000000000000000000000000468057782420409,0.000000000000000000000000000000000000000000000537943353322239,0.00000000000000195395232247289,0.0000000520221857699482,727.263145914639,0.525373418893023,726.788519400058,17.8754088719519,2.573322911227,"Malawi","Neno","Neno Boma",31,727.7885194,1,"Adults",2117.4914522
"303",303,-0.000000000057012928569959,0.00000000000000000000000000000000000000000000000338041731561631,0.000000000000000000000000000000000000000000000389453648875955,0.00000000000000173684650886485,0.0000000489620572246489,727.263145917074,0.525373419517784,726.788519400058,17.8754088719519,2.573322911227,"Malawi","Neno","Neno Boma",31,727.7885194,1,"Adults",2117.4914522
"304",304,-0.000000000057012928569959,0.00000000000000000000000000000000000000000000000244141250437312,0.000000000000000000000000000000000000000000000281950249883849,0.00000000000000154386356343548,0.00000004608193623757,727.263145919367,0.525373420105793,726.788519400058,17.8754088719519,2.573322911227,"Malawi","Neno","Neno Boma",31,727.7885194,1,"Adults",2117.4914522
"305",305,-0.000000000057012928569959,0.00000000000000000000000000000000000000000000000176324236329229,0.000000000000000000000000000000000000000000000204120525572583,0.00000000000000137232316749826,0.0000000433712341291795,727.263145921524,0.525373420659215,726.788519400058,17.8754088719519,2.573322911227,"Malawi","Neno","Neno Boma",31,727.7885194,1,"Adults",2117.4914522
"306",306,-0.000000000057012928569959,0.00000000000000000000000000000000000000000000000127345281722589,0.000000000000000000000000000000000000000000000147774116473873,0.00000000000000121984281555405,0.0000000408199850834066,727.263145923554,0.525373421180081,726.788519400058,17.8754088719519,2.573322911227,"Malawi","Neno","Neno Boma",31,727.7885194,1,"Adults",2117.4914522
"307",307,-0.000000000057012928569959,0.000000000000000000000000000000000000000000000000919715923039882,0.000000000000000000000000000000000000000000000106981227431975,0.00000000000000108430472493697,0.0000000384188095086195,727.263145925465,0.525373421670309,726.788519400058,17.8754088719519,2.573322911227,"Malawi","Neno","Neno Boma",31,727.7885194,1,"Adults",2117.4914522
"308",308,-0.000000000057012928569959,0.000000000000000000000000000000000000000000000000664239277380258,0.0000000000000000000000000000000000000000000000774487307223651,0.000000000000000963826422166234,0.0000000361588795538389,727.263145927264,0.5253734221317,726.788519400058,17.8754088719519,2.573322911227,"Malawi","Neno","Neno Boma",31,727.7885194,1,"Adults",2117.4914522
"309",309,-0.000000000057012928569959,0.000000000000000000000000000000000000000000000000479728366728438,0.0000000000000000000000000000000000000000000000560684522902438,0.000000000000000856734597481128,0.0000000340318866534086,727.263145928957,0.52537342256595,726.788519400058,17.8754088719519,2.573322911227,"Malawi","Neno","Neno Boma",31,727.7885194,1,"Adults",2117.4914522
"310",310,-0.000000000057012928569959,0.000000000000000000000000000000000000000000000000346470486887333,0.0000000000000000000000000000000000000000000000405901240115337,0.000000000000000761541864427698,0.0000000320300109808037,727.26314593055,0.525373422974656,726.788519400058,17.8754088719519,2.573322911227,"Malawi","Neno","Neno Boma",31,727.7885194,1,"Adults",2117.4914522
"311",311,-0.000000000057012928569959,0.000000000000000000000000000000000000000000000000250228684833513,0.0000000000000000000000000000000000000000000000293845975318948,0.000000000000000676926101713534,0.0000000301458926992723,727.263145932049,0.52537342335932,726.788519400058,17.8754088719519,2.573322911227,"Malawi","Neno","Neno Boma",31,727.7885194,1,"Adults",2117.4914522
"312",312,-0.000000000057012928569959,0.000000000000000000000000000000000000000000000000180720716722367,0.0000000000000000000000000000000000000000000000212724095276802,0.000000000000000601712090412052,0.0000000283726049036165,727.26314593346,0.525373423721357,726.788519400058,17.8754088719519,2.573322911227,"Malawi","Neno","Neno Boma",31,727.7885194,1,"Adults",2117.4914522
"313",313,-0.000000000057012928569959,0.000000000000000000000000000000000000000000000000130520517559098,0.0000000000000000000000000000000000000000000000153996625804243,0.000000000000000534855191477399,0.000000026703628153632,727.263145934789,0.525373424062098,726.788519400058,17.8754088719519,2.573322911227,"Malawi","Neno","Neno Boma",31,727.7885194,1,"Adults",2117.4914522
"314",314,-0.000000000057012928569959,0.0000000000000000000000000000000000000000000000000942648181837572,0.0000000000000000000000000000000000000000000000111481632020242,0.000000000000000475426836868817,0.0000000251328265055817,727.263145936039,0.525373424382795,726.788519400058,17.8754088719519,2.573322911227,"Malawi","Neno","Neno Boma",31,727.7885194,1,"Adults",2117.4914522
"315",315,-0.000000000057012928569959,0.0000000000000000000000000000000000000000000000000680801464274118,0.0000000000000000000000000000000000000000000000080703623532473,0.000000000000000422601632772297,0.0000000236544249535813,727.263145937215,0.525373424684628,726.788519400058,17.8754088719519,2.573322911227,"Malawi","Neno","Neno Boma",31,727.7885194,1,"Adults",2117.4914522
"316",316,-0.000000000057012928569959,0.0000000000000000000000000000000000000000000000000491689946140512,0.00000000000000000000000000000000000000000000000584225308696029,0.000000000000000375645895797611,0.0000000222629881979624,727.263145938323,0.525373424968705,726.788519400058,17.8754088719519,2.573322911227,"Malawi","Neno","Neno Boma",31,727.7885194,1,"Adults",2117.4914522
"317",317,-0.000000000057012928569959,0.0000000000000000000000000000000000000000000000000355109405343458,0.00000000000000000000000000000000000000000000000422926915739753,0.000000000000000333907462931222,0.0000000209534006625557,727.263145939365,0.525373425236073,726.788519400058,17.8754088719519,2.573322911227,"Malawi","Neno","Neno Boma",31,727.7885194,1,"Adults",2117.4914522
"318",318,-0.000000000057012928569959,0.0000000000000000000000000000000000000000000000000256467903712597,0.00000000000000000000000000000000000000000000000306159627766801,0.000000000000000296806633716653,0.0000000197208476874273,727.263145940346,0.525373425487712,726.788519400058,17.8754088719519,2.573322911227,"Malawi","Neno","Neno Boma",31,727.7885194,1,"Adults",2117.4914522
"319",319,-0.000000000057012928569959,0.0000000000000000000000000000000000000000000000000185226819241887,0.00000000000000000000000000000000000000000000000221629805662806,0.000000000000000263828118859257,0.0000000185607978279246,727.263145941269,0.52537342572455,726.788519400058,17.8754088719519,2.573322911227,"Malawi","Neno","Neno Boma",31,727.7885194,1,"Adults",2117.4914522
"320",320,-0.000000000057012928569959,0.0000000000000000000000000000000000000000000000000133774924931223,0.00000000000000000000000000000000000000000000000160437567770169,0.000000000000000234513883430459,0.0000000174689861949553,727.263145942138,0.525373425947456,726.788519400058,17.8754088719519,2.573322911227,"Malawi","Neno","Neno Boma",31,727.7885194,1,"Adults",2117.4914522
"321",321,-0.000000000057012928569959,0.00000000000000000000000000000000000000000000000000966152235058398,0.00000000000000000000000000000000000000000000000116139952343749,0.000000000000000208456785271527,0.0000000164413987752491,727.263145942956,0.52537342615725,726.788519400058,17.8754088719519,2.573322911227,"Malawi","Neno","Neno Boma",31,727.7885194,1,"Adults",2117.4914522
"322",322,-0.000000000057012928569959,0.00000000000000000000000000000000000000000000000000697776613806364,0.00000000000000000000000000000000000000000000000084072681307654,0.000000000000000185294920241361,0.0000000154742576739697,727.263145943725,0.525373426354703,726.788519400058,17.8754088719519,2.573322911227,"Malawi","Neno","Neno Boma",31,727.7885194,1,"Adults",2117.4914522
"323",323,-0.000000000057012928569959,0.0000000000000000000000000000000000000000000000000050394977634658,0.000000000000000000000000000000000000000000000000608591447711797,0.0000000000000001647065957701,0.0000000145640072253664,727.26314594445,0.525373426540541,726.788519400058,17.8754088719519,2.573322911227,"Malawi","Neno","Neno Boma",31,727.7885194,1,"Adults",2117.4914522
"324",324,-0.000000000057012928569959,0.00000000000000000000000000000000000000000000000000363963727150516,0.000000000000000000000000000000000000000000000000440549278145049,0.000000000000000146405862906756,0.0000000137073009204875,727.263145945132,0.525373426715447,726.788519400058,17.8754088719519,2.573322911227,"Malawi","Neno","Neno Boma",31,727.7885194,1,"Adults",2117.4914522
"325",325,-0.000000000057012928569959,0.0000000000000000000000000000000000000000000000000026286269167826,0.000000000000000000000000000000000000000000000000318904652803864,0.000000000000000130138544806007,0.0000000129009891038545,727.263145945773,0.525373426880065,726.788519400058,17.8754088719519,2.573322911227,"Malawi","Neno","Neno Boma",31,727.7885194,1,"Adults",2117.4914522
"326",326,-0.000000000057012928569959,0.00000000000000000000000000000000000000000000000000189845277212675,0.00000000000000000000000000000000000000000000000023084737501727,0.000000000000000115678706494229,0.0000000121421073938365,727.263145946377,0.525373427034999,726.788519400058,17.8754088719519,2.573322911227,"Malawi","Neno","Neno Boma",31,727.7885194,1,"Adults",2117.4914522
"327",327,-0.000000000057012928569959,0.00000000000000000000000000000000000000000000000000137110477906934,0.00000000000000000000000000000000000000000000000016710396661777,0.00000000000000010282551688376,0.0000000114278657841892,727.263145946946,0.52537342718082,726.788519400058,17.8754088719519,2.573322911227,"Malawi","Neno","Neno Boma",31,727.7885194,1,"Adults",2117.4914522
"328",328,-0.000000000057012928569959,0.000000000000000000000000000000000000000000000000000990242339859897,0.000000000000000000000000000000000000000000000000120961265429462,0.0000000000000000914004594522315,0.0000000107556383866799,727.263145947481,0.525373427318063,726.788519400058,17.8754088719519,2.573322911227,"Malawi","Neno","Neno Boma",31,727.7885194,1,"Adults",2117.4914522
"329",329,-0.000000000057012928569959,0.000000000000000000000000000000000000000000000000000715175022812976,0.000000000000000000000000000000000000000000000000087559573649837,0.0000000000000000812448528464286,0.0000000101229537770865,727.263145947984,0.525373427447233,726.788519400058,17.8754088719519,2.573322911227,"Malawi","Neno","Neno Boma",31,727.7885194,1,"Adults",2117.4914522
"330",330,-0.000000000057012928569959,0.000000000000000000000000000000000000000000000000000516515293950394,0.0000000000000000000000000000000000000000000000000633809463287574,0.0000000000000000722176469746037,0.00000000952748590908041,727.263145948458,0.525373427568805,726.788519400058,17.8754088719519,2.573322911227,"Malawi","Neno","Neno Boma",31,727.7885194,1,"Adults",2117.4914522
"331",331,-0.000000000057012928569959,0.000000000000000000000000000000000000000000000000000373038823188984,0.0000000000000000000000000000000000000000000000000458787497994329,0.000000000000000064193463977426,0.00000000896704556258514,727.263145948904,0.525373427683225,726.788519400058,17.8754088719519,2.573322911227,"Malawi","Neno","Neno Boma",31,727.7885194,1,"Adults",2117.4914522
"332",332,-0.000000000057012928569959,0.000000000000000000000000000000000000000000000000000269416927699728,0.0000000000000000000000000000000000000000000000000332094906683959,0.0000000000000000570608568688235,0.00000000843957229517406,727.263145949324,0.525373427790915,726.788519400058,17.8754088719519,2.573322911227,"Malawi","Neno","Neno Boma",31,727.7885194,1,"Adults",2117.4914522
"333",333,-0.000000000057012928569959,0.000000000000000000000000000000000000000000000000000194578892112501,0.0000000000000000000000000000000000000000000000000240386818416505,0.0000000000000000507207616611768,0.00000000794312686691449,727.263145949719,0.52537342789227,726.788519400058,17.8754088719519,2.573322911227,"Malawi","Neno","Neno Boma",31,727.7885194,1,"Adults",2117.4914522
"334",334,-0.000000000057012928569959,0.000000000000000000000000000000000000000000000000000140529199775729,0.0000000000000000000000000000000000000000000000000174003061077964,0.0000000000000000450851214766019,0.00000000747588411080949,727.263145950091,0.525373427987663,726.788519400058,17.8754088719519,2.573322911227,"Malawi","Neno","Neno Boma",31,727.7885194,1,"Adults",2117.4914522
"335",335,-0.000000000057012928569959,0.000000000000000000000000000000000000000000000000000101493310888841,0.0000000000000000000000000000000000000000000000000125950803308776,0.0000000000000000400756635347576,0.00000000703612622262531,727.263145950441,0.525373428077444,726.788519400058,17.8754088719519,2.573322911227,"Malawi","Neno","Neno Boma",31,727.7885194,1,"Adults",2117.4914522
"336",336,-0.000000000057012928569959,0.0000000000000000000000000000000000000000000000000000733007244871851,0.0000000000000000000000000000000000000000000000000091168082179914,0.0000000000000000356228120308959,0.00000000662223644543489,727.26314595077,0.525373428161945,726.788519400058,17.8754088719519,2.573322911227,"Malawi","Neno","Neno Boma",31,727.7885194,1,"Adults",2117.4914522
"337",337,-0.000000000057012928569959,0.0000000000000000000000000000000000000000000000000000529394120980422,0.00000000000000000000000000000000000000000000000000659906688302102,0.000000000000000031664721805241,0.00000000623269312565876,727.26314595108,0.525373428241474,726.788519400058,17.8754088719519,2.573322911227,"Malawi","Neno","Neno Boma",31,727.7885194,1,"Adults",2117.4914522
"338",338,-0.000000000057012928569959,0.000000000000000000000000000000000000000000000000000038234019825719,0.00000000000000000000000000000000000000000000000000477661330991121,0.0000000000000000281464193824366,0.00000000586606411875062,727.263145951372,0.525373428316326,726.788519400058,17.8754088719519,2.573322911227,"Malawi","Neno","Neno Boma",31,727.7885194,1,"Adults",2117.4914522
"339",339,-0.000000000057012928569959,0.0000000000000000000000000000000000000000000000000000276134587464676,0.00000000000000000000000000000000000000000000000000345744668458767,0.000000000000000025019039451055,0.00000000552100152396018,727.263145951647,0.525373428386774,726.788519400058,17.8754088719519,2.573322911227,"Malawi","Neno","Neno Boma",31,727.7885194,1,"Adults",2117.4914522
"340",340,-0.000000000057012928569959,0.0000000000000000000000000000000000000000000000000000199430535271349,0.00000000000000000000000000000000000000000000000000250258456484864,0.0000000000000000222391461787157,0.00000000519623672881583,727.263145951905,0.525373428453079,726.788519400058,17.8754088719519,2.573322911227,"Malawi","Neno","Neno Boma",31,727.7885194,1,"Adults",2117.4914522
"341",341,-0.000000000057012928569959,0.0000000000000000000000000000000000000000000000000000144033164275923,0.0000000000000000000000000000000000000000000000000018114231069539,0.0000000000000000197681299366363,0.00000000489057574510836,727.263145952148,0.525373428515483,726.788519400058,17.8754088719519,2.573322911227,"Malawi","Neno","Neno Boma",31,727.7885194,1,"Adults",2117.4914522
"342",342,-0.000000000057012928569959,0.0000000000000000000000000000000000000000000000000000104023951914288,0.00000000000000000000000000000000000000000000000000131113957590877,0.0000000000000000175716710547879,0.00000000460289481922678,727.263145952377,0.525373428574217,726.788519400058,17.8754088719519,2.573322911227,"Malawi","Neno","Neno Boma",31,727.7885194,1,"Adults",2117.4914522
"343",343,-0.000000000057012928569959,0.00000000000000000000000000000000000000000000000000000751284096704422,0.000000000000000000000000000000000000000000000000000949021038424957,0.0000000000000000156192631598115,0.00000000433213630071554,727.263145952593,0.525373428629495,726.788519400058,17.8754088719519,2.573322911227,"Malawi","Neno","Neno Boma",31,727.7885194,1,"Adults",2117.4914522
"344",344,-0.000000000057012928569959,0.0000000000000000000000000000000000000000000000000000054259406951324,0.000000000000000000000000000000000000000000000000000686911289055562,0.0000000000000000138837894753881,0.0000000040773047538519,727.263145952796,0.525373428681522,726.788519400058,17.8754088719519,2.573322911227,"Malawi","Neno","Neno Boma",31,727.7885194,1,"Adults",2117.4914522
"345",345,-0.000000000057012928569959,0.00000000000000000000000000000000000000000000000000000391873494410432,0.000000000000000000000000000000000000000000000000000497191135135712,0.000000000000000012341146200345,0.00000000383746329795399,727.263145952987,0.525373428730488,726.788519400058,17.8754088719519,2.573322911227,"Malawi","Neno","Neno Boma",31,727.7885194,1,"Adults",2117.4914522
"346",346,-0.000000000057012928569959,0.00000000000000000000000000000000000000000000000000000283019745790811,0.000000000000000000000000000000000000000000000000000359868652447433,0.00000000000000001096990773364,0.00000000361173016296791,727.263145953166,0.525373428776574,726.788519400058,17.8754088719519,2.573322911227,"Malawi","Neno","Neno Boma",31,727.7885194,1,"Adults",2117.4914522
"347",347,-0.000000000057012928569959,0.00000000000000000000000000000000000000000000000000000204403149613112,0.000000000000000000000000000000000000000000000000000260472924405405,0.00000000000000000975102909656896,0.00000000339927544766614,727.263145953335,0.525373428819949,726.788519400058,17.8754088719519,2.573322911227,"Malawi","Neno","Neno Boma",31,727.7885194,1,"Adults",2117.4914522
"348",348,-0.000000000057012928569959,0.00000000000000000000000000000000000000000000000000000147624496852549,0.000000000000000000000000000000000000000000000000000188529402339605,0.00000000000000000866758141917244,0.00000000319931806854013,727.263145953494,0.525373428860773,726.788519400058,17.8754088719519,2.573322911227,"Malawi","Neno","Neno Boma",31,727.7885194,1,"Adults",2117.4914522
"349",349,-0.000000000057012928569959,0.0000000000000000000000000000000000000000000000000000010661769210596,0.000000000000000000000000000000000000000000000000000136456284167787,0.0000000000000000077045168170422,0.00000000301112288816983,727.263145953644,0.525373428899195,726.788519400058,17.8754088719519,2.573322911227,"Malawi","Neno","Neno Boma",31,727.7885194,1,"Adults",2117.4914522
"350",350,-0.000000000057012928569959,0.000000000000000000000000000000000000000000000000000000770016664736893,0.0000000000000000000000000000000000000000000000000000987656543058286,0.00000000000000000684845939292642,0.00000000283399801251261,727.263145953785,0.525373428935357,726.788519400058,17.8754088719519,2.573322911227,"Malawi","Neno","Neno Boma",31,727.7885194,1,"Adults",2117.4914522
"351",351,-0.000000000057012928569959,0.000000000000000000000000000000000000000000000000000000556123146412203,0.0000000000000000000000000000000000000000000000000000714852289837685,0.00000000000000000608751946037906,0.00000000266729224717519,727.263145953918,0.525373428969392,726.788519400058,17.8754088719519,2.573322911227,"Malawi","Neno","Neno Boma",31,727.7885194,1,"Adults",2117.4914522
"352",352,-0.000000000057012928569959,0.000000000000000000000000000000000000000000000000000000401644494383343,0.0000000000000000000000000000000000000000000000000000517397888478282,0.00000000000000000541112840922585,0.00000000251039270331667,727.263145954043,0.525373429001425,726.788519400058,17.8754088719519,2.573322911227,"Malawi","Neno","Neno Boma",31,727.7885194,1,"Adults",2117.4914522
"353",353,-0.000000000057012928569959,0.000000000000000000000000000000000000000000000000000000290076579097584,0.0000000000000000000000000000000000000000000000000000374482021065141,0.00000000000000000480989191931189,0.00000000236272254438074,727.26314595416,0.525373429031574,726.788519400058,17.8754088719519,2.573322911227,"Malawi","Neno","Neno Boma",31,727.7885194,1,"Adults",2117.4914522
"354",354,-0.000000000057012928569959,0.000000000000000000000000000000000000000000000000000000209499751440723,0.0000000000000000000000000000000000000000000000000000271041181189937,0.0000000000000000042754594838328,0.0000000022237388653731,727.263145954271,0.525373429059949,726.788519400058,17.8754088719519,2.573322911227,"Malawi","Neno","Neno Boma",31,727.7885194,1,"Adults",2117.4914522
"355",355,-0.000000000057012928569959,0.000000000000000000000000000000000000000000000000000000151305375946609,0.0000000000000000000000000000000000000000000000000000196172256903695,0.00000000000000000380040843007362,0.0000000020929306968872,727.263145954375,0.525373429086655,726.788519400058,17.8754088719519,2.573322911227,"Malawi","Neno","Neno Boma",31,727.7885194,1,"Adults",2117.4914522
"356",356,-0.000000000057012928569959,0.000000000000000000000000000000000000000000000000000000109276104782357,0.0000000000000000000000000000000000000000000000000000141983508054842,0.00000000000000000337814082673211,0.00000000196981712654031,727.263145954473,0.52537342911179,726.788519400058,17.8754088719519,2.573322911227,"Malawi","Neno","Neno Boma",31,727.7885194,1,"Adults",2117.4914522
"357",357,-0.000000000057012928569959,0.000000000000000000000000000000000000000000000000000000078921631182507,0.000000000000000000000000000000000000000000000000000010276287145956,0.00000000000000000300279184598411,0.0000000018539455309133,727.263145954565,0.525373429135446,726.788519400058,17.8754088719519,2.573322911227,"Malawi","Neno","Neno Boma",31,727.7885194,1,"Adults",2117.4914522
"358",358,-0.000000000057012928569959,0.000000000000000000000000000000000000000000000000000000056998955818427,0.00000000000000000000000000000000000000000000000000000743759598202886,0.00000000000000000266914830754144,0.00000000174488991149393,727.263145954652,0.525373429157711,726.788519400058,17.8754088719519,2.573322911227,"Malawi","Neno","Neno Boma",31,727.7885194,1,"Adults",2117.4914522
"359",359,-0.000000000057012928569959,0.0000000000000000000000000000000000000000000000000000000411659125097606,0.00000000000000000000000000000000000000000000000000000538303207382911,0.00000000000000000237257627337018,0.00000000164224932850592,727.263145954733,0.525373429178667,726.788519400058,17.8754088719519,2.573322911227,"Malawi","Neno","Neno Boma",31,727.7885194,1,"Adults",2117.4914522
"360",360,-0.000000000057012928569959,0.0000000000000000000000000000000000000000000000000000000297309367939536,0.00000000000000000000000000000000000000000000000000000389600398020823,0.00000000000000000210895668744017,0.00000000154564642686563,727.26314595481,0.525373429198389,726.788519400058,17.8754088719519,2.573322911227,"Malawi","Neno","Neno Boma",31,727.7885194,1,"Adults",2117.4914522
"361",361,-0.000000000057012928569959,0.0000000000000000000000000000000000000000000000000000000214723432265787,0.00000000000000000000000000000000000000000000000000000281974519215778,0.00000000000000000187462816661349,0.00000000145472604884722,727.263145954883,0.525373429216952,726.788519400058,17.8754088719519,2.573322911227,"Malawi","Neno","Neno Boma",31,727.7885194,1,"Adults",2117.4914522
"362",362,-0.000000000057012928569959,0.0000000000000000000000000000000000000000000000000000000155078034316482,0.00000000000000000000000000000000000000000000000000000204079036195607,0.00000000000000000166633614810088,0.00000000136915392835451,727.263145954951,0.525373429234422,726.788519400058,17.8754088719519,2.573322911227,"Malawi","Neno","Neno Boma",31,727.7885194,1,"Adults",2117.4914522
"363",363,-0.000000000057012928569959,0.0000000000000000000000000000000000000000000000000000000112000802491195,0.00000000000000000000000000000000000000000000000000000147701528370414,0.00000000000000000148118768720078,0.00000000128861546200448,727.263145955015,0.525373429250865,726.788519400058,17.8754088719519,2.573322911227,"Malawi","Neno","Neno Boma",31,727.7885194,1,"Adults",2117.4914522
"364",364,-0.000000000057012928569959,0.00000000000000000000000000000000000000000000000000000000808894684146877,0.00000000000000000000000000000000000000000000000000000106898019013118,0.00000000000000000131661127751181,0.00000000121281455249586,727.263145955075,0.525373429266341,726.788519400058,17.8754088719519,2.573322911227,"Malawi","Neno","Neno Boma",31,727.7885194,1,"Adults",2117.4914522
"365",365,-0.000000000057012928569959,0.00000000000000000000000000000000000000000000000000000000584201715957926,0.0000000000000000000000000000000000000000000000000000007736640309724,0.00000000000000000117032113556605,0.00000000114147252001475,727.263145955132,0.525373429280906,726.788519400058,17.8754088719519,2.573322911227,"Malawi","Neno","Neno Boma",31,727.7885194,1,"Adults",2117.4914522
