"","time","S","E","I","H","C","R","D","inci","hosp","crits","lvl2","lvl3","lvl4","ID","POP","start","age","tot_pop"
"1",1,48099.82034,0,1,0,0,0,0,0,0,0,"Malawi","Dedza","TA Chilikumwendo",47,48100.82034,1,"Pediatrics",87244.82939
"2",2,48099.0828887401,0.607724335012032,0.794512268150879,0.0000588222666843838,0.000000191023761327505,0.335155639355227,0.00000000413123325803821,0.737451259939818,0.0000627253665760947,0.000000195154994585543,"Malawi","Dedza","TA Chilikumwendo",47,48100.82034,1,"Pediatrics",87244.82939
"3",3,48098.4181479303,0.965678491426636,0.799131005291324,0.000105065655943679,0.000000680056419384016,0.637276797228233,0.0000000300121359778108,1.40219206967069,0.000119267027050915,0.000000710068555361826,"Malawi","Dedza","TA Chilikumwendo",47,48100.82034,1,"Pediatrics",87244.82939
"4",4,48097.7035755829,1.25287585034716,0.901681746608239,0.000149928634691455,0.00000141181182658667,0.962055385581601,0.0000000941634485528817,2.11676441714697,0.000180048140194246,0.00000150597527513956,"Malawi","Dedza","TA Chilikumwendo",47,48100.82034,1,"Pediatrics",87244.82939
"5",5,48096.876136963,1.54336600165038,1.06249414407949,0.000198586406542104,0.00000238080022543069,1.33814171263605,0.000000211415538077315,2.94420303698823,0.000250430721812264,0.000002592215763508,"Malawi","Dedza","TA Chilikumwendo",47,48100.82034,1,"Pediatrics",87244.82939
"6",6,48095.8924493185,1.87187116738789,1.27050463529318,0.000254054894917086,0.0000036054524125195,1.78525682134764,0.000000397080047445257,3.92789068145608,0.000334105544116381,0.00000400253245996476,"Malawi","Dedza","TA Chilikumwendo",47,48100.82034,1,"Pediatrics",87244.82939
"7",7,48094.7127887793,2.25925145697797,1.52651403239745,0.000318711690148931,0.00000511893659865135,2.3214612326332,0.000000668106196563744,5.10755122074156,0.000434452546053233,0.00000578704279521509,"Malawi","Dedza","TA Chilikumwendo",47,48100.82034,1,"Pediatrics",87244.82939
"8",8,48093.2941417235,2.72256110613361,1.83692046810744,0.00039492244592401,0.00000696657886184301,2.9663137693128,0.00000104390030809422,6.52619827647894,0.000555132029322755,0.00000801047916993722,"Malawi","Dedza","TA Chilikumwendo",47,48100.82034,1,"Pediatrics",87244.82939
"9",9,48091.5865722491,3.27923078935757,2.21151706962385,0.000485331417173518,0.00000920604083518254,3.74252380736889,0.00000154708241484508,8.23376775089072,0.000700393882174071,0.0000107531232500276,"Malawi","Dedza","TA Chilikumwendo",47,48100.82034,1,"Pediatrics",87244.82939
"10",10,48089.5306770678,3.94904785899765,2.66289796243322,0.000593032208576734,0.0000119088129490801,4.67710996550325,0.00000220429791094023,10.2896629322535,0.00087529442577714,0.0000141131108600203,"Malawi","Dedza","TA Chilikumwendo",47,48100.82034,1,"Pediatrics",87244.82939
"11",11,48087.0552181959,4.75537076842677,3.20653221432936,0.000721704781420313,0.0000151625250969914,5.80247890690785,0.00000304715112468851,12.7651218041216,0.00108589830585391,0.0000182096762216799,"Malawi","Dedza","TA Chilikumwendo",47,48100.82034,1,"Pediatrics",87244.82939
"12",12,48084.0745511933,5.72613277051265,3.8611587325833,0.000875753219866091,0.0000190739364356867,7.15759836320404,0.00000411330334408616,15.7457888067596,0.00133949801546155,0.0000231872397797729,"Malawi","Dedza","TA Chilikumwendo",47,48100.82034,1,"Pediatrics",87244.82939
"13",13,48080.4856316921,6.89487856114218,4.64937634798171,0.0010604614088581,0.0000237726306449579,8.78936371696736,0.00000544778091119529,19.3347083079117,0.00164486963998117,0.0000292204115561532,"Malawi","Dedza","TA Chilikumwendo",47,48100.82034,1,"Pediatrics",87244.82939
"14",14,48076.1644702318,8.3019368955203,5.59839614285701,0.00128217544133115,0.0000294154959815099,10.7542180343286,0.0000071045335959374,23.6558697681768,0.00201257603288009,0.0000365200295774473,"Malawi","Dedza","TA Chilikumwendo",47,48100.82034,1,"Pediatrics",87244.82939
"15",15,48070.9618638817,9.9958106977119,6.7409667720268,0.00154852252597191,0.0000361921737883734,13.1201047855575,0.00000914831246904936,28.8584761183084,0.00245533225112037,0.0000453404862574227,"Malawi","Dedza","TA Chilikumwendo",47,48100.82034,1,"Pediatrics",87244.82939
"16",16,48064.6982943008,12.0348260714204,8.11648982667458,0.00186867236259969,0.0000443316142678039,15.9688051402426,0.0000116569156216314,35.1220456992301,0.00298844296038839,0.0000559885298894353,"Malawi","Dedza","TA Chilikumwendo",47,48100.82034,1,"Pediatrics",87244.82939
"17",17,48057.1578319689,14.489098660858,9.77235168056381,0.00225364964647564,0.0000541099399213627,19.3987352062029,0.0000147238734993406,42.6625080310846,0.00363032591488971,0.0000688338134207033,"Malawi","Dedza","TA Chilikumwendo",47,48100.82034,1,"Pediatrics",87244.82939
"18",18,48048.080779295,17.4428979240085,11.7655331847509,0.00271671146581414,0.0000658599781963168,23.5283285630799,0.0000184616970152194,51.7395607049803,0.00440314497004487,0.0000843216752115363,"Malawi","Dedza","TA Chilikumwendo",47,48100.82034,1,"Pediatrics",87244.82939
"19",19,48037.1549328134,20.9974452810336,14.1645218270284,0.00327379607357003,0.0000799826337049229,28.5000632940921,0.0000230057479914645,62.6654071866094,0.00533356370749778,0.000102988381696387,"Malawi","Dedza","TA Chilikumwendo",47,48100.82034,1,"Pediatrics",87244.82939
"20",20,48024.0050089109,25.2742931943425,17.0516183706565,0.00394406715473025,0.0000969607084527422,34.4853499773012,0.0000285189428782927,75.8153310891062,0.00645366018135095,0.000125479651331035,"Malawi","Dedza","TA Chilikumwendo",47,48100.82034,1,"Pediatrics",87244.82939
"21",21,48008.1801352606,30.4192989699856,20.5256687838548,0.00475055879666699,0.000117375346231634,41.6903338541257,0.000035197351172475,91.6402047394602,0.00780201274474917,0.000152572697404109,"Malawi","Dedza","TA Chilikumwendo",47,48100.82034,1,"Pediatrics",87244.82939
"22",22,47989.1389084893,36.6073484778752,24.7053208905269,0.00572094821066674,0.000141925796406242,50.3628559913827,0.0000432769316639808,110.681431510724,0.00942500277207119,0.000185202728070223,"Malawi","Dedza","TA Chilikumwendo",47,48100.82034,1,"Pediatrics",87244.82939
"23",23,47966.2315463116,44.0479699080101,29.7328999671667,0.00688848208286261,0.000171453180908228,60.8008108363676,0.0000530416501457032,133.588793688458,0.0113783787039412,0.000224494831053931,"Malawi","Dedza","TA Chilikumwendo",47,48100.82034,1,"Pediatrics",87244.82939
"24",24,47938.6787594124,52.9919115280711,35.7790008022694,0.00829307730294026,0.00020696890457562,73.3621033778739,0.0000648332024925154,161.141580587624,0.013729119444303,0.000271802107068135,"Malawi","Dedza","TA Chilikumwendo",47,48100.82034,1,"Pediatrics",87244.82939
"25",25,47905.5467367226,63.7388543978295,43.0479079710799,0.00998263098166765,0.000249688648025371,88.4765295261556,0.0000790626864309084,194.273603277381,0.0165576576707932,0.000328751334456279,"Malawi","Dedza","TA Chilikumwendo",47,48100.82034,1,"Pediatrics",87244.82939
"26",26,47865.7176220355,76.6464342199652,51.7839409455767,0.0120145774274625,0.000301072965140878,106.659930923977,0.0000962246027131857,234.102717964515,0.0199605287845438,0.000397297567854063,"Malawi","Dedza","TA Chilikumwendo",47,48100.82034,1,"Pediatrics",87244.82939
"27",27,47817.8549061213,92.1406092153719,62.2789036557642,0.01445772613247,0.000362875702913352,128.530983492154,0.000116913627410409,281.965433878753,0.0240535127389452,0.000479789330323762,"Malawi","Dedza","TA Chilikumwendo",47,48100.82034,1,"Pediatrics",87244.82939
"28",28,47760.3630616715,110.727500749852,74.8807422156133,0.0173944257455754,0.000437201604508279,154.831061891035,0.000141844683069815,339.457278328533,0.0289753514971373,0.000579046287578094,"Malawi","Dedza","TA Chilikumwendo",47,48100.82034,1,"Pediatrics",87244.82939
"29",29,47691.3406607295,133.006908045933,90.0034142475588,0.020923112457571,0.000526574704632733,186.447735412862,0.000171876976365536,408.479679270493,0.0348921460775364,0.00069845168099827,"Malawi","Dedza","TA Chilikumwendo",47,48100.82034,1,"Pediatrics",87244.82939
"30",30,47608.5267769579,159.687091207073,108.138235210831,0.0251612614148599,0.000634019137287343,224.442233301067,0.000208042613825982,491.293563042137,0.0420024964371264,0.000842061751113325,"Malawi","Dedza","TA Chilikumwendo",47,48100.82034,1,"Pediatrics",87244.82939
"31",31,47509.2399677707,191.600973909033,129.866508935598,0.0302488178098105,0.000763154506216497,270.081625831527,0.000251580796375664,590.58037222927,0.0505435238616537,0.00101473530259216,"Malawi","Dedza","TA Chilikumwendo",47,48100.82034,1,"Pediatrics",87244.82939
"32",32,47390.3101360961,229.723026513587,155.873498410438,0.036352121215387,0.000918307837414135,324.87610457235,0.000303978482352321,709.510203903911,0.0607978476107161,0.00122228631976646,"Malawi","Dedza","TA Chilikumwendo",47,48100.82034,1,"Pediatrics",87244.82939
"33",33,47248.0041358333,275.186137658008,186.963238824564,0.0436683362893583,0.00110464358492641,390.621687685792,0.000367018440418181,851.816204166678,0.0731015767962501,0.00147166202534459,"Malawi","Dedza","TA Chilikumwendo",47,48100.82034,1,"Pediatrics",87244.82939
"34",34,47077.9462709045,329.297040529605,224.073926316623,0.0524304003528491,0.00132831474064944,469.448900697915,0.000442836266352317,1021.8740690955,0.0878534204928842,0.00177115100700176,"Malawi","Dedza","TA Chilikumwendo",47,48100.82034,1,"Pediatrics",87244.82939
"35",35,46875.0369248271,393.548408714289,268.29267406505,0.0629124183248536,0.00159663605467075,563.877289351736,0.000533987490961147,1224.78341517295,0.105524889237492,0.0021306235456319,"Malawi","Dedza","TA Chilikumwendo",47,48100.82034,1,"Pediatrics",87244.82939
"36",36,46633.3748172491,469.624112310993,320.868594648744,0.0754353212591032,0.00191827889218172,676.87481866544,0.000643525589405404,1466.44552275092,0.126671410890846,0.00256180448158712,"Malawi","Dedza","TA Chilikumwendo",47,48100.82034,1,"Pediatrics",87244.82939
"37",37,46346.1870446323,559.394395573731,383.221941860468,0.0903727915452503,0.00230349555527717,811.923506550909,0.000775095525886476,1753.63329536773,0.151944613168523,0.00307859108116365,"Malawi","Dedza","TA Chilikumwendo",47,48100.82034,1,"Pediatrics",87244.82939
"38",38,46005.7848908761,664.894734907292,456.944789449555,0.108156605724309,0.00276435349688341,973.084070770565,0.000933037289021918,2094.03544912392,0.182104421442415,0.00369739078590533,"Malawi","Dedza","TA Chilikumwendo",47,48100.82034,1,"Pediatrics",87244.82939
"39",39,45603.5530713597,788.278864959902,543.793142367695,0.129281240213157,0.00331499590778775,1165.06154256759,0.00112250894639565,2496.26726864026,0.218031337296825,0.0044375048541834,"Malawi","Dedza","TA Chilikumwendo",47,48100.82034,1,"Pediatrics",87244.82939
"40",40,45129.9955255225,931.741852662864,645.659637507788,0.154306785406734,0.00397190514249267,1393.26369599206,0.00134962420938525,2969.82481447747,0.260737372444292,0.00532152935187792,"Malawi","Dedza","TA Chilikumwendo",47,48100.82034,1,"Pediatrics",87244.82939
"41",41,44574.862103988,1097.39976217585,764.523060211257,0.183858978772712,0.00475415955429519,1663.84517887977,0.00162160683694406,3524.95823601204,0.311374306597497,0.00637576639123924,"Malawi","Dedza","TA Chilikumwendo",47,48100.82034,1,"Pediatrics",87244.82939
"42",42,43927.3872653111,1287.11208252904,902.369147411608,0.218624585093181,0.0056836640495506,1983.72558953897,0.00194696015525517,4172.43307468892,0.371237069189296,0.00763062420480577,"Malawi","Dedza","TA Chilikumwendo",47,48100.82034,1,"Pediatrics",87244.82939
"43",43,43176.6655880451,1502.24891678084,1061.06671699282,0.259340852276848,0.00678531868045869,2360.57065636079,0.00233564949540256,4923.1547519549,0.441760215794074,0.00912096817586126,"Malawi","Dedza","TA Chilikumwendo",47,48100.82034,1,"Pediatrics",87244.82939
"44",44,42312.1979941701,1743.38901680111,1242.19911051519,0.306776145192186,0.00808708865036467,2802.71655598756,0.00279929223843961,5787.62234582993,0.524503762968272,0.0108863808888043,"Malawi","Dedza","TA Chilikumwendo",47,48100.82034,1,"Pediatrics",87244.82939
"45",45,41324.624925784,2009.95711766373,1446.84524301276,0.361699435155132,0.00961992201742897,3319.01838283468,0.00335134763372988,6775.19541421598,0.621124828178309,0.0129712696511588,"Malawi","Dedza","TA Chilikumwendo",47,48100.82034,1,"Pediatrics",87244.82939
"46",46,40206.6346528413,2299.83638241603,1675.30251058253,0.424837232799546,0.0114174449158354,3918.60653218718,0.00400729525034964,7893.18568715871,0.733332036123247,0.0154247401661851,"Malawi","Dedza","TA Chilikumwendo",47,48100.82034,1,"Pediatrics",87244.82939
"47",47,38954.0217975006,2608.97765860629,1926.77916381744,0.496814981943324,0.0135153717623907,4610.52660493647,0.00478478547347084,9145.79854249938,0.862818126660555,0.0183001572358616,"Malawi","Dedza","TA Chilikumwendo",47,48100.82034,1,"Pediatrics",87244.82939
"48",48,37566.8022457059,2931.08959700744,2199.07150233645,0.578083855848995,0.0159505511477467,5403.2572568011,0.00570374210455762,10533.0180942941,1.01116972089508,0.0216542932523043,"Malawi","Dedza","TA Chilikumwendo",47,48100.82034,1,"Pediatrics",87244.82939
"49",49,36050.2461898199,3257.50483721338,2488.2637119257,0.668835726541708,0.0187595820746403,6304.1112193396,0.00678639280161406,12049.5741501801,1.1797552240668,0.0255459748762544,"Malawi","Dedza","TA Chilikumwendo",47,48100.82034,1,"Pediatrics",87244.82939
"50",50,34415.6676161903,3577.28903891072,2788.53281133456,0.768909660835307,0.021976978430609,7318.53192972699,0.00805719818069453,13684.1527238097,1.36959319306138,0.0300341766113035,"Malawi","Dedza","TA Chilikumwendo",47,48100.82034,1,"Pediatrics",87244.82939
"51",51,32680.7491877766,3877.71083809885,3092.1018780376,0.877701780075579,0.0256328767469826,8449.34555877796,0.00954265217726802,15419.0711522234,1.58121235856059,0.0351755289242506,"Malawi","Dedza","TA Chilikumwendo",47,48100.82034,1,"Pediatrics",87244.82939
"52",52,30869.2359834462,4145.09231953386,3389.41798339322,0.994090513674427,0.0297503719236463,9696.03894181384,0.0112709272383636,17230.5843565538,1.81451649691462,0.0410212991620098,"Malawi","Dedza","TA Chilikumwendo",47,48100.82034,1,"Pediatrics",87244.82939
"53",53,29009.9182930467,4365.96823701354,3669.6191160113,1.11639045821755,0.0343426567093933,11054.1506894688,0.0132713446561232,19089.9020469532,2.06867048552788,0.0476140013655165,"Malawi","Dedza","TA Chilikumwendo",47,48100.82034,1,"Pediatrics",87244.82939
"54",54,27134.9060883329,4528.47188625887,3921.24361511902,1.24235425213507,0.0394101767395513,12514.9014121942,0.0155736661614011,20964.9142516671,2.34203111015411,0.0549838429009524,"Malawi","Dedza","TA Chilikumwendo",47,48100.82034,1,"Pediatrics",87244.82939
"55",55,25277.4153290659,4623.67215592877,4133.16268813423,1.36922944729045,0.0449381411222396,14065.1377920657,0.0182072169944835,22822.4050109341,2.63213660962491,0.0631453581167231,"Malawi","Dedza","TA Chilikumwendo",47,48100.82034,1,"Pediatrics",87244.82939
"56",56,23469.3705938138,4646.62000618565,4295.61310444746,1.49387435018989,0.0508947210537532,15687.6506666096,0.0211998722789873,24630.4497461862,2.93576621684469,0.0720945933327404,"Malawi","Dedza","TA Chilikumwendo",47,48100.82034,1,"Pediatrics",87244.82939
"57",57,21739.1604960864,4596.93977514256,4401.13211994606,1.61293119911047,0.0572302078554986,17361.8932104569,0.0245769610381838,26360.6598439135,3.24907457698412,0.0818071688936824,"Malawi","Dedza","TA Chilikumwendo",47,48100.82034,1,"Pediatrics",87244.82939
"58",58,20109.931532031,4478.7565346634,4445.3028665164,1.72303351344867,0.0638774269152899,19065.0141356955,0.0283601533421961,27989.888807969,3.56778511859839,0.092237580257486,"Malawi","Dedza","TA Chilikumwendo",47,48100.82034,1,"Pediatrics",87244.82939
"59",59,18598.5743615555,4300.09739449353,4427.1063555776,1.82102895557084,0.0707534315788822,20773.1178795705,0.032566415731237,29501.2459784445,3.88742590177323,0.103319847310119,"Malawi","Dedza","TA Chilikumwendo",47,48100.82034,1,"Pediatrics",87244.82939
"60",60,17215.4905217177,4071.80431762165,4348.9325812903,1.90418471615055,0.0777623854469745,22462.5737651587,0.0372071100991272,30884.3298182823,4.20357462707258,0.114969495546102,"Malawi","Dedza","TA Chilikumwendo",47,48100.82034,1,"Pediatrics",87244.82939
"61",61,15965.0084566963,3806.2829131332,4216.16548911551,1.97035786771788,0.0847994309801199,24111.2660364519,0.0422873043627362,32134.8118833037,4.512092574575,0.127086735342856,"Malawi","Dedza","TA Chilikumwendo",47,48100.82034,1,"Pediatrics",87244.82939
"62",62,14846.2846248471,3516.24274670637,4036.51601824173,2.01810580214309,0.0917551871808427,25699.6192838676,0.0478053478581184,33253.5357151528,4.80931650292231,0.139560535038961,"Malawi","Dedza","TA Chilikumwendo",47,48100.82034,1,"Pediatrics",87244.82939
"63",63,13854.4396895411,3213.65312874837,3819.18882671273,2.04673386047001,0.0985204416930425,27211.3396879623,0.053752733313856,34245.3806504589,5.09219736060798,0.152273175006899,"Malawi","Dedza","TA Chilikumwendo",47,48100.82034,1,"Pediatrics",87244.82939
"64",64,12981.7449815158,2908.99808845263,3574.03329307646,2.05627851186818,0.10499064935723,28633.8225935413,0.0601142524977521,35118.0753584841,5.35837654896783,0.165104901854982,"Malawi","Dedza","TA Chilikumwendo",47,48100.82034,1,"Pediatrics",87244.82939
"65",65,12218.7070374526,2610.85130315243,3310.7860360285,2.04743807689253,0.111069896026814,29958.2505869803,0.0668684132418166,35881.1133025474,5.60620426226513,0.17793830926863,"Malawi","Dedza","TA Chilikumwendo",47,48100.82034,1,"Pediatrics",87244.82939
"66",66,11554.9655362104,2325.7487590328,3038.46394782171,2.02146587491453,0.116674066078904,31179.4299689105,0.0739880836342939,36544.8548037896,5.8347088691785,0.190662149713198,"Malawi","Dedza","TA Chilikumwendo",47,48100.82034,1,"Pediatrics",87244.82939
"67",67,10979.9830444683,2058.2699550959,2764.95807728119,1.98004044832588,0.121733105155429,32295.4260482964,0.0814413046943508,37119.8372955317,6.04352864532149,0.20317440984978,"Malawi","Dedza","TA Chilikumwendo",47,48100.82034,1,"Pediatrics",87244.82939
"68",68,10483.5287836026,1811.26851378165,2496.79876224011,1.92513114741723,0.126192330039695,33307.0837646832,0.0891922149566374,37616.2915563973,6.23282204734388,0.215384544996333,"Malawi","Dedza","TA Chilikumwendo",47,48100.82034,1,"Pediatrics",87244.82939
"69",69,10055.990852308,1586.16565994307,2239.09347992011,1.85886828219777,0.13001285726443,34217.4842646606,0.0972020287999679,38043.829487692,6.40316600348573,0.227214886064398,"Malawi","Dedza","TA Chilikumwendo",47,48100.82034,1,"Pediatrics",87244.82939
"70",70,9688.55114182582,1383.26767223617,1995.57307041022,1.78342953655668,0.133171262566704,35031.4064247114,0.10543001723538,38411.2691981742,6.55545513259836,0.238601279802084,"Malawi","Dedza","TA Chilikumwendo",47,48100.82034,1,"Pediatrics",87244.82939
"71",71,9373.26249963512,1202.05845680334,1768.72935431544,1.7009451854961,0.135658634253755,35754.8195909795,0.113834446865066,38726.5578403648,6.69080680787253,0.249493081118822,"Malawi","Dedza","TA Chilikumwendo",47,48100.82034,1,"Pediatrics",87244.82939
"72",72,9103.05592416812,1041.45841669646,1559.99078046864,1.61342620015538,0.137479170024723,36394.4419398514,0.122373445153354,38996.7644158318,6.81047850371692,0.259852615178077,"Malawi","Dedza","TA Chilikumwendo",47,48100.82034,1,"Pediatrics",87244.82939
"73",73,8871.70674036963,900.032979151601,1369.92058013187,1.52271271011628,0.138648497274862,36957.3676733709,0.131005768556809,39228.1135996303,6.91579802674971,0.269654265831671,"Malawi","Dedza","TA Chilikumwendo",47,48100.82034,1,"Pediatrics",87244.82939
"74",74,8673.77409129423,776.156834579902,1198.40734723284,1.43044252794672,0.139191836198922,37450.7727410692,0.139691459621592,39426.0462487057,7.00810844435702,0.278883295820515,"Malawi","Dedza","TA Chilikumwendo",47,48100.82034,1,"Pediatrics",87244.82939
"75",75,8504.52944986851,668.134090910997,1044.84210267179,1.33803529866925,0.13914213889389,37881.6891267226,0.148392388473557,39595.2908901315,7.08872584601819,0.287534527367447,"Malawi","Dedza","TA Chilikumwendo",47,48100.82034,1,"Pediatrics",87244.82939
"76",76,8359.88064924952,574.284211808259,908.269129017513,1.246689963687,0.138538285739158,38256.8440489965,0.157072678766388,39739.9396907504,7.15890925379791,0.295610964505546,"Malawi","Dedza","TA Chilikumwendo",47,48100.82034,1,"Pediatrics",87244.82939
"77",77,8236.29777120532,492.998352387066,787.512572395828,1.15739164253328,0.137423405237269,38582.5511299384,0.165699025577441,39863.5225687946,7.21984025882748,0.30312243081471,"Malawi","Dedza","TA Chilikumwendo",47,48100.82034,1,"Pediatrics",87244.82939
"78",78,8130.74325523011,422.774395445359,681.275506057183,1.07092552018783,0.135843362552707,38864.6461734728,0.174240911764551,39969.0770847699,7.27261100653298,0.310084274317258,"Malawi","Dedza","TA Chilikumwendo",47,48100.82034,1,"Pediatrics",87244.82939
"79",79,8040.60800663394,362.235835864172,588.216906638225,0.98789480098969,0.133845432295803,39108.455179892,0.182670738386832,40059.212333366,7.3182182146424,0.316516170682636,"Malawi","Dedza","TA Chilikumwendo",47,48100.82034,1,"Pediatrics",87244.82939
"80",80,7963.65406488269,310.138948395403,507.006625149977,0.908741276626214,0.131477174901193,39318.7895192454,0.190963874951403,40136.1662751173,7.35756227367813,0.322441049852596,"Malawi","Dedza","TA Chilikumwendo",47,48100.82034,1,"Pediatrics",87244.82939
"81",81,7897.96397422192,265.372270468847,436.364727889133,0.833766383872814,0.128785506026772,39499.9577168826,0.19909864758117,40201.856365778,7.39144945603164,0.327884153607942,"Malawi","Dedza","TA Chilikumwendo",47,48100.82034,1,"Pediatrics",87244.82939
"82",82,7841.89622685894,226.951276928487,375.086825783355,0.763152029953648,0.125815949467647,39655.7899861752,0.207056274548246,40257.924113141,7.42059651027151,0.332872224015893,"Malawi","Dedza","TA Chilikumwendo",47,48100.82034,1,"Pediatrics",87244.82939
"83",83,7794.04646411208,194.009892575799,322.059031329566,0.696980343801131,0.122612057997525,39789.6705388204,0.214820760343167,40305.7738758879,7.44563671061497,0.337432818340692,"Malawi","Dedza","TA Chilikumwendo",47,48100.82034,1,"Pediatrics",87244.82939
"84",84,7753.21386136587,165.790400877862,276.265394354624,0.635251785876648,0.119214984398304,39904.5738378728,0.222378758501769,40346.6064786341,7.46712664387811,0.341593742900073,"Malawi","Dedza","TA Chilikumwendo",47,48100.82034,1,"Pediatrics",87244.82939
"85",85,7718.37198184774,141.632969571614,236.789249317031,0.577901489396566,0.115663182519733,40003.1028551801,0.229719411569389,40381.4483581522,7.485553371179,0.345382594089122,"Malawi","Dedza","TA Chilikumwendo",47,48100.82034,1,"Pediatrics",87244.82939
"86",86,7688.64381117947,120.965045577073,202.810953318276,0.524813566808572,0.111992221190999,40087.5268899613,0.236834175826552,40411.1765288205,7.5013415071596,0.348826397017551,"Malawi","Dedza","TA Chilikumwendo",47,48100.82034,1,"Pediatrics",87244.82939
"87",87,7663.28023140814,103.291197245925,173.60326373293,0.475833494163388,0.108234688165038,40159.8178627928,0.24371663780586,40436.5401085918,7.51486001358134,0.351951325970898,"Malawi","Dedza","TA Chilikumwendo",47,48100.82034,1,"Pediatrics",87244.82939
"88",88,7641.64146282505,88.1838935160359,148.524635945078,0.430778718049727,0.104420169762494,40221.6847864991,0.25036232690823,40458.1788771749,7.52642865146421,0.354782496670724,"Malawi","Dedza","TA Chilikumwendo",47,48100.82034,1,"Pediatrics",87244.82939
"89",89,7623.18122890169,75.2748856599385,127.012120425113,0.389447492493963,0.100575290862478,40274.6053137011,0.256768528807328,40476.6391110983,7.53632388589008,0.357343819669806,"Malawi","Dedza","TA Chilikumwendo",47,48100.82034,1,"Pediatrics",87244.82939
"90",90,7607.43319175088,64.2474349020812,108.573982645766,0.351626175678359,0.0967238013750463,40319.8544466214,0.262934102817477,40492.3871482491,7.54478425952882,0.359657904192523,"Malawi","Dedza","TA Chilikumwendo",47,48100.82034,1,"Pediatrics",87244.82939
"91",91,7593.99926409515,54.8295942271786,92.7820489858594,0.317095213481108,0.0928866969083652,40358.5305914755,0.268859305869844,40505.8210759048,7.55201526904529,0.361746002778209,"Malawi","Dedza","TA Chilikumwendo",47,48100.82034,1,"Pediatrics",87244.82939
"92",92,7582.5396652449,46.78806203626,79.2647384273781,0.285633888068126,0.089082364924983,40391.5786124138,0.274545624663482,40517.2806747551,7.55819367983741,0.363627989588465,"Malawi","Dedza","TA Chilikumwendo",47,48100.82034,1,"Pediatrics",87244.82939
"93",93,7572.76448180005,39.9228761752746,67.7004896494217,0.257023997548938,0.0853267484097304,40419.8101460111,0.279995618111485,40527.0558581999,7.56347132797325,0.365322366521216,"Malawi","Dedza","TA Chilikumwendo",47,48100.82034,1,"Pediatrics",87244.82939
"94",94,7564.42627139077,34.0628108315696,57.8115010783351,0.231052807001635,0.0816335169931844,40443.9218576058,0.285212769500413,40535.3940686092,7.56797853687357,0.366846286493597,"Malawi","Dedza","TA Chilikumwendo",47,48100.82034,1,"Pediatrics",87244.82939
"95",95,7557.31391412831,29.061313528263,49.3583207930501,0.20751512319555,0.0780142458125149,40464.5110608313,0.290201350049453,40542.5064258717,7.5718270404349,0.368215595861968,"Malawi","Dedza","TA Chilikumwendo",47,48100.82034,1,"Pediatrics",87244.82939
"96",96,7551.24727026859,24.7930398013913,42.1348255425091,0.186214847615355,0.0744785925523102,40482.0895446537,0.294966293599172,40548.5730697314,7.57511257064499,0.369444886151482,"Malawi","Dedza","TA Chilikumwendo",47,48100.82034,1,"Pediatrics",87244.82939
"97",97,7546.07265356242,21.1508166702808,35.9638553514001,0.166965999058234,0.0710344722747231,40497.0955008623,0.29951308225524,40553.7476864375,7.5779170896575,0.370547554529963,"Malawi","Dedza","TA Chilikumwendo",47,48100.82034,1,"Pediatrics",87244.82939
"98",98,7541.6589469627,18.043048706455,30.693303231719,0.149593351146473,0.0676882263575764,40509.9039118788,0.303847642769623,40558.1613930373,7.58031073369046,0.3715358691272,"Malawi","Dedza","TA Chilikumwendo",47,48100.82034,1,"Pediatrics",87244.82939
"99",99,7537.89429264885,15.391477592383,26.1927008886366,0.13393274272877,0.064444784127396,40520.83551509,0.307976253261314,40561.9260473511,7.58235349050297,0.37242103738871,"Malawi","Dedza","TA Chilikumwendo",47,48100.82034,1,"Pediatrics",87244.82939
"100",100,7534.68326996791,13.129257359302,22.350239945863,0.119831134103747,0.0613078156991231,40530.1645283172,0.311905459846123,40565.1370700321,7.58409664500866,0.373213275545246,"Malawi","Dedza","TA Chilikumwendo",47,48100.82034,1,"Pediatrics",87244.82939
"101",101,7531.94448121573,11.1993069847388,19.0701649668656,0.107146472070857,0.0582798752692175,40538.1253184828,0.315642002482446,40567.8758587842,7.58558402710413,0.373921877751663,"Malawi","Dedza","TA Chilikumwendo",47,48100.82034,1,"Pediatrics",87244.82939
"102",102,7529.60848807637,9.5528837630096,16.2705203708863,0.0957474070534934,0.0553625346824828,40544.9181450987,0.319192749282363,40570.2118519236,7.58685308635041,0.374555283964846,"Malawi","Dedza","TA Chilikumwendo",47,48100.82034,1,"Pediatrics",87244.82939
"103",103,7527.6160583702,8.14838105046356,13.8811927682353,0.0855128979342667,0.0525565065398508,40550.7140737675,0.322564639129716,40572.2042816298,7.58793581132561,0.375121145669567,"Malawi","Dedza","TA Chilikumwendo",47,48100.82034,1,"Pediatrics",87244.82939
"104",104,7525.91666989317,6.95028677881644,11.8422328901735,0.0763317412903335,0.0498617572456227,40555.6591923076,0.325764631613357,40573.9036701068,7.58885951846993,0.37562638885898,"Malawi","Dedza","TA Chilikumwendo",47,48100.82034,1,"Pediatrics",87244.82939
"105",105,7524.46722832799,5.92828893112662,10.1024033318173,0.0681020533708621,0.0472776102727512,40559.8782400818,0.328799663614697,40575.353111672,7.58964753111982,0.376077273887448,"Malawi","Dedza","TA Chilikumwendo",47,48100.82034,1,"Pediatrics",87244.82939
"106",106,7523.23097473756,5.05652293755143,8.61791831327101,0.0607307199401335,0.0448028399236853,40563.4777138396,0.331676612108361,40576.5893652624,7.59031976058105,0.376479452032046,"Malawi","Dedza","TA Chilikumwendo",47,48100.82034,1,"Pediatrics",87244.82939
"107",107,7522.17655507053,4.31291884019968,7.35137328015256,0.0541328318783573,0.0424357560121257,40566.5485219586,0.334402262528678,40577.6437849295,7.59089320269444,0.376838018540804,"Malawi","Dedza","TA Chilikumwendo",47,48100.82034,1,"Pediatrics",87244.82939
"108",108,7521.27722682121,3.67864265525477,6.27082769130619,0.0482311194424736,0.0401742799880688,40569.1682541506,0.336983282162146,40578.5431131788,7.59138236244676,0.377157562150214,"Malawi","Dedza","TA Chilikumwendo",47,48100.82034,1,"Pediatrics",87244.82939
"109",109,7520.51017927627,3.13762771105751,5.34900417608508,0.0429553970919803,0.0380160130383933,40571.4031312284,0.339426198042803,40579.3101607237,7.5917996187159,0.377442211081196,"Malawi","Dedza","TA Chilikumwendo",47,48100.82034,1,"Pediatrics",87244.82939
"110",110,7519.85595610331,2.6761672142538,4.56261417363689,0.0382420224261823,0.0359582967465523,40573.3096648107,0.341737378869211,40579.9643838967,7.59215553474144,0.377695675615763,"Malawi","Dedza","TA Chilikumwendo",47,48100.82034,1,"Pediatrics",87244.82939
"111",111,7519.29796331004,2.28256509831422,3.89178269092028,0.0340333758865829,0.0339982668710525,40574.9360742374,0.343923020493013,40580.5223766899,7.5924591231679,0.377921287364066,"Malawi","Dedza","TA Chilikumwendo",47,48100.82034,1,"Pediatrics",87244.82939
"112",112,7518.82204668156,1.946845605293,3.31954291038794,0.0302773672414427,0.0321329007696053,40576.3235054001,0.345989134569657,40580.9982933184,7.59271807402669,0.378122035339262,"Malawi","Dedza","TA Chilikumwendo",47,48100.82034,1,"Pediatrics",87244.82939
"113",113,7518.4161335098,1.66049945466429,2.83141398454144,0.0269269674684047,0.0303590590517143,40577.5070654844,0.34794153998865,40581.4042064902,7.5929389482757,0.378300599040365,"Malawi","Dedza","TA Chilikumwendo",47,48100.82034,1,"Pediatrics",87244.82939
"114",114,7518.06992758751,1.41626559636075,2.41504277798311,0.0239397686662821,0.0286735219651723,40578.5167048907,0.349785856738894,40581.7504124125,7.59312734274761,0.378459378704066,"Malawi","Dedza","TA Chilikumwendo",47,48100.82034,1,"Pediatrics",87244.82939
"115",115,7517.77464648513,1.20795187191976,2.05988585762449,0.0212775747374659,0.0270730209837949,40579.3779776877,0.351527501898059,40582.0456935148,7.59328803237455,0.378600522881854,"Malawi","Dedza","TA Chilikumwendo",47,48100.82034,1,"Pediatrics",87244.82939
"116",116,7517.52279927539,1.03027705242013,1.75694617822907,0.018906019476781,0.0255542660984083,40580.1126855209,0.353171687458226,40582.2975407246,7.59342509060947,0.378725953556634,"Malawi","Dedza","TA Chilikumwendo",47,48100.82034,1,"Pediatrics",87244.82939
"117",117,7517.30799761577,0.878734229012978,1.49855126608037,0.0167942124987332,0.0241139692342061,40580.7394252876,0.354723419733112,40582.5123423842,7.59354199184509,0.378837388967318,"Malawi","Dedza","TA Chilikumwendo",47,48100.82034,1,"Pediatrics",87244.82939
"118",118,7517.12479231424,0.749480468149908,1.27815318396374,0.0149144141981402,0.0227488641740695,40581.2740632551,0.356187500119722,40582.6955476857,7.59364170007397,0.378936364293791,"Malawi","Dedza","TA Chilikumwendo",47,48100.82034,1,"Pediatrics",87244.82939
"119",119,7516.9685354309,0.639238603834307,1.09016466611884,0.0132417357521181,0.0214557233932252,40581.730135313,0.357568527005724,40582.8518045691,7.5937267437311,0.379024250398949,"Malawi","Dedza","TA Chilikumwendo",47,48100.82034,1,"Pediatrics",87244.82939
"120",120,7516.83526338587,0.545211487006671,0.929822577185074,0.0117538635546176,0.0202313721400137,40582.1191864156,0.358870898640352,40582.9850766141,7.59379927916194,0.379102270780366,"Malawi","Dedza","TA Chilikumwendo",47,48100.82034,1,"Pediatrics",87244.82939
"121",121,7516.72159520479,0.465014387449002,0.793061884584563,0.0104308086407565,0.0190727000540008,40582.4510661976,0.360098816808664,40583.0987447952,7.59386114589405,0.379171516862665,"Malawi","Dedza","TA Chilikumwendo",47,48100.82034,1,"Pediatrics",87244.82939
"122",122,7516.62464695791,0.396614003509862,0.676413766611981,0.00925467716485439,0.0179766706355669,40582.734177633,0.361256291162475,40583.1956930421,7.59391391312569,0.379232961798042,"Malawi","Dedza","TA Chilikumwendo",47,48100.82034,1,"Pediatrics",87244.82939
"123",123,7516.54195953832,0.338274391390855,0.576922141798313,0.008209460913397,0.0169403288213461,40582.9756869946,0.362347144081819,40583.2783804617,7.5939589189767,0.379287472903165,"Malawi","Dedza","TA Chilikumwendo",47,48100.82034,1,"Pediatrics",87244.82939
"124",124,7516.47143523415,0.288515788219094,0.492064003048136,0.0072808482235602,0.0159608068794823,40583.1817083035,0.363375015957802,40583.3489047658,7.59399730496924,0.379335822837284,"Malawi","Dedza","TA Chilikumwendo",47,48100.82034,1,"Pediatrics",87244.82939
"125",125,7516.41128460508,0.246076779788665,0.419686012624356,0.00645605169714415,0.0150353288642533,40583.3574578511,0.364343370796478,40583.4090553949,7.59403004491178,0.379378699660732,"Malawi","Dedza","TA Chilikumwendo",47,48100.82034,1,"Pediatrics",87244.82939
"126",126,7516.35998202826,0.209880005151281,0.357954061679078,0.00572365181258666,0.014161213800234,40583.5073835372,0.365255502062791,40583.4603579717,7.59405796907309,0.379416715863025,"Malawi","Dedza","TA Chilikumwendo",47,48100.82034,1,"Pediatrics",87244.82939
"127",127,7516.31622595715,0.179007387443276,0.305302267285604,0.00507345645146472,0.013335877782492,40583.6352805151,0.36611453868479,40583.5041140428,7.5940817857971,0.379450416467282,"Malawi","Dedza","TA Chilikumwendo",47,48100.82034,1,"Pediatrics",87244.82939
"128",128,7516.27890610994,0.152676364845468,0.260394171840945,0.00449637344120048,0.0125568351331992,40583.7443866936,0.366923451162275,40583.5414338901,7.59410209935068,0.379480286295474,"Malawi","Dedza","TA Chilikumwendo",47,48100.82034,1,"Pediatrics",87244.82939
"129",129,7516.24707600818,0.130218194833786,0.222092064429435,0.00398429525431796,0.0118216987594144,40583.8374626808,0.367685057720991,40583.5732639918,7.59411942486243,0.379506756480406,"Malawi","Dedza","TA Chilikumwendo",47,48100.82034,1,"Pediatrics",87244.82939
"130",130,7516.21992803411,0.111063461110771,0.189423894462845,0.0035299961465032,0.0111281798202675,40583.9168644038,0.368402030467061,40583.6004119659,7.59413420189308,0.379530210287329,"Malawi","Dedza","TA Chilikumwendo",47,48100.82034,1,"Pediatrics",87244.82939
"131",131,7516.19677329568,0.094726532936092,0.161560401154858,0.00312703852019752,0.010474086822319,40583.9846017433,0.369076901521201,40583.6235667043,7.5941468053906,0.37955098834352,"Malawi","Dedza","TA Chilikumwendo",47,48100.82034,1,"Pediatrics",87244.82939
"132",132,7516.17702450352,0.0807924256035462,0.137795584231795,0.00276968916190848,0.00985732423741281,40584.0423884041,0.369712069054857,40583.6433154965,7.5941575550073,0.379569393292269,"Malawi","Dedza","TA Chilikumwendo",47,48100.82034,1,"Pediatrics",87244.82939
"133",133,7516.16018069727,0.068908017598391,0.117526343237454,0.002452845517744,0.00927589074111982,40584.0916864024,0.370309803153549,40583.6601593027,7.59416672341113,0.379585693894669,"Malawi","Dedza","TA Chilikumwendo",47,48100.82034,1,"Pediatrics",87244.82939
"134",134,7516.14581457307,0.0587717969673688,0.100238549988259,0.00217196638066569,0.00872787710030191,40584.1337429847,0.370872251739753,40583.6745254269,7.59417454318176,0.379600128840055,"Malawi","Dedza","TA Chilikumwendo",47,48100.82034,1,"Pediatrics",87244.82939
"135",135,7516.13356161057,0.0501264858321342,0.0854936749239485,0.00192301146133575,0.008211463776822,40584.1696223071,0.371401446286499,40583.6867783894,7.59418121272775,0.37961291006332,"Malawi","Dedza","TA Chilikumwendo",47,48100.82034,1,"Pediatrics",87244.82939
"136",136,7516.12311104319,0.042752921694537,0.0729176734201897,0.00170238890141614,0.00772491843261131,40584.2002317471,0.37189930718235,40583.6972289568,7.59418690120064,0.379624225614961,"Malawi","Dedza","TA Chilikumwendo",47,48100.82034,1,"Pediatrics",87244.82939
"137",137,7516.11419776067,0.0364640104904882,0.0621915789032216,0.00150690506840133,0.00726659315913885,40584.2263455024,0.372367649232538,40583.7061422393,7.59419175290193,0.379634242391677,"Malawi","Dedza","TA Chilikumwendo",47,48100.82034,1,"Pediatrics",87244.82939
"138",138,7516.10659562182,0.0311001676141122,0.0530432987403313,0.00133372152487449,0.00683492164161169,40584.2486240818,0.372808186828275,40583.7137443782,7.59419589092262,0.379643108469887,"Malawi","Dedza","TA Chilikumwendo",47,48100.82034,1,"Pediatrics",87244.82939
"139",139,7516.10011175089,0.0265253519754308,0.0452406941444694,0.00118031644748342,0.00642841625156855,40584.2676309313,0.373222538938428,40583.7202282491,7.59419942024742,0.379650955189997,"Malawi","Dedza","TA Chilikumwendo",47,48100.82034,1,"Pediatrics",87244.82939
"140",140,7516.09458175123,0.0226235646481371,0.0385859460421238,0.00104445055011292,0.00604566516072278,40584.2838463885,0.373612233829765,40583.7257582488,7.59420243035987,0.379657898990488,"Malawi","Dedza","TA Chilikumwendo",47,48100.82034,1,"Pediatrics",87244.82939
"141",141,7516.08986525262,0.019295743367353,0.0329101616105625,0.000924134181225074,0.00568532919873432,40584.297680665,0.373978713975494,40583.7304747474,7.59420499766579,0.379664043174228,"Malawi","Dedza","TA Chilikumwendo",47,48100.82034,1,"Pediatrics",87244.82939
"142",142,7516.08584248509,0.0164573996152337,0.0280691975319775,0.00081760065773882,0.00534613894310993,40584.3094838377,0.37432334039191,40583.7344975149,7.59420718735813,0.379669479335019,"Malawi","Dedza","TA Chilikumwendo",47,48100.82034,1,"Pediatrics",87244.82939
"143",143,7516.08241144273,0.0140365648509563,0.0239403000158498,0.000723282771646226,0.00502689185618769,40584.319554121,0.374647396753264,40583.7379285573,7.59420905496068,0.379674288609452,"Malawi","Dedza","TA Chilikumwendo",47,48100.82034,1,"Pediatrics",87244.82939
"144",144,7516.07948510314,0.0119718245937473,0.0204187632091717,0.000639789716109706,0.00472644932192891,40584.3281459764,0.374952093584341,40583.7408548969,7.59421064784151,0.37967854290627,"Malawi","Dedza","TA Chilikumwendo",47,48100.82034,1,"Pediatrics",87244.82939
"145",145,7516.07698921747,0.0102108026658135,0.0174152265014233,0.000565887454786692,0.00444373376480936,40584.3354765599,0.375238572183244,40583.7433507825,7.59421200641585,0.379682305948053,"Malawi","Dedza","TA Chilikumwendo",47,48100.82034,1,"Pediatrics",87244.82939
"146",146,7516.07486046452,0.00870882349069236,0.0148534886832211,0.000500481342125483,0.00417772583999419,40584.3417311077,0.375507908350441,40583.7454795355,7.59421316515082,0.379685634190435,"Malawi","Dedza","TA Chilikumwendo",47,48100.82034,1,"Pediatrics",87244.82939
"147",147,7516.07304482613,0.00742776094229895,0.0126685579170472,0.000442600473481269,0.00392746170005426,40584.3470676769,0.375761115948759,40583.7472951739,7.59421415344975,0.379688577648813,"Malawi","Dedza","TA Chilikumwendo",47,48100.82034,1,"Pediatrics",87244.82939
"148",148,7516.07149626107,0.00633513764223175,0.0108050209943351,0.000391384312841934,0.00369203041014748,40584.3516210153,0.375999150192907,40583.7488437389,7.59421499637394,0.379691180603055,"Malawi","Dedza","TA Chilikumwendo",47,48100.82034,1,"Pediatrics",87244.82939
"149",149,7516.07017549002,0.00540324351316453,0.00921560551213575,0.000346069884539821,0.00347057130565212,40584.3555061088,0.376222910965325,40583.75016451,7.59421571530407,0.379693482270977,"Malawi","Dedza","TA Chilikumwendo",47,48100.82034,1,"Pediatrics",87244.82939
"150",150,7516.06904900439,0.00460842878939028,0.00785999472703348,0.000305980822687092,0.00326227150168851,40584.3588210739,0.376433245881161,40583.7512909956,7.59421632847969,0.37969551738285,"Malawi","Dedza","TA Chilikumwendo",47,48100.82034,1,"Pediatrics",87244.82939
"151",151,7516.06808822468,0.00393052995192992,0.00670379502950326,0.000270517726988733,0.0030663635041736,40584.3616496159,0.376630953182342,40583.7522517753,7.5942168514573,0.379697316686516,"Malawi","Dedza","TA Chilikumwendo",47,48100.82034,1,"Pediatrics",87244.82939
"152",152,7516.06726877477,0.00335235127916427,0.00571766908378224,0.000239149481841276,0.00288212290066162,40584.364063148,0.376816784500519,40583.7530712252,7.59421729750545,0.379698907401181,"Malawi","Dedza","TA Chilikumwendo",47,48100.82034,1,"Pediatrics",87244.82939
"153",153,7516.06656986573,0.00285922208398061,0.00487660225321299,0.000211405546429255,0.00270886613987446,40584.3661225907,0.376991447479808,40583.7537701343,7.59421767794007,0.379700313619682,"Malawi","Dedza","TA Chilikumwendo",47,48100.82034,1,"Pediatrics",87244.82939
"154",154,7516.06597376619,0.00243863124368482,0.00415925713262099,0.000186869108615249,0.00254594840163094,40584.3678799196,0.377155608263578,40583.7543662338,7.59421800241279,0.379701556665209,"Malawi","Dedza","TA Chilikumwendo",47,48100.82034,1,"Pediatrics",87244.82939
"155",155,7516.06546535245,0.00207990972790279,0.00354743210376032,0.000165171001359375,0.00239276155684279,40584.3693794793,0.377309893850881,40583.7548746476,7.59421827915584,0.379702655407724,"Malawi","Dedza","TA Chilikumwendo",47,48100.82034,1,"Pediatrics",87244.82939
"156",156,7516.06503173392,0.00177396154010896,0.00302561545594077,0.000145984412084971,0.00224873225957439,40584.3706590781,0.377454894279116,40583.7553082661,7.5942185151859,0.379703626538691,"Malawi","Dedza","TA Chilikumwendo",47,48100.82034,1,"Pediatrics",87244.82939
"157",157,7516.06466190351,0.00151301987843695,0.00258056187602681,0.000129019784490775,0.00211331997459356,40584.3717510101,0.377591164860902,40583.7556780965,7.59421871649439,0.379704484835495,"Malawi","Dedza","TA Chilikumwendo",47,48100.82034,1,"Pediatrics",87244.82939
"158",158,7516.06434647001,0.00129045933284917,0.00220096919594425,0.000114020715793502,0.0019860152472905,40584.3726828373,0.377719228126581,40583.75599353,7.59421888819322,0.379705243373871,"Malawi","Dedza","TA Chilikumwendo",47,48100.82034,1,"Pediatrics",87244.82939
"159",159,7516.06407743505,0.00110063625329761,0.00187721246345955,0.000100760365909161,0.00186633807152812,40584.3734780421,0.377839575641981,40583.756262565,7.5942190346361,0.379705913713509,"Malawi","Dedza","TA Chilikumwendo",47,48100.82034,1,"Pediatrics",87244.82939
"160",160,7516.06384797476,0.000938735642982244,0.00160108012581183,0.000089037933145139,0.00175383623100109,40584.3741566654,0.377952669849213,40583.7564920253,7.59421915953743,0.379706506080214,"Malawi","Dedza","TA Chilikumwendo",47,48100.82034,1,"Pediatrics",87244.82939
"161",161,7516.06365226724,0.000800650285067195,0.00136556556295952,0.0000786756790003499,0.00164808375740325,40584.3747358117,0.378058945761959,40583.7566877328,7.59421926606624,0.379707029519362,"Malawi","Dedza","TA Chilikumwendo",47,48100.82034,1,"Pediatrics",87244.82939
"162",162,7516.06348534746,0.000682876739922496,0.00116469412818537,0.0000695163083965613,0.00154867947139643,40584.3752300733,0.37815881255944,40583.7568546526,7.59421935692512,0.379707492030836,"Malawi","Dedza","TA Chilikumwendo",47,48100.82034,1,"Pediatrics",87244.82939
"163",163,7516.06334297956,0.000582425962907608,0.000993368727115074,0.0000614206169854735,0.00145524559448459,40584.3756519044,0.378252655095654,40583.7569970205,7.59421943441976,0.379707900690139,"Malawi","Dedza","TA Chilikumwendo",47,48100.82034,1,"Pediatrics",87244.82939
"164",164,7516.06322155339,0.000496751198838,0.000847244464909583,0.0000542654904658147,0.00136742647188305,40584.3760119237,0.378340835279357,40583.7571184466,7.59421950051526,0.37970826175124,"Malawi","Dedza","TA Chilikumwendo",47,48100.82034,1,"Pediatrics",87244.82939
"165",165,7516.06311798907,0.000423679378644081,0.000722615019820286,0.0000479419949622118,0.00128488728864216,40584.3763191938,0.378423693456013,40583.757222011,7.59421955688808,0.379708580744656,"Malawi","Dedza","TA Chilikumwendo",47,48100.82034,1,"Pediatrics",87244.82939
"166",166,7516.06302965905,0.0003613562894559,0.000616318674099803,0.0000423537516961104,0.00120731288740951,40584.3765814496,0.378501549673428,40583.757310341,7.59421960496846,0.379708862560838,"Malawi","Dedza","TA Chilikumwendo",47,48100.82034,1,"Pediatrics",87244.82939
"167",167,7516.06295432235,0.000308200895820252,0.000525658482670012,0.0000374155105996436,0.00113440665562914,40584.3768052912,0.378574704867652,40583.7573856777,7.59421964597623,0.379709111523281,"Malawi","Dedza","TA Chilikumwendo",47,48100.82034,1,"Pediatrics",87244.82939
"168",168,7516.06289006763,0.000262864700872085,0.00044833427444861,0.0000330518704108268,0.00106588946584051,40584.37699635,0.378643441988228,40583.7574499324,7.59421968095179,0.379709331454069,"Malawi","Dedza","TA Chilikumwendo",47,48100.82034,1,"Pediatrics",87244.82939
"169",169,7516.06283526476,0.00022419740803832,0.000382384481799293,0.0000291961460444947,0.00100149867244306,40584.3771594314,0.378708027059377,40583.7575047353,7.59421971078245,0.37970952573182,"Malawi","Dedza","TA Chilikumwendo",47,48100.82034,1,"Pediatrics",87244.82939
"170",170,7516.06278852338,0.000191218041006946,0.000326135906637677,0.0000257893657347171,0.000940987162791441,40584.3772986359,0.378768710180173,40583.7575514766,7.59421973622503,0.379709697342965,"Malawi","Dedza","TA Chilikumwendo",47,48100.82034,1,"Pediatrics",87244.82939
"171",171,7516.06274865763,0.000163089953863077,0.000278161426374997,0.0000227793826474117,0.000884122460061189,40584.3774174626,0.378825726467058,40583.7575913424,7.59421975792502,0.379709848927119,"Malawi","Dedza","TA Chilikumwendo",47,48100.82034,1,"Pediatrics",87244.82939
"172",172,7516.06271465611,0.000139099490758404,0.000237243983645472,0.0000201200882672079,0.000830685875403421,40584.3775188974,0.378879296941831,40583.7576253439,7.59421977643296,0.379709982817234,"Malawi","Dedza","TA Chilikumwendo",47,48100.82034,1,"Pediatrics",87244.82939
"173",173,7516.06268565621,0.000118638002094096,0.000202345502735985,0.0000177707160094893,0.000780471706983194,40584.3776054884,0.378929629368135,40583.7576543438,7.59421979221837,0.379710101075118,"Malawi","Dedza","TA Chilikumwendo",47,48100.82034,1,"Pediatrics",87244.82939
"174",174,7516.06266092219,0.000101186401289802,0.000172580555632431,0.0000156952247032318,0.000733286483576228,40584.3776794101,0.378976919039277,40583.7576790778,7.59421980568177,0.379710205522853,"Malawi","Dedza","TA Chilikumwendo",47,48100.82034,1,"Pediatrics",87244.82939
"175",175,7516.06263982652,0.0000863019254322352,0.000147194017978569,0.0000138617528558389,0.000688948250479653,40584.377742518,0.379021349520112,40583.7577001735,7.5942198171647,0.379710297770592,"Malawi","Dedza","TA Chilikumwendo",47,48100.82034,1,"Pediatrics",87244.82939
"176",176,7516.062621834,0.0000736069249222702,0.000125541811741712,0.0000122421346209877,0.000647285892351247,40584.3777963958,0.379063093348843,40583.757718166,7.59421982695851,0.379710379241194,"Malawi","Dedza","TA Chilikumwendo",47,48100.82034,1,"Pediatrics",87244.82939
"177",177,7516.06260648942,0.0000627802440712998,0.000107076145092765,0.0000108115312657362,0.000608138700095208,40584.3778423914,0.37910231248889,40583.7577335106,7.59421983531097,0.379710451188985,"Malawi","Dedza","TA Chilikumwendo",47,48100.82034,1,"Pediatrics",87244.82939
"178",178,7516.06259340291,0.0000535467843116945,0.0000913278185095577,0.00000954791754503646,0.000571355328596734,40584.3778816598,0.379139159397241,40583.7577465971,7.59421984243431,0.379710514725838,"Malawi","Dedza","TA Chilikumwendo",47,48100.82034,1,"Pediatrics",87244.82939
"179",179,7516.06258224109,0.0000456713372355659,0.0000778956875262422,0.00000843179171578204,0.000536793356824793,40584.3779151892,0.379173777479088,40583.7577577589,7.59421984850998,0.379710570835913,"Malawi","Dedza","TA Chilikumwendo",47,48100.82034,1,"Pediatrics",87244.82939
"180",180,7516.06257272087,0.0000389541471734896,0.0000664390490285055,0.00000744596481207054,0.000504319012929848,40584.3779438195,0.379206301373434,40583.7577672792,7.59421985369209,0.379710620386364,"Malawi","Dedza","TA Chilikumwendo",47,48100.82034,1,"Pediatrics",87244.82939
"181",181,7516.06256460086,0.0000332249040153143,0.0000566674201972159,0.00000657525215159276,0.000473806558188731,40584.3779682674,0.379236857584805,40583.7577753992,7.59421985811203,0.379710664142994,"Malawi","Dedza","TA Chilikumwendo",47,48100.82034,1,"Pediatrics",87244.82939
"182",182,7516.06255767511,0.0000283382990138073,0.0000483329696422889,0.00000580623350661621,0.000445137784302162,40584.3779891446,0.379265564998118,40583.7577823249,7.5942198618819,0.37971070278242,"Malawi","Dedza","TA Chilikumwendo",47,48100.82034,1,"Pediatrics",87244.82939
"183",183,7516.06255176798,0.0000241703986390919,0.0000412243216771825,0.00000512705007294246,0.000418201568393136,40584.3780069733,0.379292535333969,40583.7577882321,7.59421986509731,0.379710736902362,"Malawi","Dedza","TA Chilikumwendo",47,48100.82034,1,"Pediatrics",87244.82939
"184",184,7516.06254672964,0.0000206154988593618,0.0000351611893612834,0.00000452722322698993,0.000392893452602827,40584.3780221994,0.379317873578226,40583.7577932704,7.59421986783981,0.379710767030829,"Malawi","Dedza","TA Chilikumwendo",47,48100.82034,1,"Pediatrics",87244.82939
"185",185,7516.06254243233,0.0000175834417141454,0.0000299898016616844,0.00000399749426726163,0.000369115248122697,40584.3780352032,0.379341678386112,40583.7577975677,7.59421987017896,0.379710793634234,"Malawi","Dedza","TA Chilikumwendo",47,48100.82034,1,"Pediatrics",87244.82939
"186",186,7516.06253876705,0.0000149973291581086,0.0000255790040334655,0.0000035296827404698,0.000346774662323944,40584.3780463098,0.379364042462242,40583.757801233,7.59421987217406,0.379710817124566,"Malawi","Dedza","TA Chilikumwendo",47,48100.82034,1,"Pediatrics",87244.82939
"187",187,7516.06253564085,0.0000127915731789241,0.000021816931501429,0.00000311656116515453,0.000325784947670251,40584.3780557962,0.379385052918058,40583.7578043592,7.59421987387574,0.379710837865728,"Malawi","Dedza","TA Chilikumwendo",47,48100.82034,1,"Pediatrics",87244.82939
"188",188,7516.06253297414,0.0000109100232307027,0.0000186078151894894,0.0000027517197228313,0.000306064241862644,40584.3780639001,0.379404791938516,40583.7578070259,7.5942198753273,0.379710856180379,"Malawi","Dedza","TA Chilikumwendo",47,48100.82034,1,"Pediatrics",87244.82939
"189",189,7516.0625306965,0.00000930298513085985,0.0000158668981965364,0.00000242926904390389,0.000287532194053359,40584.3780708319,0.379423340170848,40583.7578093035,7.59421987656708,0.379710872364902,"Malawi","Dedza","TA Chilikumwendo",47,48100.82034,1,"Pediatrics",87244.82939
"190",190,7516.06252875341,0.000007931997578909,0.0000135285820978323,0.00000214447838051542,0.000270119899402405,40584.3780767548,0.379440766757916,40583.7578112466,7.59421987762476,0.379710886657319,"Malawi","Dedza","TA Chilikumwendo",47,48100.82034,1,"Pediatrics",87244.82939
"191",191,7516.06252709682,0.00000676315771620876,0.0000115350431635286,0.00000189305219217313,0.000253761294619313,40584.3780818126,0.379457137979095,40583.7578129032,7.59421987852648,0.379710899273714,"Malawi","Dedza","TA Chilikumwendo",47,48100.82034,1,"Pediatrics",87244.82939
"192",192,7516.06252568435,0.00000576656160163457,0.00000983527810393249,0.00000167107900161411,0.000238392683688256,40584.3780861323,0.379472517727128,40583.7578143157,7.59421987929533,0.379710910410816,"Malawi","Dedza","TA Chilikumwendo",47,48100.82034,1,"Pediatrics",87244.82939
"193",193,7516.06252448002,0.0000049168198421743,0.00000838598351708697,0.00000147511187180981,0.000223954233602021,40584.3780898218,0.379486966008348,40583.75781552,7.59421987995088,0.37971092024195,"Malawi","Dedza","TA Chilikumwendo",47,48100.82034,1,"Pediatrics",87244.82939
"194",194,7516.06252345315,0.00000419229320778746,0.00000715025216939771,0.00000130210721498605,0.000210389719596034,40584.3780929732,0.379500539200534,40583.7578165469,7.59421988050983,0.37971092892013,"Malawi","Dedza","TA Chilikumwendo",47,48100.82034,1,"Pediatrics",87244.82939
"195",195,7516.0625225776,0.00000357453047402582,0.00000609661419476391,0.00000114937714547436,0.000197646307067355,40584.3780956653,0.379513290273396,40583.7578174224,7.59421988098641,0.379710936580463,"Malawi","Dedza","TA Chilikumwendo",47,48100.82034,1,"Pediatrics",87244.82939
"196",196,7516.06252183107,0.00000304779925410067,0.00000519823689631743,0.00000101454800152709,0.000185674348159701,40584.378097965,0.379525268994079,40583.7578181689,7.59421988139277,0.379710943342238,"Malawi","Dedza","TA Chilikumwendo",47,48100.82034,1,"Pediatrics",87244.82939
"197",197,7516.06252119462,0.00000259873543752846,0.00000443232683975618,0.000000895531717125166,0.000174427378763846,40584.3780999294,0.379536521931611,40583.7578188054,7.59421988173921,0.379710949310374,"Malawi","Dedza","TA Chilikumwendo",47,48100.82034,1,"Pediatrics",87244.82939
"198",198,7516.06252065324,0.00000221675782668332,0.00000378083704525503,0.000000790620496386581,0.000163865145760682,40584.3781016039,0.379547089424909,40583.7578193468,7.59421988203389,0.37971095457067,"Malawi","Dedza","TA Chilikumwendo",47,48100.82034,1,"Pediatrics",87244.82939
"199",199,7516.06252019131,0.00000189082866901365,0.00000322494184631186,0.000000697979235584632,0.000153942031455046,40584.3781030357,0.37955701718385,40583.7578198087,7.59421988228534,0.379710959215305,"Malawi","Dedza","TA Chilikumwendo",47,48100.82034,1,"Pediatrics",87244.82939
"200",200,7516.06251979712,0.0000016127066169006,0.00000275058504249299,0.000000616169361714175,0.000144619205275356,40584.3781042601,0.379566344111252,40583.7578202029,7.5942198824999,0.379710963316527,"Malawi","Dedza","TA Chilikumwendo",47,48100.82034,1,"Pediatrics",87244.82939
"201",201,7516.06251946092,0.00000137548845316892,0.00000234599270933469,0.000000543939634906285,0.00013586061731213,40584.3781053067,0.379575106319851,40583.7578205391,7.59421988268291,0.379710966937163,"Malawi","Dedza","TA Chilikumwendo",47,48100.82034,1,"Pediatrics",87244.82939
"202",202,7516.06251917376,0.00000117288104290257,0.00000200043146077277,0.000000480116577920498,0.000127630456948614,40584.3781062026,0.379583339679183,40583.7578208262,7.59421988283921,0.379710970136132,"Malawi","Dedza","TA Chilikumwendo",47,48100.82034,1,"Pediatrics",87244.82939
"203",203,7516.06251892879,0.00000100003267702674,0.00000170562636431226,0.000000423759814559448,0.000119898034357227,40584.3781069688,0.37959107492628,40583.7578210712,7.59421988297256,0.379710972960637,"Malawi","Dedza","TA Chilikumwendo",47,48100.82034,1,"Pediatrics",87244.82939
"204",204,7516.06251871995,0.000000852686794495185,0.00000145431755444961,0.00000037401942416061,0.000112634054675398,40584.3781076235,0.379598341398665,40583.75782128,7.59421988308623,0.37971097545334,"Malawi","Dedza","TA Chilikumwendo",47,48100.82034,1,"Pediatrics",87244.82939
"205",205,7516.06251854232,0.000000727354607858032,0.00000124055465777789,0.000000330178539022779,0.000105812478085338,40584.3781081819,0.379605165172134,40583.7578214577,7.59421988318292,0.379710977650219,"Malawi","Dedza","TA Chilikumwendo",47,48100.82034,1,"Pediatrics",87244.82939
"206",206,7516.06251839075,0.00000062041202720473,0.00000105815653298616,0.000000291468655271637,0.0000994038092286963,40584.3781086596,0.37961157578061,40583.7578216092,7.59421988326542,0.379710979589838,"Malawi","Dedza","TA Chilikumwendo",47,48100.82034,1,"Pediatrics",87244.82939
"207",207,7516.06251826141,0.00000052915554974764,0.000000902512165120295,0.000000257287708829133,0.0000933829456374259,40584.3781090683,0.379617598356769,40583.7578217386,7.59421988333583,0.379710981302406,"Malawi","Dedza","TA Chilikumwendo",47,48100.82034,1,"Pediatrics",87244.82939
"208",208,7516.06251815111,0.00000045132906730137,0.000000769773602319362,0.000000227114148122006,0.000087726679172448,40584.3781094178,0.379623256134914,40583.7578218489,7.59421988339587,0.379710982814086,"Malawi","Dedza","TA Chilikumwendo",47,48100.82034,1,"Pediatrics",87244.82939
"209",209,7516.06251805703,0.000000384949428056808,0.000000656558439102336,0.000000200477573476735,0.0000824129338348486,40584.3781097168,0.37962857121464,40583.757821943,7.59421988344708,0.379710984148475,"Malawi","Dedza","TA Chilikumwendo",47,48100.82034,1,"Pediatrics",87244.82939
"210",210,7516.06251797679,0.000000328332338478925,0.000000559993993882591,0.000000176963549026531,0.0000774209770554216,40584.3781099725,0.379633564349305,40583.7578220232,7.59421988349075,0.37971098532636,"Malawi","Dedza","TA Chilikumwendo",47,48100.82034,1,"Pediatrics",87244.82939
"211",211,7516.06251790835,0.000000280042334453918,0.000000477631981225748,0.000000156206267452804,0.0000727313308250786,40584.3781101914,0.379638255035262,40583.7578220916,7.59421988352801,0.379710986366087,"Malawi","Dedza","TA Chilikumwendo",47,48100.82034,1,"Pediatrics",87244.82939
"212",212,7516.06251784997,0.000000238854666283812,0.000000407383504016619,0.000000137882710850338,0.0000683256949400839,40584.3781103786,0.379642661588914,40583.75782215,7.59421988355978,0.379710987283854,"Malawi","Dedza","TA Chilikumwendo",47,48100.82034,1,"Pediatrics",87244.82939
"213",213,7516.06251780018,0.000000203724737403865,0.000000347466929033156,0.000000121707685598622,0.0000641868761054317,40584.3781105388,0.379646801217855,40583.7578221998,7.59421988358689,0.37971098809396,"Malawi","Dedza","TA Chilikumwendo",47,48100.82034,1,"Pediatrics",87244.82939
"214",214,7516.06251775772,0.000000173761598602631,0.000000296362679466475,0.000000107429396204827,0.0000602987210825078,40584.3781106759,0.379650690087948,40583.7578222423,7.59421988361,0.37971098880903,"Malawi","Dedza","TA Chilikumwendo",47,48100.82034,1,"Pediatrics",87244.82939
"215",215,7516.0625177215,0.000000148205336014406,0.000000252774668544956,0.0000000948255367699648,0.0000566460538648722,40584.3781107932,0.379654343386344,40583.7578222785,7.59421988362972,0.379710989440209,"Malawi","Dedza","TA Chilikumwendo",47,48100.82034,1,"Pediatrics",87244.82939
"216",216,7516.0625176906,0.000000126407801250732,0.000000215597433412556,0.0000000836998402069741,0.0000532146166393657,40584.3781108936,0.379657775380695,40583.7578223094,7.59421988364653,0.379710989997335,"Malawi","Dedza","TA Chilikumwendo",47,48100.82034,1,"Pediatrics",87244.82939
"217",217,7516.06251766425,0.000000107816173470376,0.000000183888099078096,0.0000000738790307256997,0.000049991014304362,40584.3781109796,0.379660999474788,40583.7578223357,7.59421988366088,0.379710990489092,"Malawi","Dedza","TA Chilikumwendo",47,48100.82034,1,"Pediatrics",87244.82939
"218",218,7516.06251764178,0.0000000919589388221056,0.000000156842465364636,0.0000000652101326278422,0.0000469626623321063,40584.3781110532,0.379664028260817,40583.7578223582,7.59421988367311,0.379710990923149,"Malawi","Dedza","TA Chilikumwendo",47,48100.82034,1,"Pediatrics",87244.82939
"219",219,7516.06251762261,0.0000000784339321002209,0.000000133774611108366,0.0000000575580938148396,0.0000441177377745661,40584.3781111163,0.379666873568498,40583.7578223774,7.59421988368354,0.379710991306272,"Malawi","Dedza","TA Chilikumwendo",47,48100.82034,1,"Pediatrics",87244.82939
"220",220,7516.06251760626,0.0000000668981371849151,0.000000114099498089245,0.0000000508036872470034,0.0000414451332241289,40584.3781111702,0.379669546511214,40583.7578223937,7.59421988369244,0.379710991644438,"Malawi","Dedza","TA Chilikumwendo",47,48100.82034,1,"Pediatrics",87244.82939
"221",221,7516.06251759232,0.0000000570589875959935,0.0000000973181335109083,0.0000000448416578837091,0.0000389344135517068,40584.3781112165,0.379672057529367,40583.7578224077,7.59421988370003,0.379710991942919,"Malawi","Dedza","TA Chilikumwendo",47,48100.82034,1,"Pediatrics",87244.82939
"222",222,7516.06251758043,0.0000000486669465321612,0.0000000830049147335982,0.0000000395790864217355,0.0000365757752553727,40584.3781112561,0.379674416431116,40583.7578224196,7.59421988370651,0.379710992206371,"Malawi","Dedza","TA Chilikumwendo",47,48100.82034,1,"Pediatrics",87244.82939
"223",223,7516.06251757028,0.0000000415091782128003,0.0000000707968353005646,0.000000034933944495368,0.0000343600082625996,40584.37811129,0.379676632430642,40583.7578224297,7.59421988371203,0.379710992438904,"Malawi","Dedza","TA Chilikumwendo",47,48100.82034,1,"Pediatrics",87244.82939
"224",224,7516.06251756163,0.0000000354041500171634,0.0000000603842785052026,0.0000000308338189587472,0.0000322784600385373,40584.3781113191,0.379678714184108,40583.7578224384,7.59421988371674,0.379710992644146,"Malawi","Dedza","TA Chilikumwendo",47,48100.82034,1,"Pediatrics",87244.82939
"225",225,7516.06251755425,0.0000000301970285225067,0.0000000515031650089043,0.0000000272147854833255,0.0000303230018615764,40584.378111344,0.379680669823437,40583.7578224458,7.59421988372076,0.379710992825298,"Malawi","Dedza","TA Chilikumwendo",47,48100.82034,1,"Pediatrics",87244.82939
"226",226,7516.06251754795,0.0000000257557526772139,0.0000000439282553604655,0.000000024020414011252,0.0000284859971357401,40584.3781113653,0.379682506988053,40583.757822452,7.59421988372418,0.379710992985188,"Malawi","Dedza","TA Chilikumwendo",47,48100.82034,1,"Pediatrics",87244.82939
"227",227,7516.06251754258,0.000000021967684518209,0.0000000374674375580682,0.000000021200890644429,0.000026760271617251,40584.3781113836,0.379684232854694,40583.7578224574,7.59421988372711,0.379710993126311,"Malawi","Dedza","TA Chilikumwendo",47,48100.82034,1,"Pediatrics",87244.82939
"228",228,7516.062517538,0.0000000187363934914707,0.0000000319562424807909,0.0000000187120734341337,0.0000251390582260527,40584.3781113993,0.37968585419265,40583.757822462,7.5942198837296,0.379710993250876,"Malawi","Dedza","TA Chilikumwendo",47,48100.82034,1,"Pediatrics",87244.82939
"229",229,7516.06251753409,0.0000000159765370139072,0.000000027249112325292,0.000000016513438776766,0.0000236157178999579,40584.3781114128,0.379687377643015,40583.7578224659,7.59421988373173,0.379710993360914,"Malawi","Dedza","TA Chilikumwendo",47,48100.82034,1,"Pediatrics",87244.82939
"230",230,7516.06251753076,0.0000000136220633610279,0.0000000232333912101169,0.0000000145724615849301,0.0000221845597569988,40584.3781114243,0.379688808898297,40583.7578224693,7.59421988373354,0.379710993458054,"Malawi","Dedza","TA Chilikumwendo",47,48100.82034,1,"Pediatrics",87244.82939
"231",231,7516.06251752791,0.0000000116147492508199,0.0000000198097752153919,0.0000000128596273291252,0.0000208401294340957,40584.3781114342,0.379690153414339,40583.7578224721,7.59421988373509,0.379710993543773,"Malawi","Dedza","TA Chilikumwendo",47,48100.82034,1,"Pediatrics",87244.82939
"232",232,7516.06251752548,0.00000000990323896820744,0.000000016890673541721,0.0000000113480778174188,0.0000195771697740032,40584.3781114427,0.379691416449643,40583.7578224745,7.59421988373641,0.379710993619417,"Malawi","Dedza","TA Chilikumwendo",47,48100.82034,1,"Pediatrics",87244.82939
"233",233,7516.06251752342,0.00000000844392988791534,0.0000000144017188319757,0.0000000100141619948002,0.0000183907441886099,40584.37811145,0.37969260294198,40583.7578224766,7.59421988373754,0.379710993686169,"Malawi","Dedza","TA Chilikumwendo",47,48100.82034,1,"Pediatrics",87244.82939
"234",234,7516.06251752165,0.00000000719965974976863,0.000000012279528226599,0.00000000883701042652995,0.0000172762152832382,40584.3781114562,0.379693717529791,40583.7578224784,7.5942198837385,0.379710993745074,"Malawi","Dedza","TA Chilikumwendo",47,48100.82034,1,"Pediatrics",87244.82939
"235",235,7516.06251752015,0.00000000613874123345879,0.0000000104700567626794,0.00000000779820455996121,0.0000162292265953636,40584.3781114616,0.37969476457046,40583.7578224799,7.59421988373932,0.379710993797055,"Malawi","Dedza","TA Chilikumwendo",47,48100.82034,1,"Pediatrics",87244.82939
"236",236,7516.06251751887,0.00000000523415623057572,0.00000000892722314799214,0.00000000688148917204025,0.0000152456855842117,40584.3781114662,0.379695748157342,40583.7578224811,7.59421988374002,0.379710993842926,"Malawi","Dedza","TA Chilikumwendo",47,48100.82034,1,"Pediatrics",87244.82939
"237",237,7516.06251751777,0.00000000446286794049583,0.00000000761173649194813,0.00000000607251839691636,0.0000143217476480575,40584.3781114702,0.379696672135757,40583.7578224822,7.59421988374061,0.379710993883404,"Malawi","Dedza","TA Chilikumwendo",47,48100.82034,1,"Pediatrics",87244.82939
"238",238,7516.06251751684,0.000000003805234191888,0.00000000649009568398464,0.00000000535863153648527,0.0000134538011085668,40584.3781114735,0.379697540118016,40583.7578224832,7.59421988374112,0.379710993919124,"Malawi","Dedza","TA Chilikumwendo",47,48100.82034,1,"Pediatrics",87244.82939
"239",239,7516.06251751605,0.00000000324450722006032,0.00000000553373622849861,0.00000000472865518211944,0.0000126384531038966,40584.3781114765,0.379698355497541,40583.757822484,7.59421988374155,0.379710993950645,"Malawi","Dedza","TA Chilikumwendo",47,48100.82034,1,"Pediatrics",87244.82939
"240",240,7516.06251751537,0.00000000276640715661202,0.00000000471830280132286,0.00000000417272856117054,0.0000118725163356268,40584.378111479,0.379699121462124,40583.7578224846,7.59421988374192,0.379710993978459,"Malawi","Dedza","TA Chilikumwendo",47,48100.82034,1,"Pediatrics",87244.82939
"241",241,7516.06251751479,0.00000000235875836824672,0.00000000402302899988619,0.00000000368214938389601,0.0000111529966179089,40584.3781114811,0.379699841006386,40583.7578224852,7.59421988374223,0.379710994003004,"Malawi","Dedza","TA Chilikumwendo",47,48100.82034,1,"Pediatrics",87244.82939
"242",242,7516.0625175143,0.00000000201117938351046,0.00000000343020849136419,0.0000000032492377858858,0.0000104770811803296,40584.3781114829,0.379700516943483,40583.7578224857,7.5942198837425,0.379710994024663,"Malawi","Dedza","TA Chilikumwendo",47,48100.82034,1,"Pediatrics",87244.82939
"243",243,7516.06251751388,0.00000000171481851092024,0.00000000292474409072361,0.00000000286721624298655,0.00000984212767891159,40584.3781114845,0.379701151916097,40583.7578224861,7.59421988374273,0.379710994043776,"Malawi","Dedza","TA Chilikumwendo",47,48100.82034,1,"Pediatrics",87244.82939
"244",244,7516.06251751352,0.00000000146212841554788,0.00000000249376328516423,0.00000000253010358462308,0.00000924565387242849,40584.3781114859,0.379701748406769,40583.7578224865,7.59421988374292,0.379710994060641,"Malawi","Dedza","TA Chilikumwendo",47,48100.82034,1,"Pediatrics",87244.82939
"245",245,7516.06251751322,0.00000000124667391326754,0.00000000212629041363221,0.00000000223262145116445,0.00000868532792378892,40584.3781114871,0.3797023087476,40583.7578224868,7.59421988374309,0.379710994075523,"Malawi","Dedza","TA Chilikumwendo",47,48100.82034,1,"Pediatrics",87244.82939
"246",246,7516.06251751296,0.00000000106296808781971,0.00000000181296715289737,0.0000000019701117349835,0.0000081589592886804,40584.3781114881,0.379702835129368,40583.7578224871,7.59421988374323,0.379710994088656,"Malawi","Dedza","TA Chilikumwendo",47,48100.82034,1,"Pediatrics",87244.82939
"247",247,7516.06251751273,0.000000000906332557133256,0.00000000154581419189585,0.00000000173846371612978,0.00000766449015594327,40584.3781114889,0.379703329610089,40583.7578224873,7.59421988374335,0.379710994100244,"Malawi","Dedza","TA Chilikumwendo",47,48100.82034,1,"Pediatrics",87244.82939
"248",248,7516.06251751254,0.000000000772778330349113,0.0000000013180280249688,0.00000000153404975473524,0.00000719998740629205,40584.3781114897,0.379703794123064,40583.7578224875,7.59421988374346,0.37971099411047,"Malawi","Dedza","TA Chilikumwendo",47,48100.82034,1,"Pediatrics",87244.82939
"249",249,7516.06251751238,0.000000000658904221366683,0.00000000112380768899046,0.00000000135366853575035,0.00000676363505801834,40584.3781114903,0.379704230484436,40583.7578224876,7.59421988374354,0.379710994119494,"Malawi","Dedza","TA Chilikumwendo",47,48100.82034,1,"Pediatrics",87244.82939
"250",250,7516.06251751225,0.000000000561810231840609,0.000000000958207031951374,0.00000000119449497944072,0.00000635372717020422,40584.3781114909,0.379704640400286,40583.7578224878,7.59421988374362,0.379710994127456,"Malawi","Dedza","TA Chilikumwendo",47,48100.82034,1,"Pediatrics",87244.82939
"251",251,7516.06251751213,0.000000000479023697778297,0.000000000817008750763984,0.00000000105403603509262,0.0000059686611757565,40584.3781114914,0.379705025473307,40583.7578224879,7.59421988374368,0.379710994134482,"Malawi","Dedza","TA Chilikumwendo",47,48100.82034,1,"Pediatrics",87244.82939
"252",252,7516.06251751203,0.000000000408436318935349,0.000000000696616990448885,0.000000000930091667198443,0.00000560693161824578,40584.3781114918,0.379705387209064,40583.757822488,7.59421988374374,0.379710994140682,"Malawi","Dedza","TA Chilikumwendo",47,48100.82034,1,"Pediatrics",87244.82939
"253",253,7516.06251751194,0.000000000348250467355096,0.000000000593965769556666,0.000000000820720424448503,0.00000526712426810688,40584.3781114921,0.379705727021885,40583.7578224881,7.59421988374378,0.379710994146153,"Malawi","Dedza","TA Chilikumwendo",47,48100.82034,1,"Pediatrics",87244.82939
"254",254,7516.06251751187,0.000000000296933407707652,0.000000000506440899722684,0.000000000724209053405361,0.00000494791059523531,40584.3781114924,0.379706046240386,40583.7578224881,7.59421988374382,0.379710994150981,"Malawi","Dedza","TA Chilikumwendo",47,48100.82034,1,"Pediatrics",87244.82939
"255",255,7516.06251751181,0.000000000253178263571363,0.000000000431813410903055,0.000000000639045681895055,0.00000464804257640334,40584.3781114927,0.379706346112664,40583.7578224882,7.59421988374386,0.379710994155241,"Malawi","Dedza","TA Chilikumwendo",47,48100.82034,1,"Pediatrics",87244.82939
"256",256,7516.06251751176,0.000000000215870735596446,0.000000000368182786851996,0.000000000563896152899164,0.00000436634781722376,40584.3781114929,0.379706627811182,40583.7578224882,7.59421988374388,0.379710994158999,"Malawi","Dedza","TA Chilikumwendo",47,48100.82034,1,"Pediatrics",87244.82939
"257",257,7516.06251751171,0.000000000184060723972126,0.000000000313928565235173,0.000000000497583138941541,0.00000410172496961607,40584.3781114931,0.379706892437347,40583.7578224883,7.59421988374391,0.379710994162316,"Malawi","Dedza","TA Chilikumwendo",47,48100.82034,1,"Pediatrics",87244.82939
"258",258,7516.06251751167,0.000000000156938132514989,0.000000000267669069793396,0.000000000439067710399966,0.00000385313942688175,40584.3781114933,0.379707141025816,40583.7578224883,7.59421988374393,0.379710994165243,"Malawi","Dedza","TA Chilikumwendo",47,48100.82034,1,"Pediatrics",87244.82939
"259",259,7516.06251751164,0.000000000133812238188426,0.000000000228226223600867,0.000000000387433069512998,0.00000361961927957782,40584.3781114934,0.379707374548546,40583.7578224884,7.59421988374395,0.379710994167826,"Malawi","Dedza","TA Chilikumwendo",47,48100.82034,1,"Pediatrics",87244.82939
"260",260,7516.06251751161,0.000000000114094100662793,0.000000000194595547327591,0.000000000341870195693401,0.00000340025151639527,40584.3781114935,0.379707593918588,40583.7578224884,7.59421988374396,0.379710994170105,"Malawi","Dedza","TA Chilikumwendo",47,48100.82034,1,"Pediatrics",87244.82939
"261",261,7516.06251751159,0.0000000000972815639457528,0.000000000165920578460558,0.000000000301665177629348,0.00000319417845520436,40584.3781114936,0.379707799993661,40583.7578224884,7.59421988374397,0.379710994172116,"Malawi","Dedza","TA Chilikumwendo",47,48100.82034,1,"Pediatrics",87244.82939
"262",262,7516.06251751157,0.0000000000829464681237260,0.000000000141471060025549,0.000000000266188034018795,0.0000030005943903272,40584.3781114937,0.3797079935795,40583.7578224884,7.59421988374399,0.37971099417389,"Malawi","Dedza","TA Chilikumwendo",47,48100.82034,1,"Pediatrics",87244.82939
"263",263,7516.06251751155,0.0000000000707237455396674,0.000000000120624343348165,0.0000000002348828480523,0.00000281874244294125,40584.3781114938,0.379708175433013,40583.7578224884,7.594219883744,0.379710994175456,"Malawi","Dedza","TA Chilikumwendo",47,48100.82034,1,"Pediatrics",87244.82939
"264",264,7516.06251751154,0.0000000000603021237227205,0.000000000102849531243693,0.000000000207259061297926,0.00000264791160231042,40584.3781114939,0.379708346265235,40583.7578224885,7.594219883744,0.379710994176837,"Malawi","Dedza","TA Chilikumwendo",47,48100.82034,1,"Pediatrics",87244.82939
"265",265,7516.06251751152,0.0000000000514161983040158,0.0000000000876939578150931,0.000000000182883790769332,0.00000248743394628517,40584.3781114939,0.37970850674411,40583.7578224885,7.59421988374401,0.379710994178056,"Malawi","Dedza","TA Chilikumwendo",47,48100.82034,1,"Pediatrics",87244.82939
"266",266,7516.06251751151,0.0000000000438396740418915,0.0000000000747716605441208,0.000000000161375048957461,0.00000233668203021257,40584.378111494,0.379708657497102,40583.7578224885,7.59421988374402,0.379710994179132,"Malawi","Dedza","TA Chilikumwendo",47,48100.82034,1,"Pediatrics",87244.82939
"267",267,7516.0625175115,0.0000000000373796018277218,0.000000000063753551097713,0.00000000014239576072713,0.00000219506643405499,40584.378111494,0.379708799113648,40583.7578224885,7.59421988374402,0.379710994180081,"Malawi","Dedza","TA Chilikumwendo",47,48100.82034,1,"Pediatrics",87244.82939
"268",268,7516.0625175115,0.0000000000318714649078795,0.0000000000543590345324795,0.000000000125648483442769,0.00000206203345813345,40584.3781114941,0.379708932147461,40583.7578224885,7.59421988374403,0.379710994180919,"Malawi","Dedza","TA Chilikumwendo",47,48100.82034,1,"Pediatrics",87244.82939
"269",269,7516.06251751149,0.0000000000271749891840971,0.0000000000463488634660431,0.000000000110870747687045,0.00000193706295849229,40584.3781114941,0.3797090571187,40583.7578224885,7.59421988374403,0.379710994181658,"Malawi","Dedza","TA Chilikumwendo",47,48100.82034,1,"Pediatrics",87244.82939
"270",270,7516.06251751148,0.0000000000231705708943808,0.0000000000395190452345202,0.0000000000978309456439661,0.00000181966631342669,40584.3781114941,0.379709174515997,40583.7578224885,7.59421988374403,0.37971099418231,"Malawi","Dedza","TA Chilikumwendo",47,48100.82034,1,"Pediatrics",87244.82939
"271",271,7516.06251751148,0.0000000000197562306992825,0.0000000000336956468715194,0.0000000000863247027858796,0.00000170938451322703,40584.3781114942,0.379709284798373,40583.7578224885,7.59421988374403,0.379710994182886,"Malawi","Dedza","TA Chilikumwendo",47,48100.82034,1,"Pediatrics",87244.82939
"272",272,7516.06251751148,0.000000000016845016604141,0.0000000000287303656085891,0.0000000000761716760653194,0.00000160578636567515,40584.3781114942,0.379709388397028,40583.7578224885,7.59421988374404,0.379710994183393,"Malawi","Dedza","TA Chilikumwendo",47,48100.82034,1,"Pediatrics",87244.82939
"273",273,7516.06251751147,0.0000000000143627895782819,0.0000000000244967520923565,0.0000000000672127284861778,0.00000150846681027969,40584.3781114942,0.379709485717032,40583.7578224885,7.59421988374404,0.379710994183841,"Malawi","Dedza","TA Chilikumwendo",47,48100.82034,1,"Pediatrics",87244.82939
"274",274,7516.06251751147,0.0000000000122463354781906,0.0000000000208869901361426,0.0000000000593074358182848,0.00000141704533466245,40584.3781114942,0.379709577138902,40583.7578224885,7.59421988374404,0.379710994184237,"Malawi","Dedza","TA Chilikumwendo",47,48100.82034,1,"Pediatrics",87244.82939
"275",275,7516.06251751147,0.0000000000104417551915657,0.0000000000178091509969374,0.0000000000523318864173216,0.00000133116448690676,40584.3781114942,0.379709663020099,40583.7578224885,7.59421988374404,0.379710994184586,"Malawi","Dedza","TA Chilikumwendo",47,48100.82034,1,"Pediatrics",87244.82939
"276",276,7516.06251751146,0.00000000000890309200452328,0.0000000000151848522532165,0.0000000000461767396992463,0.00000125048847805361,40584.3781114942,0.379709743696416,40583.7578224885,7.59421988374404,0.379710994184893,"Malawi","Dedza","TA Chilikumwendo",47,48100.82034,1,"Pediatrics",87244.82939
"277",277,7516.06251751146,0.00000000000759116123552033,0.000000000012947261662932,0.0000000000407455128667774,0.00000117470186928358,40584.3781114942,0.379709819483296,40583.7578224885,7.59421988374404,0.379710994185165,"Malawi","Dedza","TA Chilikumwendo",47,48100.82034,1,"Pediatrics",87244.82939
"278",278,7516.06251751146,0.0000000000064725523306273,0.0000000000110393951665167,0.0000000000359530690582569,0.00000110350833865337,40584.3781114943,0.379709890677066,40583.7578224885,7.59421988374404,0.379710994185405,"Malawi","Dedza","TA Chilikumwendo",47,48100.82034,1,"Pediatrics",87244.82939
"279",279,7516.06251751146,0.00000000000551877800680615,0.00000000000941266569064724,0.0000000000317242832422359,0.00000103662952256671,40584.3781114943,0.379709957556094,40583.7578224885,7.59421988374404,0.379710994185616,"Malawi","Dedza","TA Chilikumwendo",47,48100.82034,1,"Pediatrics",87244.82939
"280",280,7516.06251751146,0.00000000000470554877467563,0.0000000000080256457955788,0.0000000000279928649637053,0.000000973803927451197,40584.3781114943,0.379710020381876,40583.7578224885,7.59421988374405,0.379710994185803,"Malawi","Dedza","TA Chilikumwendo",47,48100.82034,1,"Pediatrics",87244.82939
"281",281,7516.06251751146,0.0000000000040121543652497,0.00000000000684301265475652,0.0000000000247003195035319,0.000000914785907387163,40584.3781114943,0.37971007940006,40583.7578224885,7.59421988374405,0.379710994185967,"Malawi","Dedza","TA Chilikumwendo",47,48100.82034,1,"Pediatrics",87244.82939
"282",282,7516.06251751146,0.00000000000342093630762586,0.00000000000583464849881041,0.0000000000217950311797598,0.000000859344703692243,40584.3781114943,0.379710134841409,40583.7578224885,7.59421988374405,0.379710994186113,"Malawi","Dedza","TA Chilikumwendo",47,48100.82034,1,"Pediatrics",87244.82939
"283",283,7516.06251751146,0.0000000000029168382259152,0.00000000000497487361520624,0.0000000000192314544318974,0.00000080726354270747,40584.3781114943,0.379710186922699,40583.7578224885,7.59421988374405,0.379710994186241,"Malawi","Dedza","TA Chilikumwendo",47,48100.82034,1,"Pediatrics",87244.82939
"284",284,7516.06251751145,0.00000000000248702240295864,0.00000000000424179237058087,0.0000000000169694000170322,0.000000758338788258175,40584.3781114943,0.379710235847566,40583.7578224885,7.59421988374405,0.379710994186354,"Malawi","Dedza","TA Chilikumwendo",47,48100.82034,1,"Pediatrics",87244.82939
"285",285,7516.06251751145,0.00000000000212054284597064,0.00000000000361673560110576,0.0000000000149734051360141,0.000000712379145476599,40584.3781114943,0.379710281807309,40583.7578224885,7.59421988374405,0.379710994186454,"Malawi","Dedza","TA Chilikumwendo",47,48100.82034,1,"Pediatrics",87244.82939
"286",286,7516.06251751145,0.00000000000180806652816952,0.00000000000308378517039827,0.0000000000132121776223126,0.000000669204912873904,40584.3781114943,0.379710324981629,40583.7578224885,7.59421988374405,0.379710994186542,"Malawi","Dedza","TA Chilikumwendo",47,48100.82034,1,"Pediatrics",87244.82939
"287",287,7516.06251751145,0.0000000000015416357073373,0.00000000000262936858703768,0.000000000011658105486051,0.000000628647279737793,40584.3781114943,0.37971036553934,40583.7578224885,7.59421988374405,0.37971099418662,"Malawi","Dedza","TA Chilikumwendo",47,48100.82034,1,"Pediatrics",87244.82939
"288",288,7516.06251751145,0.00000000000131446526834578,0.00000000000224191335792941,0.0000000000102868241293024,0.000000590547666109118,40584.3781114943,0.379710403639022,40583.7578224885,7.59421988374405,0.379710994186688,"Malawi","Dedza","TA Chilikumwendo",47,48100.82034,1,"Pediatrics",87244.82939
"289",289,7516.06251751145,0.00000000000112076992863094,0.00000000000191155227503686,0.00000000000907683445201126,0.000000554757102757282,40584.3781114943,0.379710439429646,40583.7578224885,7.59421988374405,0.379710994186749,"Malawi","Dedza","TA Chilikumwendo",47,48100.82034,1,"Pediatrics",87244.82939
"290",290,7516.06251751145,0.000000000000955616906108303,0.0000000000016298721301047,0.00000000000800916586501931,0.000000521135648730555,40584.3781114943,0.379710473051154,40583.7578224885,7.59421988374405,0.379710994186802,"Malawi","Dedza","TA Chilikumwendo",47,48100.82034,1,"Pediatrics",87244.82939
"291",291,7516.06251751145,0.000000000000814800297466503,0.00000000000138969945796581,0.00000000000706707893009878,0.000000489551844204303,40584.3781114943,0.379710504635005,40583.7578224885,7.59421988374405,0.379710994186849,"Malawi","Dedza","TA Chilikumwendo",47,48100.82034,1,"Pediatrics",87244.82939
"292",292,7516.06251751145,0.000000000000694733967668274,0.00000000000118491785201972,0.00000000000623580296763780,0.000000459882196488106,40584.3781114943,0.379710534304695,40583.7578224885,7.59421988374405,0.379710994186891,"Malawi","Dedza","TA Chilikumwendo",47,48100.82034,1,"Pediatrics",87244.82939
"293",293,7516.06251751145,0.00000000000059236022290719,0.00000000000101031219950981,0.00000000000550230452040386,0.000000432010697182326,40584.3781114943,0.379710562176231,40583.7578224885,7.59421988374405,0.379710994186927,"Malawi","Dedza","TA Chilikumwendo",47,48100.82034,1,"Pediatrics",87244.82939
"294",294,7516.06251751145,0.000000000000505071941221393,0.00000000000086143586978497,0.00000000000485508304519886,0.000000405828368596485,40584.3781114943,0.379710588358592,40583.7578224885,7.59421988374405,0.37971099418696,"Malawi","Dedza","TA Chilikumwendo",47,48100.82034,1,"Pediatrics",87244.82939
"295",295,7516.06251751145,0.000000000000430646177687584,0.000000000000734497473268395,0.00000000000428399063078723,0.000000381232837656154,40584.3781114943,0.379710612954151,40583.7578224885,7.59421988374405,0.379710994186988,"Malawi","Dedza","TA Chilikumwendo",47,48100.82034,1,"Pediatrics",87244.82939
"296",296,7516.06251751145,0.000000000000367187553338334,0.000000000000626264307257512,0.00000000000378007291690072,0.000000358127935632537,40584.3781114943,0.379710636059078,40583.7578224885,7.59421988374405,0.379710994187014,"Malawi","Dedza","TA Chilikumwendo",47,48100.82034,1,"Pediatrics",87244.82939
"297",297,7516.06251751145,0.00000000000031307998610498,0.000000000000533980029637779,0.0000000000033354287212957,0.000000336423322129857,40584.3781114943,0.379710657763714,40583.7578224885,7.59421988374405,0.379710994187036,"Malawi","Dedza","TA Chilikumwendo",47,48100.82034,1,"Pediatrics",87244.82939
"298",298,7516.06251751145,0.000000000000266945534532261,0.000000000000455294463931056,0.00000000000294308617496121,0.0000003160341318605,40584.3781114943,0.379710678152924,40583.7578224885,7.59421988374405,0.379710994187056,"Malawi","Dedza","TA Chilikumwendo",47,48100.82034,1,"Pediatrics",87244.82939
"299",299,7516.06251751145,0.000000000000227609306149708,0.000000000000388203748044442,0.00000000000259689342423846,0.000000296880642826928,40584.3781114943,0.37971069730643,40583.7578224885,7.59421988374405,0.379710994187073,"Malawi","Dedza","TA Chilikumwendo",47,48100.82034,1,"Pediatrics",87244.82939
"300",300,7516.06251751145,0.000000000000194069536831643,0.000000000000330999302505406,0.00000000000229142218686528,0.000000278887964613071,40584.3781114943,0.379710715299124,40583.7578224885,7.59421988374405,0.379710994187088,"Malawi","Dedza","TA Chilikumwendo",47,48100.82034,1,"Pediatrics",87244.82939
"301",301,7516.06251751145,0.000000000000165472079165674,0.000000000000282224318572326,0.00000000000202188265037781,0.000000261985745566528,40584.3781114943,0.379710732201356,40583.7578224885,7.59421988374405,0.379710994187102,"Malawi","Dedza","TA Chilikumwendo",47,48100.82034,1,"Pediatrics",87244.82939
"302",302,7516.06251751145,0.000000000000141088650132474,0.000000000000240636658115957,0.00000000000178404837903865,0.000000246107897726741,40584.3781114943,0.379710748079216,40583.7578224885,7.59421988374405,0.379710994187114,"Malawi","Dedza","TA Chilikumwendo",47,48100.82034,1,"Pediatrics",87244.82939
"303",303,7516.06251751145,0.000000000000120298284136947,0.000000000000205177220454078,0.00000000000157419005230206,0.000000231192338423694,40584.3781114943,0.379710762994786,40583.7578224885,7.59421988374405,0.379710994187124,"Malawi","Dedza","TA Chilikumwendo",47,48100.82034,1,"Pediatrics",87244.82939
"304",304,7516.06251751145,0.000000000000102571519060574,0.000000000000174942970546804,0.00000000000138901699622707,0.000000217180747536854,40584.3781114943,0.379710777006386,40583.7578224885,7.59421988374405,0.379710994187133,"Malawi","Dedza","TA Chilikumwendo",47,48100.82034,1,"Pediatrics",87244.82939
"305",305,7516.06251751145,0.0000000000000874569126058084,0.000000000000149163941669586,0.00000000000122562559137719,0.000000204018339465298,40584.3781114943,0.379710790168802,40583.7578224885,7.59421988374405,0.379710994187141,"Malawi","Dedza","TA Chilikumwendo",47,48100.82034,1,"Pediatrics",87244.82939
"306",306,7516.06251751145,0.0000000000000745695455482436,0.000000000000127183626897744,0.00000000000108145374851386,0.000000191653648917484,40584.3781114943,0.3797108025335,40583.7578224885,7.59421988374405,0.379710994187149,"Malawi","Dedza","TA Chilikumwendo",47,48100.82034,1,"Pediatrics",87244.82939
"307",307,7516.06251751145,0.0000000000000635812191122587,0.000000000000108442260038257,0.000000000000954240738488041,0.000000180038329683145,40584.3781114943,0.379710814148826,40583.7578224885,7.59421988374405,0.379710994187155,"Malawi","Dedza","TA Chilikumwendo",47,48100.82034,1,"Pediatrics",87244.82939
"308",308,7516.06251751145,0.0000000000000542120968296055,0.000000000000092462560229232,0.000000000000841991746648995,0.000000169126965600547,40584.3781114943,0.379710825060195,40583.7578224885,7.59421988374405,0.379710994187161,"Malawi","Dedza","TA Chilikumwendo",47,48100.82034,1,"Pediatrics",87244.82939
"309",309,7516.06251751145,0.0000000000000462235780266107,0.0000000000000788375771689773,0.00000000000074294659613826,0.000000158876892980032,40584.3781114943,0.379710835310273,40583.7578224885,7.59421988374405,0.379710994187166,"Malawi","Dedza","TA Chilikumwendo",47,48100.82034,1,"Pediatrics",87244.82939
"310",310,7516.06251751145,0.0000000000000394122214511973,0.0000000000000672203274326971,0.000000000000655552149777428,0.000000149248033789543,40584.3781114943,0.379710844939136,40583.7578224885,7.59421988374405,0.37971099418717,"Malawi","Dedza","TA Chilikumwendo",47,48100.82034,1,"Pediatrics",87244.82939
"311",311,7516.06251751145,0.0000000000000336045642945247,0.0000000000000573149579479603,0.00000000000057843795791653,0.000000140202738949921,40584.3781114943,0.379710853984435,40583.7578224885,7.59421988374405,0.379710994187174,"Malawi","Dedza","TA Chilikumwendo",47,48100.82034,1,"Pediatrics",87244.82939
"312",312,7516.06251751145,0.0000000000000286527046647999,0.0000000000000488692115917689,0.000000000000510394770487687,0.000000131705641127283,40584.3781114943,0.379710862481536,40583.7578224885,7.59421988374405,0.379710994187177,"Malawi","Dedza","TA Chilikumwendo",47,48100.82034,1,"Pediatrics",87244.82939
"313",313,7516.06251751145,0.000000000000024430535013424,0.0000000000000416680030328116,0.000000000000450355576403808,0.000000123723516446907,40584.3781114943,0.379710870463664,40583.7578224885,7.59421988374405,0.37971099418718,"Malawi","Dedza","TA Chilikumwendo",47,48100.82034,1,"Pediatrics",87244.82939
"314",314,7516.06251751145,0.0000000000000208305305912489,0.0000000000000355279412167727,0.000000000000397378873057982,0.000000116225154587957,40584.3781114943,0.379710877962029,40583.7578224885,7.59421988374405,0.379710994187183,"Malawi","Dedza","TA Chilikumwendo",47,48100.82034,1,"Pediatrics",87244.82939
"315",315,7516.06251751145,0.000000000000017761011147506,0.0000000000000302926590004448,0.000000000000350633903636415,0.00000010918123675113,40584.3781114943,0.379710885005949,40583.7578224885,7.59421988374405,0.379710994187185,"Malawi","Dedza","TA Chilikumwendo",47,48100.82034,1,"Pediatrics",87244.82939
"316",316,7516.06251751145,0.0000000000000151438061359011,0.0000000000000258288309958137,0.000000000000309387630804184,0.000000102564221022079,40584.3781114943,0.379710891622967,40583.7578224885,7.59421988374405,0.379710994187187,"Malawi","Dedza","TA Chilikumwendo",47,48100.82034,1,"Pediatrics",87244.82939
"317",317,7516.06251751145,0.0000000000000129122639683698,0.0000000000000220227782117282,0.000000000000272993242542032,0.0000000963482346824189,40584.3781114943,0.379710897838955,40583.7578224885,7.59421988374405,0.379710994187189,"Malawi","Dedza","TA Chilikumwendo",47,48100.82034,1,"Pediatrics",87244.82939
"318",318,7516.06251751145,0.0000000000000110095546187432,0.0000000000000187775730245623,0.000000000000240880009930521,0.0000000905089730472314,40584.3781114943,0.379710903678218,40583.7578224885,7.59421988374405,0.379710994187191,"Malawi","Dedza","TA Chilikumwendo",47,48100.82034,1,"Pediatrics",87244.82939
"319",319,7516.06251751145,0.00000000000000938722234923393,0.0000000000000160105707510143,0.000000000000212544337871348,0.0000000850236044335582,40584.3781114943,0.379710909163588,40583.7578224885,7.59421988374405,0.379710994187192,"Malawi","Dedza","TA Chilikumwendo",47,48100.82034,1,"Pediatrics",87244.82939
"320",320,7516.06251751145,0.00000000000000800395170245467,0.0000000000000136513049603336,0.00000000000018754186843682,0.0000000798706808882997,40584.3781114943,0.379710914316513,40583.7578224885,7.59421988374405,0.379710994187193,"Malawi","Dedza","TA Chilikumwendo",47,48100.82034,1,"Pediatrics",87244.82939
"321",321,7516.06251751145,0.00000000000000682451533285083,0.0000000000000116396929265137,0.000000000000165480513040312,0.0000000750300543264785,40584.3781114943,0.379710919157141,40583.7578224885,7.59421988374405,0.379710994187194,"Malawi","Dedza","TA Chilikumwendo",47,48100.82034,1,"Pediatrics",87244.82939
"322",322,7516.06251751145,0.00000000000000581887688228212,0.00000000000000992450551923084,0.000000000000146014304181721,0.0000000704827977519721,40584.3781114943,0.379710923704398,40583.7578224885,7.59421988374405,0.379710994187195,"Malawi","Dedza","TA Chilikumwendo",47,48100.82034,1,"Pediatrics",87244.82939
"323",323,7516.06251751145,0.00000000000000496142605294919,0.00000000000000846206256669216,0.000000000000128837970370626,0.0000000662111312526918,40584.3781114943,0.379710927976065,40583.7578224885,7.59421988374405,0.379710994187196,"Malawi","Dedza","TA Chilikumwendo",47,48100.82034,1,"Pediatrics",87244.82939
"324",324,7516.06251751145,0.00000000000000422754321145696,0.00000000000000721037354521859,0.000000000000113646595589058,0.0000000621959916218401,40584.3781114943,0.379710931991206,40583.7578224885,7.59421988374405,0.379710994187197,"Malawi","Dedza","TA Chilikumwendo",47,48100.82034,1,"Pediatrics",87244.82939
"325",325,7516.06251751145,0.00000000000000360094109963744,0.00000000000000614165938560978,0.000000000000100230479196509,0.0000000584233065433351,40584.3781114943,0.379710935763891,40583.7578224885,7.59421988374405,0.379710994187198,"Malawi","Dedza","TA Chilikumwendo",47,48100.82034,1,"Pediatrics",87244.82939
"326",326,7516.06251751145,0.00000000000000306295108978506,0.00000000000000522407942471917,0.000000000000088326766909887,0.000000054869405121214,40584.3781114943,0.379710939317794,40583.7578224885,7.59421988374405,0.379710994187198,"Malawi","Dedza","TA Chilikumwendo",47,48100.82034,1,"Pediatrics",87244.82939
"327",327,7516.06251751145,0.00000000000000264250254588706,0.00000000000000450697473615612,0.0000000000000785129700207989,0.0000000516417935171012,40584.3781114943,0.379710942545406,40583.7578224885,7.59421988374405,0.379710994187199,"Malawi","Dedza","TA Chilikumwendo",47,48100.82034,1,"Pediatrics",87244.82939
"328",328,7516.06251751145,0.00000000000000227976859581838,0.00000000000000388830636384204,0.0000000000000697895554304239,0.0000000486040413677957,40584.3781114943,0.379710945583158,40583.7578224885,7.59421988374405,0.379710994187199,"Malawi","Dedza","TA Chilikumwendo",47,48100.82034,1,"Pediatrics",87244.82939
"329",329,7516.06251751145,0.00000000000000196682680914332,0.00000000000000335456204309408,0.0000000000000620353749828288,0.0000000457449804757777,40584.3781114943,0.379710948442219,40583.7578224885,7.59421988374405,0.3797109941872,"Malawi","Dedza","TA Chilikumwendo",47,48100.82034,1,"Pediatrics",87244.82939
"330",330,7516.06251751145,0.0000000000000016968422603332,0.00000000000000289408432566196,0.0000000000000551427406825415,0.0000000430540995956864,40584.3781114943,0.379710951133101,40583.7578224885,7.59421988374405,0.3797109941872,"Malawi","Dedza","TA Chilikumwendo",47,48100.82034,1,"Pediatrics",87244.82939
"331",331,7516.06251751145,0.00000000000000146391824794523,0.0000000000000024968159707419,0.0000000000000490159292235315,0.0000000405215057901486,40584.3781114943,0.379710953665695,40583.7578224885,7.59421988374405,0.3797109941872,"Malawi","Dedza","TA Chilikumwendo",47,48100.82034,1,"Pediatrics",87244.82939
"332",332,7516.06251751145,0.00000000000000126296750544525,0.00000000000000215408028593836,0.0000000000000435698526675899,0.0000000381378880587832,40584.3781114943,0.379710956049313,40583.7578224885,7.59421988374405,0.379710994187201,"Malawi","Dedza","TA Chilikumwendo",47,48100.82034,1,"Pediatrics",87244.82939
"333",333,7516.06251751145,0.00000000000000108960109080511,0.0000000000000018583916206245,0.0000000000000387288768129871,0.0000000358944831066689,40584.3781114943,0.379710958292718,40583.7578224885,7.59421988374405,0.379710994187201,"Malawi","Dedza","TA Chilikumwendo",47,48100.82034,1,"Pediatrics",87244.82939
"334",334,7516.06251751145,0.000000000000000940032528125225,0.00000000000000160329187270884,0.0000000000000344257708450439,0.0000000337830431264254,40584.3781114943,0.379710960404158,40583.7578224885,7.59421988374405,0.379710994187201,"Malawi","Dedza","TA Chilikumwendo",47,48100.82034,1,"Pediatrics",87244.82939
"335",335,7516.06251751145,0.000000000000000810995107650426,0.00000000000000138320943797109,0.0000000000000306007736831708,0.0000000317958054754611,40584.3781114943,0.379710962391396,40583.7578224885,7.59421988374405,0.379710994187201,"Malawi","Dedza","TA Chilikumwendo",47,48100.82034,1,"Pediatrics",87244.82939
"336",336,7516.06251751145,0.000000000000000699670537938358,0.00000000000000119333752129593,0.0000000000000272007640593403,0.0000000299254641369064,40584.3781114943,0.379710964261738,40583.7578224885,7.59421988374405,0.379710994187201,"Malawi","Dedza","TA Chilikumwendo",47,48100.82034,1,"Pediatrics",87244.82939
"337",337,7516.06251751145,0.000000000000000603627391880601,0.00000000000000102952915201441,0.0000000000000241785228033462,0.0000000281651428593124,40584.3781114943,0.379710966022059,40583.7578224885,7.59421988374405,0.379710994187202,"Malawi","Dedza","TA Chilikumwendo",47,48100.82034,1,"Pediatrics",87244.82939
"338",338,7516.06251751145,0.000000000000000520768002183164,0.000000000000000888206610395069,0.0000000000000214920770905737,0.0000000265083698763625,40584.3781114943,0.379710967678832,40583.7578224885,7.59421988374405,0.379710994187202,"Malawi","Dedza","TA Chilikumwendo",47,48100.82034,1,"Pediatrics",87244.82939
"339",339,7516.06251751145,0.000000000000000449282646456655,0.000000000000000766283287079229,0.0000000000000191041175461287,0.0000000249490541136571,40584.3781114943,0.379710969238148,40583.7578224885,7.59421988374405,0.379710994187202,"Malawi","Dedza","TA Chilikumwendo",47,48100.82034,1,"Pediatrics",87244.82939
"340",340,7516.06251751145,0.000000000000000387610021277959,0.000000000000000661096268801431,0.0000000000000169814801108629,0.0000000234814627950954,40584.3781114943,0.37971097070574,40583.7578224885,7.59421988374405,0.379710994187202,"Malawi","Dedza","TA Chilikumwendo",47,48100.82034,1,"Pediatrics",87244.82939
"341",341,7516.06251751145,0.00000000000000033440314194195,0.000000000000000570348178007418,0.0000000000000150946854741195,0.0000000221002003665268,40584.3781114943,0.379710972087002,40583.7578224885,7.59421988374405,0.379710994187202,"Malawi","Dedza","TA Chilikumwendo",47,48100.82034,1,"Pediatrics",87244.82939
"342",342,7516.06251751145,0.000000000000000288499923123651,0.000000000000000492056996095508,0.0000000000000134175296774085,0.000000020800188659185,40584.3781114943,0.379710973387014,40583.7578224885,7.59421988374405,0.379710994187202,"Malawi","Dedza","TA Chilikumwendo",47,48100.82034,1,"Pediatrics",87244.82939
"343",343,7516.06251751145,0.00000000000000024889779790646,0.000000000000000424512774376542,0.0000000000000119267202037936,0.0000000195766482199763,40584.3781114943,0.379710974610554,40583.7578224885,7.59421988374405,0.379710994187202,"Malawi","Dedza","TA Chilikumwendo",47,48100.82034,1,"Pediatrics",87244.82939
"344",344,7516.06251751145,0.000000000000000214731820833565,0.000000000000000366240287281455,0.0000000000000106015524994014,0.0000000184250807399848,40584.3781114943,0.379710975762122,40583.7578224885,7.59421988374405,0.379710994187202,"Malawi","Dedza","TA Chilikumwendo",47,48100.82034,1,"Pediatrics",87244.82939
"345",345,7516.06251751145,0.000000000000000185255776733819,0.000000000000000315966812129493,0.0000000000000094236224349253,0.0000000173412525165933,40584.3781114943,0.37971097684595,40583.7578224885,7.59421988374405,0.379710994187202,"Malawi","Dedza","TA Chilikumwendo",47,48100.82034,1,"Pediatrics",87244.82939
"346",346,7516.06251751145,0.00000000000000015982588272211,0.00000000000000027259433173869,0.00000000000000837657071407168,0.0000000163211788884187,40584.3781114943,0.379710977866024,40583.7578224885,7.59421988374405,0.379710994187202,"Malawi","Dedza","TA Chilikumwendo",47,48100.82034,1,"Pediatrics",87244.82939
"347",347,7516.06251751145,0.000000000000000137886727411517,0.000000000000000235175552758955,0.0000000000000074458556795353,0.0000000153611095858527,40584.3781114943,0.379710978826093,40583.7578224885,7.59421988374405,0.379710994187202,"Malawi","Dedza","TA Chilikumwendo",47,48100.82034,1,"Pediatrics",87244.82939
"348",348,7516.06251751145,0.0000000000000001189591402371,0.000000000000000202893215947325,0.00000000000000661855136142765,0.0000000144575149432823,40584.3781114943,0.379710979729688,40583.7578224885,7.59421988374405,0.379710994187202,"Malawi","Dedza","TA Chilikumwendo",47,48100.82034,1,"Pediatrics",87244.82939
"349",349,7516.06251751145,0.000000000000000102629725946829,0.00000000000000017504224650274,0.00000000000000588316796363145,0.0000000136070729224186,40584.3781114943,0.37971098058013,40583.7578224885,7.59421988374405,0.379710994187203,"Malawi","Dedza","TA Chilikumwendo",47,48100.82034,1,"Pediatrics",87244.82939
"350",350,7516.06251751145,0.0000000000000000885418356834732,0.000000000000000151014354608496,0.00000000000000522949229512895,0.000000012806656898936,40584.3781114943,0.379710981380546,40583.7578224885,7.59421988374405,0.379710994187203,"Malawi","Dedza","TA Chilikumwendo",47,48100.82034,1,"Pediatrics",87244.82939
"351",351,7516.06251751145,0.0000000000000000763877774579705,0.000000000000000130284749844459,0.00000000000000464844593033216,0.0000000120533241675336,40584.3781114943,0.379710982133879,40583.7578224885,7.59421988374405,0.379710994187203,"Malawi","Dedza","TA Chilikumwendo",47,48100.82034,1,"Pediatrics",87244.82939
"352",352,7516.06251751145,0.0000000000000000659020958841201,0.000000000000000112400679299918,0.00000000000000413195912864349,0.0000000113443051231747,40584.3781114943,0.379710982842898,40583.7578224885,7.59421988374405,0.379710994187203,"Malawi","Dedza","TA Chilikumwendo",47,48100.82034,1,"Pediatrics",87244.82939
"353",353,7516.06251751145,0.0000000000000000568557743980612,0.0000000000000000969715390494007,0.00000000000000367285876232156,0.0000000106769930787237,40584.3781114943,0.37971098351021,40583.7578224885,7.59421988374405,0.379710994187203,"Malawi","Dedza","TA Chilikumwendo",47,48100.82034,1,"Pediatrics",87244.82939
"354",354,7516.06251751145,0.000000000000000049051233333872,0.0000000000000000836603430173078,0.00000000000000326476869626058,0.000000010048934681545,40584.3781114943,0.379710984138268,40583.7578224885,7.59421988374405,0.379710994187203,"Malawi","Dedza","TA Chilikumwendo",47,48100.82034,1,"Pediatrics",87244.82939
"355",355,7516.06251751145,0.0000000000000000423180146088376,0.0000000000000000721763629038425,0.0000000000000029020212362123,0.00000000945782089383057,40584.3781114943,0.379710984729382,40583.7578224885,7.59421988374405,0.379710994187203,"Malawi","Dedza","TA Chilikumwendo",47,48100.82034,1,"Pediatrics",87244.82939
"356",356,7516.06251751145,0.0000000000000000365090587680931,0.0000000000000000622687784216888,0.0000000000000025795784156882,0.00000000890147850349602,40584.3781114943,0.379710985285725,40583.7578224885,7.59421988374405,0.379710994187203,"Malawi","Dedza","TA Chilikumwendo",47,48100.82034,1,"Pediatrics",87244.82939
"357",357,7516.06251751145,0.0000000000000000314974930760032,0.0000000000000000537211991589974,0.00000000000000229296202841095,0.00000000837786213443571,40584.3781114943,0.379710985809341,40583.7578224885,7.59421988374405,0.379710994187203,"Malawi","Dedza","TA Chilikumwendo",47,48100.82034,1,"Pediatrics",87244.82939
"358",358,7516.06251751145,0.0000000000000000271738605033527,0.0000000000000000463469384213174,0.00000000000000203819143463566,0.00000000788504672676205,40584.3781114943,0.379710986302156,40583.7578224885,7.59421988374405,0.379710994187203,"Malawi","Dedza","TA Chilikumwendo",47,48100.82034,1,"Pediatrics",87244.82939
"359",359,7516.06251751145,0.0000000000000000234437290889746,0.0000000000000000399849358289992,0.00000000000000181172827761896,0.00000000742122045938355,40584.3781114943,0.379710986765983,40583.7578224885,7.59421988374405,0.379710994187203,"Malawi","Dedza","TA Chilikumwendo",47,48100.82034,1,"Pediatrics",87244.82939
"360",360,7516.06251751145,0.0000000000000000202256294621598,0.0000000000000000344962396159876,0.00000000000000161042734247761,0.00000000698467808890148,40584.3781114943,0.379710987202525,40583.7578224885,7.59421988374405,0.379710994187203,"Malawi","Dedza","TA Chilikumwendo",47,48100.82034,1,"Pediatrics",87244.82939
"361",361,7516.06251751145,0.0000000000000000174492754795128,0.0000000000000000297609718002996,0.00000000000000143149287497985,0.00000000657381468033589,40584.3781114943,0.379710987613389,40583.7578224885,7.59421988374405,0.379710994187203,"Malawi","Dedza","TA Chilikumwendo",47,48100.82034,1,"Pediatrics",87244.82939
"362",362,7516.06251751145,0.0000000000000000150540291133868,0.0000000000000000256757099428234,0.00000000000000127243975363676,0.0000000061871197066322,40584.3781114943,0.379710988000084,40583.7578224885,7.59421988374405,0.379710994187203,"Malawi","Dedza","TA Chilikumwendo",47,48100.82034,1,"Pediatrics",87244.82939
"363",363,7516.06251751145,0.0000000000000000129875760637039,0.0000000000000000221512283097342,0.00000000000000113105897586133,0.00000000582317149525545,40584.3781114943,0.379710988364032,40583.7578224885,7.59421988374405,0.379710994187203,"Malawi","Dedza","TA Chilikumwendo",47,48100.82034,1,"Pediatrics",87244.82939
"364",364,7516.06251751145,0.0000000000000000112047831673515,0.0000000000000000191105491035164,0.00000000000000100538697887393,0.00000000548063200145531,40584.3781114943,0.379710988706571,40583.7578224885,7.59421988374405,0.379710994187203,"Malawi","Dedza","TA Chilikumwendo",47,48100.82034,1,"Pediatrics",87244.82939
"365",365,7516.06251751145,0.00000000000000000966671264996294,0.0000000000000000164872611997513,0.00000000000000089367836928865,0.00000000515824188898591,40584.3781114943,0.379710989028961,40583.7578224885,7.59421988374405,0.379710994187203,"Malawi","Dedza","TA Chilikumwendo",47,48100.82034,1,"Pediatrics",87244.82939
