"","time","S","E","I","H","C","R","D","inci","hosp","crits","lvl2","lvl3","lvl4","ID","POP"
"1",1,57556.30879,0,1,0,0,0,0,0,0,0,"Malawi","Kasungu","TA Kaomba","147",57557.30879
"2",2,57555.5713351468,0.60772735785753,0.794512772403506,0.00939526460544469,0.000104896487014835,0.325713225926542,1.33588858969085e-06,0.737454853168627,0.0100186790782627,0.000107165062585686,"Malawi","Kasungu","TA Kaomba","147",57557.30879
"3",3,57554.9065886759,0.965685321900044,0.799132926096613,0.0167814047970711,0.000373438105156927,0.620218528388971,9.70482049300562e-06,1.40220132410835,0.0190496898050606,0.000389918610237839,"Malawi","Kasungu","TA Kaomba","147",57557.30879
"4",4,57554.1920070112,1.2528883583344,0.90168613351352,0.0239470812029553,0.000775265989501688,0.937455700752773,3.04490038740068e-05,2.11678298879702,0.0287578601968748,0.000826973794238103,"Malawi","Kasungu","TA Kaomba","147",57557.30879
"5",5,57553.3645531436,1.54338736942551,1.06250252366399,0.0317189037295453,0.00130736605142969,1.3052523294642,6.83640569393573e-05,2.94423685639161,0.0399996414369534,0.0014234603355592,"Malawi","Kasungu","TA Kaomba","147",57557.30879
"6",6,57552.3808410278,1.87190632842009,1.27051934453995,0.0405786014186978,0.00197985990749847,1.7428364366595,0.000128401247287298,3.92794897219303,0.0533645562062844,0.00219790798060182,"Malawi","Kasungu","TA Kaomba","147",57557.30879
"7",7,57551.2011419294,2.25930785837867,1.52653863905819,0.050905955860742,0.00281096229640802,2.26786861356936,0.000216041409006542,5.10764807057238,0.0693924916032488,0.00317783889565949,"Malawi","Kasungu","TA Kaomba","147",57557.30879
"8",8,57549.7824350144,2.72264987994119,1.83696036678163,0.0630788554246464,0.00382556478388039,2.89950275871276,0.000337559965234419,6.52635498560934,0.0886681324382707,0.00439880142706899,"Malawi","Kasungu","TA Kaomba","147",57557.30879
"9",9,57548.0747737029,3.27936848730434,2.21158035217061,0.0775197071106584,0.00505533363998164,3.65999214526063,0.000500271614624404,8.23401629710085,0.11187035969354,0.00590488349951751,"Malawi","Kasungu","TA Kaomba","147",57557.30879
"10",10,57546.0187389496,3.94925899089862,2.66299669284407,0.0947227181571755,0.00653953026317186,4.57582032536515,0.000712792830150202,10.2900510503583,0.13980689799483,0.00774997880958183,"Malawi","Kasungu","TA Kaomba","147",57557.30879
"11",11,57543.5430695733,4.75569151212303,3.2066842943589,0.115275792668157,0.0083262806844937,5.67875720307235,0.000985343803543069,12.7657204267105,0.173446580228698,0.00999956908508192,"Malawi","Kasungu","TA Kaomba","147",57557.30879
"12",12,57540.5620870716,5.72661637512576,3.86139062717768,0.139882555635501,0.0104742183011121,7.00700904854259,0.00133010359589132,15.7467029283785,0.213954436368789,0.0127329699272782,"Malawi","Kasungu","TA Kaomba","147",57557.30879
"13",13,57536.9726971716,6.89560321514422,4.64972705711996,0.169387246822454,0.0130545144294571,8.60655916156384,0.00176163325776687,19.3360928283377,0.262732579698739,0.0160460798969745,"Malawi","Kasungu","TA Kaomba","147",57557.30879
"14",14,57532.6508373761,8.30301718052223,5.59892300099064,0.20480389739735,0.0161533404930252,10.5327578244988,0.00229737995165852,23.6579526238537,0.321468686956571,0.0200546987915514,"Malawi","Kasungu","TA Kaomba","147",57557.30879
"15",15,57527.4471980759,9.99741424483035,6.74175386833678,0.247351354954089,0.0198748628911151,12.8522393085884,0.00295828446628654,28.861591924067,0.392194447039851,0.0248985541806714,"Malawi","Kasungu","TA Kaomba","147",57557.30879
"16",16,57521.1820635569,12.0372112878006,8.11766944643895,0.298495458508913,0.0243448767175181,15.6452358598382,0.00376951372647654,35.1267264430306,0.477356110900945,0.0307461790565504,"Malawi","Kasungu","TA Kaomba","147",57557.30879
"17",17,57514.8124482963,13.5099078762941,9.60606463726504,0.359350383818611,0.0297114780830147,18.9865460484343,0.00476127975090705,41.496341703646,0.579227838352604,0.0377969748918451,"Malawi","Kasungu","TA Kaomba","147",57557.30879
"18",18,57507.356520996,15.4156011657157,11.1659671072222,0.429408758585857,0.0361179065520412,22.8992047770555,0.00596928879013097,48.9522690039214,0.698488265750758,0.0462548167922758,"Malawi","Kasungu","TA Kaomba","147",57557.30879
"19",19,57498.7227288946,17.6939572740615,12.9000446191178,0.508983331146459,0.0436942111386136,27.4319474628565,0.0074342070417094,57.5860611053625,0.836608414911127,0.0563188121821618,"Malawi","Kasungu","TA Kaomba","147",57557.30879
"20",20,57488.7624705254,20.3505458203665,14.8714841480333,0.599206226921875,0.0525786381460601,32.663303054489,0.00920158651708055,67.5463194744738,0.995974637320784,0.0682045627529599,"Malawi","Kasungu","TA Kaomba","147",57557.30879
"21",21,57477.287469685,23.4218523745907,17.1308844624574,0.701674873708264,0.0629298872919711,38.6926562999336,0.0113224169401277,79.0213203149221,1.17961128947027,0.0821573578097893,"Malawi","Kasungu","TA Kaomba","147",57557.30879
"22",22,57464.0742805517,26.961885173732,19.727513517623,0.818332035522739,0.0749340501009518,45.637990655387,0.0138540158575872,92.2345094482233,1.39110992288907,0.0984606242294029,"Malawi","Kasungu","TA Kaomba","147",57557.30879
"23",23,57448.8632955927,31.0374934480626,22.7143973702724,0.951442193185785,0.0888097951181033,53.63649046498,0.0168611355496214,107.445494407169,1.63464676383352,0.117442991403986,"Malawi","Kasungu","TA Kaomba","147",57557.30879
"24",24,57431.3551504533,35.7273138461041,26.1509740657656,1.10361020666116,0.104813228020302,62.8465109531035,0.0204172469877254,124.953639546642,1.91504233253082,0.139485331740506,"Malawi","Kasungu","TA Kaomba","147",57557.30879
"25",25,57411.205602528,41.1222713476054,30.1048787845404,1.27782098129392,0.12324312826295,73.4503672112206,0.0246060189652138,145.103187471889,2.23784618483388,0.165028509133157,"Malawi","Kasungu","TA Kaomba","147",57557.30879
"26",26,57388.0193562127,47.3268307149028,34.6534383891575,1.47749154737668,0.144446780473564,85.6577033696261,0.0295229856534973,168.28943378719,2.60943938847401,0.194582042163034,"Malawi","Kasungu","TA Kaomba","147",57557.30879
"27",27,57361.3428395714,54.4606762446837,39.8851833651085,1.70653349566061,0.168826704500028,99.709453157904,0.0352774606506567,194.965950428507,3.03715501809055,0.228734084540066,"Malawi","Kasungu","TA Kaomba","147",57557.30879
"28",28,57330.6559475868,62.6607110944935,45.9014659588038,1.96942507978982,0.196848389597051,115.882397170926,0.041994719540334,225.652842413151,3.52941681116148,0.268162865661267,"Malawi","Kasungu","TA Kaomba","147",57557.30879
"29",29,57295.3631064588,72.0832201139252,52.8181733129039,2.27128959797799,0.229048775877292,134.494133361575,0.0498183788089962,260.945683541068,4.09589039005723,0.313649211884966,"Malawi","Kasungu","TA Kaomba","147",57557.30879
"30",30,57254.7820126492,82.906571289131,60.7678559048564,2.61799458011565,0.26604709626187,155.909395052823,0.058913427513257,301.526777350701,4.74767546975155,0.366092536789694,"Malawi","Kasungu","TA Kaomba","147",57557.30879
"31",31,57208.1326851525,95.3338070718514,69.9017458860403,3.01624882045545,0.308555652990328,180.546278181921,0.0694692341683396,348.176104847427,5.49749528563459,0.426526723913644,"Malawi","Kasungu","TA Kaomba","147",57557.30879
"32",32,57154.5240305128,109.595728149624,80.3922466105532,3.47372194080577,0.357393263846149,208.883966211925,0.0817033104009861,401.784759487156,6.35993155841629,0.496139964329818,"Malawi","Kasungu","TA Kaomba","147",57557.30879
"33",33,57092.9393283169,125.95409563375,92.4356109767116,3.99917426850166,0.413500179046283,241.47121512408,0.0958655009335288,463.369461683023,7.3516825408084,0.576296788871051,"Malawi","Kasungu","TA Kaomba","147",57557.30879
"34",34,57022.2202527118,144.705113108449,106.254751982889,4.60260170363686,0.477954869899064,278.935872886804,0.11224273644305,534.08853728812,8.49185250272317,0.668562927985085,"Malawi","Kasungu","TA Kaomba","147",57557.30879
"35",35,56941.0493294139,166.183013507096,122.102318298769,5.29539619831657,0.551993091273721,321.995575009186,0.131164481424764,615.259460586066,9.80227692185067,0.774733625641566,"Malawi","Kasungu","TA Kaomba","147",57557.30879
"36",36,56847.9311095082,190.763563060095,140.264009403725,6.09051960825286,0.637029225875888,371.469550300764,0.153008893056013,708.377680491769,11.3078813444689,0.896865442450097,"Malawi","Kasungu","TA Kaomba","147",57557.30879
"37",37,56741.1718900249,218.867682656768,161.061857253198,7.00269534884058,0.73468015266488,428.291774729576,0.178209833997958,815.136899975045,13.0370811704263,1.03731203305758,"Malawi","Kasungu","TA Kaomba","147",57557.30879
"38",38,56618.8584093036,250.964741068965,184.857561694715,8.0486137684785,0.846791839292226,493.525407500523,0.207264824359173,937.450380696333,15.0222202797443,1.19876424243019,"Malawi","Kasungu","TA Kaomba","147",57557.30879
"39",39,56478.8363392179,287.575039770992,212.055837640869,9.24714405777244,0.975468404161443,568.378217005691,0.240743902517404,1077.472450782,17.300039540181,1.3842942151588,"Malawi","Kasungu","TA Kaomba","147",57557.30879
"40",40,56318.6878530338,329.271829143568,243.107310163967,10.6195653264753,1.12310490847192,654.219827492418,0.279299931218885,1237.62093696612,19.9122004587677,1.59740568908592,"Malawi","Kasungu","TA Kaomba","147",57557.30879
"41",41,56135.7112834467,376.681719223852,278.510731354693,12.1897877212266,1.29242150912865,752.599167048425,0.323679695887218,1420.59750655321,22.9058146168744,1.8420869951108,"Malawi","Kasungu","TA Kaomba","147",57557.30879
"42",42,55926.902068339,430.483090498352,318.814598171875,13.9845746648698,1.48650132226674,865.263220332198,0.374736671365766,1629.40672166093,26.3340122949366,2.122870600905,"Malawi","Kasungu","TA Kaomba","147",57557.30879
"43",43,55688.9374922394,491.402000311087,364.617048093534,16.0337493906003,1.70883059557128,994.176224047284,0.433445322445602,1867.37129776052,30.2565239750826,2.44489756806302,"Malawi","Kasungu","TA Kaomba","147",57557.30879
"44",44,55418.1679857241,560.204621590579,416.564134527919,18.3703560597911,1.96333809376623,1141.53743798607,0.500916017679597,2138.1408042758,34.7402179087501,2.81398226389063,"Malawi","Kasungu","TA Kaomba","147",57557.30879
"45",45,55110.6157586536,637.684543101583,475.345451736208,21.0307836061046,2.25443846320114,1309.79940168917,0.578412750055454,2445.69303134632,39.8596512868671,3.23668581883473,"Malawi","Kasungu","TA Kaomba","147",57557.30879
"46",46,54761.9844151703,724.645388047267,541.686375700496,24.0548099470262,2.58707301772145,1501.68335650221,0.667371614904162,2794.32437482962,45.6975342568323,3.72038829111694,"Malawi","Kasungu","TA Kaomba","147",57557.30879
"47",47,54533.0747164343,683.810598326659,592.250387295174,27.3917699279314,2.96622959893204,1717.04567214891,0.769416267969678,3023.23407356559,52.24825744361,4.27283477753887,"Malawi","Kasungu","TA Kaomba","147",57557.30879
"48",48,54290.462246039,667.126547291443,618.239362529151,30.7307904923076,3.39242882857907,1946.4711245026,0.88629031684742,3265.84654396094,59.2212012678135,4.89750685454507,"Malawi","Kasungu","TA Kaomba","147",57557.30879
"49",49,54041.1840872284,661.179482176723,632.658514032505,33.8868479591968,3.86062011890109,2183.51959523621,1.0196432479379,3515.12470277148,66.4182561548001,5.59215505460335,"Malawi","Kasungu","TA Kaomba","147",57557.30879
"50",50,53788.5877318763,659.825890113306,641.461241348131,36.7933973516765,4.36361619972973,2425.10602189123,1.17089121948358,3767.72105812357,73.7450564331579,6.35199699521195,"Malawi","Kasungu","TA Kaomba","147",57557.30879
"51",51,53534.3354737432,660.248165881659,647.371590572688,39.4359859382387,4.89390233095477,2669.68249515199,1.34117638113541,4021.97331625668,81.1547167848514,7.17145750877922,"Malawi","Kasungu","TA Kaomba","147",57557.30879
"52",52,53279.3195196363,661.151934871694,651.633871346674,41.8221086929429,5.44438278433397,2916.40560198912,1.53137067881999,4276.9892703636,88.6220678237143,8.0449215857721,"Malawi","Kasungu","TA Kaomba","147",57557.30879
"53",53,53024.0797908302,661.941354524621,654.814698065926,43.9676164598954,6.00865096844763,3164.75458197563,1.74209717514458,4532.22899916968,96.1318462869961,8.96704070549692,"Malawi","Kasungu","TA Kaomba","147",57557.30879
"54",54,52768.9943498719,662.341895868139,657.17065662187,45.8906933276627,6.58104979374484,3414.3563875829,1.97375693365875,4787.31444012798,103.673289158893,9.93283885538619,"Malawi","Kasungu","TA Kaomba","147",57557.30879
"55",55,52514.3660139315,662.227611322896,658.817072749088,47.609279348654,7.156643791438,3664.90561257725,2.22655627906218,5041.9427760684,111.237663496033,10.9377309425572,"Malawi","Kasungu","TA Kaomba","147",57557.30879
"56",56,52260.4613227161,661.542369612962,659.805158595375,49.1400585715598,7.73115806356224,3916.12819025145,2.50053218889212,5295.84746728381,118.817150153128,11.9775048634564,"Malawi","Kasungu","TA Kaomba","147",57557.30879
"57",57,52007.5283780371,660.262795629604,660.158398219764,50.498127436745,8.30090785443653,4167.76460741915,2.79557540312261,5548.78041196283,126.404330768765,13.0482903195157,"Malawi","Kasungu","TA Kaomba","147",57557.30879
"58",58,51755.8040542153,658.382268861297,659.88826170979,51.6969901157286,8.86272910415379,4419.56303514761,3.11145084606872,5800.50473578466,133.991980856722,14.146524050655,"Malawi","Kasungu","TA Kaomba","147",57557.30879
"59",59,51505.5171582209,655.902896569851,659.002104896992,52.7486510234979,9.41391746657653,4671.27624682622,3.44781499588931,6050.79163177905,141.572979156688,15.2689183497718,"Malawi","Kasungu","TA Kaomba","147",57557.30879
"60",60,51256.8894871321,652.831929835119,657.506552972274,53.6637904909758,9.95216428415451,4922.66063207419,3.80423321109782,6299.41930286783,149.140282017272,16.4124264610447,"Malawi","Kasungu","TA Kaomba","147",57557.30879
"61",61,51010.1358896813,649.180128680067,655.409007658046,54.4519175453577,10.4755082105676,5173.47614527144,4.18019295313825,6546.17290031863,156.686925373236,17.5742166568537,"Malawi","Kasungu","TA Kaomba","147",57557.30879
"62",62,50765.4639099328,644.960884860497,652.718418742025,55.1215082284769,10.982294735394,5423.48665848346,4.57511501722878,6790.8448800671,164.206038553418,18.7516508344109,"Malawi","Kasungu","TA Kaomba","147",57557.30879
"63",63,50523.0731786528,640.189851774168,649.445550785743,55.6801235053478,11.4711441560179,5672.46057851454,4.98836261130624,7033.23561134713,171.690865560897,19.9422679053254,"Malawi","Kasungu","TA Kaomba","147",57557.30879
"64",64,50283.1550823226,634.88452021361,645.603084794719,56.1345732796922,11.9409063972927,5920.17136965621,5.41925333581949,7273.15370767736,179.134784606273,21.1437589590782,"Malawi","Kasungu","TA Kaomba","147",57557.30879
"65",65,50045.8923538498,629.06402125502,641.205551972439,56.4910277677711,12.3906316750544,6166.39813625981,5.86706722006305,7510.41643615017,186.531328211279,22.3539515736544,"Malawi","Kasungu","TA Kaomba","147",57557.30879
"66",66,49811.4584247307,622.749135155977,636.269150637149,56.7550912365466,12.8195529062316,6410.92638323039,6.33105210297306,7744.85036526929,193.874207776868,23.5708013631987,"Malawi","Kasungu","TA Kaomba","147",57557.30879
"67",67,49580.0171554796,615.961974781201,630.81177261382,56.9318927156278,13.2270613766649,6653.54850256046,6.81043047257241,7976.29163452036,201.15733031274,24.7923792604241,"Malawi","Kasungu","TA Kaomba","147",57557.30879
"68",68,49351.7225091866,608.725743855345,624.852935229752,57.0261642410801,13.6126864668006,6894.06434561113,7.30440540923556,8204.58628081336,208.374817451498,26.0168613350231,"Malawi","Kasungu","TA Kaomba","147",57557.30879
"69",69,49126.7182220449,601.064782906692,618.413448974038,57.042299530341,13.9760815132736,7132.28179019556,7.81216483512929,8429.59056795505,215.521023855346,27.2425218715537,"Malawi","Kasungu","TA Kaomba","147",57557.30879
"70",70,48905.1376529691,593.004303708814,611.515376314355,56.9844068447859,14.3170097168667,7368.01715460161,8.33288584443925,8651.17113703088,222.590550878297,28.467726630891,"Malawi","Kasungu","TA Kaomba","147",57557.30879
"71",71,48687.1037017933,584.570083500245,604.182019117911,56.8563554526826,14.6353313897933,7601.09556002559,8.86573872038903,8869.20508820663,229.578258525922,29.69092691912,"Malawi","Kasungu","TA Kaomba","147",57557.30879
"72",72,48472.7286092168,575.78856243112,596.437500399454,56.6618179196884,14.9309937943994,7831.35141602467,9.40989021378235,9083.58018078313,236.479281022481,30.9106549937833,"Malawi","Kasungu","TA Kaomba","147",57557.30879
"73",73,48262.1139836619,566.686589686727,588.306700110684,56.4043017259124,15.204021971335,8058.62868621879,9.96450662458871,9294.19480633805,243.289035514978,32.1255201251314,"Malawi","Kasungu","TA Kaomba","147",57557.30879
"74",74,48055.3509145684,557.291124630218,579.81525338779,56.0871729301799,15.4545111276419,8282.78105690007,10.5287564556008,9500.95787543152,250.003227671519,33.3342054905903,"Malawi","Kasungu","TA Kaomba","147",57557.30879
"75",75,47852.5199392994,547.629276147198,570.989197313244,55.7136823347644,15.6826196540299,8503.67226232577,11.1018129255412,9703.78885070057,256.617862051867,34.535465459739,"Malawi","Kasungu","TA Kaomba","147",57557.30879
"76",76,47653.6911802789,537.728065448971,561.854914327752,55.2869813780011,15.8885633361409,8721.17622898721,11.6828562430232,9902.61760972112,263.129246789199,35.7281236671618,"Malawi","Kasungu","TA Kaomba","147",57557.30879
"77",77,47458.9248066569,527.614325883549,552.438948694941,54.810139184234,16.0726085707515,8935.17688567249,12.2710753370609,10097.383983343,269.533988271933,36.9110691673637,"Malawi","Kasungu","TA Kaomba","147",57557.30879
"78",78,47268.2711259715,517.314558293446,542.767895514517,54.2861514524833,16.2350685707522,9145.56832050915,12.8656696881284,10288.0376640285,275.828996044274,38.0832557492123,"Malawi","Kasungu","TA Kaomba","147",57557.30879
"79",79,47081.7705919838,506.854819375517,532.868242245786,53.7179476414397,16.376300106131,9352.2550373338,13.4658513134764,10474.5381980162,282.011490645101,39.2437020483413,"Malawi","Kasungu","TA Kaomba","147",57557.30879
"80",80,46899.4541534342,496.260599148238,522.766258189747,53.1083968029429,16.4966994221458,9555.15183677246,14.070846230231,10656.8546365658,288.079000149849,40.3914899499241,"Malawi","Kasungu","TA Kaomba","147",57557.30879
"81",81,46721.3438487178,485.556755028543,512.487844851159,52.4603142468649,16.5966972018029,9754.18343435354,14.6798956001927,10834.9649412821,294.029348839773,41.5257614952233,"Malawi","Kasungu","TA Kaomba","147",57557.30879
"82",82,46547.4531094412,474.767415843185,502.058437154847,51.7764625765665,16.6767558009511,9949.28435225908,15.2922569240685,11008.8556805587,299.860653950686,42.6457181447024,"Malawi","Kasungu","TA Kaomba","147",57557.30879
"83",83,46377.7870224283,463.915867637788,491.502934062249,51.0595508393791,16.7373668370156,10140.3988428852,15.9072053100929,11178.5217675717,305.571323328839,43.7506205211043,"Malawi","Kasungu","TA Kaomba","147",57557.30879
"84",84,46212.3427599271,453.02452128791,480.845571960899,50.312235298064,16.7790479930313,10327.4806190755,16.5240344574277,11343.9660300729,311.160047325247,44.8397868834701,"Malawi","Kasungu","TA Kaomba","147",57557.30879
"85",85,46051.1099822243,442.114865749881,470.109831526939,49.5371182549717,16.8023403389954,10510.4925943472,17.1420575577027,11505.1988077757,316.625790943469,45.9125919794686,"Malawi","Kasungu","TA Kaomba","147",57557.30879
"86",86,45894.0712705889,431.207389393066,459.318398744043,48.7367454251284,16.8078057860124,10689.4065719566,17.7606081062074,11662.2375194111,321.967784416268,46.968465877088,"Malawi","Kasungu","TA Kaomba","147",57557.30879
"87",87,45741.2025776115,420.321557113468,448.493096959126,47.9136039372141,16.7960245390397,10864.202889323,18.3790405165866,11815.1062123885,327.18551246085,48.0068924612441,"Malawi","Kasungu","TA Kaomba","147",57557.30879
"88",88,45592.4734490103,409.475767339565,437.65478169766,47.0701178324216,16.7675932012304,11034.8703494488,18.9967314700126,11963.8353409897,332.278712078351,49.0274098292567,"Malawi","Kasungu","TA Kaomba","147",57557.30879
"89",89,45447.8477658028,398.687366632501,426.823359908247,46.2086475959075,16.7231216945944,11201.4054489377,19.6130794281866,12108.4610241972,337.247349360762,50.0296063844996,"Malawi","Kasungu","TA Kaomba","147",57557.30879
"90",90,45307.284103673,387.972626443538,416.017756628357,45.3314867913147,16.6632313142834,11363.8120799458,20.2275052037222,12249.024686327,342.091610441323,51.0131198592991,"Malawi","Kasungu","TA Kaomba","147",57557.30879
"91",91,45170.7360347807,377.346721665916,405.255860455706,44.4408578279756,16.5885528416973,11522.1013096114,20.8394528165138,12385.5727552192,346.811894744988,51.9776368823053,"Malawi","Kasungu","TA Kaomba","147",57557.30879
"92",92,45038.1526968301,366.82377971858,394.554540114792,43.5389118754044,16.4997242539712,11676.2907482762,21.4483889309307,12518.1560931699,351.408796018373,52.922889732235,"Malawi","Kasungu","TA Kaomba","147",57557.30879
"93",93,44909.4789452269,356.416824330226,383.929576478445,42.62772189667,16.3973891245549,11826.4045285249,22.0538044182691,12646.8298447731,355.883101494003,53.8486573917714,"Malawi","Kasungu","TA Kaomba","147",57557.30879
"94",94,44784.65567248,346.137760497488,373.395634017987,41.7092776922219,16.2821946306267,11972.4730354843,22.6552151973845,12771.65311752,360.2357836471,54.7547649825207,"Malawi","Kasungu","TA Kaomba","147",57557.30879
"95",95,44663.6206705023,335.997522766325,362.966371261249,40.7854919751314,16.15478896769,12114.5317847766,23.2521597505958,12892.6881194976,364.467966690654,55.6410769611737,"Malawi","Kasungu","TA Kaomba","147",57557.30879
"96",96,44546.3087349859,326.006028400299,352.654405906349,39.8581948408385,16.0158200899688,12252.6214054199,23.8442003566858,13010.0000550141,368.580925898271,56.5074979537552,"Malawi","Kasungu","TA Kaomba","147",57557.30879
"97",97,44432.6519428183,316.172168286154,342.471300248911,38.9291291914271,15.8659338697461,12386.7873917152,24.430923870299,13123.6568471817,372.576080020268,57.3539722385168,"Malawi","Kasungu","TA Kaomba","147",57557.30879
"98",98,44322.5801405029,306.503908504683,332.427618585774,37.9999541764106,15.7057724711467,12517.0794553864,25.0119403726499,13233.7286494971,376.454971934765,58.1804798283844,"Malawi","Kasungu","TA Kaomba","147",57557.30879
"99",99,44216.0212300003,297.008311574574,322.532948602657,37.0722439383824,15.5359728886455,12643.55119983,25.5868831653639,13340.2875599997,380.219258830505,58.9870349990067,"Malawi","Kasungu","TA Kaomba","147",57557.30879
"100",100,44112.9014377759,287.691545758321,312.795916727526,36.1474852870872,15.357165371086,12766.2598300347,26.1554090453877,13443.4073522241,383.87070342873,59.7736851796205,"Malawi","Kasungu","TA Kaomba","147",57557.30879
"101",101,44013.1456489003,278.558959087478,303.224247830544,35.2270809440623,15.1699723571668,12885.2656836924,26.7171971880501,13543.1631410997,387.411160001105,60.5405079917762,"Malawi","Kasungu","TA Kaomba","147",57557.30879
"102",102,43916.6776055231,269.615076529627,293.824742092025,34.3123450052042,14.9750066929026,13000.632064023,27.271950134143,13639.6311844769,390.84256921391,61.2876111430379,"Malawi","Kasungu","TA Kaomba","147",57557.30879
"103",103,43823.4201677293,260.863617468808,284.60329328039,33.4045011867769,14.7728700170261,13112.4249462968,27.8193940208802,13732.8886222707,394.166949262998,62.0151312045928,"Malawi","Kasungu","TA Kaomba","147",57557.30879
"104",104,43733.2956965516,252.307624621823,275.565032081041,32.5046932331024,14.5641525797827,13220.71231528,28.3592756526639,13823.0130934484,397.386376289885,62.7232284556907,"Malawi","Kasungu","TA Kaomba","147",57557.30879
"105",105,43646.2261824036,243.949461777736,266.714302501024,31.613981371673,14.3494318142878,13325.5640667408,28.8913633908655,13910.0826075964,400.502981315992,63.4120869660045,"Malawi","Kasungu","TA Kaomba","147",57557.30879
"106",106,43562.1334592305,235.790855167424,258.054700019172,30.7333437407598,14.1292713526203,13427.0517137893,29.4154467002373,13994.1753307695,403.518941465608,64.0819128414514,"Malawi","Kasungu","TA Kaomba","147",57557.30879
"107",107,43480.9394110134,227.832933007696,249.589123150428,29.8636784393103,13.9042202010976,13525.2480886614,29.9313355266691,14075.3693789866,406.436471071042,64.7329323427886,"Malawi","Kasungu","TA Kaomba","147",57557.30879
"108",108,43402.56614948,220.076269008499,241.319811032892,29.0058056629159,13.6748119886294,13620.2270830864,30.4388597406065,14153.7426405199,409.257813937625,65.3653901887921,"Malawi","Kasungu","TA Kaomba","147",57557.30879
"109",109,43326.9361781269,212.520925463801,233.248380621244,28.1604700130537,13.4415642964592,13712.0634029196,30.9378685588666,14229.372611873,411.985236042036,65.979547904139,"Malawi","Kasungu","TA Kaomba","147",57557.30879
"110",110,43253.9725452902,205.166488400167,225.37587111678,27.3283428362066,13.2049780822296,13800.8323343312,31.4282299431523,14302.3362447098,414.62101857903,66.5756822220437,"Malawi","Kasungu","TA Kaomba","147",57557.30879
"111",111,43183.5989818415,198.012105159076,217.702783885183,26.5100247866441,12.9655371887302,13886.6095271599,31.9098299788621,14372.7098081584,417.167451529797,67.1540835381145,"Malawi","Kasungu","TA Kaomba","147",57557.30879
"112",112,43115.7400242616,191.05652404971,210.229117911799,25.7060485799898,12.7237079350827,13969.4707950242,32.3825722375192,14440.5687657384,419.626827738845,67.7150544188307,"Malawi","Kasungu","TA Kaomba","147",57557.30879
"113",113,43050.3211274833,184.298128016827,202.954409357408,24.9168817501222,12.479938792707,14049.491927474,32.8463771255892,14505.9876625166,422.001437352954,68.2589081716851,"Malawi","Kasungu","TA Kaomba","147",57557.30879
"114",114,42987.2687659332,177.734966846352,195.877770026235,24.1429294814654,12.2346601399031,14126.74851635,33.3011812227925,14569.0400240668,424.29356268907,68.7859674761037,"Malawi","Kasungu","TA Kaomba","147",57557.30879
"115",115,42926.5105216582,171.364791393487,188.997920683093,23.3845375674337,11.9882840893341,14201.3157979951,33.7469366132526,14629.7982683417,426.505473581671,69.2965630750996,"Malawi","Kasungu","TA Kaomba","147",57557.30879
"116",116,42867.9751625133,165.18508416627,182.31322502632,22.6419953470952,11.7412043882681,14273.2685083436,34.1836102151186,14688.3336274867,428.639423116547,69.7910325370954,"Malawi","Kasungu","TA Kaomba","147",57557.30879
"117",117,42811.5927114432,159.193086664132,175.821724166258,21.9155386223479,11.4937963863896,14342.6807496101,34.611183107599,14744.7160785568,430.697643712581,70.2697190809184,"Malawi","Kasungu","TA Kaomba","147",57557.30879
"118",118,42757.2945091402,153.385829382006,169.521168923571,21.2053528079596,11.2464170660947,14409.6258628639,35.0296498162027,14799.0142808598,432.682343387031,70.7329703923088,"Malawi","Kasungu","TA Kaomba","147",57557.30879
"119",119,42705.0132592321,147.760157080061,163.409046272793,20.5115757257119,10.9994051397919,14474.1763288701,35.4390176794383,14851.2955307679,434.595702859415,71.181137645763,"Malawi","Kasungu","TA Kaomba","147",57557.30879
"120",120,42654.6830723435,142.312751334862,157.482609964752,19.8343004811078,10.753081194694,14536.4036685028,35.8393061781781,14901.6257176565,436.439872645401,71.6145745104673,"Malawi","Kasungu","TA Kaomba","147",57557.30879
"121",121,42606.2395026165,137.040154375862,151.738907778933,19.1735784042592,10.507747888842,14596.3783526781,36.2305462574794,14950.0692873835,438.216970438409,72.0336361946545,"Malawi","Kasungu","TA Kaomba","147",57557.30879
"122",122,42559.6195740913,131.938792176978,146.17480439955,18.5294218894859,10.2636901968462,14654.1697275702,36.6127796755515,14996.6892159087,439.929078947295,72.4386785857744,"Malawi","Kasungu","TA Kaomba","147",57557.30879
"123",123,42514.761803496,127.004992293691,140.787007922624,17.9018071237447,10.0211757028166,14709.8459451091,36.9860583519652,15041.546986504,441.578243889916,72.8300574365691,"Malawi","Kasungu","TA Kaomba","147",57557.30879
"124",124,42471.6062150602,122.235002266011,135.572091163966,17.2906767067641,9.78045492168287,14763.473906133,37.3504437482518,15084.7025749397,443.16647236351,73.208127634541,"Malawi","Kasungu","TA Kaomba","147",57557.30879
"125",125,42430.0943422081,117.625008599378,130.526511922196,16.6959424684702,9.54176175218417,14815.1192168575,37.7060061921071,15126.2144477919,444.695731621227,73.5732425073201,"Malawi","Kasungu","TA Kaomba","147",57557.30879
"126",126,42390.169282506,113.171149759227,125.646631543884,16.1174870822869,9.3053133563052,14864.8461012289,38.0528245233589,15166.139507494,446.167946486627,73.9257531008906,"Malawi","Kasungu","TA Kaomba","147",57557.30879
"127",127,42351.775619182,108.869533483334,120.928736607377,15.5551679379486,9.07131141861055,14912.7174362909,38.3909850798134,15204.533170818,447.585000533781,74.2660077167128,"Malawi","Kasungu","TA Kaomba","147",57557.30879
"128",128,42314.8594452359,104.716248828168,116.369053346485,15.0088188284117,8.83994227337399,14958.794700189,38.720581298608,15241.449344764,448.948734575556,74.5943513618786,"Malawi","Kasungu","TA Kaomba","147",57557.30879
"129",129,42279.3683710713,100.707378881785,111.963761714569,14.4782519103844,8.61137721207242,15003.1379359772,39.0417132325812,15276.9404189286,450.260945635226,74.9111252353159,"Malawi","Kasungu","TA Kaomba","147",57557.30879
"130",130,42245.2514709925,96.8390106613528,107.709012007905,13.9632604115208,8.38577338498953,15045.8057757147,39.35448682694,15311.0573190074,451.523387752895,75.2166664010456,"Malawi","Kasungu","TA Kaomba","147",57557.30879
"131",131,42212.4594134958,93.1072459661094,103.600933994377,13.4636187450145,8.16327289854522,15086.8552909156,39.6590139845796,15343.8493765042,452.737767494239,75.511306996435,"Malawi","Kasungu","TA Kaomba","147",57557.30879
"132",132,42180.944284645,89.5082103434884,99.6356534544747,12.9790867436411,7.94400492114117,15126.3421385376,39.9554113546121,15375.364505355,453.905748466998,75.7953742807508,"Malawi","Kasungu","TA Kaomba","147",57557.30879
"133",133,42150.65955477,86.0380572509259,95.809303369991,12.5094112314374,7.72808624958424,15164.3205772339,40.2437998940333,15405.6492352299,455.028951857492,76.0691904572143,"Malawi","Kasungu","TA Kaomba","147",57557.30879
"134",134,42121.560346992,82.6929889150577,92.1180304404335,12.0543252858786,7.5156192984514,15200.8431738369,40.5243052311907,15434.748443008,456.108947586925,76.3330712796004,"Malawi","Kasungu","TA Kaomba","147",57557.30879
"135",135,42093.6029145016,79.4692449000562,88.558001992127,11.6135539627414,7.30669696214997,15235.961321863,40.7970558182886,15462.7058754984,457.147270069316,76.587327776924,"Malawi","Kasungu","TA Kaomba","147",57557.30879
"136",136,42066.7450486417,76.3631182833116,85.12542106106,11.1868122435797,7.10139940460808,15269.7248066653,41.0621837004265,15489.5637413583,458.145405080761,76.8322643490925,"Malawi","Kasungu","TA Kaomba","147",57557.30879
"137",137,42040.9458953566,73.3709601950368,81.816529707769,10.7738079152017,6.89979597234788,15302.1819772239,41.3198236291229,15515.3628946434,459.104795010524,77.0681791745875,"Malawi","Kasungu","TA Kaomba","147",57557.30879
"138",138,42016.1657548233,70.4891757825893,78.6276062222318,10.3742433724526,6.70194697846878,15333.3799503647,41.570112456157,15540.1430351767,460.026845053683,77.2953649650822,"Malawi","Kasungu","TA Kaomba","147",57557.30879
"139",139,41992.3664451023,67.7142436863918,75.5549885756256,9.98781522533926,6.50790122351696,15363.3642067836,41.8131894031595,15563.9423448977,460.912911059586,77.5141069441246,"Malawi","Kasungu","TA Kaomba","147",57557.30879
"140",140,41969.5110453607,65.0427092309817,72.5950712134059,9.61421647295417,6.31769828200777,15392.1788541377,42.049195302247,15586.7977446393,461.764307505561,77.7246838441219,"Malawi","Kasungu","TA Kaomba","147",57557.30879
"141",141,41947.5638181878,62.4711852014573,69.7443064909014,9.25313786391255,6.1313693888471,15419.8667007024,42.2782721646596,15608.7449718122,462.582309752602,77.9273680602333,"Malawi","Kasungu","TA Kaomba","147",57557.30879
"142",142,41926.4901989763,59.9963538040091,66.9992088538355,8.90426850449058,5.94893770109815,15446.4692591817,42.5005629786028,15629.8185910237,463.368154179185,78.1224255688349,"Malawi","Kasungu","TA Kaomba","147",57557.30879
"143",143,41906.2569911666,57.6149856237116,64.3563680558168,8.56729664586807,5.77041729907296,15472.0265196792,42.7162115297495,15650.0517988334,464.123031384309,78.3101146237931,"Malawi","Kasungu","TA Kaomba","147",57557.30879
"144",144,41886.8319230297,55.3239119616194,61.8124309974936,8.24191075038557,5.59581638409163,15496.5774349869,42.9253618897902,15669.4768669703,464.848100803624,78.4906880856906,"Malawi","Kasungu","TA Kaomba","147",57557.30879
"145",145,41868.183974162,53.1200481532622,59.3641249099546,7.92780004104582,5.42513538514166,15520.1595490013,43.128158347275,15688.124815838,465.544479561552,78.6643914110441,"Malawi","Kasungu","TA Kaomba","147",57557.30879
"146",146,41850.2832137381,51.0003883320251,57.0082502661576,7.62465536618815,5.25836829350649,15542.8091689432,43.3247450608044,15706.0255762619,466.21324767385,78.8314633979881,"Malawi","Kasungu","TA Kaomba","147",57557.30879
"147",147,41833.1006343286,48.9619952522448,54.7416713968339,7.33216936304048,5.09550379919689,15564.5615499248,43.5152659352104,15723.2081556714,466.855453598972,78.9921371124408,"Malawi","Kasungu","TA Kaomba","147",57557.30879
"148",148,41816.6084325492,47.0020220715259,52.561341885026,7.05003774243098,4.93652397883958,15585.4505675006,43.6998642723705,15739.7003574508,467.472104440237,79.1466379830132,"Malawi","Kasungu","TA Kaomba","147",57557.30879
"149",149,41800.7797967326,45.1176993354189,50.4642918959754,6.77795942704646,4.78140573916668,15605.5089542425,43.8786826272701,15755.5289932674,468.064173059405,79.2951850000658,"Malawi","Kasungu","TA Kaomba","147",57557.30879
"150",150,41785.588838221,43.3063318663032,48.4476252446508,6.51563696953916,4.63012143645469,15624.768373635,44.0518626270655,15770.719951779,468.63260031081,79.4379910278857,"Malawi","Kasungu","TA Kaomba","147",57557.30879
"151",151,41771.0105792967,41.565298890496,46.5085209095394,6.26277683428918,4.48263908991173,15643.2594301306,44.2195448484529,15785.2982107033,469.178295353013,79.5752628098241,"Malawi","Kasungu","TA Kaomba","147",57557.30879
"152",152,41757.0210980515,39.892069663784,44.6442461405355,6.01909061227816,4.33892197075346,15661.0114951497,44.3818684114577,15799.2876919485,469.702130460301,79.7071998675545,"Malawi","Kasungu","TA Kaomba","147",57557.30879
"153",153,41743.5971810793,38.2841742098589,42.8521304936042,5.78429377985229,4.19893037170405,15678.0531087847,44.5389712808994,15812.7116089207,470.204953053346,79.8339967825149,"Malawi","Kasungu","TA Kaomba","147",57557.30879
"154",154,41730.7165705373,36.739225321129,41.1295891045038,5.55810731407715,4.0626207124709,15694.4116872653,44.6909897452056,15825.5922194627,470.687576962087,79.9558414163154,"Malawi","Kasungu","TA Kaomba","147",57557.30879
"155",155,41718.3578351286,35.2549101647377,39.4741126661861,5.34025748759015,3.92994632876246,15710.1136698055,44.8380584185943,15837.9509548714,471.150786832125,80.072915703463,"Malawi","Kasungu","TA Kaomba","147",57557.30879
"156",156,41706.5002416361,33.828979651691,37.883256494534,5.13047527424166,3.80085807390524,15725.1846684686,44.9803104008698,15849.8085483638,471.595342608764,80.1853965243401,"Malawi","Kasungu","TA Kaomba","147",57557.30879
"157",157,41695.1239624463,32.4592676909321,36.3546627405404,4.92849815635878,3.67530381588849,15739.6492185126,45.1178766373635,15861.1848275537,472.021972095364,80.2934541153142,"Malawi","Kasungu","TA Kaomba","147",57557.30879
"158",158,41684.2099120188,31.1436775896846,34.886046201625,4.73406932354118,3.55322919353749,15753.5309695392,45.2508861335627,15872.0988779812,472.431376671338,80.3972531893908,"Malawi","Kasungu","TA Kaomba","147",57557.30879
"159",159,41673.7396919627,29.8801780148795,33.4751900354453,4.54693760238188,3.43457798501262,15766.852748463,45.3794659365813,15882.5690980373,472.824233182499,80.4969532732445,"Malawi","Kasungu","TA Kaomba","147",57557.30879
"160",160,41663.695580301,28.6668024848123,32.1199459171398,4.36685754866916,3.31929225569799,15779.6365704203,45.5037410722786,15892.6132096989,473.201194272391,80.5927087483259,"Malawi","Kasungu","TA Kaomba","147",57557.30879
"161",161,41654.0606360039,27.5016612437147,30.8182451507436,4.19359065357218,3.20731230625822,15791.9035105738,45.623834067957,15902.2481539961,473.5628845711,80.6846679883731,"Malawi","Kasungu","TA Kaomba","147",57557.30879
"162",162,41644.8184396833,26.3829159129076,29.5680737290043,4.02690328408285,3.09857741761152,15803.6740143143,45.7398656587941,15911.4903503167,473.909909948185,80.7729753040325,"Malawi","Kasungu","TA Kaomba","147",57557.30879
"163",163,41635.9532740686,25.3087976464006,28.3674920026886,3.86656850996289,2.99302560583181,15814.9676780797,45.8519540867947,15920.3555159314,474.24285098827,80.857769507257,"Malawi","Kasungu","TA Kaomba","147",57557.30879
"164",164,41627.4500266968,24.2775988469762,27.2146250939089,3.71236546527495,2.89059399897025,15825.803364606,45.9602152919888,15928.8587633032,474.562266433476,80.9391846128156,"Malawi","Kasungu","TA Kaomba","147",57557.30879
"165",165,41619.2940948202,23.2876639817813,26.1076530965073,3.56407851768603,2.79121906802063,15836.1993173101,46.0647632056364,15937.0146951798,474.868696592862,81.0173505671725,"Malawi","Kasungu","TA Kaomba","147",57557.30879
"166",166,41611.4715347737,22.3374049478285,25.044828649943,3.42149902236917,2.69483660900526,15846.1729769654,46.165709031688,15944.8372552263,475.162657893759,81.0923920103652,"Malawi","Kasungu","TA Kaomba","147",57557.30879
"167",167,41603.9689411908,21.4252893780131,24.0244643558689,3.28442424125064,2.60138202697662,15855.7411271793,46.2631616278118,15952.3398488092,475.44464721727,81.1644292070588,"Malawi","Kasungu","TA Kaomba","147",57557.30879
"168",168,41596.773405546,20.5498368725691,23.0449286708115,3.15265707553665,2.51079051583319,15864.9199437434,46.3572275758353,15959.535384454,475.715143372717,81.2335783459829,"Malawi","Kasungu","TA Kaomba","147",57557.30879
"169",169,41589.8725253735,19.7096202410865,22.1046475813494,3.02600627748903,2.42299715103223,15873.7249823065,46.4480110689962,15966.4362646264,475.974606734936,81.2999514411776,"Malawi","Kasungu","TA Kaomba","147",57557.30879
"170",170,41583.2543893852,18.9032646822474,21.2021030506795,2.90428640748695,2.33793701170664,15882.171195566,46.5356138965842,15973.0544006147,476.223479760002,81.363656428029,"Malawi","Kasungu","TA Kaomba","147",57557.30879
"171",171,41576.9075551784,18.1294454841601,20.3358312745748,2.78731771722038,2.25554530909605,15890.2729595767,46.6201354598116,15979.4012348216,476.462187772338,81.4247973186508,"Malawi","Kasungu","TA Kaomba","147",57557.30879
"172",172,41570.8210319912,17.3868863449501,19.5044213098446,2.67492605089147,2.17575749470968,15898.0440940288,46.701672779523,15985.4877580087,476.691139571293,81.4834743231403,"Malawi","Kasungu","TA Kaomba","147",57557.30879
"173",173,41564.9842636726,16.6743581595781,18.7065131814509,2.56694275414459,2.09850936123255,15905.4978823641,46.7803205069138,15991.3245263274,476.91072803297,81.5397839686867,"Malawi","Kasungu","TA Kaomba","147",57557.30879
"174",174,41559.38711237,15.99067748185,17.9407963970095,2.46320457102124,2.02373713535274,15912.6470911069,46.856170937795,15996.92167763,477.121330688101,81.5938192166213,"Malawi","Kasungu","TA Kaomba","147",57557.30879
"175",175,41554.019842839,15.3347048593335,17.2060086535332,2.36355353254174,1.95137756290503,15919.5039885225,46.9293140301543,16002.288947161,477.323310279425,81.6456695773847,"Malawi","Kasungu","TA Kaomba","147",57557.30879
"176",176,41548.873107117,14.7053435442911,16.5009341746063,2.26783684919677,1.88136798634577,15926.0803629038,46.9998374247147,16007.4356828829,477.51701530797,81.6954212229121,"Malawi","Kasungu","TA Kaomba","147",57557.30879
"177",177,41543.9379297526,14.1015381553069,15.8244021591394,2.17590679872537,1.81364641524148,15932.3875402507,47.0678264682142,16012.3708602473,477.702780560866,81.7431570966568,"Malawi","Kasungu","TA Kaomba","147",57557.30879
"178",178,41539.205693645,13.5222731479328,15.1752855038744,2.08762060673765,1.74815159024422,15938.436401267,47.133364239151,16017.1030963549,477.88092761846,81.7889570212837,"Malawi","Kasungu","TA Kaomba","147",57557.30879
"179",179,41534.6681262906,12.9665714984275,14.5524993488912,2.00284032939712,1.68482304063089,15944.2373979163,47.1965315757677,16021.6406637094,478.051765348183,81.8328978037317,"Malawi","Kasungu","TA Kaomba","147",57557.30879
"180",180,41530.3172864784,12.4334934856322,13.954999577207,1.92143273620155,1.62360113583705,15949.8005694806,47.2574071060459,16025.9915035216,478.215590383428,81.8750533376833,"Malawi","Kasungu","TA Kaomba","147",57557.30879
"181",181,41526.1455515358,11.9221353303913,13.3817815401911,1.84326918816893,1.5644271314905,15955.1355579944,47.3160672794892,16030.1632384642,478.37268758351,81.9154947035723,"Malawi","Kasungu","TA Kaomba","147",57557.30879
"182",182,41522.1456050063,11.4316279145153,12.8318787610026,1.7682255166006,1.50724321011873,15960.2516231909,47.3725864005022,16034.1631849937,478.523330478983,81.954290265973,"Malawi","Kasungu","TA Kaomba","147",57557.30879
"183",183,41518.3104247185,10.9611356390171,12.3043615499499,1.69618190408173,1.45199251680495,15965.1576570084,47.4270366631774,16037.9983652815,478.667781703719,81.9915057683321,"Malawi","Kasungu","TA Kaomba","147",57557.30879
"184",184,41514.6332714081,10.5098552288806,11.7983357667796,1.62702276462107,1.39861919005793,15969.8621974545,47.4794881870355,16041.6755185919,478.806293407698,82.0272044245308,"Malawi","Kasungu","TA Kaomba","147",57557.30879
"185",185,41511.1076772977,10.0770144941402,11.3129415931393,1.56063661864715,1.34706838938962,15974.3734425515,47.5300090554505,16045.2011127023,478.939107672035,82.0614470117161,"Malawi","Kasungu","TA Kaomba","147",57557.30879
"186",186,41507.7274365544,9.66187136726347,10.8473524125551,1.49691598748565,1.29728631541313,15978.6992620131,47.5786653496673,16048.5813534456,479.066456856421,82.0942919481656,"Malawi","Kasungu","TA Kaomba","147",57557.30879
"187",187,41504.486593258,9.26371265051118,10.4007734191898,1.43575725651707,1.24922023243066,15982.8472119896,47.6255211937519,16051.822196742,479.188564037746,82.1257953922098,"Malawi","Kasungu","TA Kaomba","147",57557.30879
"188",188,41501.3794327305,8.88185303662593,9.97244066982686,1.3770605706095,1.20281848081918,15986.8245457216,47.6706387899449,16054.9293572695,479.30564332683,82.1560113146536,"Malawi","Kasungu","TA Kaomba","147",57557.30879
"189",189,41498.4004720661,8.5156341166758,9.56161995615269,1.32072972044998,1.15803048882809,15990.6382251935,47.7140784582855,16057.9083179339,479.417900214825,82.1849915778625,"Malawi","Kasungu","TA Kaomba","147",57557.30879
"190",190,41495.5444505323,8.164423373961,9.16760564932738,1.26667202569359,1.11480678230584,15994.2949329581,47.7558986782905,16060.7643394677,479.525531924697,82.2127860162689,"Malawi","Kasungu","TA Kaomba","147",57557.30879
"191",191,41492.8063211853,7.82761321311227,8.78971976798065,1.21479822721928,1.07309899013684,15997.8010824884,47.7961561277838,16063.5024688146,479.628727718684,82.2394425077459,"Malawi","Kasungu","TA Kaomba","147",57557.30879
"192",192,41490.1812417375,7.50461998263514,8.427310868063,1.16502237015417,1.03285984779039,16001.1628294672,47.8349057265931,16066.1275482625,479.727669233659,82.2650070513637,"Malawi","Kasungu","TA Kaomba","147",57557.30879
"193",193,41487.6645670418,7.19488318564048,8.0797531008194,1.11726170596027,0.994043197666753,16004.3860810939,47.8722006742323,16068.6442229582,479.822530757474,82.2895238317248,"Malawi","Kasungu","TA Kaomba","147",57557.30879
"194",194,41485.2518410366,6.89786452861475,7.74644530151932,1.07143658337189,0.956603987908513,16007.4765060703,47.9080924916458,16071.0569489634,479.913479525372,82.3130352886659,"Malawi","Kasungu","TA Kaomba","147",57557.30879
"195",195,41482.9387891364,6.61304711269976,7.42681002596686,1.02747034589953,0.92049826885277,16010.439544048,47.9426310620569,16073.3700008635,480.000676000395,82.3355821830777,"Malawi","Kasungu","TA Kaomba","147",57557.30879
"196",196,41480.7213130844,6.33993486168476,7.12029294991505,0.985289266540708,0.885683201480796,16013.2804119842,47.9758646517207,16075.5874769156,480.084274062252,82.3572036405961,"Malawi","Kasungu","TA Kaomba","147",57557.30879
"197",197,41478.5954787432,6.07805111367013,6.82636132896167,0.944822362261978,0.852117016361671,16016.0041194367,48.0078399987379,16077.7133112568,480.164421460354,82.3779372613683,"Malawi","Kasungu","TA Kaomba","147",57557.30879
"198",198,41476.5575119593,5.82693818164993,6.54450349228859,0.906001340841588,0.819759019921205,16018.6154736758,48.0386023301174,16079.7512780407,480.241259965675,82.3978191552964,"Malawi","Kasungu","TA Kaomba","147",57557.30879
"199",199,41474.6037904319,5.58615641229485,6.27422782814352,0.868760479070925,0.788569572466224,16021.1190898585,48.0681954175629,16081.704999568,480.314925672222,82.4168840147971,"Malawi","Kasungu","TA Kaomba","147",57557.30879
"200",200,41472.7308482957,5.35528476380857,6.01506342986057,0.833036714240028,0.758510151065434,16023.5193851317,48.0966615136162,16083.5779417043,480.385548823495,82.4351650692432,"Malawi","Kasungu","TA Kaomba","147",57557.30879
"201",201,41470.9353580606,5.13391869200421,5.76655774762966,0.798769352590343,0.729543256198869,16025.8206013866,48.1240415042788,16085.3734319393,480.453254485607,82.452694250791,"Malawi","Kasungu","TA Kaomba","147",57557.30879
"202",202,41469.2141261336,4.92166962456442,5.52827604718371,0.765900003892031,0.701632405323376,16028.0268108492,48.1503749362021,16087.0946638664,480.518162713045,82.4695022341198,"Malawi","Kasungu","TA Kaomba","147",57557.30879
"203",203,41467.5640909486,4.71816478843416,5.29980116510174,0.734372558608797,0.674742141921645,16030.1419183767,48.1757000205873,16088.7446990514,480.580388616997,82.4856184521039,"Malawi","Kasungu","TA Kaomba","147",57557.30879
"204",204,41465.9823165303,4.5230464562967,5.08073268849992,0.704133088010651,0.648838012561687,16032.1696695432,48.2000536810422,16090.3264734696,480.640042604784,82.5010711541407,"Malawi","Kasungu","TA Kaomba","147",57557.30879
"205",205,41464.4659869555,4.33597128188954,4.87068627205142,0.675129757717216,0.623886549257119,16034.11365759,48.2234715935516,16091.8428030445,480.697230585653,82.5158874563889,"Malawi","Kasungu","TA Kaomba","147",57557.30879
"206",206,41463.0124018632,4.15660980286084,4.66929303761591,0.647312757768116,0.599855253611809,16035.9773290651,48.2459882197982,16093.2963881368,480.752054137779,82.5300933824963,"Malawi","Kasungu","TA Kaomba","147",57557.30879
"207",207,41461.6189718333,3.98464590698427,4.47619897491421,0.62063422977034,0.57671257967317,16037.7639896332,48.267636842043,16094.6898181666,480.804610680243,82.543713905688,"Malawi","Kasungu","TA Kaomba","147",57557.30879
"208",208,41460.2832137173,3.81977625661872,4.29106436975767,0.595048191879686,0.554427915676022,16039.4768099497,48.2884495990676,16096.0255762827,480.854993646888,82.5567729915459,"Malawi","Kasungu","TA Kaomba","147",57557.30879
"209",209,41459.0027463508,3.66170981192092,4.11356322344579,0.57051047047663,0.532971565859592,16041.1188310575,48.3084575199675,16097.3060436492,480.903292646043,82.5692936372119,"Malawi","Kasungu","TA Kaomba","147",57557.30879
"210",210,41457.775286388,3.51016735416775,3.9433826991473,0.54697863300561,0.51231473184286,16042.6929696361,48.3276905576375,16098.533503612,480.949593615831,82.5812979096288,"Malawi","Kasungu","TA Kaomba","147",57557.30879
"211",211,41456.5986443462,3.3648809834873,3.7802226436988,0.5244119223883,0.492429493907056,16044.2020229889,48.3461776213666,16099.7101456538,480.993978971682,82.592806982174,"Malawi","Kasungu","TA Kaomba","147",57557.30879
"212",212,41455.4707208495,3.22559369751941,3.62379507499793,0.502771195825252,0.473288792339375,16045.6486737815,48.3639466082082,16100.8380691505,481.036527746516,82.6038411692749,"Malawi","Kasungu","TA Kaomba","147",57557.30879
"213",213,41454.3895024151,3.09205890475991,3.4738236155211,0.482018854762506,0.454866403546772,16047.0354953662,48.3810244400694,16101.9192875849,481.07731574815,82.6144199655081,"Malawi","Kasungu","TA Kaomba","147",57557.30879
"214",214,41453.3530604583,2.96404029007843,3.33004339558773,0.462118831036574,0.437136945787125,16048.3649530136,48.397437065448,16102.9557295416,481.116415595949,82.6245620542791,"Malawi","Kasungu","TA Kaomba","147",57557.30879
"215",215,41452.3595436522,2.8413109080738,3.19220002021278,0.443036453640451,0.420075817716224,16049.6394136099,48.4132095380918,16103.9492463477,481.153897007156,82.6342853799477,"Malawi","Kasungu","TA Kaomba","147",57557.30879
"216",216,41451.4071771218,2.72365309844967,3.06004946590485,0.424738438002063,0.403659203148749,16050.8611466543,48.4283660182851,16104.9016128781,481.18982682658,82.6436071547729,"Malawi","Kasungu","TA Kaomba","147",57557.30879
"217",217,41450.4942577569,2.61085791606389,2.93335746254633,0.407192804130091,0.387864034926373,16052.0323302052,48.442929820187,16105.8145322431,481.224269202199,82.6525439031701,"Malawi","Kasungu","TA Kaomba","147",57557.30879
"218",218,41449.6191546074,2.50272518914391,2.81189955428688,0.390368887424041,0.372668011807735,16053.1550503507,48.4569233992339,16106.6896353926,481.257285569775,82.6611114572088,"Malawi","Kasungu","TA Kaomba","147",57557.30879
"219",219,41448.7803049102,2.3990630439661,2.69546056616824,0.374237269322939,0.358049567897625,16054.2313062502,48.4703683922354,16107.5284850898,481.288934801761,82.6693249941305,"Malawi","Kasungu","TA Kaomba","147",57557.30879
"220",220,41447.9762092407,2.29968731710974,2.58383395684948,0.358769691863222,0.343987832526557,16055.2630162928,48.4832856680517,16108.3325807592,481.319273389109,82.6771990822892,"Malawi","Kasungu","TA Kaomba","147",57557.30879
"221",221,41447.2054294096,2.20442130619313,2.47682153756976,0.343939021447499,0.330462616455532,16056.2520207613,48.4956953473545,16109.1033605904,481.348355519989,82.6847477009119,"Malawi","Kasungu","TA Kaomba","147",57557.30879
"222",222,41446.466586995,2.11309560008682,2.37423327395591,0.329719224166725,0.31745440454028,16057.2000836872,48.5076168149967,16109.842203005,481.376233134647,82.6919842537702,"Malawi","Kasungu","TA Kaomba","147",57557.30879
"223",223,41445.7583604903,2.02554773059442,2.27588690806782,0.31608531557955,0.30494433317372,16058.108896473,48.5190687492068,16110.5504295097,481.40295603236,82.6989215961988,"Malawi","Kasungu","TA Kaomba","147",57557.30879
"224",224,41445.0794828056,1.94162187085029,2.18160762455612,0.303013316756046,0.292914170965085,16058.9800810643,48.5300691468972,16111.2293071944,481.428571965104,82.7055720587538,"Malawi","Kasungu","TA Kaomba","147",57557.30879
"225",225,41444.4287391986,1.8611685922366,2.09122776657138,0.290480217883432,0.281346302187806,16059.8151925775,48.5406353449499,16111.8800508014,481.453126715148,82.7119474668068,"Malawi","Kasungu","TA Kaomba","147",57557.30879
"226",226,41443.8049651266,1.78404460127298,2.0045865508817,0.278463940124844,0.27022370929032,16060.6157220292,48.5507840425329,16112.5038248734,481.476664175633,82.7180591609527,"Malawi","Kasungu","TA Kaomba","147",57557.30879
"227",227,41443.2070441214,1.71011248030959,1.92152978454334,0.266943297788175,0.259529955194905,16061.3830990372,48.5605313234238,16113.1017458786,481.499226430298,82.7239180172186,"Malawi","Kasungu","TA Kaomba","147",57557.30879
"228",228,41442.6339058336,1.6392404587959,1.84190959340538,0.25589796362022,0.249249166522436,16062.1186943071,48.5698926768318,16113.6748841663,481.520853826888,82.7295344656477,"Malawi","Kasungu","TA Kaomba","147",57557.30879
"229",229,41442.0845240707,1.5713021723322,1.76558416073056,0.245308433573942,0.239366016349441,16062.8238221277,48.5788830185734,16114.2242659293,481.5415850508,82.7349185090162,"Malawi","Kasungu","TA Kaomba","147",57557.30879
"230",230,41441.5579150211,1.50617644349791,1.69241749123273,0.235155994795724,0.229865708274231,16063.4997426306,48.5875167104449,16114.7508749789,481.561457191759,82.7400797397975,"Malawi","Kasungu","TA Kaomba","147",57557.30879
"231",231,41441.0531356399,1.44374709250772,1.62227918603961,0.225422696707661,0.220733961629316,16064.1476638452,48.5958075779962,16115.2556543601,481.580505804463,82.7450273555584,"Malawi","Kasungu","TA Kaomba","147",57557.30879
"232",232,41440.5692819185,1.38390272515968,1.55504421038434,0.216091319685046,0.211956995292462,16064.768743901,48.6037689298128,16115.7395080814,481.598764973561,82.7497701755133,"Malawi","Kasungu","TA Kaomba","147",57557.30879
"233",233,41440.1054871931,1.32653652698391,1.49059266443882,0.207145344391593,0.203521511585193,16065.3640931829,48.6114135765367,16116.2033028069,481.616267377233,82.7543166567239,"Malawi","Kasungu","TA Kaomba","147",57557.30879
"234",234,41439.6609206356,1.27154607998694,1.42880957839111,0.198568924367706,0.195414681588306,16065.934776252,48.6187538480259,16116.6478693644,481.633044343865,82.7586749085552,"Malawi","Kasungu","TA Kaomba","147",57557.30879
"235",235,41439.2347858565,1.21883319294732,1.36958472205984,0.190346860557729,0.187624131225257,16066.4818136271,48.6258016094462,16117.0740041434,481.649125904592,82.7628527060849,"Malawi","Kasungu","TA Kaomba","147",57557.30879
"236",236,41438.8263192363,1.1683036985211,1.31281237761458,0.182464570852751,0.180137924476729,16067.0061839115,48.6325682805881,16117.4824707636,481.664540856016,82.7668575061217,"Malawi","Kasungu","TA Kaomba","147",57557.30879
"237",237,41438.4347885929,1.11986729101185,1.25839115804932,0.174908065666744,0.17294454956183,16067.5088254912,48.6390648515472,16117.8740014071,481.679316810304,82.7706964600145,"Malawi","Kasungu","TA Kaomba","147",57557.30879
"238",238,41438.0594921162,1.07343739637751,1.2062238618387,0.167663928327643,0.166032907573047,16067.9906378941,48.6453018954576,16118.2492978837,481.693480235259,82.7743764239117,"Malawi","Kasungu","TA Kaomba","147",57557.30879
"239",239,41437.699757186,1.02893102793725,1.1562173114993,0.160719293321372,0.159392299870441,16068.4524832986,48.6512895826211,16118.6090328139,481.707056498799,82.7779039701478,"Malawi","Kasungu","TA Kaomba","147",57557.30879
"240",240,41437.3549390436,0.9862686244276,1.10828217225593,0.154061821864177,0.153012413905583,16068.8951882274,48.6570376963821,16118.9538509563,481.720069918907,82.7812854000272,"Malawi","Kasungu","TA Kaomba","147",57557.30879
"241",241,41437.0244195467,0.945373898033671,1.06233278179688,0.147679678922106,0.146883309638008,16069.3195451366,48.6625556481962,16119.2843704532,481.732543810474,82.7845267558289,"Malawi","Kasungu","TA Kaomba","147",57557.30879
"242",242,41436.7076060932,0.906173702937667,1.01828700301823,0.141561513273506,0.140995407437043,16069.7263137891,48.6678524908712,16119.6011839067,481.7445005258,82.7876338311941,"Malawi","Kasungu","TA Kaomba","147",57557.30879
"243",243,41436.4039306258,0.868597913548688,0.976066087647204,0.135696439017131,0.135339476679311,16070.1162225263,48.6729369309467,16119.9048593741,481.755961492059,82.7906121807467,"Malawi","Kasungu","TA Kaomba","147",57557.30879
"244",244,41436.1128486311,0.832579302124753,0.935594539168302,0.130074016988099,0.129906624239712,16070.4899695451,48.6778173411642,16120.1959413688,481.766947248958,82.7934671297604,"Malawi","Kasungu","TA Kaomba","147",57557.30879
"245",245,41435.8338381434,0.798053416834917,0.896799976189395,0.124684236226756,0.124688282935619,16070.8482241714,48.6825017729455,16120.4749518566,481.777477486254,82.7962037837937,"Malawi","Kasungu","TA Kaomba","147",57557.30879
"246",246,41435.5663987963,0.764958465725839,0.8596130023934,0.119517496314822,0.119676200351974,16071.1916280704,48.6869979683734,16120.7423912036,481.787571079435,82.7988270378603,"Malawi","Kasungu","TA Kaomba","147",57557.30879
"247",247,41435.3100509364,0.733235208092294,0.823967084790908,0.114564590811516,0.114862428191086,16071.5207963801,48.6913133715206,16120.9987390635,481.797246123119,82.8013415850171,"Malawi","Kasungu","TA Kaomba","147",57557.30879
"248",248,41435.0643347773,0.702826850879245,0.78979843761308,0.109816691442215,0.110239311985661,16071.8363187913,48.6954551393294,16121.2444552226,481.806519962877,82.8037519245532,"Malawi","Kasungu","TA Kaomba","147",57557.30879
"249",249,41434.8288095806,0.673678948184737,0.757045909659505,0.105265332750769,0.105799481029977,16072.1387605955,48.6994301522194,16121.4799804194,481.815409226108,82.8060623699346,"Malawi","Kasungu","TA Kaomba","147",57557.30879
"250",250,41434.6030528629,0.645739304095514,0.725650875358423,0.100902397247606,0.101535838545247,16072.4286636973,48.7032450244028,16121.705737137,481.823929851873,82.8082770564872,"Malawi","Kasungu","TA Kaomba","147",57557.30879
"251",251,41434.3866596389,0.618957879724081,0.695557130532001,0.0967201011845828,0.0974415521529455,16072.7065475836,48.7069061138231,16121.922130361,481.832097119438,82.8103999487472,"Malawi","Kasungu","TA Kaomba","147",57557.30879
"252",252,41434.1792416984,0.593286704558965,0.666710792991409,0.092710980975482,0.0935100446738159,16072.9729102466,48.7104195317023,16122.1295483015,481.839925675482,82.8124348474732,"Malawi","Kasungu","TA Kaomba","147",57557.30879
"253",253,41433.980426915,0.568679791510771,0.639060207268718,0.0888678801722199,0.0897349852151998,16073.228229069,48.7137911517451,16122.328363085,481.847429560154,82.8143853963643,"Malawi","Kasungu","TA Kaomba","147",57557.30879
"254",254,41433.7898585805,0.545093055209652,0.612555852984154,0.0851839369306198,0.0861102805166046,16073.4729616748,48.7170266190417,16122.5189314195,481.854622232141,82.8162550885233,"Malawi","Kasungu","TA Kaomba","147",57557.30879
"255",255,41433.6071947665,0.522484233512027,0.587150256803788,0.0816525719593751,0.0826300665530078,16073.7075467459,48.7201313586682,16122.7015952335,481.861516592733,82.818047272666,"Malawi","Kasungu","TA Kaomba","147",57557.30879
"256",256,41433.4321077121,0.500812812279174,0.562797908061202,0.0782674769620372,0.0792887004045648,16073.9324048061,48.7231105839786,16122.8766822878,481.868125008886,82.8197651590716,"Malawi","Kasungu","TA Kaomba","147",57557.30879
"257",257,41433.2642832382,0.480039953329871,0.539455177934328,0.0750226035582921,0.0760807523900714,16074.1479389699,48.7259693045943,16123.0445067618,481.874459335305,82.8214118252837,"Malawi","Kasungu","TA Kaomba","147",57557.30879
"258",258,41433.1034201852,0.46012842535539,0.517080241939464,0.0719121526535599,0.0730009984521347,16074.3545356622,48.728712334107,16123.2053698147,481.880530935614,82.8229902215768,"Malawi","Kasungu","TA Kaomba","147",57557.30879
"259",259,41432.9492298749,0.441042537624533,0.495633005549425,0.068930564231445,0.070044412783767,16074.5525653073,48.7313442975097,16123.359560125,481.886350702662,82.8245031762015,"Malawi","Kasungu","TA Kaomba","147",57557.30879
"260",260,41432.8014355931,0.422748076386047,0.475075032833076,0.0660725075553398,0.0672061606916054,16074.742382991,48.7338696383634,16123.5073544068,481.891929078009,82.8259534004186,"Malawi","Kasungu","TA Kaomba","147",57557.30879
"261",261,41432.6597720944,0.405212243894088,0.45536947803395,0.0633328717683056,0.0644815916923947,16074.9243290944,48.7362926257037,16123.6490179055,481.897276070595,82.8273434933239,"Malawi","Kasungu","TA Kaomba","147",57557.30879
"262",262,41432.5239851275,0.388403599954512,0.436481019973593,0.060706756876231,0.0618662328372216,16075.0987299021,48.7386173606968,16123.7848048725,481.90240127464,82.8286759464754,"Malawi","Kasungu","TA Kaomba","147",57557.30879
"263",263,41432.3938309798,0.37229200587348,0.418375799146811,0.0581894650967543,0.0593557822564099,16075.2658981847,48.7408477830528,16123.9149590201,481.907313886799,82.8299531483295,"Malawi","Kasungu","TA Kaomba","147",57557.30879
"264",264,41432.2690760414,0.356848570701692,0.401021357389616,0.0557764925581075,0.0569461029184535,16075.4261337577,48.7429876772071,16124.0397139585,481.912022722618,82.8311773884967,"Malawi","Kasungu","TA Kaomba","147",57557.30879
"265",265,41432.1494963863,0.342045599685205,0.384386580020519,0.0534635213346256,0.0546332165974237,16075.5797240176,48.7450406782757,16124.1592936136,481.91653623231,82.8323508618221,"Malawi","Kasungu","TA Kaomba","147",57557.30879
"266",266,41432.0348773715,0.327856544839298,0.368441640361876,0.0512464118064776,0.0524132980435646,16075.7269444555,48.7470102777921,16124.2739126284,481.920862515873,82.8334756722985,"Malawi","Kasungu","TA Kaomba","147",57557.30879
"267",267,41431.9250132525,0.314255957559205,0.353157946544831,0.0491211953307767,0.0502826693514481,16075.8680591494,48.7488998292329,16124.3837767475,481.925009337593,82.8345538368184,"Malawi","Kasungu","TA Kaomba","147",57557.30879
"268",268,41431.8197068145,0.30121944318153,0.338508090501375,0.0470840672111903,0.0482377945198633,16076.0033212366,48.7507125533405,16124.4890831854,481.928984139939,82.8355872887716,"Malawi","Kasungu","TA Kaomba","147",57557.30879
"269",269,41431.7187690195,0.288723617415138,0.324465799052722,0.0451313799538864,0.0462752741977903,16076.1329733666,48.752451543248,16124.5900209805,481.93279405689,82.8365778814954,"Malawi","Kasungu","TA Kaomba","147",57557.30879
"270",270,41431.622018667,0.276746064566035,0.311005887009609,0.0432596367984837,0.0443918406110849,16076.2572481345,48.7541197694146,16124.6867713329,481.936445926709,82.8375273915819,"Malawi","Kasungu","TA Kaomba","147",57557.30879
"271",271,41431.5292820699,0.265265297484202,0.298104212203718,0.0414654855131472,0.0425843526646211,16076.3763684978,48.755720084378,16124.7795079301,481.939946304186,82.8384375220504,"Malawi","Kasungu","TA Kaomba","147",57557.30879
"272",272,41431.4403927425,0.254260719161589,0.285737632371327,0.039745712443224,0.0408497912146574,16076.4905481749,48.7572552273288,16124.8683972575,481.943301472385,82.8393099053882,"Malawi","Kasungu","TA Kaomba","147",57557.30879
"273",273,41431.3551911026,0.243712585913304,0.273883963812812,0.0380972368031362,0.0391852545062495,16076.5999920277,48.7587278285146,16124.9535988973,481.946517453892,82.8401461064669,"Malawi","Kasungu","TA Kaomba","147",57557.30879
"274",274,41431.2735241854,0.233601972076888,0.262521941755107,0.0365171052016962,0.0375879537706489,16076.7048964282,48.7601404134784,16125.0352658146,481.949600021608,82.8409476253376,"Malawi","Kasungu","TA Kaomba","147",57557.30879
"275",275,41431.1952453689,0.223910736167602,0.251631182347697,0.0350024863914583,0.0360552089777718,16076.8054496099,48.7614954071392,16125.113544631,481.952554709093,82.841715899912,"Malawi","Kasungu","TA Kaomba","147",57557.30879
"276",276,41431.1202141116,0.214621488430205,0.241192146225473,0.0335506662330935,0.034584444738926,16076.9018320049,48.7627951377172,16125.1885758883,481.955386820476,82.8424523085323,"Malawi","Kasungu","TA Kaomba","147",57557.30879
"277",277,41431.0482956999,0.205717559729893,0.231186103574247,0.0321590428660946,0.0331731863550822,16076.9942165669,48.7640418405128,16125.2604943,481.958101439969,82.8431581724354,"Malawi","Kasungu","TA Kaomba","147",57557.30879
"278",278,41430.979361007,0.197182971727357,0.221595100637197,0.0308251220774465,0.0318190560060714,16077.0827690809,48.765237661541,16125.3294289929,481.96070344097,82.8438347581153,"Malawi","Kasungu","TA Kaomba","147",57557.30879
"279",279,41430.913286261,0.189002408285167,0.212401927603113,0.029546512860235,0.0305197690762069,16077.16764846,48.7663846610297,16125.3955037389,481.963197494804,82.8444832795879,"Malawi","Kasungu","TA Kaomba","147",57557.30879
"280",280,41430.8499528234,0.181161188054926,0.203590087819796,0.0283209231545004,0.0292731306119411,16077.24900703,48.7674848167839,16125.4588371765,481.965588079094,82.8451049005633,"Malawi","Kasungu","TA Kaomba","147",57557.30879
"281",281,41430.7892469757,0.173645238196698,0.195143768278265,0.0271461557629413,0.0280770319072792,16077.3269908026,48.7685400274224,16125.5195430242,481.96787948579,82.8457007365267,"Malawi","Kasungu","TA Kaomba","147",57557.30879
"282",282,41430.7310597159,0.166441069184135,0.187047811315559,0.0260201044343673,0.0269294472127759,16077.4017397363,48.7695521154915,16125.577730284,481.970075828862,82.8462718567354,"Malawi","Kasungu","TA Kaomba","147",57557.30879
"283",283,41430.6752865629,0.159535750650638,0.179287687486053,0.0249407501080747,0.0258284305640471,16077.4733879877,48.7705228304594,16125.633503437,481.972181051676,82.8468192861317,"Malawi","Kasungu","TA Kaomba","147",57557.30879
"284",284,41430.6218273688,0.15291688823369,0.171849469553246,0.0239061573125956,0.0247721127258392,16077.5420641517,48.7714538515955,16125.6869626311,481.974198934066,82.8473440071778,"Malawi","Kasungu","TA Kaomba","147",57557.30879
"285",285,41430.5705861396,0.146572601376299,0.164719807555972,0.0229144707125347,0.0237586982478029,16077.6078914916,48.7723467907404,16125.7382038603,481.976133099112,82.8478469616141,"Malawi","Kasungu","TA Kaomba","147",57557.30879
"286",286,41430.5214708629,0.140491502046114,0.157885904904826,0.021963911797457,0.0227864626282257,16077.6709881606,48.7732031949689,16125.787319137,481.977987019638,82.8483290521461,"Malawi","Kasungu","TA Kaomba","147",57557.30879
"287",287,41430.4743933426,0.134662674334441,0.151335495466423,0.0210527757070329,0.0218537495820787,16077.731467413,48.7740245491503,16125.8343966573,481.979764024439,82.84879114406,"Malawi","Kasungu","TA Kaomba","147",57557.30879
"288",288,41430.4292690409,0.129075654898883,0.145056821594826,0.0201794281868771,0.0209589684098376,16077.7894378075,48.7748122784107,16125.8795209591,481.981467304254,82.8492340667729,"Malawi","Kasungu","TA Kaomba","147",57557.30879
"289",289,41430.3860169264,0.123720414214833,0.139038613071119,0.0193423026697431,0.0201005914636378,16077.8450034015,48.7755677504996,16125.9227730735,481.983099917484,82.849658615318,"Malawi","Kasungu","TA Kaomba","147",57557.30879
"290",290,41430.3445593291,0.118587338602477,0.133270066913751,0.0185398974769487,0.0192771517074224,16077.898263938,48.7762922780654,16125.9642306708,481.984664795685,82.850065551769,"Malawi","Kasungu","TA Kaomba","147",57557.30879
"291",291,41430.3048218006,0.113667212997345,0.12774082802374,0.0177707731351155,0.0184872403678426,16077.9493150239,48.7769871208429,16126.0039681994,481.986164748823,82.8504556066053,"Malawi","Kasungu","TA Kaomba","147",57557.30879
"292",292,41430.2667329805,0.108951204433692,0.122440970630362,0.0170335498035033,0.0177295046727615,16077.9982483021,48.7776534877552,16126.0420570194,481.987602470315,82.8508294800206,"Malawi","Kasungu","TA Kaomba","147",57557.30879
"293",293,41430.2302244688,0.104430846211328,0.117360980504289,0.0163269048074092,0.0170026456743124,16078.045151615,48.7782925389351,16126.0785655312,481.988980541862,82.851187843178,"Malawi","Kasungu","TA Kaomba","147",57557.30879
"294",294,41430.1952307026,0.100098022717695,0.112491737906554,0.0156495702732869,0.0163054161535488,16078.0901091626,48.7789053876667,16126.1135592973,481.990301438081,82.8515313394122,"Malawi","Kasungu","TA Kaomba","147",57557.30879
"295",295,41430.1616888388,0.0959449548781425,0.107824501242966,0.0150003308614164,0.0156366186038198,16078.1332016533,48.7794931022522,16126.1471011611,481.991567530947,82.8518605853832,"Malawi","Kasungu","TA Kaomba","147",57557.30879
"296",296,41430.1295386412,0.0919641862084468,0.103350891394904,0.0143780215921214,0.0149951032900894,16078.1745064484,48.7800567078055,16126.1792513588,481.992781094045,82.8521761721808,"Malawi","Kasungu","TA Kaomba","147",57557.30879
"297",297,41430.0987223722,0.0881485694447179,0.099062876698543,0.0137815257616977,0.0143797663815072,16078.2140977014,48.7805971879758,16126.2100676277,481.993944306652,82.852478666385,"Malawi","Kasungu","TA Kaomba","147",57557.30879
"298",298,41430.0691846896,0.0844912537268393,0.0949527585457636,0.0132097729443687,0.0137895481546208,16078.2520464902,48.7811154866038,16126.2396053103,481.995059257649,82.8527686110811,"Malawi","Kasungu","TA Kaomba","147",57557.30879
"299",299,41430.0408725469,0.0809856723125775,0.0910131575810741,0.0126617370767343,0.0132234312647067,16078.2884209454,48.781612509313,16126.267917453,481.996127949268,82.8530465268335,"Malawi","Kasungu","TA Kaomba","147",57557.30879
"300",300,41430.0137350981,0.0776255308004316,0.0872370004699295,0.012136434621325,0.0126804390827719,16078.3232863718,48.7820891250386,16126.2950549018,481.997152300685,82.8533129126194,"Malawi","Kasungu","TA Kaomba","147",57557.30879
"301",301,41429.9877236065,0.0744047958401978,0.0836175072148516,0.0116329228060073,0.0121596340958638,16078.3567053659,48.7825461674966,16126.3210663934,481.998134151466,82.853568246723,"Malawi","Kasungu","TA Kaomba","147",57557.30879
"302",302,41429.9627913575,0.0713176843110882,0.0801481789967174,0.0111502979361234,0.011660116368398,16078.3887379282,48.7829844365945,16126.3459986424,481.999075264867,82.8538129875936,"Malawi","Kasungu","TA Kaomba","147",57557.30879
"303",303,41429.9388935741,0.0683586529480784,0.0768227865195138,0.0106876937763722,0.0111810220622896,16078.4194415707,48.7834046997873,16126.3698964258,481.999977330998,82.8540475746677,"Malawi","Kasungu","TA Kaomba","147",57557.30879
"304",304,41429.9159873371,0.0655223883979481,0.0736353588377565,0.0102442799995604,0.0107215220137505,16078.4488714201,48.7838076933794,16126.3928026628,482.000841969859,82.8542724291569,"Malawi","Kasungu","TA Kaomba","147",57557.30879
"305",305,41429.8940315079,0.0628037976872471,0.0705801726466191,0.00981926069947389,0.0102808203646801,16078.4770803168,48.7841941237756,16126.414758492,482.001670734248,82.8544879548037,"Malawi","Kasungu","TA Kaomba","147",57557.30879
"306",306,41429.8729866544,0.0601979990851486,0.0676517420156473,0.00941187296522504,0.0098581532466509,16078.5041189095,48.7845646686825,16126.4358033455,482.002465112544,82.8546945386054,"Malawi","Kasungu","TA Kaomba","147",57557.30879
"307",307,41429.8528149804,0.0577003133448567,0.0648448085477155,0.00902138551454708,0.00945278751555622,16078.5300357462,48.7849199782623,16126.4559750195,482.003226531382,82.8548925515084,"Malawi","Kasungu","TA Kaomba","147",57557.30879
"308",308,41429.833480258,0.0553062553079061,0.062154331945641,0.00864709738360435,0.00906401953505231,16078.5548773614,48.7852606762409,16126.4753097419,482.003956358216,82.855082349074,"Malawi","Kasungu","TA Kaomba","147",57557.30879
"309",309,41429.814947762,0.0530115258563409,0.0595754809695969,0.00828833667098992,0.00869117400699099,16078.5786883594,48.7855873609728,16126.4938422379,482.004655903768,82.8552642721156,"Malawi","Kasungu","TA Kaomba","147",57557.30879
"310",310,41429.7971842079,0.0508120041983743,0.0571036247691576,0.00794445933367623,0.00833360284710116,16078.6015114943,48.7859006064627,16126.511605792,482.005326424386,82.8554386473108,"Malawi","Kasungu","TA Kaomba","147",57557.30879
"311",311,41429.7801576923,0.0487037404737365,0.05473432457448,0.00761484803277635,0.00799068410423698,16078.6233877471,48.7862009633472,16126.5286323077,482.005969124296,82.8556057877869,"Malawi","Kasungu","TA Kaomba","147",57557.30879
"312",312,41429.763837635,0.0466829486654656,0.0524633257317599,0.007298911027061,0.00766182092156895,16078.6443563987,48.7864889598376,16126.5449523649,482.006585157768,82.8557659936835,"Malawi","Kasungu","TA Kaomba","147",57557.30879
"313",313,41429.7481947249,0.0447459998054666,0.0502865500687192,0.00699608111226107,0.00734644053815064,16078.6644551009,48.7867651026245,16126.5605952751,482.007175631183,82.8559195526903,"Malawi","Kasungu","TA Kaomba","147",57557.30879
"314",314,41429.7332008667,0.0428894154616759,0.0482000885764634,0.00670581460426593,0.00704399332934835,16078.6837199435,48.7870298777476,16126.5755891332,482.007741605024,82.8560667405637,"Malawi","Kasungu","TA Kaomba","147",57557.30879
"315",315,41429.7188291309,0.0411098614951715,0.0462001943946181,0.00642759036440564,0.00675395188467445,16078.7021855195,48.7872837514292,16126.5899608691,482.008284095776,82.8562078216219,"Malawi","Kasungu","TA Kaomba","147",57557.30879
"316",316,41429.7050537051,0.0394041420760517,0.0442832760871896,0.0061609088650794,0.00647581012161626,16078.7198849868,48.7875271708762,16126.6037362948,482.008804077754,82.8563430492185,"Malawi","Kasungu","TA Kaomba","147",57557.30879
"317",317,41429.6918498479,0.0377691939473654,0.0424458911971153,0.00590529129406418,0.00620908243410242,16078.736850128,48.7877605650487,16126.616940152,482.009302484853,82.8564726661979,"Malawi","Kasungu","TA Kaomba","147",57557.30879
"318",318,41429.6791938445,0.0362020809268238,0.0406847400679637,0.00566027869590576,0.00595330287429699,16078.7531114074,48.7879843453988,16126.6295961554,482.009780212219,82.8565969053308,"Malawi","Kasungu","TA Kaomba","147",57557.30879
"319",319,41429.6670629639,0.0346999886364449,0.0389966599217256,0.0054254311488603,0.00570802436645814,16078.7686980253,48.7881989065794,16126.641727036,482.010238117865,82.856715989732,"Malawi","Kasungu","TA Kaomba","147",57557.30879
"320",320,41429.6554354181,0.0332602194506901,0.0373786191820898,0.00520032697591739,0.00547281795164372,16078.7836379711,48.7884046271248,16126.6533545818,482.010677024202,82.856830133261,"Malawi","Kasungu","TA Kaomba","147",57557.30879
"321",321,41429.6442903231,0.0318801876540421,0.0358277120330383,0.00498456198849614,0.00524727206208989,16078.7979580729,48.788601870104,16126.6644996768,482.011097719525,82.8569395409055,"Malawi","Kasungu","TA Kaomba","147",57557.30879
"322",322,41429.6336076616,0.0305574147993479,0.0343411532030156,0.0047777487614638,0.00503099182413103,16078.8116840459,48.788790983748,16126.6751823383,482.011500959422,82.8570444091496,"Malawi","Kasungu","TA Kaomba","147",57557.30879
"323",323,41429.6233682465,0.0292895252586109,0.0329162729653283,0.00457951593818202,0.00482359838857069,16078.8248405388,48.7889723020516,16126.6854217534,482.011887468131,82.8571449263267,"Malawi","Kasungu","TA Kaomba","147",57557.30879
"324",324,41429.613553687,0.0280742419582571,0.0315505123458182,0.00438950756433916,0.00462472828745248,16078.8374511774,48.7891461453514,16126.6952363129,482.012257939845,82.857241272957,"Malawi","Kasungu","TA Kaomba","147",57557.30879
"325",325,41429.6041463551,0.0269093822912332,0.0302414185292239,0.00420738244937826,0.00443403281621867,16078.8495386078,48.7893128208803,16126.7046436448,482.012613039956,82.857333622072,"Malawi","Kasungu","TA Kaomba","147",57557.30879
"326",326,41429.5951293544,0.0257928541986095,0.0289866404559983,0.00403281355437941,0.00425117744028071,16078.8611245365,48.7894726233001,16126.7136606455,482.012953406245,82.857422139525,"Malawi","Kasungu","TA Kaomba","147",57557.30879
"327",327,41429.5864864895,0.0247226524136624,0.0277839246016922,0.00386548740530219,0.00407584122506245,16078.8722297695,48.7896258352123,16126.7223035104,482.013279650038,82.8575069842888,"Malawi","Kasungu","TA Kaomba","147",57557.30879
"328",328,41429.5782022368,0.0236968548617052,0.0266311109313399,0.00370510353053898,0.0039077162886107,16078.8828742498,48.7897727276484,16126.7305877631,482.013592357293,82.857588308741,"Malawi","Kasungu","TA Kaomba","147",57557.30879
"329",329,41429.5702617169,0.0227136192092106,0.0255261290215951,0.00355137392177347,0.00374650727590189,16078.893077093,48.7899135605407,16126.738528283,482.013892089658,82.8576662589379,"Malawi","Kasungu","TA Kaomba","147",57557.30879
"330",330,41429.5626506678,0.0217711795560398,0.0244669943436651,0.00340402251717979,0.00359193085400527,16078.9028566216,48.7900485831741,16126.7461393321,482.01417938548,82.8577409748761,"Malawi","Kasungu","TA Kaomba","147",57557.30879
"331",331,41429.5553554191,0.0208678432648448,0.0234518047003827,0.00326278470603782,0.00344371522729478,16078.9122303982,48.7901780346192,16126.7534345808,482.014454760769,82.8578125907445,"Malawi","Kasungu","TA Kaomba","147",57557.30879
"332",332,41429.5483628677,0.0200019879219595,0.0224787368110241,0.00312740685387833,0.00330159967193154,16078.9212152567,48.7903021441487,16126.7604271321,482.014718710124,82.8578812351649,"Malawi","Kasungu","TA Kaomba","147",57557.30879
"333",333,41429.5416604542,0.0191720584243287,0.0215460430377526,0.00299764584730799,0.00316533408886791,16078.9298273326,48.7904211316364,16126.7671295457,482.014971707625,82.8579470314229,"Malawi","Kasungu","TA Kaomba","147",57557.30879
"334",334,41429.5352361401,0.0183765641872511,0.0206520482478168,0.00287326865769974,0.00303467857465256,16078.9380820922,48.7905352079403,16126.7735538598,482.015214207683,82.8580100976892,"Malawi","Kasungu","TA Kaomba","147",57557.30879
"335",335,41429.5290783865,0.0176140764679278,0.0197951468058771,0.00275405192296735,0.00290940300934233,16078.9459943598,48.7906445752702,16126.7797116133,482.015446645853,82.8580705472321,"Malawi","Kasungu","TA Kaomba","147",57557.30879
"336",336,41429.5231761334,0.0168832258000155,0.0189737996910656,0.00263978154667539,0.00278928666085354,16078.9535783452,48.7907494275406,16126.7856138665,482.015669439621,82.8581284886206,"Malawi","Kasungu","TA Kaomba","147",57557.30879
"337",337,41429.5175187795,0.0161826995345823,0.0181865317336111,0.00253025231376687,0.00267411780511,16078.9608476682,48.7908499507088,16126.7912712204,482.01588298915,82.8581840259191,"Malawi","Kasungu","TA Kaomba","147",57557.30879
"338",338,41429.5120961634,0.0155112394830556,0.0174319289660704,0.00242526752222025,0.00256369336136957,16078.967815384,48.7909463231002,16126.7966938365,482.016087678,82.8582372588751,"Malawi","Kasungu","TA Kaomba","147",57557.30879
"339",339,41429.5068985454,0.0148676396579318,0.0167086360844165,0.0023246386299762,0.00245781854213453,16078.9744940058,48.7910387157195,16126.8018914545,482.016283873817,82.8582882830971,"Malawi","Kasungu","TA Kaomba","147",57557.30879
"340",340,41429.5019165898,0.0142507441071968,0.0160153540144284,0.00222818491650156,0.00235630651707335,16078.980895528,48.7911272925498,16126.8068734101,482.016471928993,82.8583371902276,"Malawi","Kasungu","TA Kaomba","147",57557.30879
"341",341,41429.4971413483,0.0136594448385698,0.0153508375790177,0.0021357331583843,0.00225897809040363,16078.9870314471,48.7912122108397,16126.8116486516,482.016652181299,82.8583840681064,"Malawi","Kasungu","TA Kaomba","147",57557.30879
"342",342,41429.4925642438,0.0130926798298476,0.0147138932623066,0.00204711731837812,0.00216566139120664,16078.9929127828,48.7912936213783,16126.8162257561,482.016824954491,82.8584290009292,"Malawi","Kasungu","TA Kaomba","147",57557.30879
"343",343,41429.4881770553,0.012549431121777,0.0141033770664463,0.00196217824733967,0.00207619157616416,16078.9985500978,48.7913716687592,16126.8206129446,482.016990558894,82.8584720693984,"Malawi","Kasungu","TA Kaomba","147",57557.30879
"344",344,41429.4839719027,0.0120287229900366,0.0135181924573296,0.00188076339852405,0.00199041054422804,16079.0039535161,48.7914464916342,16126.8248180972,482.017149291955,82.8585133508683,"Malawi","Kasungu","TA Kaomba","147",57557.30879
"345",345,41429.4799412329,0.0115296201930433,0.0129572883955136,0.00180272655372674,0.00190816666275136,16079.0091327422,48.791518222956,16126.828848767,482.01730143878,82.8585529194835,"Malawi","Kasungu","TA Kaomba","147",57557.30879
"346",346,41429.4760778062,0.0110512262924435,0.0124196574488172,0.00172792756078093,0.00182931450462843,16079.0140970776,48.7915869902118,16126.8327121937,482.017447272647,82.8585908463126,"Malawi","Kasungu","TA Kaomba","147",57557.30879
"347",347,41429.4723746833,0.0105926820432712,0.0119043339832087,0.00165623208193985,0.00175371459600808,16079.0188554382,48.7916529156467,16126.8364153166,482.017587055493,82.8586271994757,"Malawi","Kasungu","TA Kaomba","147",57557.30879
"348",348,41429.4688252128,0.0101531638508862,0.0114103924287348,0.00158751135269289,0.00168123317416169,16079.0234163698,48.7917161164782,16126.8399647871,482.017721038389,82.8586620442662,"Malawi","Kasungu","TA Kaomba","147",57557.30879
"349",349,41429.4654230193,0.00973188229192177,0.0109369456173815,0.00152164195058322,0.00161174195510345,16079.0277880636,48.7917767051026,16126.8433669806,482.017849461988,82.8586954432688,"Malawi","Kasungu","TA Kaomba","147",57557.30879
"350",350,41429.4621619919,0.00932808069658785,0.0104831431898819,0.00145850557361236,0.0015451179105758,16079.0319783713,48.791834789292,16126.8466280079,482.017972556957,82.8587274564715,"Malawi","Kasungu","TA Kaomba","147",57557.30879
"351",351,41429.4590362734,0.00894103378978464,0.0100481700686135,0.00139798882783432,0.00148124305402834,16079.0359948183,48.791890472384,16126.8497537265,482.018090544394,82.8587581413734,"Malawi","Kasungu","TA Kaomba","147",57557.30879
"352",352,41429.4560402493,0.00857004638858789,0.00963124499384209,0.0013399830237585,0.00142000423523254,16079.0398446184,48.7919438534635,16126.8527497505,482.018203636222,82.8587875530878,"Malawi","Kasungu","TA Kaomba","147",57557.30879
"353",353,41429.4531685384,0.00821445215376748,0.00923161912068742,0.00128438398119612,0.00136129294318869,16079.0435346857,48.7919950275369,16126.8556214614,482.018312035571,82.8588157444414,"Malawi","Kasungu","TA Kaomba","147",57557.30879
"354",354,41429.4504159826,0.00787361239309877,0.00884857467429029,0.00123109184220029,0.0013050051169949,16079.0470716475,48.7920440856995,16126.8583740172,482.018415937143,82.8588427660693,"Malawi","Kasungu","TA Kaomba","147",57557.30879
"355",355,41429.4477776379,0.00754691491431807,0.00848142366076861,0.0011800108917641,0.00125104096436077,16079.0504618562,48.7920911152956,16126.861012362,482.018515527562,82.8588686665054,"Malawi","Kasungu","TA Kaomba","147",57557.30879
"356",356,41429.4452487653,0.00723377292566343,0.00812950663164798,0.00113104938595524,0.00119930478746066,16079.0537114007,48.7921362000727,16126.8635412346,482.018610985707,82.85889349227,"Malawi","Kasungu","TA Kaomba","147",57557.30879
"357",357,41429.4428248226,0.00693362398202692,0.00779219149954901,0.0010841193871787,0.00114970481583369,16079.0568261172,48.7921794203292,16126.8659651773,482.018702483038,82.8589172879533,"Malawi","Kasungu","TA Kaomba","147",57557.30879
"358",358,41429.4405014559,0.00664592897482648,0.00746887240300556,0.00103913660627221,0.0011021530460487,16079.0598115998,48.7922208530555,16126.8682885439,482.018790183897,82.8589400962955,"Malawi","Kasungu","TA Kaomba","147",57557.30879
"359",359,41429.4382744922,0.006370171163784,0.00715896861837596,0.00099602025115097,0.00105656508786373,16079.0626732105,48.7922605720702,16126.8705155077,482.01887424581,82.8589619582632,"Malawi","Kasungu","TA Kaomba","147",57557.30879
"360",360,41429.4361399313,0.00610585524887141,0.00686192351689406,0.000954692881730246,0.00101286001662006,16079.0654160887,48.79229864815,16126.8726500686,482.018954819766,82.8589829131234,"Malawi","Kasungu","TA Kaomba","147",57557.30879
"361",361,41429.4340939393,0.00585250648075842,0.00657720356498768,0.000915080270865474,0.000970960231621068,16079.0680451609,48.7923351491552,16126.8746960606,482.019032050488,82.8590029985139,"Malawi","Kasungu","TA Kaomba","147",57557.30879
"362",362,41429.4321328412,0.00560966980816508,0.00630429736606986,0.000877111271060394,0.000930791320255965,16079.0705651488,48.7923701401489,16126.8766571587,482.019106076697,82.8590222505108,"Malawi","Kasungu","TA Kaomba","147",57557.30879
"363",363,41429.4302531145,0.00537690906058815,0.00604271474208255,0.000840717686704019,0.000892281927638083,16079.0729805785,48.7924036835121,16126.8785368854,482.019177031355,82.8590407036935,"Malawi","Kasungu","TA Kaomba","147",57557.30879
"364",364,41429.4284513829,0.00515380616493399,0.00579198585314398,0.000805834151607203,0.000855363631536197,16079.0752957881,48.7924358390541,16126.880338617,482.019245041909,82.8590583912063,"Malawi","Kasungu","TA Kaomba","147",57557.30879
"365",365,41429.4267244102,0.00493996039465145,0.00555166035371894,0.000772398011619027,0.000819970822386336,16079.0775149359,48.7924666641181,16126.8820655897,482.019310230517,82.8590753448187,"Malawi","Kasungu","TA Kaomba","147",57557.30879
