"","time","S","E","I","H","C","R","D","inci","hosp","crits","lvl2","lvl3","lvl4","ID","POP","start","age","tot_pop"
"1",1,3641.784362,0,1,0,0,0,0,0,0,0,"Malawi","Salima","TA Kuluunda",162,3642.784362,1,"Adults",10710.4113162
"2",2,2407.52454556173,1140.26592732562,88.1408899431349,0.167176397352051,0.000574132151211828,6.685247295965,0.00000134404445074109,1234.25981643827,0.171210794565655,0.000580708544843202,"Malawi","Salima","TA Kuluunda",162,3642.784362,1,"Adults",10710.4113162
"3",3,0.0379435176707547,2568.16031697693,884.633114757372,4.52839396244553,0.0306899636444234,185.393783646682,0.000119175253667815,3641.74641848233,4.74565967203544,0.0312730867537866,"Malawi","Salima","TA Kuluunda",162,3642.784362,1,"Adults",10710.4113162
"4",4,0.0000000391922528927445,1748.20501212503,1274.5663179491,14.1323580575835,0.188830381243704,605.690497229847,0.00134621800374912,3641.78436196081,15.4899951400297,0.195417410044288,"Malawi","Salima","TA Kuluunda",162,3642.784362,1,"Adults",10710.4113162
"5",5,-0.0000000575091909582567,1190.02514158589,1325.31415318996,24.3932427637675,0.515502302266273,1102.53065308227,0.00566913335224697,3641.78436205751,28.1673411923304,0.543241304836144,"Malawi","Salima","TA Kuluunda",162,3642.784362,1,"Adults",10710.4113162
"6",6,0.0000000104405613217477,810.06461686023,1213.7214371622,33.0604043008503,0.989259174839996,1584.93349955217,0.0151449392694362,3641.78436198956,40.4479819493709,1.0633631839032,"Malawi","Salima","TA Kuluunda",162,3642.784362,1,"Adults",10710.4113162
"7",7,-0.000000271719150861929,551.422100070198,1038.27867117006,39.3535839815357,1.56501203885477,2012.1336189387,0.0313760723665992,3641.78436227172,51.2928812969927,1.718534790558,"Malawi","Salima","TA Kuluunda",162,3642.784362,1,"Adults",10710.4113162
"8",8,-0.000000717549715829975,375.360123580752,851.137898639022,43.2415750009731,2.19416973795241,2370.79524342617,0.0553523326769583,3641.78436271755,60.366898349439,2.4650080483206,"Malawi","Salima","TA Kuluunda",162,3642.784362,1,"Adults",10710.4113162
"9",9,0.000000212984912665464,255.512837523213,677.653546933543,45.0331004836458,2.83397378111749,2661.66342913197,0.0874739335255883,3641.78436178701,67.6953017785182,3.26198270525071,"Malawi","Salima","TA Kuluunda",162,3642.784362,1,"Adults",10710.4113162
"10",10,-0.000000155483886106189,173.930944213876,528.183479794546,45.1537564107095,3.45089679849742,2891.93763259499,0.127652342859447,3641.78436215548,73.4677510111671,4.07549820520534,"Malawi","Salima","TA Kuluunda",162,3642.784362,1,"Adults",10710.4113162
"11",11,0.000000391868621005331,118.397188422345,405.078191688669,44.0318042092871,4.02100300036595,3071.08074169958,0.175432587887929,3641.78436160813,77.9307506111782,4.87939258196462,"Malawi","Salima","TA Kuluunda",162,3642.784362,1,"Adults",10710.4113162
"12",12,0.0000000847406186071005,80.594641613143,306.739568118062,42.0459555956525,4.5288842171043,3208.64520238485,0.2301099864438,3641.78436191526,81.3320114941656,5.65480966438411,"Malawi","Salima","TA Kuluunda",162,3642.784362,1,"Adults",10710.4113162
"13",13,-0.000000603097574244055,54.8617615222439,229.90212047764,39.5070674466577,4.96608345318984,3313.25650050678,0.290829196586824,3641.7843626031,83.8945606778325,6.38910727892466,"Malawi","Salima","TA Kuluunda",162,3642.784362,1,"Adults",10710.4113162
"14",14,-0.00000000458791513688816,37.3451128409463,170.860737540722,36.6572807884216,5.32946755770303,3392.23510077343,0.356662503362172,3641.78436200459,85.8072358434123,7.07461297634423,"Malawi","Salima","TA Kuluunda",162,3642.784362,1,"Adults",10710.4113162
"15",15,0.00000000122925052600408,25.4212460228957,126.084426411329,33.6773343066481,5.61976051967122,3451.55492648315,0.426668255077697,3641.78436199877,87.2237955535881,7.70744325505643,"Malawi","Salima","TA Kuluunda",162,3642.784362,1,"Adults",10710.4113162
"16",16,0.0000000244144774242673,17.3045883032645,92.4828004269165,30.6967399951644,5.84032887819086,3495.95997229957,0.49993207247976,3641.78436197558,88.2660575355669,8.28649060726368,"Malawi","Salima","TA Kuluunda",162,3642.784362,1,"Adults",10710.4113162
"17",17,0.0000000211330879981213,11.7794409219402,67.4847468680897,27.8042674132858,5.99621957009993,3529.14409298457,0.575594220875337,3641.78436197886,89.0286289815785,8.81259529809994,"Malawi","Salima","TA Kuluunda",162,3642.784362,1,"Adults",10710.4113162
"18",18,0.0000000117055707617322,8.01841316722422,49.0217092830529,25.0573779254908,6.09343397503782,3553.94056146511,0.652866172378311,3641.78436198829,89.5838603179312,9.2879004495662,"Malawi","Salima","TA Kuluunda",162,3642.784362,1,"Adults",10710.4113162
"19",19,0.000000000341263739040429,5.4582369521312,35.4690082409749,22.4901964357741,6.13839583995311,3572.49748529492,0.731039235905672,3641.78436199966,89.9864137768835,9.71536219150778,"Malawi","Salima","TA Kuluunda",162,3642.784362,1,"Adults",10710.4113162
"20",20,-0.000000000269953048974335,3.71549148638421,25.5732305496557,20.1199300695849,6.13757759078995,3586.42864489297,0.80948741088462,3641.78436200027,90.2771829347526,10.0983899364559,"Malawi","Salima","TA Kuluunda",162,3642.784362,1,"Adults",10710.4113162
"21",21,0.000000000321545931201802,2.52918051227772,18.380778248888,17.9518758682721,6.09724835484186,3596.93761272879,0.887666286605861,3641.78436199968,90.486512409656,10.4405890165302,"Malawi","Salima","TA Kuluunda",162,3642.784362,1,"Adults",10710.4113162
"22",22,0.000000000908588069451003,1.72164381328935,13.1741929452409,15.9832276834209,6.02331367114605,3604.91687454779,0.965109338204024,3641.78436199909,90.6367652524064,10.7455822701087,"Malawi","Salima","TA Kuluunda",162,3642.784362,1,"Adults",10710.4113162
"23",23,0.000000000755909290612746,1.17194415650143,9.41858388058516,14.2059065029211,5.9212223719843,3611.02528245893,1.0414226283202,3641.78436199924,90.7443262353924,11.0168909986265,"Malawi","Salima","TA Kuluunda",162,3642.784362,1,"Adults",10710.4113162
"24",24,0.000000000683282881417582,0.797755967016927,6.71817570865283,12.6086218953765,5.79592141078556,3615.74760837494,1.11627864254648,3641.78436199931,90.8211399155051,11.2578596313808,"Malawi","Salima","TA Kuluunda",162,3642.784362,1,"Adults",10710.4113162
"25",25,0.000000000609290716369855,0.543042169927954,4.78200613904123,11.1783409255559,5.65184398138221,3619.43971901045,1.18940977302898,3641.78436199939,90.8758754951758,11.4716119601339,"Malawi","Salima","TA Kuluunda",162,3642.784362,1,"Adults",10710.4113162
"26",26,0.000000000562586146126058,0.369655202891031,3.39734481642242,9.90131204406875,5.49291980752402,3622.36252832471,1.26060180382397,3641.78436199944,90.9148007422178,11.6610295525518,"Malawi","Salima","TA Kuluunda",162,3642.784362,1,"Adults",10710.4113162
"27",27,0.00000000053147062379417,0.251628800341015,2.40939397436227,8.76375835858111,5.32259964006348,3624.70729360193,1.32968762419182,3641.78436199947,90.9424317455409,11.8287454886107,"Malawi","Salima","TA Kuluunda",162,3642.784362,1,"Adults",10710.4113162
"28",28,0.000000000510528750455218,0.171286746884673,1.70598331192032,7.75233001835635,5.14388811242498,3626.61433249581,1.39654131408868,3641.78436199949,90.9620125045512,11.9771482764467,"Malawi","Salima","TA Kuluunda",162,3642.784362,1,"Adults",10710.4113162
"29",29,0.000000000496202410247567,0.11659692352091,1.20612841704019,6.85438379935045,4.95938089313311,3628.18679928641,1.46107268004909,3641.7843619995,90.9758668826835,12.1083922690228,"Malawi","Salima","TA Kuluunda",162,3642.784362,1,"Adults",10710.4113162
"30",30,0.000000000486321787429417,0.0793689447230439,0.851552751727029,6.05814070187383,4.77130332521251,3629.50077399828,1.52322227769855,3641.78436199951,90.9856554455542,12.2244119487409,"Malawi","Salima","TA Kuluunda",162,3642.784362,1,"Adults",10710.4113162
"31",31,0.000000000479468796155998,0.0540273646776298,0.600441939669594,5.35275932288991,4.5815486811247,3630.61262776425,1.5829569269018,3641.78436199952,90.9925621491072,12.3269382380523,"Malawi","Salima","TA Kuluunda",162,3642.784362,1,"Adults",10710.4113162
"32",32,0.000000000474697529508748,0.036777087945826,0.42287310764177,4.72835218379246,4.39171484758089,3631.56437906598,1.64026570658494,3641.78436199952,90.9974293807503,12.4175155869826,"Malawi","Salima","TA Kuluunda",162,3642.784362,1,"Adults",10710.4113162
"33",33,0.000000000471367564125182,0.0250346008526947,0.297483503653369,4.17596493525526,4.20313871813055,3632.38758383771,1.69515640392509,3641.78436199953,91.0008553981326,12.4975189916469,"Malawi","Salima","TA Kuluunda",162,3642.784362,1,"Adults",10710.4113162
"34",34,0.000000000469040167822537,0.0170413551141622,0.209054976654196,3.68753228626902,4.01692791921609,3633.10615307603,1.74765238624454,3641.78436199953,91.0032643358715,12.5681704145198,"Malawi","Salima","TA Kuluunda",162,3642.784362,1,"Adults",10710.4113162
"35",35,0.000000000467412230999619,0.0116002229180245,0.146767708882753,3.25582057666681,3.83398971535844,3633.73839391569,1.79778986001626,3641.78436199953,91.0049564173801,12.6305542779671,"Malawi","Salima","TA Kuluunda",162,3642.784362,1,"Adults",10710.4113162
"36",36,0.000000000466273218125983,0.00789642371071834,0.102943629702543,2.87436365128702,3.65505709410546,3634.2984857194,1.8456154813297,3641.78436199953,91.0061438224303,12.6856318572315,"Malawi","Salima","TA Kuluunda",162,3642.784362,1,"Adults",10710.4113162
"37",37,0.000000000465476292867078,0.00537518754386378,0.0721423001124963,2.53739670680466,3.48071212880123,3634.79755139468,1.89118428159299,3641.78436199953,91.0069763313537,12.7342544936875,"Malawi","Salima","TA Kuluunda",162,3642.784362,1,"Adults",10710.4113162
"38",38,0.000000000464918843177577,0.00365895976487405,0.0505154072701455,2.23979091555608,3.31140677635477,3635.24443206512,1.93455787547215,3641.78436199953,91.0075595204261,12.7771756240776,"Malawi","Salima","TA Kuluunda",162,3642.784362,1,"Adults",10710.4113162
"39",39,0.000000000464529048028969,0.00249069855603705,0.0353444021636462,1.97699084757879,3.14748129647394,3635.64625183591,1.97580291884757,3641.78436199953,91.0079677298392,12.8150616545454,"Malawi","Salima","TA Kuluunda",162,3642.784362,1,"Adults",10710.4113162
"40",40,0.000000000464256606807999,0.00169544876017549,0.0247114355729764,1.74495569103975,2.98918049663817,3636.00882913953,2.01498978799475,3641.78436199953,91.0082532448319,12.8485017428558,"Malawi","Salima","TA Kuluunda",162,3642.784362,1,"Adults",10710.4113162
"41",41,0.000000000464066284531195,0.00115411191698508,0.0172652532014771,1.5401048786263,2.83666800427792,3636.33697829792,2.05219145358725,3641.78436199953,91.0084527997242,12.8780165610835,"Malawi","Salima","TA Kuluunda",162,3642.784362,1,"Adults",10710.4113162
"42",42,0.000000000463933399457196,0.000785619756971649,0.0120548280381514,1.3592683153095,2.69003876810909,3636.63473194303,2.0874825252942,3641.78436199953,91.0085921797014,12.9040661221747,"Malawi","Salima","TA Kuluunda",162,3642.784362,1,"Adults",10710.4113162
"43",43,0.000000000463840667398885,0.000534780826608899,0.00841154764575109,1.19964118781006,2.54932997371548,3636.90550606371,2.1209384458277,3641.78436199953,91.0086894678007,12.9270567520129,"Malawi","Salima","TA Kuluunda",162,3642.784362,1,"Adults",10710.4113162
"44",44,0.000000000463775990687156,0.000364032082400946,0.00586585051839412,1.05874318774173,2.41453054839402,3637.15222356552,2.15263481528086,3641.78436199953,91.008757333686,12.9473472882582,"Malawi","Salima","TA Kuluunda",162,3642.784362,1,"Adults",10710.4113162
"45",45,0.000000000463730905458564,0.000247800911339367,0.00408826101953409,0.934381892099486,2.28558941668534,3637.37740780017,2.18264682864463,3641.78436199953,91.0088046476479,12.9652545836542,"Malawi","Salima","TA Kuluunda",162,3642.784362,1,"Adults",10710.4113162
"46",46,0.000000000463699620793354,0.000168678602364128,0.00284778437812797,0.824620000790418,2.16242265079834,3637.58325407334,2.2110488116252,3641.78436199953,91.0088376156345,12.981058385213,"Malawi","Salima","TA Kuluunda",162,3642.784362,1,"Adults",10710.4113162
"47",47,0.000000000463683855165394,0.000114829189808867,0.00198274692301332,0.727746122250251,2.04491964274664,3637.77168481646,2.23791384196781,3641.78436199953,91.0088605724957,12.9950056534929,"Malawi","Salima","TA Kuluunda",162,3642.784362,1,"Adults",10710.4113162
"48",48,0.000000000463676132923957,0.0000781678813989141,0.00137977277971832,0.642248697456834,1.93294844445755,3637.944393475,2.2633134419564,3641.78436199953,91.0088765527244,13.0073143981121,"Malawi","Salima","TA Kuluunda",162,3642.784362,1,"Adults",10710.4113162
"49",49,0.000000000463669261150577,0.0000532078664506027,0.000959686807775004,0.566792928399716,1.82636032457827,3638.10287851485,2.2873173370347,3641.78436199953,91.0088876714587,13.0181770534911,"Malawi","Salima","TA Kuluunda",162,3642.784362,1,"Adults",10710.4113162
"50",50,0.000000000463665083123486,0.0000362192408816152,0.000667203362788668,0.500200270704932,1.72499368386066,3638.24847135529,2.30999326707463,3641.78436199953,91.0088954031041,13.0277634707753,"Malawi","Salima","TA Kuluunda",162,3642.784362,1,"Adults",10710.4113162
"51",51,0.000000000463662071325674,0.0000246540477651135,0.000463657148658369,0.441430253332392,1.62867739795207,3638.38235919327,2.33140684378006,3641.78436199953,91.0089007773051,13.0362235629046,"Malawi","Salima","TA Kuluunda",162,3642.784362,1,"Adults",10710.4113162
"52",52,0.000000000463659978699089,0.000016781389538063,0.000322067383165246,0.389564356316613,1.53723366305797,3638.50560368411,2.35162144727905,3641.78436199953,91.0089045113753,13.0436896443028,"Malawi","Salima","TA Kuluunda",162,3642.784362,1,"Adults",10710.4113162
"53",53,0.000000000463658525340993,0.0000114226049466705,0.000223622063753063,0.343791790235705,1.45048039470056,3638.61915661294,2.37069815699032,3641.78436199953,91.0089071047483,13.0502784913669,"Malawi","Salima","TA Kuluunda",162,3642.784362,1,"Adults",10710.4113162
"54",54,0.000000000463657516437445,0.00000777491620393425,0.000155210015620652,0.303396897430799,1.36823325338076,3638.72387315359,2.3886957101982,3641.78436199953,91.0089089050411,13.0560931654367,"Malawi","Salima","TA Kuluunda",162,3642.784362,1,"Adults",10710.4113162
"55",55,0.000000000463656816292005,0.00000529208501871661,0.00010768569913866,0.267748010991984,1.2903073418485,3638.82052318463,2.40567048427801,3641.78436199953,91.0089101543866,13.0612246230941,"Malawi","Salima","TA Kuluunda",162,3642.784362,1,"Adults",10710.4113162
"56",56,0.000000000463656330605669,0.00000360214947660067,0.0000746859577639642,0.236287618564117,1.21651861447465,3638.90980097944,2.42167649894311,3641.78436199953,91.0089110210505,13.0657531365297,"Malawi","Salima","TA Kuluunda",162,3642.784362,1,"Adults",10710.4113162
"57",57,0.000000000463655993821827,0.00000245183807109175,0.0000517817878459271,0.208523668915344,1.14668504119397,3638.99233362103,2.4367654347681,3641.78436199953,91.0089116220117,13.0697495481196,"Malawi","Salima","TA Kuluunda",162,3642.784362,1,"Adults",10710.4113162
"58",58,0.00000000046365576034914,0.0000016688783586129,0.0000358891618528515,0.184021894983017,1.08062755803861,3639.06868832325,2.45098666522179,3641.78436199953,91.0089120386235,13.0732763776962,"Malawi","Salima","TA Kuluunda",162,3642.784362,1,"Adults",10710.4113162
"59",59,0.000000000463655598557836,0.00000113595086460337,0.0000248662798138265,0.162399034078621,1.01817083431222,3639.13937882928,2.46438729963622,3641.78436199953,91.0089123273262,13.0763887999685,"Malawi","Salima","TA Kuluunda",162,3642.784362,1,"Adults",10710.4113162
"60",60,0.000000000463655486459464,0.000000773112363714741,0.0000172225829443407,0.143316832010372,0.959143884093962,3639.20487105289,2.47701223484152,3641.78436199953,91.0089125273562,13.0791355086757,"Malawi","Salima","TA Kuluunda",162,3642.784362,1,"Adults",10710.4113162
"61",61,0.00000000046365540881748,0.000000526137366185423,0.0000119240410813944,0.126476782717867,0.903380535911987,3639.26558801665,2.48890421407507,3641.78436199953,91.0089126659017,13.0815594745017,"Malawi","Salima","TA Kuluunda",162,3642.784362,1,"Adults",10710.4113162
"62",62,0.000000000463655355098216,0.000000358194552162892,0.00000825512774814881,0.111615454667287,0.850719793665891,3639.32191424707,2.50010389081157,3641.78436199953,91.0089127617592,13.0836986183179,"Malawi","Salima","TA Kuluunda",162,3642.784362,1,"Adults",10710.4113162
"63",63,0.000000000463655317918232,0.000000243885228085075,0.00000571388565944386,0.0985003542058558,0.801006101489319,3639.37419968967,2.51064989640315,3641.78436199953,91.0089128281037,13.0855864070081,"Malawi","Salima","TA Kuluunda",162,3642.784362,1,"Adults",10710.4113162
"64",64,0.000000000463655292178891,0.000000166025763115908,0.00000395333257471438,0.0869262999744167,0.754089519140124,3639.42276315013,2.5205789109352,3641.78436199953,91.0089128740334,13.0872523755547,"Malawi","Salima","TA Kuluunda",162,3642.784362,1,"Adults",10710.4113162
"65",65,0.000000000463655274379658,0.000000113048350906307,0.00000273501349411804,0.0767122197451909,0.709825828368568,3639.46789536761,2.52992573575246,3641.78436199953,91.0089129057946,13.0887225882771,"Malawi","Salima","TA Kuluunda",162,3642.784362,1,"Adults",10710.4113162
"66",66,0.000000000463655262061103,0.0000000769461858397075,0.00000189127232722432,0.067698316412898,0.668076581761128,3639.50986176627,2.53872336687528,3641.78436199953,91.0089129277761,13.0900200468998,"Malawi","Salima","TA Kuluunda",162,3642.784362,1,"Adults",10710.4113162
"67",67,0.000000000463655252915728,0.0000000523705711735639,0.00000130742208360478,0.0597435683340368,0.628709101699009,3639.54890490095,2.54700306875989,3641.78436199953,91.0089129429766,13.0911650504193,"Malawi","Salima","TA Kuluunda",162,3642.784362,1,"Adults",10710.4113162
"68",68,0.000000000463655241883879,0.0000000356666654394594,0.000000903939935616406,0.0527235234542574,0.591596438461308,3639.58524665025,2.55479444776604,3641.78436199953,91.0089129534742,13.0921755126835,"Malawi","Salima","TA Kuluunda",162,3642.784362,1,"Adults",10710.4113162
"69",69,0.000000000463655235627363,0.0000000242685358594505,0.000000624527261287928,0.0465283526115141,0.55661729468828,3639.61909017857,2.5621255248709,3641.78436199953,91.0089129607396,13.0930672426431,"Malawi","Salima","TA Kuluunda",162,3642.784362,1,"Adults",10710.4113162
"70",70,0.000000000463655230676477,0.0000000165215152659087,0.000000431488717516379,0.0410611314637939,0.523655922500958,3639.65062169032,2.56902280724002,3641.78436199953,91.0089129657559,13.0938541916671,"Malawi","Salima","TA Kuluunda",162,3642.784362,1,"Adults",10710.4113162
"71",71,0.000000000463655227329336,0.0000000112549401399025,0.000000298157456650802,0.0362363243133821,0.492601998726862,3639.68001200875,2.57551135833585,3641.78436199953,91.0089129692186,13.0945486718093,"Malawi","Salima","TA Kuluunda",162,3642.784362,1,"Adults",10710.4113162
"72",72,0.000000000463655225074188,0.00000000765182178721472,0.000000205792518115345,0.0319784459839564,0.463350482835437,3639.70741799095,2.58161486631869,3641.78436199953,91.0089129716162,13.0951615484275,"Malawi","Salima","TA Kuluunda",162,3642.784362,1,"Adults",10710.4113162
"73",73,0.00000000046365522350129,0.00000000521372900737951,0.000000142146446205565,0.0282208808721593,0.435801461559129,3639.7329837992,2.58735571054371,3641.78436199953,91.0089129732672,13.095702410175,"Malawi","Salima","TA Kuluunda",162,3642.784362,1,"Adults",10710.4113162
"74",74,0.000000000463655222415721,0.00000000355510979685056,0.0000000981957191537941,0.024904840756036,0.409859983604688,3639.75684204742,2.59275502600281,3641.78436199953,91.0089129744067,13.0961797190245,"Malawi","Salima","TA Kuluunda",162,3642.784362,1,"Adults",10710.4113162
"75",75,0.000000000463655221663184,0.00000000241419871478992,0.0000000677193352897999,0.0219784463216148,0.385435887137076,3639.77911483034,2.59783276560201,3641.78436199953,91.0089129751966,13.0966009424743,"Malawi","Salima","TA Kuluunda",162,3642.784362,1,"Adults",10710.4113162
"76",76,0.000000000463655221145296,0.0000000016432927829848,0.000000046731559127138,0.0193959127215691,0.362443623020876,3639.79991465517,2.60260776024547,3641.78436199953,91.0089129757402,13.096972670781,"Malawi","Salima","TA Kuluunda",162,3642.784362,1,"Adults",10710.4113162
"77",77,0.000000000463655220788051,0.00000000111939798803919,0.0000000322460650620752,0.0171168345253976,0.340802075123533,3639.81934527992,2.60709777659683,3641.78436199953,91.0089129761152,13.0973007198873,"Malawi","Salima","TA Kuluunda",162,3642.784362,1,"Adults",10710.4113162
"78",78,0.000000000463655220541044,0.000000000760114202131158,0.0000000222275270029738,0.0151055548039915,0.320434379766378,3639.83750246944,2.6113195725387,3641.78436199953,91.0089129763744,13.0975902222365,"Malawi","Salima","TA Kuluunda",162,3642.784362,1,"Adults",10710.4113162
"79",79,0.000000000463655220371242,0.000000000518103463919898,0.0000000153354597427107,0.0133306064692964,0.301267745980465,3639.85447468089,2.61528895034226,3641.78436199953,91.0089129765527,13.0978457071859,"Malawi","Salima","TA Kuluunda",162,3642.784362,1,"Adults",10710.4113162
"80",80,0.000000000463655220254113,0.000000000353389369355093,0.0000000105790538607874,0.0117642184571672,0.283233276506423,3639.87034368586,2.61902080777742,3641.78436199953,91.0089129766756,13.0980711720885,"Malawi","Salima","TA Kuluunda",162,3642.784362,1,"Adults",10710.4113162
"81",81,0.000000000463655220173089,0.000000000239883539782573,0.00000000728840044123462,0.0103818795319201,0.266265792401057,3639.88518513328,2.62252918679041,3641.78436199953,91.0089129767607,13.0982701450782,"Malawi","Salima","TA Kuluunda",162,3642.784362,1,"Adults",10710.4113162
"82",82,0.000000000463655220117338,0.000000000163146938697628,0.00000000502281229248266,0.00916196901518362,0.250303665835857,3639.89906904096,2.62582731853858,3641.78436199953,91.0089129768192,13.0984457382232,"Malawi","Salima","TA Kuluunda",162,3642.784362,1,"Adults",10710.4113162
"83",83,0.000000000463655220078966,0.000000000111197546825117,0.00000000346260127921505,0.0080854028724398,0.235288647490613,3639.91206027652,2.62892766907799,3641.78436199953,91.0089129768594,13.0986006984684,"Malawi","Salima","TA Kuluunda",162,3642.784362,1,"Adults",10710.4113162
"84",84,0.000000000463655220052495,0.0000000000756319786852018,0.00000000238597886972082,0.00713533731088503,0.221165703792517,3639.92421897462,2.6318419813469,3641.78436199953,91.0089129768872,13.0987374502994,"Malawi","Salima","TA Kuluunda",162,3642.784362,1,"Adults",10710.4113162
"85",85,0.000000000463655220034278,0.0000000000515176393908765,0.00000000164474042087393,0.00629691404624046,0.207882863233505,3639.93560090649,2.63458131406821,3641.78436199953,91.0089129769064,13.0988581324086,"Malawi","Salima","TA Kuluunda",162,3642.784362,1,"Adults",10710.4113162
"86",86,0.000000000463655220021723,0.0000000000351008749487381,0.00000000113366174121813,0.0055570105913437,0.195391053635835,3639.94625785178,2.63715608235399,3641.78436199953,91.0089129769195,13.0989646336388,"Malawi","Salima","TA Kuluunda",162,3642.784362,1,"Adults",10710.4113162
"87",87,0.000000000463655220013049,0.0000000000238537763551639,0.000000000780458775347717,0.00490404546500927,0.183643960152967,3639.95623790065,2.63957609245676,3641.78436199953,91.0089129769286,13.0990586210212,"Malawi","Salima","TA Kuluunda",162,3642.784362,1,"Adults",10710.4113162
"88",88,0.000000000463655220007083,0.0000000000162503786129109,0.000000000537425326967186,0.00432780518448698,0.172597887781637,3639.96558573106,2.64185057495787,3641.78436199953,91.0089129769349,13.0991415646781,"Malawi","Salima","TA Kuluunda",162,3642.784362,1,"Adults",10710.4113162
"89",89,0.000000000463655220002978,0.0000000000110678678401385,0.000000000370125501232394,0.00381927497374599,0.16221162138217,3639.97434288444,2.64398821835589,3641.78436199953,91.0089129769392,13.0992147621908,"Malawi","Salima","TA Kuluunda",162,3642.784362,1,"Adults",10710.4113162
"90",90,0.000000000463655220000147,0.00000000000752019331831011,0.000000000254737384332853,0.00337049856111193,0.152446294811989,3639.98254800596,2.64599719993669,3641.78436199953,91.0089129769422,13.0992793587799,"Malawi","Salima","TA Kuluunda",162,3642.784362,1,"Adults",10710.4113162
"91",91,0.000000000463655219998201,0.00000000000512608488578323,0.000000000175389971803537,0.00297445476105376,0.143265266284074,3639.99023706343,2.64788521487764,3641.78436199953,91.0089129769442,13.0993363650705,"Malawi","Salima","TA Kuluunda",162,3642.784362,1,"Adults",10710.4113162
"92",92,0.000000000463655219996862,0.0000000000034898095831519,0.000000000120746598619618,0.00262494730926367,0.13463399899389,3639.99744354922,2.64965950388512,3641.78436199953,91.0089129769456,13.099386672949,"Malawi","Salima","TA Kuluunda",162,3642.784362,1,"Adults",10710.4113162
"93",93,0.000000000463655219995939,0.00000000000237103424688664,0.0000000000830800690473971,0.00231650803968077,0.126519947087764,3640.00419866497,2.65132687934796,3641.78436199953,91.0089129769466,13.0994310694995,"Malawi","Salima","TA Kuluunda",162,3642.784362,1,"Adults",10710.4113162
"94",94,0.000000000463655219995304,0.00000000000161708174052613,0.0000000000571802515964189,0.00204431132051901,0.118892446968843,3640.01053149112,2.65289375006869,3641.78436199953,91.0089129769473,13.0994702493206,"Malawi","Salima","TA Kuluunda",162,3642.784362,1,"Adults",10710.4113162
"95",95,0.000000000463655219994867,0.00000000000110022388089955,0.0000000000393470848503683,0.00180409854084022,0.111722613787223,3640.01646914253,2.65436614463975,3641.78436199953,91.0089129769477,13.099504825394,"Malawi","Salima","TA Kuluunda",162,3642.784362,1,"Adults",10710.4113162
"96",96,0.000000000463655219994567,0.00000000000074760280633226,0.0000000000270657382686983,0.00159211149114132,0.104983242960048,3640.02203691152,2.65574973353,3641.78436199953,91.0089129769481,13.0995353386739,"Malawi","Salima","TA Kuluunda",162,3642.784362,1,"Adults",10710.4113162
"97",97,0.00000000046365521999436,0.000000000000510141474612394,0.0000000000186207263301783,0.00140503356265047,0.0986487165688354,3640.02725839944,2.65704984994441,3641.78436199953,91.0089129769483,13.0995622665508,"Malawi","Salima","TA Kuluunda",162,3642.784362,1,"Adults",10710.4113162
"98",98,0.000000000463655219994218,0.0000000000003468224744638,0.0000000000128085690381174,0.00123993785803321,0.0926949144639195,3640.03215563768,2.65827150951851,3641.78436199953,91.0089129769484,13.0995860303206,"Malawi","Salima","TA Kuluunda",162,3642.784362,1,"Adults",10710.4113162
"99",99,0.00000000046365521999412,0.000000000000235750864074957,0.00000000000880865905910386,0.0010942413993678,0.0870991299045543,3640.03674919931,2.65941942890641,3641.78436199953,91.0089129769485,13.0996070017753,"Malawi","Salima","TA Kuluunda",162,3642.784362,1,"Adults",10710.4113162
"100",100,0.000000000463655219994053,0.000000000000160934943365513,0.00000000000605754268804792,0.000965664716429179,0.0818399895599347,3640.04105830193,2.66049804331936,3641.78436199953,91.0089129769486,13.0996255090205,"Malawi","Salima","TA Kuluunda",162,3642.784362,1,"Adults",10710.4113162
"101",101,0.000000000463655219994006,0.000000000000109314970726422,0.0000000000041655975466584,0.000852196183657373,0.0768973776949146,3640.04510090258,2.66151152306934,3641.78436199953,91.0089129769487,13.0996418416083,"Malawi","Salima","TA Kuluunda",162,3642.784362,1,"Adults",10710.4113162
"102",102,0.000000000463655219993975,0.0000000000000743532749124227,0.00000000000286407048596702,0.000752060547596212,0.0722523643647575,3640.04889378545,2.66246378917002,3641.78436199953,91.0089129769487,13.0996562550675,"Malawi","Salima","TA Kuluunda",162,3642.784362,1,"Adults",10710.4113162
"103",103,0.000000000463655219993953,0.0000000000000507680800415199,0.00000000000196865026652946,0.000663691152450442,0.0678871374446702,3640.05245264289,2.6633585280452,3641.78436199953,91.0089129769487,13.0996689749015,"Malawi","Salima","TA Kuluunda",162,3642.784362,1,"Adults",10710.4113162
"104",104,0.000000000463655219993938,0.0000000000000344511705847293,0.00000000000135355120849414,0.000585705429231386,0.0637849383223761,3640.05579215039,2.66419920539267,3641.78436199953,91.0089129769487,13.0996802001164,"Malawi","Salima","TA Kuluunda",162,3642.784362,1,"Adults",10710.4113162
"105",105,0.000000000463655219993927,0.000000000000023454498633086,0.000000000000930372340773646,0.000516883264998533,0.0599300010852691,3640.05892603593,2.6649890792491,3641.78436199953,91.0089129769487,13.0996901063346,"Malawi","Salima","TA Kuluunda",162,3642.784362,1,"Adults",10710.4113162
"106",106,0.00000000046365521999392,0.0000000000000160135598780691,0.000000000000639206202437081,0.000456147913781477,0.056307495037614,3640.06186714428,2.66573121229954,3641.78436199953,91.0089129769487,13.099698848542,"Malawi","Salima","TA Kuluunda",162,3642.784362,1,"Adults",10710.4113162
"107",107,0.000000000463655219993916,0.000000000000010856590619821,0.000000000000439463270688511,0.000402549150526425,0.0529034703876798,3640.06462749652,2.66642848347318,3641.78436199953,91.0089129769487,13.0997065635136,"Malawi","Salima","TA Kuluunda",162,3642.784362,1,"Adults",10710.4113162
"108",108,0.000000000463655219993912,0.00000000000000740016872949529,0.000000000000301953288058866,0.000355248404384987,0.049704806949066,3640.06721834532,2.66708359886479,3641.78436199953,91.0089129769487,13.0997133719526,"Malawi","Salima","TA Kuluunda",162,3642.784362,1,"Adults",10710.4113162
"109",109,0.00000000046365521999391,0.00000000000000506018419538956,0.000000000000207341129884236,0.000313505601158706,0.0466991655056379,3640.06965022637,2.66769910206151,3641.78436199953,91.0089129769487,13.0997193803849,"Malawi","Salima","TA Kuluunda",162,3642.784362,1,"Adults",10710.4113162
"110",110,0.000000000463655219993908,0.00000000000000342863422469145,0.000000000000142515934399391,0.0002766675381528,0.0438749420269453,3640.07193300613,2.66827738384208,3641.78436199953,91.0089129769487,13.0997246828321,"Malawi","Salima","TA Kuluunda",162,3642.784362,1,"Adults",10710.4113162
"111",111,0.000000000463655219993907,0.00000000000000232903990269848,0.0000000000000979256104020686,0.000244158043743975,0.0412212258522702,3640.07407592463,2.66882069101233,3641.78436199953,91.0089129769487,13.0997293622278,"Malawi","Salima","TA Kuluunda",162,3642.784362,1,"Adults",10710.4113162
"112",112,0.000000000463655219993907,0.00000000000000158942204230186,0.0000000000000672462917006902,0.000215468545653291,0.0387277575962851,3640.07608763811,2.6693311352857,3641.78436199953,91.0089129769487,13.0997334917757,"Malawi","Salima","TA Kuluunda",162,3642.784362,1,"Adults",10710.4113162
"113",113,0.000000000463655219993906,0.00000000000000108038809078841,0.0000000000000462074857577366,0.000190150172014618,0.0363848909232358,3640.07797625711,2.66981070132793,3641.78436199953,91.0089129769487,13.0997371360862,"Malawi","Salima","TA Kuluunda",162,3642.784362,1,"Adults",10710.4113162
"114",114,0.000000000463655219993906,0.000000000000000734969510670325,0.0000000000000317448888911524,0.000167806803574022,0.0341835565776798,3640.07974938184,2.67026125431267,3641.78436199953,91.0089129769487,13.0997403521763,"Malawi","Salima","TA Kuluunda",162,3642.784362,1,"Adults",10710.4113162
"115",115,0.000000000463655219993905,0.000000000000000501151274678524,0.0000000000000217973858989883,0.000148088866071685,0.032115228291964,3640.0814141353,2.67068454707168,3641.78436199953,91.0089129769487,13.0997431903636,"Malawi","Salima","TA Kuluunda",162,3642.784362,1,"Adults",10710.4113162
"116",116,0.000000000463655219993905,0.000000000000000340977334279683,0.0000000000000149723318443423,0.000130687861179219,0.0301718906510788,3640.0829771942,2.67108222682334,3641.78436199953,91.0089129769487,13.099745695053,"Malawi","Salima","TA Kuluunda",162,3642.784362,1,"Adults",10710.4113162
"117",117,0.000000000463655219993905,0.000000000000000232030235524606,0.0000000000000102834692654408,0.000115331540531823,0.0283460088149165,3640.08444481768,2.67145584150258,3641.78436199953,91.0089129769487,13.099747905432,"Malawi","Salima","TA Kuluunda",162,3642.784362,1,"Adults",10710.4113162
"118",118,0.000000000463655219993905,0.000000000000000158095380470812,0.00000000000000706024436846098,0.000101779645991172,0.0266304999958571,3640.08582287418,2.67180684571545,3641.78436199953,91.0089129769487,13.099749856083,"Malawi","Salima","TA Kuluunda",162,3642.784362,1,"Adults",10710.4113162
"119",119,0.000000000463655219993905,0.000000000000000107619697145021,0.00000000000000485021551903159,0.0000898202359371126,0.0250187072357518,3640.08711686586,2.67213660620649,3641.78436199953,91.0089129769487,13.0997515775128,"Malawi","Salima","TA Kuluunda",162,3642.784362,1,"Adults",10710.4113162
"120",120,0.000000000463655219993905,0.0000000000000000733014637409846,0.00000000000000333164392422007,0.0000792661291325342,0.0235043724053855,3640.08833195352,2.67244640748154,3641.78436199953,91.0089129769487,13.0997530966641,"Malawi","Salima","TA Kuluunda",162,3642.784362,1,"Adults",10710.4113162
"121",121,0.000000000463655219993905,0.0000000000000000499105650240614,0.00000000000000228543055836819,0.000069952125207406,0.0220816133466904,3640.0894729775,2.67273745656109,3641.78436199953,91.0089129769487,13.0997544373159,"Malawi","Salima","TA Kuluunda",162,3642.784362,1,"Adults",10710.4113162
"122",122,0.000000000463655219993905,0.0000000000000000339317988666793,0.00000000000000156864270577709,0.0000617325373195992,0.0207449022147966,3640.0905444773,2.67301088747911,3641.78436199953,91.0089129769487,13.0997556204381,"Malawi","Salima","TA Kuluunda",162,3642.784362,1,"Adults",10710.4113162
"123",123,0.000000000463655219993905,0.0000000000000000231056241582964,0.00000000000000107683143575382,0.000054478777245108,0.0194890436341318,3640.0915507113,2.67326776581849,3641.78436199953,91.0089129769487,13.0997566645397,"Malawi","Salima","TA Kuluunda",162,3642.784362,1,"Adults",10710.4113162
"124",124,0.000000000463655219993905,0.0000000000000000157310145696445,0.000000000000000738533369052747,0.0000480773553685965,0.0183091548238563,3640.09249567452,2.6735090928317,3641.78436199953,91.0089129769487,13.0997575859562,"Malawi","Salima","TA Kuluunda",162,3642.784362,1,"Adults",10710.4113162
"125",125,0.000000000463655219993905,0.0000000000000000106968089076976,0.000000000000000507035129982652,0.0000424281203177903,0.0172006469750028,3640.09338311514,2.67373580929858,3641.78436199953,91.0089129769487,13.0997583991035,"Malawi","Salima","TA Kuluunda",162,3642.784362,1,"Adults",10710.4113162
"126",126,0.000000000463655219993905,0.00000000000000000728758680229636,0.000000000000000347993856862479,0.0000374426875366656,0.0161592076580603,3640.09421655002,2.67394879916804,3641.78436199953,91.0089129769487,13.0997591167035,"Malawi","Salima","TA Kuluunda",162,3642.784362,1,"Adults",10710.4113162
"127",127,0.000000000463655219993905,0.0000000000000000049605211003637,0.000000000000000238614603299132,0.0000330430581847338,0.0151807842724442,3640.09499927922,2.67414889298114,3641.78436199953,91.0089129769487,13.0997597499833,"Malawi","Salima","TA Kuluunda",162,3642.784362,1,"Adults",10710.4113162
"128",128,0.000000000463655219993905,0.00000000000000000337296485708495,0.000000000000000163823926509306,0.0000291603986405032,0.014261568474322,3640.09573439957,2.67433687108959,3641.78436199953,91.0089129769487,13.0997603088508,"Malawi","Salima","TA Kuluunda",162,3642.784362,1,"Adults",10710.4113162
"129",129,0.000000000463655219993905,0.00000000000000000229859582018884,0.00000000000000011238677735522,0.0000257339633631701,0.0133979815278915,3640.09642481736,2.67451346668125,3641.78436199953,91.0089129769487,13.0997608020497,"Malawi","Salima","TA Kuluunda",162,3642.784362,1,"Adults",10710.4113162
"130",130,0.000000000463655219993905,0.00000000000000000156401097961065,0.0000000000000000770485454249814,0.0000227101446223756,0.0125866605266751,3640.09707326024,2.67467936862406,3641.78436199953,91.0089129769487,13.0997612372962,"Malawi","Salima","TA Kuluunda",162,3642.784362,1,"Adults",10710.4113162
"131",131,0.000000000463655219993905,0.00000000000000000106358021874196,0.0000000000000000529012277195135,0.000020041633754933,0.0118244454340355,3640.09768228833,2.67483522413933,3641.78436199953,91.0089129769487,13.0997616214,"Malawi","Salima","TA Kuluunda",162,3642.784362,1,"Adults",10710.4113162
"132",132,0.000000000463655219993905,0.00000000000000000072501132885329,0.0000000000000000362734832769,0.0000176866810070347,0.0111083668951242,3640.09825430464,2.67498164131442,3641.78436199953,91.0089129769487,13.0997619603704,"Malawi","Salima","TA Kuluunda",162,3642.784362,1,"Adults",10710.4113162
"133",133,0.000000000463655219993905,0.000000000000000000493090358192292,0.000000000000000024866680755168,0.0000156084423491244,0.0104356347751381,3640.09879156485,2.67511919146445,3641.78436199953,91.0089129769487,13.0997622595107,"Malawi","Salima","TA Kuluunda",162,3642.784362,1,"Adults",10710.4113162
"134",134,0.000000000463655219993905,0.000000000000000000335400040676264,0.0000000000000000170735254897023,0.0000137744030363366,0.00980362738130598,3640.0992961864,2.67524841135198,3641.78436199953,91.0089129769487,13.0997625235011,"Malawi","Salima","TA Kuluunda",162,3642.784362,1,"Adults",10710.4113162
"135",135,0.000000000463655219993905,0.000000000000000000228679007960621,0.0000000000000000117005633778296,0.0000121558689050013,0.00920988132843733,3640.09977015706,2.67536980527322,3641.78436199953,91.0089129769487,13.0997627564719,"Malawi","Salima","TA Kuluunda",162,3642.784362,1,"Adults",10710.4113162
"136",136,0.000000000463655219993905,0.000000000000000000155447341198854,0.00000000000000000802181367275566,0.0000107275174427424,0.0086520820101506,3640.10021534299,2.67548384701868,3641.78436199953,91.0089129769487,13.0997629620679,"Malawi","Salima","TA Kuluunda",162,3642.784362,1,"Adults",10710.4113162
"137",137,0.000000000463655219993905,0.000000000000000000105777685388048,0.000000000000000005507399646333,0.00000946700160915503,0.00812805464006554,3640.10063349618,2.67559098171572,3641.78436199953,91.0089129769487,13.0997631435057,"Malawi","Salima","TA Kuluunda",162,3642.784362,1,"Adults",10710.4113162
"138",138,0.000000000463655219993905,0.0000000000000000000721261892722558,0.00000000000000000377207063193981,0.00000835460020886535,0.00763575582929054,3640.10102626154,2.67569162756023,3641.78436199953,91.0089129769487,13.0997633036241,"Malawi","Salima","TA Kuluunda",162,3642.784362,1,"Adults",10710.4113162
"139",139,0.000000000463655219993905,0.000000000000000000049002093024005,0.00000000000000000258670201129256,0.00000737290934676469,0.0071732656684757,3640.10139518351,2.67578617744393,3641.78436199953,91.0089129769487,13.099763444928,"Malawi","Salima","TA Kuluunda",162,3642.784362,1,"Adults",10710.4113162
"140",140,0.000000000463655219993905,0.0000000000000000000333635050260093,0.00000000000000000177555415810432,0.00000650657013820074,0.00673878028453454,3640.1017417122,2.67587500048353,3641.78436199953,91.0089129769487,13.0997635696283,"Malawi","Salima","TA Kuluunda",162,3642.784362,1,"Adults",10710.4113162
"141",141,0.000000000463655219993905,0.00000000000000000002274737232009,0.00000000000000000121541765225196,0.0000057420284140484,0.00633060484386967,3640.1020672092,2.67595844345785,3641.78436199953,91.0089129769487,13.099763679676,"Malawi","Salima","TA Kuluunda",162,3642.784362,1,"Adults",10710.4113162
"142",142,0.000000000463655219993905,0.00000000000000000001544647244629,0.000000000000000000833784403632726,0.00000506732266116116,0.0059471469755744,3640.10237295308,2.67603683215811,3641.78436199953,91.0089129769487,13.0997637767927,"Malawi","Salima","TA Kuluunda",162,3642.784362,1,"Adults",10710.4113162
"143",143,0.000000000463655219993905,0.00000000000000000001052448556357,0.000000000000000000572111131425318,0.00000447189688046377,0.00558691058962779,3640.10266014439,2.67611047265687,3641.78436199953,91.0089129769487,13.0997638624979,"Malawi","Salima","TA Kuluunda",162,3642.784362,1,"Adults",10710.4113162
"144",144,0.000000000463655219993905,0.00000000000000000000717340255085374,0.000000000000000000391439511508908,0.00000394643543478623,0.00524849006656005,3640.10292991053,2.67617965250038,3641.78436199953,91.0089129769487,13.0997639381325,"Malawi","Salima","TA Kuluunda",162,3642.784362,1,"Adults",10710.4113162
"145",145,0.000000000463655219993905,0.0000000000000000000048690117655871,0.00000000000000000026866095608394,0.00000348271730257813,0.00493056479644224,3640.10318331019,2.67624464182893,3641.78436199953,91.0089129769487,13.0997640048798,"Malawi","Salima","TA Kuluunda",162,3642.784362,1,"Adults",10710.4113162
"146",146,0.000000000463655219993905,0.00000000000000000000332034021501851,0.000000000000000000184238518720606,0.00000307348745725372,0.00463189404635393,3640.10342133757,2.6763056944296,3641.78436199953,91.0089129769487,13.0997640637841,"Malawi","Salima","TA Kuluunda",162,3642.784362,1,"Adults",10710.4113162
"147",147,0.000000000463655219993905,0.00000000000000000000226182438093927,0.0000000000000000001260149440086,0.00000271234335985385,0.00435131213670769,3640.10364492633,2.67636304872544,3641.78436199953,91.0089129769487,13.0997641157669,"Malawi","Salima","TA Kuluunda",162,3642.784362,1,"Adults",10710.4113162
"148",148,0.000000000463655219993905,0.00000000000000000000153485596123035,0.0000000000000000000865371825915749,0.00000239363478916452,0.00408772390796558,3640.10385495329,2.6764169287049,3641.78436199953,91.0089129769487,13.0997641616416,"Malawi","Salima","TA Kuluunda",162,3642.784362,1,"Adults",10710.4113162
"149",149,0.000000000463655219993905,0.00000000000000000000104763997165657,0.0000000000000000000592965413171368,0.00000211237544210014,0.0038401004603721,3640.1040522419,2.67646754479511,3641.78436199953,91.0089129769487,13.0997642021259,"Malawi","Salima","TA Kuluunda",162,3642.784362,1,"Adults",10710.4113162
"150",150,0.000000000463655219993905,0.000000000000000000000713046142954282,0.000000000000000000040553298375118,0.00000186416492131,0.00360747515035522,3640.10423756554,2.67651509468242,3641.78436199953,91.0089129769487,13.0997642378532,"Malawi","Salima","TA Kuluunda",162,3642.784362,1,"Adults",10710.4113162
"151",151,0.000000000463655219993905,0.000000000000000000000483874425912493,0.000000000000000000027864108713067,0.00000164511988947748,0.00338893982821501,3640.1044116505,2.67655976408333,3641.78436199953,91.0089129769487,13.0997642693824,"Malawi","Salima","TA Kuluunda",162,3642.784362,1,"Adults",10710.4113162
"152",152,0.000000000463655219993905,0.00000000000000000000033058076582472,0.0000000000000000000190732903056505,0.00000145181331319792,0.00318364130263116,3640.10457517895,2.67660172746885,3641.78436199953,91.0089129769487,13.0997642972068,"Malawi","Salima","TA Kuluunda",162,3642.784362,1,"Adults",10710.4113162
"153",153,0.000000000463655219993905,0.000000000000000000000224745152810095,0.0000000000000000000130469195013207,0.00000128122084588508,0.00299077801837961,3640.10472879155,2.67664114874508,3641.78436199953,91.0089129769487,13.0997643217618,"Malawi","Salima","TA Kuluunda",162,3642.784362,1,"Adults",10710.4113162
"154",154,0.000000000463655219993905,0.000000000000000000000152567600736122,0.00000000000000000000896851522505445,0.00000113067351084877,0.00280959693445774,3640.10487309003,2.67667818189259,3641.78436199953,91.0089129769487,13.0997643434315,"Malawi","Salima","TA Kuluunda",162,3642.784362,1,"Adults",10710.4113162
"155",155,0.000000000463655219993905,0.00000000000000000000010431804762893,0.00000000000000000000613159140739013,0.000000997815944254284,0.002639390590579,3640.10500863956,2.67671297156723,3641.78436199953,91.0089129769487,13.0997643625549,"Malawi","Salima","TA Kuluunda",162,3642.784362,1,"Adults",10710.4113162
"156",156,0.000000000463655219993905,0.0000000000000000000000708225863532554,0.00000000000000000000419661243060747,0.000000880569544660742,0.00247949435071554,3640.10513597095,2.67674565366452,3641.78436199953,91.0089129769487,13.0997643794313,"Malawi","Salima","TA Kuluunda",162,3642.784362,1,"Adults",10710.4113162
"157",157,0.000000000463655219993905,0.0000000000000000000000481154412641732,0.00000000000000000000288542296704777,0.0000007770999526005,0.00232928381304229,3640.10525558277,2.67677635584998,3641.78436199953,91.0089129769487,13.0997643943246,"Malawi","Salima","TA Kuluunda",162,3642.784362,1,"Adults",10710.4113162
"158",158,0.000000000463655219993905,0.0000000000000000000000329177050793813,0.0000000000000000000019700817769169,0.000000685788351406541,0.00218817237627179,3640.10536794331,2.67680519805733,3641.78436199953,91.0089129769487,13.0997644074679,"Malawi","Salima","TA Kuluunda",162,3642.784362,1,"Adults",10710.4113162
"159",159,0.000000000463655219993905,0.0000000000000000000000223133779504125,0.00000000000000000000134967108569928,0.00000060520614027972,0.0020556089529671,3640.10547349242,2.6768322929566,3641.78436199953,91.0089129769487,13.0997644190669,"Malawi","Salima","TA Kuluunda",162,3642.784362,1,"Adults",10710.4113162
"160",160,0.000000000463655219993905,0.0000000000000000000000151783970857193,0.00000000000000000000092786533031595,0.000000534092583347403,0.00193107582098306,3640.10557264323,2.67685774639385,3641.78436199953,91.0089129769487,13.0997644293029,"Malawi","Salima","TA Kuluunda",162,3642.784362,1,"Adults",10710.4113162
"161",161,0.000000000463655219993905,0.0000000000000000000000103860808187628,0.000000000000000000000632676029852387,0.000000471335085025509,0.00181408660471595,3640.10566578379,2.6768816578044,3641.78436199953,91.0089129769487,13.0997644383362,"Malawi","Salima","TA Kuluunda",162,3642.784362,1,"Adults",10710.4113162
"162",162,0.000000000463655219993905,0.00000000000000000000000702886760071987,0.000000000000000000000434028796563319,0.000000415951783085333,0.00170418437833988,3640.1057532786,2.67690412060092,3641.78436199953,91.0089129769487,13.099764446308,"Malawi","Salima","TA Kuluunda",162,3642.784362,1,"Adults",10710.4113162
"163",163,0.000000000463655219993905,0.00000000000000000000000478970554170352,0.000000000000000000000298204446353246,0.000000367076187087801,0.001600939883677,3640.10583547004,2.67692522253815,3641.78436199953,91.0089129769487,13.0997644533432,"Malawi","Salima","TA Kuluunda",162,3642.784362,1,"Adults",10710.4113162
"164",164,0.000000000463655219993905,0.00000000000000000000000327629499466505,0.00000000000000000000020309513982503,0.000000323943621848292,0.00150394985578988,3640.10591267968,2.6769450460555,3641.78436199953,91.0089129769487,13.0997644595516,"Malawi","Salima","TA Kuluunda",162,3642.784362,1,"Adults",10710.4113162
"165",165,0.000000000463655219993905,0.00000000000000000000000221390789974207,0.000000000000000000000139567448667054,0.000000285879263835463,0.0014128354497989,3640.10598520961,2.67696366859889,3641.78436199953,91.0089129769487,13.0997644650306,"Malawi","Salima","TA Kuluunda",162,3642.784362,1,"Adults",10710.4113162
"166",166,0.000000000463655219993905,0.00000000000000000000000151198043871728,0.0000000000000000000000957770634120963,0.000000252287583244306,0.00132724076280552,3640.10605334356,2.67698116292316,3641.78436199953,91.0089129769487,13.0997644698658,"Malawi","Salima","TA Kuluunda",162,3642.784362,1,"Adults",10710.4113162
"167",167,0.000000000463655219993905,0.00000000000000000000000103705126640715,0.0000000000000000000000651251932795632,0.000000222642999864388,0.00124683143956095,3640.10611734807,2.67699759737733,3641.78436199953,91.0089129769487,13.0997644741328,"Malawi","Salima","TA Kuluunda",162,3642.784362,1,"Adults",10710.4113162
"168",168,0.000000000463655219993905,0.000000000000000000000000700150794321665,0.0000000000000000000000447498836177668,0.000000196481627222684,0.00117129336554057,3640.10617747351,2.67701303617192,3641.78436199953,91.0089129769487,13.0997644778984,"Malawi","Salima","TA Kuluunda",162,3642.784362,1,"Adults",10710.4113162
"169",169,0.000000000463655219993905,0.000000000000000000000000475105333306888,0.0000000000000000000000307540924390761,0.000000173394284180961,0.0011003314791056,3640.10623395504,2.67702753962192,3641.78436199953,91.0089129769487,13.0997644812216,"Malawi","Salima","TA Kuluunda",162,3642.784362,1,"Adults",10710.4113162
"170",170,0.000000000463655219993905,0.000000000000000000000000324754899762514,0.0000000000000000000000209879113983136,0.000000153019796784228,0.00103366857929791,3640.10628701354,2.67704116439063,3641.78436199953,91.0089129769487,13.0997644841543,"Malawi","Salima","TA Kuluunda",162,3642.784362,1,"Adults",10710.4113162
"171",171,0.000000000463655219993905,0.000000000000000000000000220450476677257,0.0000000000000000000000143898907845143,0.000000135039388658171,0.000971044248173238,3640.10633685654,2.67705396371013,3641.78436199953,91.0089129769487,13.0997644867424,"Malawi","Salima","TA Kuluunda",162,3642.784362,1,"Adults",10710.4113162
"172",172,0.000000000463655219993905,0.000000000000000000000000149920004219964,0.00000000000000000000000987134611367713,0.00000011917174687346,0.000912213840371919,3640.10638367893,2.67706598758786,3641.78436199953,91.0089129769487,13.0997644890264,"Malawi","Salima","TA Kuluunda",162,3642.784362,1,"Adults",10710.4113162
"173",173,0.000000000463655219993905,0.000000000000000000000000102334429861382,0.00000000000000000000000674606485829109,0.000000105168613467209,0.000856947528230198,3640.10642766384,2.67707728300194,3641.78436199953,91.0089129769487,13.099764491042,"Malawi","Salima","TA Kuluunda",162,3642.784362,1,"Adults",10710.4113162
"174",174,0.000000000463655219993905,0.0000000000000000000000000695871577834498,0.00000000000000000000000462124897066468,0.000000092810901466038,0.000805029404568772,3640.10646898323,2.67708789408464,3641.78436199953,91.0089129769487,13.0997644928207,"Malawi","Salima","TA Kuluunda",162,3642.784362,1,"Adults",10710.4113162
"175",175,0.000000000463655219993905,0.0000000000000000000000000473423621425102,0.00000000000000000000000316750707481746,0.0000000819052676172884,0.000756256639781682,3640.10650779869,2.67709786229478,3641.78436199953,91.0089129769487,13.0997644943905,"Malawi","Salima","TA Kuluunda",162,3642.784362,1,"Adults",10710.4113162
"176",176,0.000000000463655219993905,0.0000000000000000000000000322751559967439,0.00000000000000000000000216656744095229,0.0000000722810872172355,0.000710438689924552,3640.10654426198,2.67710722657962,3641.78436199953,91.0089129769487,13.0997644957758,"Malawi","Salima","TA Kuluunda",162,3642.784362,1,"Adults",10710.4113162
"177",177,0.000000000463655219993905,0.0000000000000000000000000219612574860669,0.00000000000000000000000148362260798106,0.0000000637877846108667,0.000667396552735897,3640.10657851567,2.677116023527,3641.78436199953,91.0089129769487,13.0997644969983,"Malawi","Salima","TA Kuluunda",162,3642.784362,1,"Adults",10710.4113162
"178",178,0.000000000463655219993905,0.0000000000000000000000000149446685532829,0.00000000000000000000000101638352730472,0.0000000562924773576872,0.000626962068690159,3640.10661069366,2.6771242875083,3641.78436199953,91.0089129769487,13.0997644980772,"Malawi","Salima","TA Kuluunda",162,3642.784362,1,"Adults",10710.4113162
"179",179,0.000000000463655219993905,0.000000000000000000000000010181695884492,0.000000000000000000000000695492826931069,0.0000000496778972086582,0.000588977264359172,3640.10664092178,2.67713205081262,3641.78436199953,91.0089129769487,13.0997644990293,"Malawi","Salima","TA Kuluunda",162,3642.784362,1,"Adults",10710.4113162
"180",180,0.000000000463655219993905,0.00000000000000000000000000693019177075741,0.000000000000000000000000476163366171043,0.0000000438405553799373,0.000553293735523316,3640.10666931818,2.67713934377301,3641.78436199953,91.0089129769487,13.0997644998695,"Malawi","Salima","TA Kuluunda",162,3642.784362,1,"Adults",10710.4113162
"181",181,0.000000000463655219993905,0.00000000000000000000000000471685893210102,0.00000000000000000000000032609184873563,0.0000000386891234133486,0.000519772067628028,3640.10669599389,2.67714619488485,3641.78436199953,91.0089129769487,13.099764500611,"Malawi","Salima","TA Kuluunda",162,3642.784362,1,"Adults",10710.4113162
"182",182,0.000000000463655219993905,0.00000000000000000000000000321246803332373,0.000000000000000000000000223176814112842,0.000000034143004291828,0.000488281291326557,3640.10672105318,2.67715263091728,3641.78436199953,91.0089129769487,13.0997645012654,"Malawi","Salima","TA Kuluunda",162,3642.784362,1,"Adults",10710.4113162
"183",183,0.000000000463655219993905,0.00000000000000000000000000218688285556515,0.000000000000000000000000152776551144779,0.0000000301310714542986,0.000458698370986322,3640.10674459401,2.67715867701766,3641.78436199953,91.0089129769487,13.0997645018428,"Malawi","Salima","TA Kuluunda",162,3642.784362,1,"Adults",10710.4113162
"184",184,0.000000000463655219993905,0.00000000000000000000000000148861635450992,0.000000000000000000000000104601456204662,0.0000000265905559810782,0.000430907724164454,3640.10676670841,2.67716435680991,3641.78436199953,91.0089129769487,13.0997645023524,"Malawi","Salima","TA Kuluunda",162,3642.784362,1,"Adults",10710.4113162
"185",185,0.000000000463655219993905,0.00000000000000000000000000101365798974743,0.0000000000000000000000000715923353093717,0.0000000234660645392344,0.000404800770178615,3640.10678748281,2.67716969248674,3641.78436199953,91.0089129769487,13.0997645028022,"Malawi","Salima","TA Kuluunda",162,3642.784362,1,"Adults",10710.4113162
"186",186,0.000000000463655219993905,0.000000000000000000000000000690088142671253,0.0000000000000000000000000490040825733869,0.0000000207087127230947,0.000380275506012456,3640.10680699842,2.67717470489635,3641.78436199953,91.0089129769487,13.0997645031991,"Malawi","Salima","TA Kuluunda",162,3642.784362,1,"Adults",10710.4113162
"187",187,0.000000000463655219993905,0.000000000000000000000000000469777175413295,0.0000000000000000000000000335458588017246,0.0000000182753602305423,0.00035723610790147,3640.10682533153,2.67717941362391,3641.78436199953,91.0089129769487,13.0997645035493,"Malawi","Salima","TA Kuluunda",162,3642.784362,1,"Adults",10710.4113162
"188",188,0.000000000463655219993905,0.000000000000000000000000000319860548374952,0.0000000000000000000000000229593522895849,0.0000000161279359090059,0.000335592557045016,3640.10684255378,2.67718383706805,3641.78436199953,91.0089129769487,13.0997645038584,"Malawi","Salima","TA Kuluunda",162,3642.784362,1,"Adults",10710.4113162
"189",189,0.000000000463655219993905,0.000000000000000000000000000217763204853148,0.0000000000000000000000000157140803752398,0.0000000142328421111119,0.000315260287984259,3640.1068587325,2.67718799251274,3641.78436199953,91.0089129769487,13.0997645041312,"Malawi","Salima","TA Kuluunda",162,3642.784362,1,"Adults",10710.4113162
"190",190,0.000000000463655219993905,0.000000000000000000000000000148248254628166,0.0000000000000000000000000107556902454847,0.0000000125604290408125,0.000296159858274054,3640.10687393092,2.67719189619485,3641.78436199953,91.0089129769487,13.0997645043719,"Malawi","Salima","TA Kuluunda",162,3642.784362,1,"Adults",10710.4113162
"191",191,0.000000000463655219993905,0.000000000000000000000000000100934115757606,0.00000000000000000000000000736100670857363,0.0000000110845308658428,0.000278216638159803,3640.10688820845,2.67719556336751,3641.78436199953,91.0089129769487,13.0997645045844,"Malawi","Salima","TA Kuluunda",162,3642.784362,1,"Adults",10710.4113162
"192",192,0.000000000463655219993905,0.0000000000000000000000000000687172434944729,0.0000000000000000000000000050377001152257,0.00000000978205633872779,0.000261360519048242,3640.10690162087,2.6771990083598,3641.78436199953,91.0089129769487,13.0997645047719,"Malawi","Salima","TA Kuluunda",162,3642.784362,1,"Adults",10710.4113162
"193",193,0.000000000463655219993905,0.0000000000000000000000000000467822438013942,0.00000000000000000000000000344773988136206,0.00000000863262752137858,0.000245525639634391,3640.10691422063,2.67720224463265,3641.78436199953,91.0089129769487,13.0997645049373,"Malawi","Salima","TA Kuluunda",162,3642.784362,1,"Adults",10710.4113162
"194",194,0.000000000463655219993905,0.0000000000000000000000000000318507126799594,0.00000000000000000000000000235941976848062,0.00000000761826096092132,0.000230650128615724,3640.10692605696,2.67720528483149,3641.78436199953,91.0089129769487,13.0997645050833,"Malawi","Salima","TA Kuluunda",162,3642.784362,1,"Adults",10710.4113162
"195",195,0.000000000463655219993905,0.000000000000000000000000000021684432569179,0.00000000000000000000000000161460770003347,0.00000000672308632857932,0.000216675862989271,3640.10693717611,2.67720814083561,3641.78436199953,91.0089129769487,13.0997645052122,"Malawi","Salima","TA Kuluunda",162,3642.784362,1,"Adults",10710.4113162
"196",196,0.000000000463655219993905,0.0000000000000000000000000000147628146605042,0.0000000000000000000000000011049134523514,0.00000000593309811955612,0.000203548240988167,3640.10694762156,2.67721082380463,3641.78436199953,91.0089129769487,13.0997645053259,"Malawi","Salima","TA Kuluunda",162,3642.784362,1,"Adults",10710.4113162
"197",197,0.000000000463655219993905,0.0000000000000000000000000000100508349313228,0.000000000000000000000000000756080587166804,0.00000000523593652912664,0.000191215968771209,3640.10695743411,2.67721334422202,3641.78436199953,91.0089129769487,13.0997645054262,"Malawi","Salima","TA Kuluunda",162,3642.784362,1,"Adults",10710.4113162
"198",198,0.000000000463655219993905,0.00000000000000000000000000000684275805481126,0.000000000000000000000000000517365195194299,0.00000000462069407662076,0.000179630860032657,3640.10696665212,2.67721571193615,3641.78436199953,91.0089129769487,13.0997645055148,"Malawi","Salima","TA Kuluunda",162,3642.784362,1,"Adults",10710.4113162
"199",199,0.000000000463655219993905,0.00000000000000000000000000000465860097278902,0.000000000000000000000000000354014779739196,0.00000000407774495182422,0.000168747647749899,3640.10697531161,2.67721793619871,3641.78436199953,91.0089129769487,13.0997645055929,"Malawi","Salima","TA Kuluunda",162,3642.784362,1,"Adults",10710.4113162
"200",200,0.000000000463655219993905,0.00000000000000000000000000000317165512494976,0.000000000000000000000000000242230878849545,0.00000000359859441382634,0.000158523807333958,3640.10698344643,2.67722002570087,3641.78436199953,91.0089129769487,13.0997645056619,"Malawi","Salima","TA Kuluunda",162,3642.784362,1,"Adults",10710.4113162
"201",201,0.000000000463655219993905,0.0000000000000000000000000000021592956280413,0.000000000000000000000000000165738714401128,0.00000000317574572777084,0.00014891939006377,3640.10699108836,2.67722198860733,3641.78436199953,91.0089129769487,13.0997645057228,"Malawi","Salima","TA Kuluunda",162,3642.784362,1,"Adults",10710.4113162
"202",202,0.000000000463655219993905,0.00000000000000000000000000000147082485301526,0.000000000000000000000000000113455322616744,0.00000000280259930494919,0.000139896916908838,3640.10699826724,2.67722383257803,3641.78436199953,91.0089129769487,13.0997645057765,"Malawi","Salima","TA Kuluunda",162,3642.784362,1,"Adults",10710.4113162
"203",203,0.000000000463655219993905,0.00000000000000000000000000000100225962531386,0.0000000000000000000000000000776917982278412,0.00000000247330944245886,0.000131421117180582,3640.10700501112,2.67722556482155,3641.78436199953,91.0089129769487,13.0997645058239,"Malawi","Salima","TA Kuluunda",162,3642.784362,1,"Adults",10710.4113162
"204",204,0.000000000463655219993905,0.000000000000000000000000000000682309559947868,0.0000000000000000000000000000531540197293917,0.00000000218270959699004,0.000123458833809853,3640.1070113464,2.6772271921145,3641.78436199953,91.0089129769487,13.0997645058657,"Malawi","Salima","TA Kuluunda",162,3642.784362,1,"Adults",10710.4113162
"205",205,0.000000000463655219993905,0.000000000000000000000000000000464318655728696,0.0000000000000000000000000000363528198773627,0.00000000192625330323251,0.000115978951029619,3640.10701729784,2.67722872081627,3641.78436199953,91.0089129769487,13.0997645059026,"Malawi","Salima","TA Kuluunda",162,3642.784362,1,"Adults",10710.4113162
"206",206,0.000000000463655219993905,0.000000000000000000000000000000316042832822342,0.0000000000000000000000000000248663962678364,0.00000000169992924023535,0.000108952242768634,3640.10702288869,2.67723015690002,3641.78436199953,91.0089129769487,13.0997645059352,"Malawi","Salima","TA Kuluunda",162,3642.784362,1,"Adults",10710.4113162
"207",207,0.000000000463655219993905,0.000000000000000000000000000000215112975348312,0.0000000000000000000000000000170086044758545,0.00000000150019700071343,0.000102351253318119,3640.10702814081,2.67723150597709,3641.78436199953,91.0089129769487,13.0997645059639,"Malawi","Salima","TA Kuluunda",162,3642.784362,1,"Adults",10710.4113162
"208",208,0.000000000463655219993905,0.000000000000000000000000000000146402030374373,0.0000000000000000000000000000116326891304017,0.00000000132393218826054,0.0000961501903667881,3640.1070330747,2.67723277331886,3641.78436199953,91.0089129769487,13.0997645059893,"Malawi","Salima","TA Kuluunda",162,3642.784362,1,"Adults",10710.4113162
"209",209,0.000000000463655219993905,0.0000000000000000000000000000000996410089926397,0.00000000000000000000000000000795591462091142,0.00000000116837751202442,0.0000903248242176695,3640.10703770967,2.67723396387733,3641.78436199953,91.0089129769487,13.0997645060117,"Malawi","Salima","TA Kuluunda",162,3642.784362,1,"Adults",10710.4113162
"210",210,0.000000000463655219993905,0.0000000000000000000000000000000678167603642698,0.00000000000000000000000000000544121833414523,0.0000000010310996459909,0.0000848523931169651,3640.10704206381,2.67723508230449,3641.78436199953,91.0089129769487,13.0997645060315,"Malawi","Salima","TA Kuluunda",162,3642.784362,1,"Adults",10710.4113162
"211",211,0.000000000463655219993905,0.0000000000000000000000000000000461561446321204,0.00000000000000000000000000000372123243119671,0.000000000909951166481443,0.0000797115143223027,3640.10704615414,2.67723613297047,3641.78436199953,91.0089129769487,13.0997645060489,"Malawi","Salima","TA Kuluunda",162,3642.784362,1,"Adults",10710.4113162
"212",212,0.000000000463655219993905,0.0000000000000000000000000000000314138525707436,0.00000000000000000000000000000254487692353107,0.000000000803036960201173,0.000074882100558169,3640.10704999665,2.67723711998065,3641.78436199953,91.0089129769487,13.0997645060643,"Malawi","Salima","TA Kuluunda",162,3642.784362,1,"Adults",10710.4113162
"213",213,0.000000000463655219993905,0.0000000000000000000000000000000213803639933985,0.00000000000000000000000000000174035758325925,0.000000000708684579132724,0.0000703452815324477,3640.10705360635,2.67723804719167,3641.78436199953,91.0089129769487,13.0997645060779,"Malawi","Salima","TA Kuluunda",162,3642.784362,1,"Adults",10710.4113162
"214",214,0.000000000463655219993905,0.0000000000000000000000000000000145515258935432,0.00000000000000000000000000000119014515355362,0.000000000625418078608358,0.0000660833302075011,3640.10705699735,2.67723891822654,3641.78436199953,91.0089129769487,13.0997645060899,"Malawi","Salima","TA Kuluunda",162,3642.784362,1,"Adults",10710.4113162
"215",215,0.000000000463655219993905,0.00000000000000000000000000000000990378931912802,0.000000000000000000000000000000813862705569445,0.000000000551934929258444,0.0000620795935377888,3640.1070601829,2.67723973648873,3641.78436199953,91.0089129769487,13.0997645061004,"Malawi","Salima","TA Kuluunda",162,3642.784362,1,"Adults",10710.4113162
"216",216,0.000000000463655219993905,0.00000000000000000000000000000000674053810834598,0.000000000000000000000000000000556535527537799,0.00000000048708564167728,0.0000583184274034608,3640.10706317545,2.67724050517553,3641.78436199953,91.0089129769487,13.0997645061098,"Malawi","Salima","TA Kuluunda",162,3642.784362,1,"Adults",10710.4113162
"217",217,0.000000000463655219993905,0.00000000000000000000000000000000458762416779759,0.000000000000000000000000000000380561700471453,0.000000000429855785077654,0.0000547851354857534,3640.10706598668,2.67724122729053,3641.78436199953,91.0089129769487,13.099764506118,"Malawi","Salima","TA Kuluunda",162,3642.784362,1,"Adults",10710.4113162
"218",218,0.000000000463655219993905,0.0000000000000000000000000000000031223455580961,0.000000000000000000000000000000260224177681229,0.000000000379350118653569,0.0000514659118454053,3640.10706862759,2.67724190565532,3641.78436199953,91.0089129769487,13.0997645061253,"Malawi","Salima","TA Kuluunda",162,3642.784362,1,"Adults",10710.4113162
"219",219,0.000000000463655219993905,0.00000000000000000000000000000000212507425968934,0.000000000000000000000000000000177934753647609,0.000000000334778587419685,0.000048347786979778,3640.10707110849,2.67724254292056,3641.78436199953,91.0089129769487,13.0997645061317,"Malawi","Salima","TA Kuluunda",162,3642.784362,1,"Adults",10710.4113162
"220",220,0.000000000463655219993905,0.00000000000000000000000000000000144632966497088,0.000000000000000000000000000000121664700468819,0.000000000295443963461815,0.0000454185771479476,3640.10707343909,2.6772431415763,3641.78436199953,91.0089129769487,13.0997645061374,"Malawi","Salima","TA Kuluunda",162,3642.784362,1,"Adults",10710.4113162
"221",221,0.000000000463655219993905,0.000000000000000000000000000000000984374742232096,0.0000000000000000000000000000000831877014926915,0.000000000260730939271815,0.0000426668367658016,3640.10707562848,2.67724370396176,3641.78436199953,91.0089129769487,13.0997645061423,"Malawi","Salima","TA Kuluunda",162,3642.784362,1,"Adults",10710.4113162
"222",222,0.000000000463655219993905,0.00000000000000000000000000000000066996732469854,0.0000000000000000000000000000000568780204568945,0.000000000230096502555041,0.0000400818136851637,3640.10707768522,2.67724423227439,3641.78436199953,91.0089129769487,13.0997645061468,"Malawi","Salima","TA Kuluunda",162,3642.784362,1,"Adults",10710.4113162
"223",223,0.000000000463655219993905,0.000000000000000000000000000000000455981044940177,0.0000000000000000000000000000000388884585750305,0.000000000203061441944436,0.0000376534071822349,3640.10707961735,2.67724472857855,3641.78436199953,91.0089129769487,13.0997645061506,"Malawi","Salima","TA Kuluunda",162,3642.784362,1,"Adults",10710.4113162
"224",224,0.000000000463655219993905,0.000000000000000000000000000000000310341573075613,0.0000000000000000000000000000000265881408889635,0.000000000179202850746026,0.0000353721284912215,3640.10708143242,2.6772451948135,3641.78436199953,91.0089129769487,13.0997645061541,"Malawi","Salima","TA Kuluunda",162,3642.784362,1,"Adults",10710.4113162
"225",225,0.000000000463655219993905,0.000000000000000000000000000000000211219068255307,0.000000000000000000000000000000018178007553355,0.000000000158147511452666,0.000033229063728964,3640.10708313751,2.67724563280103,3641.78436199953,91.0089129769487,13.0997645061571,"Malawi","Salima","TA Kuluunda",162,3642.784362,1,"Adults",10710.4113162
"226",226,0.000000000463655219993905,0.000000000000000000000000000000000143756102088697,0.0000000000000000000000000000000124278423666669,0.000000000139566057540665,0.0000312158390657179,3640.1070847393,2.67724604425253,3641.78436199953,91.0089129769487,13.0997645061598,"Malawi","Salima","TA Kuluunda",162,3642.784362,1,"Adults",10710.4113162
"227",227,0.000000000463655219993905,0.0000000000000000000000000000000000978406783306336,0.000000000000000000000000000000008496428758357,0.000000000123167821222873,0.0000293245880060137,3640.10708624405,2.67724643077572,3641.78436199953,91.0089129769487,13.0997645061621,"Malawi","Salima","TA Kuluunda",162,3642.784362,1,"Adults",10710.4113162
"228",228,0.000000000463655219993905,0.0000000000000000000000000000000000665905529490336,0.00000000000000000000000000000000580855906466423,0.000000000108696286562149,0.0000275479206517659,3640.10708765763,2.67724679388092,3641.78436199953,91.0089129769487,13.0997645061642,"Malawi","Salima","TA Kuluunda",162,3642.784362,1,"Adults",10710.4113162
"229",229,0.000000000463655219993905,0.0000000000000000000000000000000000453120809501678,0.00000000000000000000000000000000397011891269075,0.0000000000959245121518151,0.0000258788766678409,3640.10708898557,2.67724713499064,3641.78436199953,91.0089129769487,13.0997645061661,"Malawi","Salima","TA Kuluunda",162,3642.784362,1,"Adults",10710.4113162
"230",230,0.000000000463655219993905,0.0000000000000000000000000000000000307111220767357,0.00000000000000000000000000000000270314316281719,0.0000000000846423088777475,0.0000243105637329089,3640.10709023337,2.6772474555135,3641.78436199953,91.0089129769487,13.0997645061677,"Malawi","Salima","TA Kuluunda",162,3642.784362,1,"Adults",10710.4113162
"231",231,0.000000000463655219993905,0.0000000000000000000000000000000000208346840900221,0.00000000000000000000000000000000184200806836271,0.0000000000746847703478677,0.0000228372011417338,3640.10709140563,2.67724775663093,3641.78436199953,91.0089129769487,13.0997645061691,"Malawi","Salima","TA Kuluunda",162,3642.784362,1,"Adults",10710.4113162
"232",232,0.000000000463655219993905,0.000000000000000000000000000000000014171841517794,0.00000000000000000000000000000000125826116004802,0.0000000000658989266595016,0.0000214531350982082,3640.10709250684,2.67724803949842,3641.78436199953,91.0089129769487,13.0997645061704,"Malawi","Salima","TA Kuluunda",162,3642.784362,1,"Adults",10710.4113162
"233",233,0.000000000463655219993905,0.00000000000000000000000000000000000964178546378641,0.000000000000000000000000000000000859660783328485,0.0000000000581466534226582,0.0000201529514666683,3640.1070935413,2.67724830522249,3641.78436199953,91.0089129769487,13.0997645061715,"Malawi","Salima","TA Kuluunda",162,3642.784362,1,"Adults",10710.4113162
"234",234,0.000000000463655219993905,0.00000000000000000000000000000000000655789983915332,0.000000000000000000000000000000000587171787063396,0.0000000000513063475419353,0.0000189315663929596,3640.10709451308,2.67724855484215,3641.78436199953,91.0089129769487,13.0997645061725,"Malawi","Salima","TA Kuluunda",162,3642.784362,1,"Adults",10710.4113162
"235",235,0.000000000463655219993905,0.00000000000000000000000000000000000446011604671761,0.000000000000000000000000000000000401026275312005,0.000000000045270727367003,0.0000177842042434487,3640.10709542595,2.67724878933342,3641.78436199953,91.0089129769487,13.0997645061734,"Malawi","Salima","TA Kuluunda",162,3642.784362,1,"Adults",10710.4113162
"236",236,0.000000000463655219993905,0.00000000000000000000000000000000000303346454203412,0.000000000000000000000000000000000273894077337806,0.0000000000399451306659123,0.0000167063788118884,3640.1070962835,2.67724900961317,3641.78436199953,91.0089129769487,13.0997645061741,"Malawi","Salima","TA Kuluunda",162,3642.784362,1,"Adults",10710.4113162
"237",237,0.000000000463655219993905,0.00000000000000000000000000000000000206317529185192,0.000000000000000000000000000000000187063310979807,0.0000000000352460310830817,0.0000156938757805388,3640.10709708908,2.67724921654269,3641.78436199953,91.0089129769487,13.0997645061748,"Malawi","Salima","TA Kuluunda",162,3642.784362,1,"Adults",10710.4113162
"238",238,0.000000000463655219993905,0.00000000000000000000000000000000000140324188148058,0.000000000000000000000000000000000127757505835386,0.0000000000310997282121559,0.0000147427362424474,3640.10709784584,2.67724941093109,3641.78436199953,91.0089129769487,13.0997645061754,"Malawi","Salima","TA Kuluunda",162,3642.784362,1,"Adults",10710.4113162
"239",239,0.000000000463655219993905,0.000000000000000000000000000000000000954395381703777,0.0000000000000000000000000000000000872521807702908,0.0000000000274411916788602,0.0000138492412222306,3640.10709855673,2.67724959353843,3641.78436199953,91.0089129769487,13.0997645061759,"Malawi","Salima","TA Kuluunda",162,3642.784362,1,"Adults",10710.4113162
"240",240,0.000000000463655219993905,0.0000000000000000000000000000000000006491187255969,0.0000000000000000000000000000000000595879975664704,0.0000000000242130412079169,0.0000130098971349673,3640.10709922454,2.6772497650787,3641.78436199953,91.0089129769487,13.0997645061764,"Malawi","Salima","TA Kuluunda",162,3642.784362,1,"Adults",10710.4113162
"241",241,0.000000000463655219993905,0.000000000000000000000000000000000000441489136187091,0.0000000000000000000000000000000000406943419662588,0.0000000000213646466741431,0.0000122214221263524,3640.10709985187,2.67724992622265,3641.78436199953,91.0089129769487,13.0997645061768,"Malawi","Salima","TA Kuluunda",162,3642.784362,1,"Adults",10710.4113162
"242",242,0.000000000463655219993905,0.000000000000000000000000000000000000300272743436163,0.0000000000000000000000000000000000277908617519668,0.000000000018851334022499,0.000011480733240701,3640.10710044118,2.67725007760034,3641.78436199953,91.0089129769487,13.0997645061772,"Malawi","Salima","TA Kuluunda",162,3642.784362,1,"Adults",10710.4113162
"243",243,0.000000000463655219993905,0.000000000000000000000000000000000000204226358954623,0.0000000000000000000000000000000000189785395776487,0.000000000016633684602794,0.0000107849343666337,3640.10710099478,2.67725021980366,3641.78436199953,91.0089129769487,13.0997645061775,"Malawi","Salima","TA Kuluunda",162,3642.784362,1,"Adults",10710.4113162
"244",244,0.000000000463655219993905,0.000000000000000000000000000000000000138901736606001,0.0000000000000000000000000000000000129603407930308,0.0000000000146769169298581,0.0000101313049133116,3640.10710151483,2.67725035338864,3641.78436199953,91.0089129769487,13.0997645061778,"Malawi","Salima","TA Kuluunda",162,3642.784362,1,"Adults",10710.4113162
"245",245,0.000000000463655219993905,0.0000000000000000000000000000000000000944720973466587,0.00000000000000000000000000000000000885040139875839,0.0000000000129503411727412,0.00000951728917294706,3640.10710200336,2.6772504788776,3641.78436199953,91.0089129769487,13.099764506178,"Malawi","Salima","TA Kuluunda",162,3642.784362,1,"Adults",10710.4113162
"246",246,0.000000000463655219993905,0.0000000000000000000000000000000000000642538920054946,0.00000000000000000000000000000000000604369426052726,0.0000000000114268778171806,0.00000894048632799941,3640.10710246228,2.6772505967612,3641.78436199953,91.0089129769487,13.0997645061782,"Malawi","Salima","TA Kuluunda",162,3642.784362,1,"Adults",10710.4113162
"247",247,0.000000000463655219993905,0.0000000000000000000000000000000000000437013970619198,0.00000000000000000000000000000000000412700534711432,0.0000000000100826329520656,0.00000839864106398476,3640.10710289338,2.67725070750037,3641.78436199953,91.0089129769487,13.0997645061784,"Malawi","Salima","TA Kuluunda",162,3642.784362,1,"Adults",10710.4113162
"248",248,0.000000000463655219993905,0.0000000000000000000000000000000000000297229015298653,0.00000000000000000000000000000000000281812764393774,0.00000000000889652351871939,0.00000788963475119706,3640.10710329836,2.67725081152811,3641.78436199953,91.0089129769487,13.0997645061786,"Malawi","Salima","TA Kuluunda",162,3642.784362,1,"Adults",10710.4113162
"249",249,0.000000000463655219993905,0.0000000000000000000000000000000000000202156208897947,0.0000000000000000000000000000000000019243294508953,0.0000000000078499466454258,0.00000741147716086207,3640.1071036788,2.67725090925116,3641.78436199953,91.0089129769487,13.0997645061787,"Malawi","Salima","TA Kuluunda",162,3642.784362,1,"Adults",10710.4113162
"250",250,0.000000000463655219993905,0.0000000000000000000000000000000000000137493752941734,0.000000000000000000000000000000000001313987958101,0.00000000000692648788106637,0.00000696229868333503,3640.10710403618,2.67725100105163,3641.78436199953,91.0089129769487,13.0997645061789,"Malawi","Salima","TA Kuluunda",162,3642.784362,1,"Adults",10710.4113162
"251",251,0.000000000463655219993905,0.0000000000000000000000000000000000000093514476756107,0.000000000000000000000000000000000000897215132008003,0.00000000000611166375181865,0.00000654034301791612,3640.1071043719,2.67725108728846,3641.78436199953,91.0089129769487,13.099764506179,"Malawi","Salima","TA Kuluunda",162,3642.784362,1,"Adults",10710.4113162
"252",252,0.000000000463655219993905,0.00000000000000000000000000000000000000636025795782419,0.000000000000000000000000000000000000612625532014859,0.00000000000539269460319093,0.0000061439603057013,3640.10710468727,2.67725116829884,3641.78436199953,91.0089129769487,13.0997645061791,"Malawi","Salima","TA Kuluunda",162,3642.784362,1,"Adults",10710.4113162
"253",253,0.000000000463655219993905,0.00000000000000000000000000000000000000432584159089029,0.000000000000000000000000000000000000418299116030078,0.00000000000475830416466071,0.00000577160067861857,3640.10710498353,2.67725124439951,3641.78436199953,91.0089129769487,13.0997645061792,"Malawi","Salima","TA Kuluunda",162,3642.784362,1,"Adults",10710.4113162
"254",254,0.000000000463655219993905,0.00000000000000000000000000000000000000294216140188487,0.000000000000000000000000000000000000285609207213592,0.00000000000419854269330035,0.00000542180819942695,3640.10710526184,2.67725131588805,3641.78436199953,91.0089129769487,13.0997645061793,"Malawi","Salima","TA Kuluunda",162,3642.784362,1,"Adults",10710.4113162
"255",255,0.000000000463655219993905,0.00000000000000000000000000000000000000200107043517266,0.000000000000000000000000000000000000195007320333554,0.00000000000370463092258472,0.00000509321516898371,3640.10710552327,2.67725138304397,3641.78436199953,91.0089129769487,13.0997645061793,"Malawi","Salima","TA Kuluunda",162,3642.784362,1,"Adults",10710.4113162
"256",256,0.000000000463655219993905,0.0000000000000000000000000000000000000013610004141752,0.000000000000000000000000000000000000133144468948074,0.00000000000326882236888311,0.0000047845367785219,3640.10710576887,2.67725144612984,3641.78436199953,91.0089129769487,13.0997645061794,"Malawi","Salima","TA Kuluunda",162,3642.784362,1,"Adults",10710.4113162
"257",257,0.000000000463655219993905,0.000000000000000000000000000000000000000925665631170797,0.0000000000000000000000000000000000000909052361726337,0.00000000000288428183605818,0.00000449456608602851,3640.10710599958,2.67725150539235,3641.78436199953,91.0089129769487,13.0997645061795,"Malawi","Salima","TA Kuluunda",162,3642.784362,1,"Adults",10710.4113162
"258",258,0.000000000463655219993905,0.000000000000000000000000000000000000000629578692121856,0.0000000000000000000000000000000000000620652162435575,0.00000000000254497821264532,0.00000422216929708153,3640.1071062163,2.67725156106321,3641.78436199953,91.0089129769487,13.0997645061795,"Malawi","Salima","TA Kuluunda",162,3642.784362,1,"Adults",10710.4113162
"259",259,0.000000000463655219993905,0.000000000000000000000000000000000000000428199250601831,0.0000000000000000000000000000000000000423741791982084,0.00000000000224558988024938,0.00000396628133169376,3640.10710641989,2.67725161336008,3641.78436199953,91.0089129769487,13.0997645061795,"Malawi","Salima","TA Kuluunda",162,3642.784362,1,"Adults",10710.4113162
"260",260,0.000000000463655219993905,0.000000000000000000000000000000000000000291233805258932,0.0000000000000000000000000000000000000289299728249476,0.00000000000198142124958977,0.00000372590165983027,3640.10710661115,2.67725166248747,3641.78436199953,91.0089129769487,13.0997645061796,"Malawi","Salima","TA Kuluunda",162,3642.784362,1,"Adults",10710.4113162
"261",261,0.000000000463655219993905,0.000000000000000000000000000000000000000198078649616212,0.0000000000000000000000000000000000000197509732621688,0.00000000000174832911514986,0.00000350009038931624,3640.10710679081,2.67725170863745,3641.78436199953,91.0089129769487,13.0997645061796,"Malawi","Salima","TA Kuluunda",162,3642.784362,1,"Adults",10710.4113162
"262",262,0.000000000463655219993905,0.000000000000000000000000000000000000000134720457328197,0.0000000000000000000000000000000000000134841250719224,0.00000000000154265767338144,0.00000328796459083918,3640.10710695958,2.67725175199047,3641.78436199953,91.0089129769487,13.0997645061796,"Malawi","Salima","TA Kuluunda",162,3642.784362,1,"Adults",10710.4113162
"263",263,0.000000000463655219993905,0.0000000000000000000000000000000000000000916282580578264,0.00000000000000000000000000000000000000920557425696186,0.00000000000136118118529339,0.00000308869484567627,3640.10710711812,2.67725179271605,3641.78436199953,91.0089129769487,13.0997645061797,"Malawi","Salima","TA Kuluunda",162,3642.784362,1,"Adults",10710.4113162
"264",264,0.000000000463655219993905,0.0000000000000000000000000000000000000000623196939889155,0.00000000000000000000000000000000000000628453121207669,0.00000000000120105338414804,0.00000290150200264858,3640.10710726706,2.67725183097342,3641.78436199953,91.0089129769487,13.0997645061797,"Malawi","Salima","TA Kuluunda",162,3642.784362,1,"Adults",10710.4113162
"265",265,0.000000000463655219993905,0.000000000000000000000000000000000000000042385878998531,0.00000000000000000000000000000000000000429031147994917,0.00000000000105976283477834,0.00000272565413162192,3640.10710740697,2.67725186691217,3641.78436199953,91.0089129769487,13.0997645061797,"Malawi","Salima","TA Kuluunda",162,3642.784362,1,"Adults",10710.4113162
"266",266,0.000000000463655219993905,0.0000000000000000000000000000000000000000288281700934496,0.00000000000000000000000000000000000000292886084779866,0.000000000000935093544384025,0.00000256046366164242,3640.1071075384,2.67725190067283,3641.78436199953,91.0089129769487,13.0997645061797,"Malawi","Salima","TA Kuluunda",162,3642.784362,1,"Adults",10710.4113162
"267",267,0.000000000463655219993905,0.0000000000000000000000000000000000000000196070816643551,0.00000000000000000000000000000000000000199941376350419,0.000000000000825090207028792,0.0000024052846925172,3640.10710766187,2.67725193238739,3641.78436199953,91.0089129769487,13.0997645061798,"Malawi","Salima","TA Kuluunda",162,3642.784362,1,"Adults",10710.4113162
"268",268,0.000000000463655219993905,0.0000000000000000000000000000000000000000133354857470243,0.00000000000000000000000000000000000000136489952936099,0.000000000000728027536735121,0.00000225951046932824,3640.10710777785,2.67725196217987,3641.78436199953,91.0089129769487,13.0997645061798,"Malawi","Salima","TA Kuluunda",162,3642.784362,1,"Adults",10710.4113162
"269",269,0.000000000463655219993905,0.00000000000000000000000000000000000000000906994641803259,0.000000000000000000000000000000000000000931735841676991,0.000000000000642383208198848,0.0000021225710100049,3640.1071078868,2.67725199016675,3641.78436199953,91.0089129769487,13.0997645061798,"Malawi","Salima","TA Kuluunda",162,3642.784362,1,"Adults",10710.4113162
"270",270,0.000000000463655219993905,0.00000000000000000000000000000000000000000616879876645039,0.000000000000000000000000000000000000000636032158662348,0.000000000000566813980727191,0.00000199393087667891,3640.10710798915,2.67725201645746,3641.78436199953,91.0089129769487,13.0997645061798,"Malawi","Salima","TA Kuluunda",162,3642.784362,1,"Adults",10710.4113162
"271",271,0.000000000463655219993905,0.00000000000000000000000000000000000000000419562326690602,0.000000000000000000000000000000000000000434169733106546,0.000000000000500134630929446,0.00000187308708210784,3640.1071080853,2.6772520411548,3641.78436199953,91.0089129769487,13.0997645061798,"Malawi","Salima","TA Kuluunda",162,3642.784362,1,"Adults",10710.4113162
"272",272,0.000000000463655219993905,0.00000000000000000000000000000000000000000285359520780604,0.000000000000000000000000000000000000000296370009342839,0.000000000000441299363741917,0.00000175956712298102,3640.10710817561,2.67725206435534,3641.78436199953,91.0089129769487,13.0997645061798,"Malawi","Salima","TA Kuluunda",162,3642.784362,1,"Adults",10710.4113162
"273",273,0.000000000463655219993905,0.00000000000000000000000000000000000000000194083336182041,0.0000000000000000000000000000000000000002023034290961,0.000000000000389385410238656,0.00000165292713241841,3640.10710826046,2.67725208614979,3641.78436199953,91.0089129769487,13.0997645061798,"Malawi","Salima","TA Kuluunda",162,3642.784362,1,"Adults",10710.4113162
"274",274,0.000000000463655219993905,0.00000000000000000000000000000000000000000132003100091549,0.000000000000000000000000000000000000000138091375976751,0.000000000000343578554977021,0.0000015527501444384,3640.10710834016,2.67725210662338,3641.78436199953,91.0089129769487,13.0997645061798,"Malawi","Salima","TA Kuluunda",162,3642.784362,1,"Adults",10710.4113162
"275",275,0.000000000463655219993905,0.0000000000000000000000000000000000000000008978008507384,0.0000000000000000000000000000000000000000942593049695986,0.000000000000303160365889792,0.00000145864446360874,3640.10710841504,2.67725212585614,3641.78436199953,91.0089129769487,13.0997645061798,"Malawi","Salima","TA Kuluunda",162,3642.784362,1,"Adults",10710.4113162
"276",276,0.000000000463655219993905,0.000000000000000000000000000000000000000000610626846665192,0.000000000000000000000000000000000000000064339297228769,0.000000000000267496926438204,0.0000013702421335059,3640.10710848537,2.67725214392329,3641.78436199953,91.0089129769487,13.0997645061798,"Malawi","Salima","TA Kuluunda",162,3642.784362,1,"Adults",10710.4113162
"277",277,0.000000000463655219993905,0.000000000000000000000000000000000000000000415309414735875,0.0000000000000000000000000000000000000000439160060431592,0.000000000000236028893301633,0.00000128719749799451,3640.10710855144,2.67725216089546,3641.78436199953,91.0089129769487,13.0997645061798,"Malawi","Salima","TA Kuluunda",162,3642.784362,1,"Adults",10710.4113162
"278",278,0.000000000463655219993905,0.000000000000000000000000000000000000000000282466961468877,0.0000000000000000000000000000000000000000299753210055403,0.000000000000208262723669326,0.00000120918584970149,3640.10710861351,2.67725217683902,3641.78436199953,91.0089129769487,13.0997645061798,"Malawi","Salima","TA Kuluunda",162,3642.784362,1,"Adults",10710.4113162
"279",279,0.000000000463655219993905,0.000000000000000000000000000000000000000000192116001927075,0.0000000000000000000000000000000000000000204597051833396,0.000000000000183762934543514,0.00000113590216040029,3640.10710867182,2.67725219181631,3641.78436199953,91.0089129769487,13.0997645061798,"Malawi","Salima","TA Kuluunda",162,3642.784362,1,"Adults",10710.4113162
"280",280,0.000000000463655219993905,0.000000000000000000000000000000000000000000130665044876886,0.0000000000000000000000000000000000000000139646308933242,0.000000000000162145272649277,0.0000010670598883412,3640.10710872659,2.67725220588588,3641.78436199953,91.0089129769487,13.0997645061799,"Malawi","Salima","TA Kuluunda",162,3642.784362,1,"Adults",10710.4113162
"281",281,0.000000000463655219993905,0.0000000000000000000000000000000000000000000888700253049058,0.00000000000000000000000000000000000000000953134413057117,0.000000000000143070687828414,0.00000100238985786419,3640.10710877804,2.67725221910276,3641.78436199953,91.0089129769487,13.0997645061799,"Malawi","Salima","TA Kuluunda",162,3642.784362,1,"Adults",10710.4113162
"282",282,0.000000000463655219993905,0.0000000000000000000000000000000000000000000604437200872103,0.00000000000000000000000000000000000000000650539207414542,0.000000000000126240015396383,0.000000941639206913652,3640.10710882638,2.67725223151862,3641.78436199953,91.0089129769487,13.0997645061799,"Malawi","Salima","TA Kuluunda",162,3642.784362,1,"Adults",10710.4113162
"283",283,0.000000000463655219993905,0.000000000000000000000000000000000000000000041109961266003,0.00000000000000000000000000000000000000000444004607627694,0.000000000000111389284060701,0.000000884570398339777,3640.10710887178,2.67725224318201,3641.78436199953,91.0089129769487,13.0997645061799,"Malawi","Salima","TA Kuluunda",162,3642.784362,1,"Adults",10710.4113162
"284",284,0.000000000463655219993905,0.0000000000000000000000000000000000000000000279603722745646,0.00000000000000000000000000000000000000000303037370930576,0.0000000000000982855758104649,0.00000083096029112075,3640.10710891444,2.67725225413853,3641.78436199953,91.0089129769487,13.0997645061799,"Malawi","Salima","TA Kuluunda",162,3642.784362,1,"Adults",10710.4113162
"285",285,0.000000000463655219993905,0.0000000000000000000000000000000000000000000190168609665269,0.00000000000000000000000000000000000000000206823389150859,0.0000000000000867233728437511,0.000000780599267874195,3640.10710895451,2.67725226443101,3641.78436199953,91.0089129769487,13.0997645061799,"Malawi","Salima","TA Kuluunda",162,3642.784362,1,"Adults",10710.4113162
"286",286,0.000000000463655219993905,0.0000000000000000000000000000000000000000000129340552933346,0.00000000000000000000000000000000000000000141155529758204,0.000000000000076521334238299,0.000000733290415246458,3640.10710899215,2.67725227409972,3641.78436199953,91.0089129769487,13.0997645061799,"Malawi","Salima","TA Kuluunda",162,3642.784362,1,"Adults",10710.4113162
"287",287,0.000000000463655219993905,0.00000000000000000000000000000000000000000000879691904074291,0.000000000000000000000000000000000000000000963365219337504,0.000000000000067519451810982,0.000000688848753974994,3640.10710902751,2.67725228318244,3641.78436199953,91.0089129769487,13.0997645061799,"Malawi","Salima","TA Kuluunda",162,3642.784362,1,"Adults",10710.4113162
"288",288,0.000000000463655219993905,0.00000000000000000000000000000000000000000000598310296767687,0.000000000000000000000000000000000000000000657474457893989,0.0000000000000595765405587217,0.000000647100515613415,3640.10710906072,2.6772522917147,3641.78436199953,91.0089129769487,13.0997645061799,"Malawi","Salima","TA Kuluunda",162,3642.784362,1,"Adults",10710.4113162
"289",289,0.000000000463655219993905,0.00000000000000000000000000000000000000000000406932483476871,0.000000000000000000000000000000000000000000448705817356104,0.0000000000000525680243210699,0.000000607882463091158,3640.10710909192,2.67725229972985,3641.78436199953,91.0089129769487,13.0997645061799,"Malawi","Salima","TA Kuluunda",162,3642.784362,1,"Adults",10710.4113162
"290",290,0.000000000463655219993905,0.0000000000000000000000000000000000000000000027676950740079,0.000000000000000000000000000000000000000000306224152190542,0.000000000000046383981934917,0.000000571041252451156,3640.10710912124,2.67725230725924,3641.78436199953,91.0089129769487,13.0997645061799,"Malawi","Salima","TA Kuluunda",162,3642.784362,1,"Adults",10710.4113162
"291",291,0.000000000463655219993905,0.00000000000000000000000000000000000000000000188240957253266,0.000000000000000000000000000000000000000000208983569463835,0.0000000000000409274232373304,0.000000536432833269878,3640.10710914877,2.67725231433231,3641.78436199953,91.0089129769487,13.0997645061799,"Malawi","Salima","TA Kuluunda",162,3642.784362,1,"Adults",10710.4113162
"292",292,0.000000000463655219993905,0.00000000000000000000000000000000000000000000128029486775914,0.000000000000000000000000000000000000000000142619805409591,0.0000000000000361127678774518,0.000000503921885415379,3640.10710917464,2.6772523209767,3641.78436199953,91.0089129769487,13.0997645061799,"Malawi","Salima","TA Kuluunda",162,3642.784362,1,"Adults",10710.4113162
"293",293,0.000000000463655219993905,0.000000000000000000000000000000000000000000000870774868728788,0.0000000000000000000000000000000000000000000973290681371575,0.0000000000000318645030792263,0.000000473381289941058,3640.10710919894,2.67725232721841,3641.78436199953,91.0089129769487,13.0997645061799,"Malawi","Salima","TA Kuluunda",162,3642.784362,1,"Adults",10710.4113162
"294",294,0.000000000463655219993905,0.00000000000000000000000000000000000000000000059224549836659,0.0000000000000000000000000000000000000000000664202266766453,0.0000000000000281159993033929,0.000000444691632046313,3640.10710922176,2.67725233308183,3641.78436199953,91.0089129769487,13.0997645061799,"Malawi","Salima","TA Kuluunda",162,3642.784362,1,"Adults",10710.4113162
"295",295,0.000000000463655219993905,0.000000000000000000000000000000000000000000000402807594629747,0.0000000000000000000000000000000000000000000453266097736605,0.0000000000000248084652336459,0.00000041774073416064,3640.10710924321,2.6772523385899,3641.78436199953,91.0089129769487,13.0997645061799,"Malawi","Salima","TA Kuluunda",162,3642.784362,1,"Adults",10710.4113162
"296",296,0.000000000463655219993905,0.00000000000000000000000000000000000000000000027396402123688,0.0000000000000000000000000000000000000000000309315190575931,0.0000000000000218900256970325,0.000000392423217325548,3640.10710926335,2.67725234376414,3641.78436199953,91.0089129769487,13.0997645061799,"Malawi","Salima","TA Kuluunda",162,3642.784362,1,"Adults",10710.4113162
"297",297,0.000000000463655219993905,0.00000000000000000000000000000000000000000000018633284459675,0.0000000000000000000000000000000000000000000211078705224737,0.0000000000000193149080567416,0.000000368640089159252,3640.10710928227,2.6772523486248,3641.78436199953,91.0089129769487,13.0997645061799,"Malawi","Salima","TA Kuluunda",162,3642.784362,1,"Adults",10710.4113162
"298",298,0.000000000463655219993905,0.000000000000000000000000000000000000000000000126731710313209,0.0000000000000000000000000000000000000000000144039891993643,0.0000000000000170427243167173,0.000000346298356793096,3640.10710930005,2.67725235319087,3641.78436199953,91.0089129769487,13.0997645061799,"Malawi","Salima","TA Kuluunda",162,3642.784362,1,"Adults",10710.4113162
"299",299,0.000000000463655219993905,0.0000000000000000000000000000000000000000000000861948221405806,0.00000000000000000000000000000000000000000000982915938223043,0.0000000000000150378376786655,0.000000325310663266265,3640.10710931675,2.67725235748021,3641.78436199953,91.0089129769487,13.0997645061799,"Malawi","Salima","TA Kuluunda",162,3642.784362,1,"Adults",10710.4113162
"300",300,0.000000000463655219993905,0.0000000000000000000000000000000000000000000000586242176130175,0.00000000000000000000000000000000000000000000670726126922521,0.0000000000000132688036165715,0.000000305594945957076,3640.10710933243,2.67725236150959,3641.78436199953,91.0089129769487,13.0997645061799,"Malawi","Salima","TA Kuluunda",162,3642.784362,1,"Adults",10710.4113162
"301",301,0.000000000463655219993905,0.0000000000000000000000000000000000000000000000398724517946654,0.00000000000000000000000000000000000000000000457687822796779,0.0000000000000117078767025743,0.000000287074115715321,3640.10710934717,2.67725236529477,3641.78436199953,91.0089129769487,13.0997645061799,"Malawi","Salima","TA Kuluunda",162,3642.784362,1,"Adults",10710.4113162
"302",302,0.000000000463655219993905,0.0000000000000000000000000000000000000000000000271186973038642,0.00000000000000000000000000000000000000000000312312099651276,0.0000000000000103305754492809,0.000000269675755441034,3640.10710936101,2.67725236885054,3641.78436199953,91.0089129769487,13.0997645061799,"Malawi","Salima","TA Kuluunda",162,3642.784362,1,"Adults",10710.4113162
"303",303,0.000000000463655219993905,0.0000000000000000000000000000000000000000000000184444073629677,0.0000000000000000000000000000000000000000000021310989313072,0.00000000000000911529834353472,0.000000253331836931141,3640.10710937402,2.67725237219082,3641.78436199953,91.0089129769487,13.0997645061799,"Malawi","Salima","TA Kuluunda",162,3642.784362,1,"Adults",10710.4113162
"304",304,0.000000000463655219993905,0.0000000000000000000000000000000000000000000000125447088833345,0.00000000000000000000000000000000000000000000145416534906079,0.00000000000000804298504953378,0.000000237978454886835,3640.10710938623,2.67725237532865,3641.78436199953,91.0089129769487,13.0997645061799,"Malawi","Salima","TA Kuluunda",162,3642.784362,1,"Adults",10710.4113162
"305",305,0.000000000463655219993905,0.00000000000000000000000000000000000000000000000853211045881085,0.000000000000000000000000000000000000000000000992246056144846,0.00000000000000709681746762648,0.000000223555577041653,3640.10710939771,2.67725237827631,3641.78436199953,91.0089129769487,13.0997645061799,"Malawi","Salima","TA Kuluunda",162,3642.784362,1,"Adults",10710.4113162
"306",306,0.000000000463655219993905,0.00000000000000000000000000000000000000000000000580299706901173,0.000000000000000000000000000000000000000000000677049481755585,0.00000000000000626195596021004,0.00000021000680943323,3640.10710940849,2.67725238104533,3641.78436199953,91.0089129769487,13.0997645061799,"Malawi","Salima","TA Kuluunda",162,3642.784362,1,"Adults",10710.4113162
"307",307,0.000000000463655219993905,0.00000000000000000000000000000000000000000000000394682829595785,0.000000000000000000000000000000000000000000000461973332915738,0.00000000000000552530660771306,0.000000197279175900953,3640.10710941861,2.67725238364653,3641.78436199953,91.0089129769487,13.0997645061799,"Malawi","Salima","TA Kuluunda",162,3642.784362,1,"Adults",10710.4113162
"308",308,0.000000000463655219993905,0.00000000000000000000000000000000000000000000000268438074542731,0.000000000000000000000000000000000000000000000315216470106691,0.00000000000000487531584431865,0.000000185322910947332,3640.10710942813,2.67725238609008,3641.78436199953,91.0089129769487,13.0997645061799,"Malawi","Salima","TA Kuluunda",162,3642.784362,1,"Adults",10710.4113162
"309",309,0.000000000463655219993905,0.00000000000000000000000000000000000000000000000182574448293714,0.000000000000000000000000000000000000000000000215078214328786,0.00000000000000430178925250673,0.000000174091265153172,3640.10710943706,2.67725238838554,3641.78436199953,91.0089129769487,13.0997645061799,"Malawi","Salima","TA Kuluunda",162,3642.784362,1,"Adults",10710.4113162
"310",310,0.000000000463655219993905,0.00000000000000000000000000000000000000000000000124175488989959,0.000000000000000000000000000000000000000000000146750468971541,0.00000000000000379573167439958,0.000000163540322385716,3640.10710944546,2.67725239054188,3641.78436199953,91.0089129769487,13.0997645061799,"Malawi","Salima","TA Kuluunda",162,3642.784362,1,"Adults",10710.4113162
"311",311,0.000000000463655219993905,0.000000000000000000000000000000000000000000000000844562435217748,0.000000000000000000000000000000000000000000000100128602952721,0.00000000000000334920613222618,0.000000153628828085033,3640.10710945334,2.67725239256753,3641.78436199953,91.0089129769487,13.0997645061799,"Malawi","Salima","TA Kuluunda",162,3642.784362,1,"Adults",10710.4113162
"312",312,0.000000000463655219993905,0.000000000000000000000000000000000000000000000000574417473838996,0.0000000000000000000000000000000000000000000000683175725806416,0.00000000000000295520934522218,0.00000014431802795725,3640.10710946075,2.67725239447041,3641.78436199953,91.0089129769487,13.0997645061799,"Malawi","Salima","TA Kuluunda",162,3642.784362,1,"Adults",10710.4113162
"313",313,0.000000000463655219993905,0.000000000000000000000000000000000000000000000000390682110041538,0.0000000000000000000000000000000000000000000000466124935262348,0.0000000000000026075618905796,0.000000135571516443904,3640.10710946771,2.67725239625798,3641.78436199953,91.0089129769487,13.0997645061799,"Malawi","Salima","TA Kuluunda",162,3642.784362,1,"Adults",10710.4113162
"314",314,0.000000000463655219993905,0.000000000000000000000000000000000000000000000000265717040407803,0.0000000000000000000000000000000000000000000000318029870055815,0.00000000000000230081128573714,0.000000127355094374936,3640.10710947425,2.6772523979372,3641.78436199953,91.0089129769487,13.0997645061799,"Malawi","Salima","TA Kuluunda",162,3642.784362,1,"Adults",10710.4113162
"315",315,0.000000000463655219993905,0.00000000000000000000000000000000000000000000000018072377451789,0.0000000000000000000000000000000000000000000000216984734618348,0.00000000000000203014647195919,0.000000119636635248741,3640.10710948039,2.67725239951465,3641.78436199953,91.0089129769487,13.0997645061799,"Malawi","Salima","TA Kuluunda",162,3642.784362,1,"Adults",10710.4113162
"316",316,0.000000000463655219993905,0.00000000000000000000000000000000000000000000000012291677878836,0.0000000000000000000000000000000000000000000000148042418581314,0.00000000000000179132235796899,0.000000112385959616411,3640.10710948616,2.6772524009965,3641.78436199953,91.0089129769487,13.0997645061799,"Malawi","Salima","TA Kuluunda",162,3642.784362,1,"Adults",10710.4113162
"317",317,0.000000000463655219993905,0.0000000000000000000000000000000000000000000000000836001491672151,0.0000000000000000000000000000000000000000000000101004078183399,0.00000000000000158059324018277,0.00000010557471707904,3640.10710949157,2.67725240238854,3641.78436199953,91.0089129769487,13.0997645061799,"Malawi","Salima","TA Kuluunda",162,3642.784362,1,"Adults",10710.4113162
"318",318,0.000000000463655219993905,0.0000000000000000000000000000000000000000000000000568594866355713,0.00000000000000000000000000000000000000000000000689108205399748,0.00000000000000139465405531142,0.0000000991762754366634,3640.10710949667,2.67725240369622,3641.78436199953,91.0089129769487,13.0997645061799,"Malawi","Salima","TA Kuluunda",162,3642.784362,1,"Adults",10710.4113162
"319",319,0.000000000463655219993905,0.0000000000000000000000000000000000000000000000000386721944000969,0.00000000000000000000000000000000000000000000000470144904228029,0.00000000000000123058854393916,0.0000000931656165554184,3640.10710950145,2.67725240492464,3641.78436199953,91.0089129769487,13.0997645061799,"Malawi","Salima","TA Kuluunda",162,3642.784362,1,"Adults",10710.4113162
"320",320,0.000000000463655219993905,0.0000000000000000000000000000000000000000000000000263023588184901,0.00000000000000000000000000000000000000000000000320753845330058,0.0000000000000010858235120796,0.0000000875192385457639,3640.10710950594,2.67725240607862,3641.78436199953,91.0089129769487,13.0997645061799,"Malawi","Salima","TA Kuluunda",162,3642.784362,1,"Adults",10710.4113162
"321",321,0.000000000463655219993905,0.0000000000000000000000000000000000000000000000000178891860198451,0.00000000000000000000000000000000000000000000000218830504651288,0.000000000000000958088473350167,0.0000000822150638692629,3640.10710951016,2.67725240716265,3641.78436199953,91.0089129769487,13.0997645061799,"Malawi","Salima","TA Kuluunda",162,3642.784362,1,"Adults",10710.4113162
"322",322,0.000000000463655219993905,0.0000000000000000000000000000000000000000000000000121670827571834,0.00000000000000000000000000000000000000000000000149293097829341,0.000000000000000845380038795072,0.0000000772323530146292,3640.10710951412,2.67725240818099,3641.78436199953,91.0089129769487,13.0997645061799,"Malawi","Salima","TA Kuluunda",162,3642.784362,1,"Adults",10710.4113162
"323",323,0.000000000463655219993905,0.00000000000000000000000000000000000000000000000000827527326600702,0.00000000000000000000000000000000000000000000000101851516652735,0.000000000000000745930495848849,0.000000072551623405508,3640.10710951785,2.67725240913761,3641.78436199953,91.0089129769487,13.0997645061799,"Malawi","Salima","TA Kuluunda",162,3642.784362,1,"Adults",10710.4113162
"324",324,0.000000000463655219993905,0.00000000000000000000000000000000000000000000000000562831280052661,0.000000000000000000000000000000000000000000000000694850219272982,0.000000000000000658180083634776,0.0000000681545732229143,3640.10710952135,2.67725241003625,3641.78436199953,91.0089129769487,13.0997645061799,"Malawi","Salima","TA Kuluunda",162,3642.784362,1,"Adults",10710.4113162
"325",325,0.000000000463655219993905,0.00000000000000000000000000000000000000000000000000378429283716223,0.000000000000000000000000000000000000000000000000468765562159983,0.000000000000000580566040307663,0.0000000640215187350559,3640.10710952463,2.67725241088094,3641.78436199953,91.0089129769487,13.0997645061799,"Malawi","Salima","TA Kuluunda",162,3642.784362,1,"Adults",10710.4113162
"326",326,0.000000000463655219993905,0.00000000000000000000000000000000000000000000000000252176802168981,0.000000000000000000000000000000000000000000000000313515257388763,0.000000000000000512025525610506,0.0000000601380794878387,3640.10710952772,2.67725241167461,3641.78436199953,91.0089129769487,13.0997645061799,"Malawi","Salima","TA Kuluunda",162,3642.784362,1,"Adults",10710.4113162
"327",327,0.000000000463655219993905,0.00000000000000000000000000000000000000000000000000166002681084165,0.000000000000000000000000000000000000000000000000207201571884363,0.000000000000000451296745805697,0.0000000564823657514095,3640.10710953063,2.67725241242175,3641.78436199953,91.0089129769487,13.0997645061799,"Malawi","Salima","TA Kuluunda",162,3642.784362,1,"Adults",10710.4113162
"328",328,0.000000000463655219993905,0.00000000000000000000000000000000000000000000000000119890825326611,0.000000000000000000000000000000000000000000000000149978609764614,0.000000000000000401152662938396,0.0000000531598736552,3640.10710953328,2.67725241310078,3641.78436199953,91.0089129769487,13.0997645061799,"Malawi","Salima","TA Kuluunda",162,3642.784362,1,"Adults",10710.4113162
"329",329,0.000000000463655219993905,0.000000000000000000000000000000000000000000000000000865878183632149,0.000000000000000000000000000000000000000000000000108558406547675,0.000000000000000356580144834129,0.0000000500328222697824,3640.10710953576,2.67725241373987,3641.78436199953,91.0089129769487,13.0997645061799,"Malawi","Salima","TA Kuluunda",162,3642.784362,1,"Adults",10710.4113162
"330",330,0.000000000463655219993905,0.000000000000000000000000000000000000000000000000000625356466476065,0.0000000000000000000000000000000000000000000000000785770037473417,0.000000000000000316960128741448,0.0000000470897150828346,3640.1071095381,2.67725241434136,3641.78436199953,91.0089129769487,13.0997645061799,"Malawi","Salima","TA Kuluunda",162,3642.784362,1,"Adults",10710.4113162
"331",331,0.000000000463655219993905,0.000000000000000000000000000000000000000000000000000451646337275413,0.0000000000000000000000000000000000000000000000000568755155778788,0.000000000000000281742336659064,0.0000000443197318474623,3640.10710954031,2.67725241490747,3641.78436199953,91.0089129769487,13.0997645061799,"Malawi","Salima","TA Kuluunda",162,3642.784362,1,"Adults",10710.4113162
"332",332,0.000000000463655219993905,0.000000000000000000000000000000000000000000000000000326189021637755,0.0000000000000000000000000000000000000000000000000411673693122563,0.000000000000000250437632585834,0.0000000417126888018745,3640.10710954238,2.67725241544029,3641.78436199953,91.0089129769487,13.0997645061799,"Malawi","Salima","TA Kuluunda",162,3642.784362,1,"Adults",10710.4113162
"333",333,0.000000000463655219993905,0.000000000000000000000000000000000000000000000000000235580960268718,0.0000000000000000000000000000000000000000000000000297974281033709,0.000000000000000222611228965185,0.0000000392590012290841,3640.10710954434,2.67725241594176,3641.78436199953,91.0089129769487,13.0997645061799,"Malawi","Salima","TA Kuluunda",162,3642.784362,1,"Adults",10710.4113162
"334",334,0.000000000463655219993905,0.000000000000000000000000000000000000000000000000000170141804781113,0.0000000000000000000000000000000000000000000000000215676263537626,0.000000000000000197876647969053,0.0000000369496482189789,3640.10710954617,2.67725241641373,3641.78436199953,91.0089129769487,13.0997645061799,"Malawi","Salima","TA Kuluunda",162,3642.784362,1,"Adults",10710.4113162
"335",335,0.000000000463655219993905,0.000000000000000000000000000000000000000000000000000122880192445126,0.0000000000000000000000000000000000000000000000000156107524200633,0.000000000000000175890353750269,0.0000000347761395032123,3640.1071095479,2.67725241685794,3641.78436199953,91.0089129769487,13.0997645061799,"Malawi","Salima","TA Kuluunda",162,3642.784362,1,"Adults",10710.4113162
"336",336,0.000000000463655219993905,0.000000000000000000000000000000000000000000000000000088746805729517,0.0000000000000000000000000000000000000000000000000112990841938595,0.00000000000000015634698111135,0.0000000327304842409823,3640.10710954953,2.67725241727602,3641.78436199953,91.0089129769487,13.0997645061799,"Malawi","Salima","TA Kuluunda",162,3642.784362,1,"Adults",10710.4113162
"337",337,0.000000000463655219993905,0.0000000000000000000000000000000000000000000000000000640949153031663,0.00000000000000000000000000000000000000000000000000817825383870494,0.0000000000000001389750943212,0.0000000308051616409413,3640.10710955106,2.6772524176695,3641.78436199953,91.0089129769487,13.0997645061799,"Malawi","Salima","TA Kuluunda",162,3642.784362,1,"Adults",10710.4113162
"338",338,0.000000000463655219993905,0.0000000000000000000000000000000000000000000000000000462907722025339,0.00000000000000000000000000000000000000000000000000591937520912094,0.0000000000000001235334171744,0.0000000289930933112284,3640.1071095525,2.67725241803984,3641.78436199953,91.0089129769487,13.0997645061799,"Malawi","Salima","TA Kuluunda",162,3642.784362,1,"Adults",10710.4113162
"339",339,0.000000000463655219993905,0.000000000000000000000000000000000000000000000000000033432224396823,0.00000000000000000000000000000000000000000000000000428439104669757,0.000000000000000109807481932799,0.0000000272876172359712,3640.10710955386,2.6772524183884,3641.78436199953,91.0089129769487,13.0997645061799,"Malawi","Salima","TA Kuluunda",162,3642.784362,1,"Adults",10710.4113162
"340",340,0.000000000463655219993905,0.0000000000000000000000000000000000000000000000000000241454954182077,0.00000000000000000000000000000000000000000000000000310098950467553,0.0000000000000000976066506069326,0.0000000256824632825805,3640.10710955514,2.67725241871645,3641.78436199953,91.0089129769487,13.0997645061799,"Malawi","Salima","TA Kuluunda",162,3642.784362,1,"Adults",10710.4113162
"341",341,0.000000000463655219993905,0.0000000000000000000000000000000000000000000000000000174384133724337,0.00000000000000000000000000000000000000000000000000224444753486911,0.0000000000000000867614672061621,0.000000024171730149793,3640.10710955634,2.6772524190252,3641.78436199953,91.0089129769487,13.0997645061799,"Malawi","Salima","TA Kuluunda",162,3642.784362,1,"Adults",10710.4113162
"342",342,0.000000000463655219993905,0.0000000000000000000000000000000000000000000000000000125944096686091,0.00000000000000000000000000000000000000000000000000162448833342453,0.0000000000000000771213041832551,0.0000000227498636717114,3640.10710955747,2.6772524193158,3641.78436199953,91.0089129769487,13.0997645061799,"Malawi","Salima","TA Kuluunda",162,3642.784362,1,"Adults",10710.4113162
"343",343,0.000000000463655219993905,0.0000000000000000000000000000000000000000000000000000090959625462135,0.00000000000000000000000000000000000000000000000000117576823040277,0.0000000000000000685522703851155,0.000000021411636398077,3640.10710955853,2.6772524195893,3641.78436199953,91.0089129769487,13.0997645061799,"Malawi","Salima","TA Kuluunda",162,3642.784362,1,"Adults",10710.4113162
"344",344,0.000000000463655219993905,0.00000000000000000000000000000000000000000000000000000656930628900275,0.000000000000000000000000000000000000000000000000000850990751482282,0.0000000000000000609353514534358,0.0000000201521283757032,3640.10710955954,2.67725241984671,3641.78436199953,91.0089129769487,13.0997645061799,"Malawi","Salima","TA Kuluunda",162,3642.784362,1,"Adults",10710.4113162
"345",345,0.000000000463655219993905,0.00000000000000000000000000000000000000000000000000000474449899057416,0.000000000000000000000000000000000000000000000000000615922348012363,0.0000000000000000541647568474984,0.0000000189667090604126,3640.10710956048,2.67725242008898,3641.78436199953,91.0089129769487,13.0997645061799,"Malawi","Salima","TA Kuluunda",162,3642.784362,1,"Adults",10710.4113162
"346",346,0.000000000463655219993905,0.00000000000000000000000000000000000000000000000000000342658260725087,0.000000000000000000000000000000000000000000000000000445784635399832,0.0000000000000000481464505311096,0.0000000178510202929778,3640.10710956137,2.67725242031699,3641.78436199953,91.0089129769487,13.0997645061799,"Malawi","Salima","TA Kuluunda",162,3642.784362,1,"Adults",10710.4113162
"347",347,0.000000000463655219993905,0.0000000000000000000000000000000000000000000000000000024747541073699,0.000000000000000000000000000000000000000000000000000322643001707481,0.0000000000000000427968449165418,0.0000000168009602764773,3640.1071095622,2.6772524205316,3641.78436199953,91.0089129769487,13.0997645061799,"Malawi","Salima","TA Kuluunda",162,3642.784362,1,"Adults",10710.4113162
"348",348,0.000000000463655219993905,0.00000000000000000000000000000000000000000000000000000178732241242216,0.000000000000000000000000000000000000000000000000000233516424125521,0.0000000000000000380416399258149,0.00000001581266849614,3640.10710956299,2.67725242073358,3641.78436199953,91.0089129769487,13.0997645061799,"Malawi","Salima","TA Kuluunda",162,3642.784362,1,"Adults",10710.4113162
"349",349,0.000000000463655219993905,0.00000000000000000000000000000000000000000000000000000129084396564452,0.000000000000000000000000000000000000000000000000000169009318525555,0.0000000000000000338147910451689,0.0000000148825115263329,3640.10710956373,2.67725242092368,3641.78436199953,91.0089129769487,13.0997645061799,"Malawi","Salima","TA Kuluunda",162,3642.784362,1,"Adults",10710.4113162
"350",350,0.000000000463655219993905,0.00000000000000000000000000000000000000000000000000000093227619821866,0.000000000000000000000000000000000000000000000000000122321251212406,0.0000000000000000300575920401502,0.0000000140070696723342,3640.10710956443,2.6772524211026,3641.78436199953,91.0089129769487,13.0997645061799,"Malawi","Salima","TA Kuluunda",162,3642.784362,1,"Adults",10710.4113162
"351",351,0.000000000463655219993905,0.000000000000000000000000000000000000000000000000000000673310588187684,0.0000000000000000000000000000000000000000000000000000885301565945676,0.0000000000000000267178595912447,0.000000013183124397927,3640.10710956508,2.67725242127099,3641.78436199953,91.0089129769487,13.0997645061799,"Malawi","Salima","TA Kuluunda",162,3642.784362,1,"Adults",10710.4113162
"352",352,0.000000000463655219993905,0.000000000000000000000000000000000000000000000000000000486279869670284,0.000000000000000000000000000000000000000000000000000064073524170985,0.0000000000000000237492085255509,0.0000000124076464925532,3640.1071095657,2.67725242142948,3641.78436199953,91.0089129769487,13.0997645061799,"Malawi","Salima","TA Kuluunda",162,3642.784362,1,"Adults",10710.4113162
"353",353,0.000000000463655219993905,0.0000000000000000000000000000000000000000000000000000003512021284018,0.0000000000000000000000000000000000000000000000000000463728791591563,0.0000000000000000211104075782675,0.0000000116777849345106,3640.10710956628,2.67725242157864,3641.78436199953,91.0089129769487,13.0997645061799,"Malawi","Salima","TA Kuluunda",162,3642.784362,1,"Adults",10710.4113162
"354",354,0.000000000463655219993905,0.000000000000000000000000000000000000000000000000000000253645981845417,0.0000000000000000000000000000000000000000000000000000335619810543478,0.0000000000000000187648067362378,0.0000000109908564092552,3640.10710956683,2.67725242171903,3641.78436199953,91.0089129769487,13.0997645061799,"Malawi","Salima","TA Kuluunda",162,3642.784362,1,"Adults",10710.4113162
"355",355,0.000000000463655219993905,0.000000000000000000000000000000000000000000000000000000183188764826729,0.0000000000000000000000000000000000000000000000000000242900943072586,0.0000000000000000166798282099892,0.0000000103443354442744,3640.10710956734,2.67725242185117,3641.78436199953,91.0089129769487,13.0997645061799,"Malawi","Salima","TA Kuluunda",162,3642.784362,1,"Adults",10710.4113162
"356",356,0.000000000463655219993905,0.000000000000000000000000000000000000000000000000000000132302996935532,0.0000000000000000000000000000000000000000000000000000175795967210577,0.0000000000000000148265139644349,0.00000000973584512426187,3640.10710956782,2.67725242197553,3641.78436199953,91.0089129769487,13.0997645061799,"Malawi","Salima","TA Kuluunda",162,3642.784362,1,"Adults",10710.4113162
"357",357,0.000000000463655219993905,0.0000000000000000000000000000000000000000000000000000000955521645375575,0.0000000000000000000000000000000000000000000000000000127229176775799,0.0000000000000000131791235239421,0.00000000916314835245818,3640.10710956828,2.67725242209257,3641.78436199953,91.0089129769487,13.0997645061799,"Malawi","Salima","TA Kuluunda",162,3642.784362,1,"Adults",10710.4113162
"358",358,0.000000000463655219993905,0.0000000000000000000000000000000000000000000000000000000690098966713366,0.00000000000000000000000000000000000000000000000000000920794329399419,0.0000000000000000117147764657264,0.00000000862413962603059,3640.10710956871,2.67725242220273,3641.78436199953,91.0089129769487,13.0997645061799,"Malawi","Salima","TA Kuluunda",162,3642.784362,1,"Adults",10710.4113162
"359",359,0.000000000463655219993905,0.000000000000000000000000000000000000000000000000000000049840480973358,0.00000000000000000000000000000000000000000000000000000666402584593285,0.0000000000000000104131346362013,0.0000000081168372952538,3640.10710956911,2.67725242230641,3641.78436199953,91.0089129769487,13.0997645061799,"Malawi","Salima","TA Kuluunda",162,3642.784362,1,"Adults",10710.4113162
"360",360,0.000000000463655219993905,0.0000000000000000000000000000000000000000000000000000000359959029570897,0.00000000000000000000000000000000000000000000000000000482290641732847,0.00000000000000000925611967662336,0.00000000763937627803312,3640.10710956949,2.67725242240399,3641.78436199953,91.0089129769487,13.0997645061799,"Malawi","Salima","TA Kuluunda",162,3642.784362,1,"Adults",10710.4113162
"361",361,0.000000000463655219993905,0.0000000000000000000000000000000000000000000000000000000259970410476418,0.0000000000000000000000000000000000000000000000000000034904315905838,0.00000000000000000822766193477633,0.00000000719000120298503,3640.10710956985,2.67725242249583,3641.78436199953,91.0089129769487,13.0997645061799,"Malawi","Salima","TA Kuluunda",162,3642.784362,1,"Adults",10710.4113162
"362",362,0.000000000463655219993905,0.0000000000000000000000000000000000000000000000000000000187756407733314,0.00000000000000000000000000000000000000000000000000000252608271563645,0.00000000000000000731347727535676,0.000000006767059955866,3640.10710957019,2.67725242258227,3641.78436199953,91.0089129769487,13.0997645061799,"Malawi","Salima","TA Kuluunda",162,3642.784362,1,"Adults",10710.4113162
"363",363,0.000000000463655219993905,0.0000000000000000000000000000000000000000000000000000000135601850150485,0.00000000000000000000000000000000000000000000000000000182815979046384,0.00000000000000000650086868920602,0.00000000636899760562306,3640.1071095705,2.67725242266362,3641.78436199953,91.0089129769487,13.0997645061799,"Malawi","Salima","TA Kuluunda",162,3642.784362,1,"Adults",10710.4113162
"364",364,0.000000000463655219993905,0.00000000000000000000000000000000000000000000000000000000979346696406021,0.00000000000000000000000000000000000000000000000000000132305803393612,0.00000000000000000577854994596092,0.00000000599435068773559,3640.1071095708,2.67725242274019,3641.78436199953,91.0089129769487,13.0997645061799,"Malawi","Salima","TA Kuluunda",162,3642.784362,1,"Adults",10710.4113162
"365",365,0.000000000463655219993905,0.00000000000000000000000000000000000000000000000000000000707305948037405,0.000000000000000000000000000000000000000000000000000000957506652142857,0.00000000000000000513648884085417,0.00000000564174182383107,3640.10710957108,2.67725242281225,3641.78436199953,91.0089129769487,13.0997645061799,"Malawi","Salima","TA Kuluunda",162,3642.784362,1,"Adults",10710.4113162
