"","time","S","E","I","H","C","R","D","inci","hosp","crits","lvl2","lvl3","lvl4","ID","POP","start","age","tot_pop"
"1",1,963.2844067,0,1,0,0,0,0,0,0,0,"Malawi","Zomba","TA Mkumbira",241,964.2844067,1,"Adults",2847.9174755
"2",2,255.911609058364,638.028238809468,64.5346684962453,0.143329394564497,0.000505554561313722,5.66605411316077,0.00000127363591484159,707.372797641636,0.147069890715125,0.000511589457700096,"Malawi","Zomba","TA Mkumbira",241,964.2844067,1,"Adults",2847.9174755
"3",3,0.0000377566427722642,617.379223390685,272.152740248086,1.78721772684933,0.0140505208628761,72.9510703077346,0.0000667491379587687,963.284368943357,1.89226085918753,0.0143667997356425,"Malawi","Zomba","TA Mkumbira",241,964.2844067,1,"Adults",2847.9174755
"4",4,0.00000000785126585563373,420.257731813286,346.895299735788,4.49627853458025,0.0649839973741681,192.569572361754,0.00054024936527027,963.284406692149,4.99012685653572,0.0675438725348932,"Malawi","Zomba","TA Mkumbira",241,964.2844067,1,"Adults",2847.9174755
"5",5,-0.000000275765140943107,286.074834699278,346.164209062147,7.17815829806493,0.158502047320134,324.706732802405,0.00197006655029296,963.284406975766,8.4053006953432,0.167836855931242,"Malawi","Zomba","TA Mkumbira",241,964.2844067,1,"Adults",2847.9174755
"6",6,-0.0000000327992577719287,194.734809365064,310.5359934607,9.35254291551145,0.286928127937507,449.36925718134,0.00487568224523382,963.2844067328,11.6193381733847,0.31003067774785,"Malawi","Zomba","TA Mkumbira",241,964.2844067,1,"Adults",2847.9174755
"7",7,0.0000000361985387432581,132.558530780681,262.369503967206,10.8746429929577,0.438200949163406,558.033888139907,0.00963983388568604,963.284406663802,14.4125232240443,0.483877580926109,"Malawi","Zomba","TA Mkumbira",241,964.2844067,1,"Adults",2847.9174755
"8",8,-0.000000194537879021145,90.2343084521728,213.303560903625,11.7668300923106,0.60016194121474,648.363063098873,0.0164824063412065,963.284406894539,16.7259475562528,0.678260880878881,"Malawi","Zomba","TA Mkumbira",241,964.2844067,1,"Adults",2847.9174755
"9",9,0.00000000328654984537211,61.4236092888079,168.822820907633,12.1239576736797,0.762461522611637,721.126083691781,0.0254736121992474,963.284406696714,18.5812259341907,0.883163685936116,"Malawi","Zomba","TA Mkumbira",241,964.2844067,1,"Adults",2847.9174755
"10",10,0.000000173376668897898,41.8118816232236,131.001239564911,12.062405481437,0.917179030675527,778.455137883948,0.0365629424268667,963.284406526624,20.0350761733283,1.09042600538458,"Malawi","Zomba","TA Mkumbira",241,964.2844067,1,"Adults",2847.9174755
"11",11,0.0000000058311711857194,28.4618769536391,100.121037616647,11.6945750227917,1.05879171458305,822.898513921098,0.0496114654085989,963.28440669417,21.1547068895942,1.293866785746,"Malawi","Zomba","TA Mkumbira",241,964.2844067,1,"Adults",2847.9174755
"12",12,-0.000000156507043407877,19.3743269084896,75.6053246818433,11.117699762158,1.18385641296237,856.938777535094,0.0644215559588325,963.284406856508,22.0053302150384,1.4891064539907,"Malawi","Zomba","TA Mkumbira",241,964.2844067,1,"Adults",2847.9174755
"13",13,-0.000000103354850912688,13.1883337846983,56.537926806025,10.4104385699731,1.29059590586993,882.776350120845,0.0807616159424502,963.284406803356,22.6445872804804,1.67327040376161,"Malawi","Zomba","TA Mkumbira",241,964.2844067,1,"Adults",2847.9174755
"14",14,0.00000000461686941448659,8.9774693942906,41.938942679482,9.63338048146901,1.37849056018221,902.257738250463,0.0983853294945008,963.284406695384,23.120734365869,1.8446718781866,"Malawi","Zomba","TA Mkumbira",241,964.2844067,1,"Adults",2847.9174755
"15",15,0.000000000505956878331718,6.11107754702875,30.8987793110085,8.83129164616248,1.44792007394626,916.878292301813,0.117045819533884,963.284406699495,23.4727608996163,2.00252079234158,"Malawi","Zomba","TA Mkumbira",241,964.2844067,1,"Adults",2847.9174755
"16",16,-0.000000000287185626926831,4.15988148901726,22.633135349479,8.03591636847427,1.49987015144794,927.819097845534,0.136505496333525,963.284406700288,23.7313870454411,2.14667707401014,"Malawi","Zomba","TA Mkumbira",241,964.2844067,1,"Adults",2847.9174755
"17",17,0.000000000814688593468084,2.8316865786344,16.4957644878861,7.26873443374785,1.5357033822536,935.995975339009,0.156542477653014,963.284406699186,23.920368227282,2.27745196337752,"Malawi","Zomba","TA Mkumbira",241,964.2844067,1,"Adults",2847.9174755
"18",18,0.000000000260705984241626,1.92756521586831,11.9702425841654,6.543406344797,1.55698710093146,942.109251087005,0.176954366970802,963.28440669974,24.0578126532066,2.39545377523062,"Malawi","Zomba","TA Mkumbira",241,964.2844067,1,"Adults",2847.9174755
"19",19,0.000000000145234591487367,1.31211832875446,8.65295353635249,5.86780181335991,1.56536913768479,946.688603798957,0.197560084745143,963.284406699856,24.1573647980383,2.50147232669426,"Malawi","Zomba","TA Mkumbira",241,964.2844067,1,"Adults",2847.9174755
"20",20,0.0000000000509204635374722,0.893175840783492,6.2337025724737,5.24562312247802,1.56249103439184,950.13121380631,0.218200323511325,963.28440669995,24.2292100096811,2.59639430966806,"Malawi","Zomba","TA Mkumbira",241,964.2844067,1,"Adults",2847.9174755
"21",21,0.0000000000313035013016952,0.607996386345753,4.47720409582232,4.67766189386207,1.54993035538693,952.732876912057,0.238737056493095,963.28440669997,24.280892456826,2.68114327325047,"Malawi","Zomba","TA Mkumbira",241,964.2844067,1,"Adults",2847.9174755
"22",22,0.0000000000239451614704384,0.413870349391696,3.20686946590583,4.16274895294349,1.52916465735285,954.712700838454,0.259052435927512,963.284406699977,24.3179633923827,2.75663837354024,"Malawi","Zomba","TA Mkumbira",241,964.2844067,1,"Adults",2847.9174755
"23",23,0.0000000000211549629694046,0.281726535723389,2.2913116497534,3.69845661956431,1.50155124865431,956.23231332083,0.279047325452564,963.28440669998,24.3444846097019,2.82376717895059,"Malawi","Zomba","TA Mkumbira",241,964.2844067,1,"Adults",2847.9174755
"24",24,0.0000000000183140162868078,0.191774706543829,1.63348363130619,3.28160777939769,1.46831809950694,957.410582838804,0.298639644421513,963.284406699983,24.3634136934042,2.88336873520732,"Malawi","Zomba","TA Mkumbira",241,964.2844067,1,"Adults",2847.9174755
"25",25,0.0000000000165238389139897,0.130543309480998,1.16214141615546,2.90863675937962,1.43056245787803,958.334760111444,0.317762645644067,963.284406699985,24.3768951084427,2.93622402063362,"Malawi","Zomba","TA Mkumbira",241,964.2844067,1,"Adults",2847.9174755
"26",26,0.0000000000153674380714894,0.0888623556348394,0.825261478445099,2.57583896456184,1.3892545554645,959.068826134766,0.336363211111475,963.284406699986,24.386477889826,2.9830515767257,"Malawi","Zomba","TA Mkumbira",241,964.2844067,1,"Adults",2847.9174755
"27",27,0.0000000000145881899189674,0.0604896612662835,0.585030728791053,2.27953863208238,1.34524450124992,959.659702957157,0.354400219437446,963.284406699987,24.3932772400502,3.02450666612003,"Malawi","Zomba","TA Mkumbira",241,964.2844067,1,"Adults",2847.9174755
"28",28,0.0000000000140595191090904,0.0411760552652567,0.414074370216625,2.01619710552184,1.29927101044118,960.141845140958,0.371843017581799,963.284406699987,24.3980936791358,3.06118276006543,"Malawi","Zomba","TA Mkumbira",241,964.2844067,1,"Adults",2847.9174755
"29",29,0.0000000000136973566766651,0.0280290225122722,0.292645833398416,1.78247845465423,1.25197102606728,960.540612348982,0.388670014371001,963.284406699987,24.4015002863461,3.09361449567,"Malawi","Zomba","TA Mkumbira",241,964.2844067,1,"Adults",2847.9174755
"30",30,0.0000000000134471857478462,0.0190797001125074,0.206545877690996,1.57528527842224,1.20388957831498,960.874738862312,0.404867403132155,963.284406699988,24.403906336398,3.12228148266607,"Malawi","Zomba","TA Mkumbira",241,964.2844067,1,"Adults",2847.9174755
"31",31,0.0000000000132734792506684,0.0129877760169546,0.145593566102818,1.39177393795094,1.15548945702909,961.158133949383,0.420428013502909,963.284406699988,24.4056034748713,3.14761253541661,"Malawi","Zomba","TA Mkumbira",241,964.2844067,1,"Adults",2847.9174755
"32",32,0.000000000013152452799111,0.00884093772504127,0.102507660436756,1.22935602161829,1.10716042756959,961.401191364583,0.435350288053314,963.284406699988,24.4067991109488,3.16999003967786,"Malawi","Zomba","TA Mkumbira",241,964.2844067,1,"Adults",2847.9174755
"33",33,0.0000000000130679488279923,0.00601813083835138,0.0720928560035174,1.08569089656897,1.05922783221123,961.611739607853,0.449637376511062,963.284406699988,24.4076404782694,3.18975426214691,"Malawi","Zomba","TA Mkumbira",241,964.2844067,1,"Adults",2847.9174755
"34",34,0.0000000000130088723171238,0.00409661180756251,0.0506500917325922,0.958672780414493,1.01196049728827,961.795730379789,0.463296338953984,963.284406699988,24.408231915008,3.20720748207629,"Malawi","Zomba","TA Mkumbira",241,964.2844067,1,"Adults",2847.9174755
"35",35,0.0000000000129675452283002,0.00278860069836917,0.0355505870041096,0.846414749333168,0.965577918618292,961.957737395842,0.476337448489513,963.284406699988,24.4086472501385,3.22261787256898,"Malawi","Zomba","TA Mkumbira",241,964.2844067,1,"Adults",2847.9174755
"36",36,0.0000000000129386295636349,0.00189823962679594,0.0249297817901384,0.747231297951373,0.920256732292589,962.101317064215,0.48877358410951,963.284406699988,24.4089386404866,3.23622309451978,"Malawi","Zomba","TA Mkumbira",241,964.2844067,1,"Adults",2847.9174755
"37",37,0.0000000000129183992926729,0.00129215374677387,0.0174669712377133,0.659620599337975,0.876136500658866,962.229270770832,0.500619704172896,963.284406699988,24.4091428942071,3.24823358778947,"Malawi","Zomba","TA Mkumbira",241,964.2844067,1,"Adults",2847.9174755
"38",38,0.000000000012904249389771,0.000879591457108832,0.0122282830789899,0.582247111151067,0.833324856838055,962.343834465468,0.511892391992729,963.284406699988,24.4092859483334,3.2588355625671,"Malawi","Zomba","TA Mkumbira",241,964.2844067,1,"Adults",2847.9174755
"39",39,0.0000000000128943561158,0.00059874764653357,0.00855422323640931,0.513925031009085,0.791902054527497,962.446817178227,0.522609465339469,963.284406699988,24.4093860616255,3.26819369887415,"Malawi","Zomba","TA Mkumbira",241,964.2844067,1,"Adults",2847.9174755
"40",40,0.0000000000128874422265719,0.000407576699167053,0.00597971590418451,0.453602813141844,0.751924977566246,962.539701974373,0.532789642301863,963.284406699988,24.4094560712089,3.27645357287125,"Malawi","Zomba","TA Mkumbira",241,964.2844067,1,"Adults",2847.9174755
"41",41,0.0000000000128826129412382,0.000277441499062,0.00417716933063836,0.400348894193538,0.713430659579373,962.623720278639,0.542452256744943,963.284406699988,24.4095049945587,3.28374382825103,"Malawi","Zomba","TA Mkumbira",241,964.2844067,1,"Adults",2847.9174755
"42",42,0.0000000000128792415445054,0.000188858844519454,0.00291608750749137,0.353338654954061,0.676439363791088,962.699906717593,0.551617017296072,963.284406699988,24.4095391595766,3.29017811404966,"Malawi","Zomba","TA Mkumbira",241,964.2844067,1,"Adults",2847.9174755
"43",43,0.0000000000128768890930108,0.000128556695855532,0.00203443288131705,0.311842598876659,0.640957271956964,962.769140035418,0.560303804157592,963.284406699988,24.4095630039991,3.29585681081211,"Malawi","Zomba","TA Mkumbira",241,964.2844067,1,"Adults",2847.9174755
"44",44,0.0000000000128752488365878,0.0000875167337912802,0.00141858472817502,0.27521571215232,0.606978819,962.832173567786,0.568532499586073,963.284406699988,24.4095796322757,3.30086856198431,"Malawi","Zomba","TA Mkumbira",241,964.2844067,1,"Adults",2847.9174755
"45",45,0.0000000000128741055169841,0.0000595774634832278,0.000988597585212642,0.242887885365291,0.574488732379452,962.889659061431,0.576322845761814,963.284406699988,24.409591224093,3.30529163982209,"Malawi","Zomba","TA Mkumbira",241,964.2844067,1,"Adults",2847.9174755
"46",46,0.0000000000128733122074682,0.0000405517793344271,0.000688532045164451,0.214355385369985,0.543463782514718,962.942164119034,0.583694329242267,963.284406699988,24.4095993014764,3.30919514831819,"Malawi","Zomba","TA Mkumbira",241,964.2844067,1,"Adults",2847.9174755
"47",47,0.0000000000128729020979509,0.000027602827998259,0.000479304274186758,0.189173235905134,0.513874300610106,962.990186170124,0.590666086244814,963.284406699988,24.4096049255939,3.31264009222638,"Malawi","Zomba","TA Mkumbira",241,964.2844067,1,"Adults",2847.9174755
"48",48,0.0000000000128727258405601,0.0000187891769561442,0.000333494663271247,0.166948474876474,0.485685480066315,963.03416363446,0.59725682674251,963.284406699988,24.4096088396827,3.31568031881417,"Malawi","Zomba","TA Mkumbira",241,964.2844067,1,"Adults",2847.9174755
"49",49,0.0000000000128725704952562,0.0000127880920042828,0.000231917637672419,0.147334026708948,0.458858517082609,963.074484677138,0.603484773327056,963.284406699988,24.409611562884,3.31836336877815,"Malawi","Zomba","TA Mkumbira",241,964.2844067,1,"Adults",2847.9174755
"50",50,0.0000000000128724614733736,0.00000870203031433731,0.000161183248883086,0.130023491196298,0.433351547053265,963.111494160529,0.60936761592847,963.284406699988,24.4096134568673,3.32073119808759,"Malawi","Zomba","TA Mkumbira",241,964.2844067,1,"Adults",2847.9174755
"51",51,0.0000000000128723851656712,0.00000592379138737224,0.000111995352126028,0.114746467224071,0.409120452184686,963.145499383741,0.614922477692963,963.284406699988,24.4096147723231,3.32282082392004,"Malawi","Zomba","TA Mkumbira",241,964.2844067,1,"Adults",2847.9174755
"52",52,0.0000000000128723321671785,0.00000403321155647918,0.0000777933643670889,0.101264176916175,0.38611959257946,963.176775215847,0.620165888067001,963.284406699988,24.40961568596,3.32466492820899,"Malawi","Zomba","TA Mkumbira",241,964.2844067,1,"Adults",2847.9174755
"53",53,0.0000000000128722953548467,0.00000274560936974239,0.0000540112675744525,0.0893658451194778,0.364302375989081,963.205567954362,0.625113767638112,963.284406699988,24.4096163205671,3.32629235556745,"Malawi","Zomba","TA Mkumbira",241,964.2844067,1,"Adults",2847.9174755
"54",54,0.0000000000128722698037236,0.00000186927445690768,0.0000374868971023791,0.0788654309338067,0.34362175039186,963.232098743504,0.62978141898494,963.284406699988,24.4096167610435,3.3277285625105,"Malawi","Zomba","TA Mkumbira",241,964.2844067,1,"Adults",2847.9174755
"55",55,0.0000000000128722520737905,0.00000127270370667303,0.0000260090918163614,0.0695987291018783,0.324030618041757,963.25656654773,0.634183523316719,963.284406699988,24.4096170666908,3.32899601558086,"Malawi","Zomba","TA Mkumbira",241,964.2844067,1,"Adults",2847.9174755
"56",56,0.0000000000128722397735086,0.000000866437747763084,0.0000180386536045705,0.0614208123277445,0.305482177984444,963.279150662352,0.638334142230909,963.284406699988,24.4096172787363,3.33011454219319,"Malawi","Zomba","TA Mkumbira",241,964.2844067,1,"Adults",2847.9174755
"57",57,0.0000000000128722312445218,0.000000589892145574866,0.0000125068072511626,0.054203773107934,0.287930208054827,963.300012898586,0.642246723537341,963.284406699988,24.4096174257683,3.33110164022832,"Malawi","Zomba","TA Mkumbira",241,964.2844067,1,"Adults",2847.9174755
"58",58,0.0000000000128722253326451,0.000000401644563944155,0.00000866895917124334,0.0478347271674495,0.271329294955915,963.319299496813,0.645934110445456,963.284406699988,24.4096175276837,3.33197275164413,"Malawi","Zomba","TA Mkumbira",241,964.2844067,1,"Adults",2847.9174755
"59",59,0.0000000000128722212386764,0.000000273583436984479,0.00000600895191733342,0.0422140856181151,0.255635015782871,963.337142762847,0.649408553202483,963.284406699988,24.40961759826,3.33274149914512,"Malawi","Zomba","TA Mkumbira",241,964.2844067,1,"Adults",2847.9174755
"60",60,0.0000000000128722183989736,0.000000186249328718323,0.00000416239537778988,0.0372538645487611,0.240804098424772,963.353662664274,0.652681724094106,963.284406699988,24.409617647214,3.3334199176621,"Malawi","Zomba","TA Mkumbira",241,964.2844067,1,"Adults",2847.9174755
"61",61,0.0000000000128722164296243,0.000000126680440095423,0.00000288080039978122,0.032876453348539,0.226794517697219,963.368967988724,0.655764732735958,963.284406699988,24.4096176811638,3.33401862294082,"Malawi","Zomba","TA Mkumbira",241,964.2844067,1,"Adults",2847.9174755
"62",62,0.0000000000128722150684327,0.000000086236011633038,0.00000199424763050789,0.0290133924919093,0.213565582603724,963.383157501441,0.658668142965331,963.284406699988,24.4096177046296,3.33454697884174,"Malawi","Zomba","TA Mkumbira",241,964.2844067,1,"Adults",2847.9174755
"63",63,0.000000000012872214126061,0.0000000586970626833493,0.00000138001361533656,0.0256042461103467,0.201078004572912,963.396321019585,0.661401991007293,963.284406699988,24.4096177208752,3.33501325165407,"Malawi","Zomba","TA Mkumbira",241,964.2844067,1,"Adults",2847.9174755
"64",64,0.0000000000128722134736797,0.0000000399334159374141,0.000000954493245035596,0.0225956799288853,0.189293934025714,963.408540287226,0.663975804378634,963.284406699988,24.4096177321217,3.33542473623602,"Malawi","Zomba","TA Mkumbira",241,964.2844067,1,"Adults",2847.9174755
"65",65,0.0000000000128722130230375,0.0000000271949635701405,0.000000660335759157531,0.0199406263325932,0.17817698411386,963.419889781021,0.666398620988042,963.284406699988,24.4096177398904,3.33578787025599,"Malawi","Zomba","TA Mkumbira",241,964.2844067,1,"Adults",2847.9174755
"66",66,0.0000000000128722127110882,0.0000000185096075253151,0.00000045657768079147,0.0175975472958573,0.16769223990762,963.430437429215,0.66867900848009,963.284406699988,24.4096177452681,3.33610833503838,"Malawi","Zomba","TA Mkumbira",241,964.2844067,1,"Adults",2847.9174755
"67",67,0.00000000001287221249334,0.0000000125928709134297,0.000000315577760134663,0.0155297856005939,0.157806255088486,963.440245247464,0.670825083662454,963.284406699988,24.4096177489871,3.33639114430868,"Malawi","Zomba","TA Mkumbira",241,964.2844067,1,"Adults",2847.9174755
"68",68,0.000000000012872212274953,0.00000000857677310453383,0.000000218160282010244,0.0137049911004193,0.148487039047262,963.449369911308,0.672844531793299,963.284406699988,24.4096177515548,3.33664072268138,"Malawi","Zomba","TA Mkumbira",241,964.2844067,1,"Adults",2847.9174755
"69",69,0.0000000000128722120799304,0.00000000583633222722084,0.000000150722713970484,0.0120946147450675,0.13970403573306,963.457863267297,0.674744625652189,963.284406699988,24.4096177533312,3.33686097487306,"Malawi","Zomba","TA Mkumbira",241,964.2844067,1,"Adults",2847.9174755
"70",70,0.0000000000128722119706107,0.00000000397099773881676,0.000000104114053685569,0.0106734619817588,0.131428095911931,963.465772789721,0.676532244286568,963.284406699988,24.4096177545583,3.33705534678789,"Malawi","Zomba","TA Mkumbira",241,964.2844067,1,"Adults",2847.9174755
"71",71,0.0000000000128722118840625,0.00000000270490650047535,0.0000000719241571820307,0.00941929862164558,0.123631444162341,963.473141991218,0.678213891355095,963.284406699988,24.4096177554052,3.33722687942974,"Malawi","Zomba","TA Mkumbira",241,964.2844067,1,"Adults",2847.9174755
"72",72,0.0000000000128722118263177,0.0000000018402274747897,0.0000000496562881100289,0.00831250301553887,0.116287641728035,963.480010790738,0.67979571300787,963.284406699988,24.4096177559908,3.33737825647724,"Malawi","Zomba","TA Mkumbira",241,964.2844067,1,"Adults",2847.9174755
"73",73,0.0000000000128722117864732,0.00000000125226369959768,0.0000000342825668379526,0.00733575907972387,0.109371546208662,963.486415843908,0.681283515254594,963.284406699988,24.4096177563948,3.33751184627042,"Malawi","Zomba","TA Mkumbira",241,964.2844067,1,"Adults",2847.9174755
"74",74,0.0000000000128722117589773,0.000000000853060868600437,0.0000000236669505432767,0.00647378540124274,0.102859268912544,963.492390840368,0.682682780784825,963.284406699988,24.4096177566736,3.33762973886317,"Malawi","Zomba","TA Mkumbira",241,964.2844067,1,"Adults",2847.9174755
"75",75,0.0000000000128722117399805,0.000000000580216633903013,0.0000000163296730820944,0.00571309616357083,0.0967281305758958,963.497966771123,0.683998685214219,963.284406699988,24.4096177568663,3.33773377872245,"Malawi","Zomba","TA Mkumbira",241,964.2844067,1,"Adults",2847.9174755
"76",76,0.0000000000128722117268838,0.00000000039492191506141,0.0000000112684185705974,0.00504179016221552,0.0909566160428918,963.503172169379,0.685236112739237,963.284406699988,24.4096177569991,3.33782559358532,"Malawi","Zomba","TA Mkumbira",241,964.2844067,1,"Adults",2847.9174755
"77",77,0.0000000000128722117178465,0.000000000269028042419493,0.00000000777399038251282,0.00444936461338651,0.0855243284064972,963.508033327734,0.686399671190007,963.284406699988,24.4096177570907,3.33790661992512,"Malawi","Zomba","TA Mkumbira",241,964.2844067,1,"Adults",2847.9174755
"78",78,0.0000000000128722117116085,0.000000000182935641249703,0.00000000536112896851106,0.00392655083668253,0.0804119430291156,963.512574494099,0.687493706477079,963.284406699988,24.409617757154,3.33797812542549,"Malawi","Zomba","TA Mkumbira",241,964.2844067,1,"Adults",2847.9174755
"79",79,0.0000000000128722117073105,0.000000000124551754490461,0.00000000369773599530328,0.00346516924586246,0.0756011617907051,963.516818048695,0.688522316432849,963.284406699988,24.4096177571976,3.33804122881355,"Malawi","Zomba","TA Mkumbira",241,964.2844067,1,"Adults",2847.9174755
"80",80,0.0000000000128722117043448,0.0000000000848395826100111,0.00000000254941697573531,0.0030580013785842,0.0710746678511877,963.52078466407,0.689489364052611,963.284406699988,24.4096177572276,3.33809691736272,"Malawi","Zomba","TA Mkumbira",241,964.2844067,1,"Adults",2847.9174755
"81",81,0.0000000000128722117022999,0.0000000000576768207489556,0.0000000017573992402995,0.00269867696181683,0.0668160811613569,963.524493449905,0.690398490143605,963.284406699988,24.4096177572484,3.33814606233887,"Malawi","Zomba","TA Mkumbira",241,964.2844067,1,"Adults",2847.9174755
"82",82,0.0000000000128722117008914,0.0000000000392837702300917,0.00000000121155057963462,0.0023815742477154,0.0628099149109495,963.527962084184,0.691253125393249,963.284406699988,24.4096177572627,3.33818943263156,"Malawi","Zomba","TA Mkumbira",241,964.2844067,1,"Adults",2847.9174755
"83",83,0.0000000000128722116999197,0.0000000000267531712803126,0.000000000834812308281495,0.00210173206007741,0.0590415330637355,963.531206932131,0.692056501869925,963.284406699988,24.4096177572725,3.33822770678351,"Malawi","Zomba","TA Mkumbira",241,964.2844067,1,"Adults",2847.9174755
"84",84,0.0000000000128722116992505,0.000000000018184713043965,0.000000000575270449355959,0.00185477217530986,0.0554971090960978,963.53424315415,0.692811663971458,963.284406699988,24.4096177572793,3.33826148360667,"Malawi","Zomba","TA Mkumbira",241,964.2844067,1,"Adults",2847.9174755
"85",85,0.0000000000128722116987895,0.0000000000123908325188245,0.000000000396390263429519,0.00163683082399491,0.0521635860270633,963.537084803889,0.693521478837789,963.284406699988,24.409617757284,3.33829129155075,"Malawi","Zomba","TA Mkumbira",241,964.2844067,1,"Adults",2847.9174755
"86",86,0.0000000000128722116984715,0.0000000000084356873180073,0.000000000272985806469982,0.00144449824106837,0.0490286378035498,963.539744917415,0.694188646245303,963.284406699988,24.4096177572872,3.33831759697108,"Malawi","Zomba","TA Mkumbira",241,964.2844067,1,"Adults",2847.9174755
"87",87,0.0000000000128722116982528,0.00000000000573332932374795,0.000000000188061496406755,0.00127476526923047,0.0460806320456393,963.542235594467,0.694815708010542,963.284406699988,24.4096177572894,3.33834081143158,"Malawi","Zomba","TA Mkumbira",241,964.2844067,1,"Adults",2847.9174755
"88",88,0.0000000000128722116981021,0.00000000000390905622454997,0.000000000129518379368912,0.00112497650915261,0.0433085944171483,963.544568072065,0.695405056861937,963.284406699988,24.4096177572909,3.33836129811255,"Malawi","Zomba","TA Mkumbira",241,964.2844067,1,"Adults",2847.9174755
"89",89,0.0000000000128722116979983,0.0000000000026616874008385,0.0000000000891611266381673,0.00099278804641013,0.0407021736717668,963.54675279314,0.695958945036856,963.284406699988,24.409617757292,3.33837937759233,"Malawi","Zomba","TA Mkumbira",241,964.2844067,1,"Adults",2847.9174755
"90",90,0.0000000000128722116979268,0.00000000000180788360429644,0.0000000000613853984470502,0.000876131667616096,0.0382516094940077,963.54879946666,0.696479492101505,963.284406699988,24.4096177572927,3.33839533274147,"Malawi","Zomba","TA Mkumbira",241,964.2844067,1,"Adults",2847.9174755
"91",91,0.0000000000128722116978776,0.00000000000123121146210923,0.0000000000422596813262542,0.000773182857169434,0.0359477012751253,963.550717123346,0.696968692464393,963.284406699988,24.4096177572932,3.33840941309986,"Malawi","Zomba","TA Mkumbira",241,964.2844067,1,"Adults",2847.9174755
"92",92,0.0000000000128722116978437,0.00000000000083863177828503,0.0000000000290884935069402,0.000682330934655523,0.0337817770350565,963.55251416919,0.697428422797183,963.284406699988,24.4096177572936,3.33842183896105,"Malawi","Zomba","TA Mkumbira",241,964.2844067,1,"Adults",2847.9174755
"93",93,0.0000000000128722116978204,0.000000000000570444095758228,0.0000000000200237488611037,0.00060215445396962,0.0317456650819446,963.554198431704,0.69786044872591,963.284406699988,24.4096177572938,3.33843280473691,"Malawi","Zomba","TA Mkumbira",241,964.2844067,1,"Adults",2847.9174755
"94",94,0.0000000000128722116978044,0.00000000000038847531274445,0.0000000000137811977717656,0.000531399015943812,0.029831666690526,963.555777203028,0.69826643123751,963.284406699988,24.409617757294,3.33844248199222,"Malawi","Zomba","TA Mkumbira",241,964.2844067,1,"Adults",2847.9174755
"95",95,0.0000000000128722116977934,0.000000000000264577923844763,0.0000000000094829676099493,0.000468957611023587,0.0280325300482696,963.557257279572,0.698647932745767,963.284406699988,24.4096177572941,3.33845102213322,"Malawi","Zomba","TA Mkumbira",241,964.2844067,1,"Adults",2847.9174755
"96",96,0.0000000000128722116977858,0.000000000000180048960034496,0.00000000000652544831866054,0.000413853308506219,0.0263414254727377,963.558644998377,0.699006422821244,963.284406699988,24.4096177572941,3.33845855877519,"Malawi","Zomba","TA Mkumbira",241,964.2844067,1,"Adults",2847.9174755
"97",97,0.0000000000128722116977806,0.000000000000122593077355219,0.00000000000448955298399369,0.000365223971077699,0.024751921861233,963.559946270547,0.699343283602674,963.284406699988,24.4096177572942,3.33846520983307,"Malawi","Zomba","TA Mkumbira",241,964.2844067,1,"Adults",2847.9174755
"98",98,0.000000000012872211697777,0.000000000000083480633288473,0.00000000000308831841657257,0.000322308765699199,0.0232579643293676,963.561166611983,0.699659814905605,963.284406699988,24.4096177572942,3.33847107936636,"Malawi","Zomba","TA Mkumbira",241,964.2844067,1,"Adults",2847.9174755
"99",99,0.0000000000128722116977745,0.0000000000000568218062508942,0.00000000000212439827431428,0.000284436260131383,0.0218538529943187,963.562311171686,0.699957239043671,963.284406699988,24.4096177572943,3.33847625920716,"Malawi","Zomba","TA Mkumbira",241,964.2844067,1,"Adults",2847.9174755
"100",100,0.0000000000128722116977728,0.0000000000000386864363239821,0.00000000000146113296820019,0.000251013917976088,0.0205342228582567,963.563384757831,0.700236705377332,963.284406699988,24.4096177572943,3.33848083039698,"Malawi","Zomba","TA Mkumbira",241,964.2844067,1,"Adults",2847.9174755
"101",101,0.0000000000128722116977716,0.0000000000000263414077569928,0.00000000000100480034917036,0.000221518828111755,0.0192940247470184,963.564391861806,0.700499294604257,963.284406699988,24.4096177572943,3.33848486445461,"Malawi","Zomba","TA Mkumbira",241,964.2844067,1,"Adults",2847.9174755
"102",102,0.0000000000128722116977708,0.0000000000000179318456133591,0.000000000000690968775001847,0.000195489531093342,0.0181285072775881,963.565336680376,0.700746022800939,963.284406699988,24.4096177572943,3.33848842449408,"Malawi","Zomba","TA Mkumbira",241,964.2844067,1,"Adults",2847.9174755
"103",103,0.0000000000128722116977703,0.0000000000000122092079686499,0.000000000000475122467058299,0.000172518797016072,0.0170331997742523,963.566223136178,0.700977845236619,963.284406699988,24.4096177572943,3.33849156621243,"Malawi","Zomba","TA Mkumbira",241,964.2844067,1,"Adults",2847.9174755
"104",104,0.0000000000128722116977699,0.0000000000000083174223861864,0.000000000000326791324845423,0.000152247379779877,0.0160038964434537,963.56705489627,0.70119565989339,963.284406699988,24.4096177572943,3.33849433874392,"Malawi","Zomba","TA Mkumbira",241,964.2844067,1,"Adults",2847.9174755
"105",105,0.0000000000128722116977696,0.00000000000000566159800639166,0.000000000000224654470802351,0.000134357909280764,0.0150366398675205,963.567835391084,0.701400311126066,963.284406699988,24.4096177572943,3.3384967854954,"Malawi","Zomba","TA Mkumbira",241,964.2844067,1,"Adults",2847.9174755
"106",106,0.0000000000128722116977694,0.00000000000000385075372666633,0.000000000000154312672413083,0.000118570444049241,0.0141277077420734,963.568567829211,0.70159259258956,963.284406699988,24.4096177572943,3.33849894475462,"Malawi","Zomba","TA Mkumbira",241,964.2844067,1,"Adults",2847.9174755
"107",107,0.0000000000128722116977693,0.00000000000000262159314141604,0.000000000000106054238462524,0.000104638057803108,0.0132735992260867,963.569255212456,0.701773250247033,963.284406699988,24.4096177572943,3.33850085029379,"Malawi","Zomba","TA Mkumbira",241,964.2844067,1,"Adults",2847.9174755
"108",108,0.0000000000128722116977692,0.00000000000000178412181920609,0.0000000000000728753116259887,0.0000923427651301775,0.0124710216029313,963.569900350316,0.70194298530262,963.284406699988,24.4096177572943,3.33850253192688,"Malawi","Zomba","TA Mkumbira",241,964.2844067,1,"Adults",2847.9174755
"109",109,0.0000000000128722116977692,0.00000000000000121379488431633,0.0000000000000500520228183691,0.0000814922112424418,0.0117168782910562,963.570505872657,0.702102456827267,963.284406699988,24.4096177572943,3.33850401596235,"Malawi","Zomba","TA Mkumbira",241,964.2844067,1,"Adults",2847.9174755
"110",110,0.0000000000128722116977691,0.000000000000000826413470916429,0.0000000000000343901845475053,0.0000719166064747119,0.011008257171399,963.571074241898,0.702252284310661,963.284406699988,24.4096177572943,3.33850532562242,"Malawi","Zomba","TA Mkumbira",241,964.2844067,1,"Adults",2847.9174755
"111",111,0.0000000000128722116977691,0.000000000000000562511999476288,0.0000000000000236258613259038,0.0000634661311098222,0.0103424200062119,963.57160776388,0.702393049969244,963.284406699988,24.4096177572943,3.338506481398,"Malawi","Zomba","TA Mkumbira",241,964.2844067,1,"Adults",2847.9174755
"112",112,0.0000000000128722116977691,0.000000000000000382851528325058,0.000000000000016227930283861,0.0000560086187596705,0.00971679231338572,963.572108598104,0.702525300950057,963.284406699988,24.4096177572943,3.33850750136555,"Malawi","Zomba","TA Mkumbira",241,964.2844067,1,"Adults",2847.9174755
"113",113,0.0000000000128722116977691,0.000000000000000260694961319445,0.0000000000000111487174002286,0.0000494273932932734,0.00912895339525757,963.572578767701,0.702649551497553,963.284406699988,24.4096177572943,3.33850840148293,"Malawi","Zomba","TA Mkumbira",241,964.2844067,1,"Adults",2847.9174755
"114",114,0.0000000000128722116977691,0.000000000000000177485464628348,0.00000000000000765831997815632,0.0000436194865240533,0.00857662738710053,963.573020168219,0.702766284894207,963.284406699988,24.4096177572943,3.33850919583313,"Malawi","Zomba","TA Mkumbira",241,964.2844067,1,"Adults",2847.9174755
"115",115,0.0000000000128722116977691,0.000000000000000120820250937287,0.00000000000000525977230986617,0.0000384940309839547,0.00805767470975244,963.573434575935,0.702875955310799,963.284406699988,24.4096177572943,3.33850989684415,"Malawi","Zomba","TA Mkumbira",241,964.2844067,1,"Adults",2847.9174755
"116",116,0.0000000000128722116977690,0.0000000000000000822639777060874,0.00000000000000361253627474259,0.000033970835969324,0.00757008399960544,963.573823655601,0.702978989550649,963.284406699988,24.4096177572943,3.33851051548371,"Malawi","Zomba","TA Mkumbira",241,964.2844067,1,"Adults",2847.9174755
"117",117,0.000000000012872211697769,0.0000000000000000560071077549514,0.00000000000000248093672969916,0.0000299791335628551,0.00711196450700302,963.574188967656,0.703075788690095,963.284406699988,24.4096177572943,3.33851106143077,"Malawi","Zomba","TA Mkumbira",241,964.2844067,1,"Adults",2847.9174755
"118",118,0.000000000012872211697769,0.0000000000000000381284880836576,0.00000000000000170361388794859,0.0000264564724026416,0.00668153894248706,963.574531974952,0.70316672962019,963.284406699988,24.4096177572943,3.33851154322683,"Malawi","Zomba","TA Mkumbira",241,964.2844067,1,"Adults",2847.9174755
"119",119,0.000000000012872211697769,0.0000000000000000259612413187705,0.00000000000000116986122649614,0.0000233477402423573,0.00627713673259533,963.574854049016,0.703252166498245,963.284406699988,24.4096177572943,3.33851196840962,"Malawi","Zomba","TA Mkumbira",241,964.2844067,1,"Adults",2847.9174755
"120",120,0.000000000012872211697769,0.0000000000000000176844820364194,0.000000000000000803609531839139,0.0000206043187007032,0.00589718780082135,963.575156475783,0.703332432084727,963.284406699988,24.4096177572943,3.3385123436287,"Malawi","Zomba","TA Mkumbira",241,964.2844067,1,"Adults",2847.9174755
"121",121,0.000000000012872211697769,0.0000000000000000120386025304444,0.000000000000000551693115250263,0.0000181832566624827,0.00554021610677698,963.575440461493,0.70340783913065,963.284406699988,24.4096177572943,3.33851267475852,"Malawi","Zomba","TA Mkumbira",241,964.2844067,1,"Adults",2847.9174755
"122",122,0.000000000012872211697769,0.00000000000000000818821429225019,0.000000000000000378452233182682,0.0000160466683966908,0.005204834484259,963.57570713735,0.703478681484344,963.284406699988,24.4096177572943,3.33851296698073,"Malawi","Zomba","TA Mkumbira",241,964.2844067,1,"Adults",2847.9174755
"123",123,0.000000000012872211697769,0.00000000000000000557407795972671,0.000000000000000259776364243382,0.0000141611362653273,0.00488973933897637,963.575957564284,0.70354523522772,963.284406699988,24.4096177572943,3.33851322486586,"Malawi","Zomba","TA Mkumbira",241,964.2844067,1,"Adults",2847.9174755
"124",124,0.000000000012872211697769,0.00000000000000000379383053321508,0.000000000000000178274348854806,0.0000124971598130595,0.00459370548726539,963.576192737558,0.703607759781431,963.284406699988,24.4096177572943,3.33851345244872,"Malawi","Zomba","TA Mkumbira",241,964.2844067,1,"Adults",2847.9174755
"125",125,0.000000000012872211697769,0.00000000000000000258113532650086,0.00000000000000012229693896248,0.0000110287055619555,0.00431558151325557,963.57641359087,0.703666498897721,963.284406699988,24.4096177572943,3.33851365328992,"Malawi","Zomba","TA Mkumbira",241,964.2844067,1,"Adults",2847.9174755
"126",126,0.000000000012872211697769,0.0000000000000000017578037876887,0.0000000000000000839538001570763,0.00000973279923551556,0.00405428535660312,963.576621000228,0.703721681603377,963.284406699988,24.4096177572943,3.33851383053165,"Malawi","Zomba","TA Mkumbira",241,964.2844067,1,"Adults",2847.9174755
"127",127,0.000000000012872211697769,0.00000000000000000119634634263243,0.0000000000000000576004118787359,0.00000858916580614442,0.00380880015766026,963.576815787577,0.703773523086982,963.284406699988,24.4096177572943,3.33851398694694,"Malawi","Zomba","TA Mkumbira",241,964.2844067,1,"Adults",2847.9174755
"128",128,0.000000000012872211697769,0.000000000000000000813962019409232,0.000000000000000039508655303332,0.00000757991277379636,0.0035781703496783,963.576998724192,0.703822225532774,963.284406699988,24.4096177572943,3.33851412498297,"Malawi","Zomba","TA Mkumbira",241,964.2844067,1,"Adults",2847.9174755
"129",129,0.000000000012872211697769,0.000000000000000000554375670926385,0.0000000000000000271174660203051,0.00000668925003597934,0.00336149798218815,963.57717053385,0.703867978904666,963.284406699988,24.4096177572943,3.33851424679934,"Malawi","Zomba","TA Mkumbira",241,964.2844067,1,"Adults",2847.9174755
"130",130,0.000000000012872211697769,0.000000000000000000377222226194443,0.0000000000000000185989108567829,0.00000590324286934632,0.00315793926295344,963.577331895798,0.703910961683182,963.284406699988,24.4096177572943,3.33851435430192,"Malawi","Zomba","TA Mkumbira",241,964.2844067,1,"Adults",2847.9174755
"131",131,0.000000000012872211697769,0.00000000000000000025667496892871,0.0000000000000000127559835376054,0.00000520959392909379,0.00296670130557595,963.577483447529,0.70395134155815,963.284406699988,24.4096177572943,3.33851444917262,"Malawi","Zomba","TA Mkumbira",241,964.2844067,1,"Adults",2847.9174755
"132",132,0.000000000012872211697769,0.000000000000000000174835250330031,0.00000000000000000875393311277574,0.00000459745084296818,0.00278703907075904,963.577625787386,0.703989276079788,963.284406699988,24.4096177572943,3.33851453289572,"Malawi","Zomba","TA Mkumbira",241,964.2844067,1,"Adults",2847.9174755
"133",133,0.000000000012872211697769,0.000000000000000000118939902766768,0.00000000000000000600216870936761,0.00000405723642589645,0.002618252489895,963.57775947699,0.70402491327066,963.284406699988,24.4096177572943,3.33851460678111,"Malawi","Zomba","TA Mkumbira",241,964.2844067,1,"Adults",2847.9174755
"134",134,0.000000000012872211697769,0.0000000000000000000809440330327941,0.00000000000000000411637294555508,0.0000035804988412082,0.00245968376028201,963.577885043527,0.704058392200828,963.284406699988,24.4096177572943,3.33851467198473,"Malawi","Zomba","TA Mkumbira",241,964.2844067,1,"Adults",2847.9174755
"135",135,0.000000000012872211697769,0.0000000000000000000551381087697508,0.00000000000000000282435219333725,0.0000031597793685449,0.00231071480188283,963.578002981877,0.704089843528411,963.284406699988,24.4096177572943,3.33851472952674,"Malawi","Zomba","TA Mkumbira",241,964.2844067,1,"Adults",2847.9174755
"136",136,0.000000000012872211697769,0.0000000000000000000375013211809473,0.00000000000000000193597562211567,0.00000278849570986445,0.00217076486611201,963.578113756617,0.704119390007607,963.284406699988,24.4096177572943,3.33851478030738,"Malawi","Zomba","TA Mkumbira",241,964.2844067,1,"Adults",2847.9174755
"137",137,0.000000000012872211697769,0.0000000000000000000255273254517924,0.00000000000000000132770152831693,0.000002460839007097,0.00203928828768246,963.578217803894,0.704147146966127,963.284406699988,24.4096177572943,3.33851482512115,"Malawi","Zomba","TA Mkumbira",241,964.2844067,1,"Adults",2847.9174755
"138",138,0.000000000012872211697769,0.0000000000000000000173885324729269,0.000000000000000000910754101703102,0.00000217168296061063,0.00191577237105755,963.578315533179,0.704173222753872,963.284406699988,24.4096177572943,3.33851486466916,"Malawi","Zomba","TA Mkumbira",241,964.2844067,1,"Adults",2847.9174755
"139",139,0.000000000012872211697769,0.0000000000000000000118237981784973,0.000000000000000000624131686441756,0.00000191650362652964,0.00179973540354159,963.578407328915,0.704197719164578,963.284406699988,24.4096177572943,3.33851489957016,"Malawi","Zomba","TA Mkumbira",241,964.2844067,1,"Adults",2847.9174755
"140",140,0.000000000012872211697769,0.00000000000000000000805097108728851,0.000000000000000000428035428522899,0.00000169130863810271,0.00169072478750242,963.578493552059,0.704220731832039,963.284406699988,24.4096177572943,3.33851493037019,"Malawi","Zomba","TA Mkumbira",241,964.2844067,1,"Adults",2847.9174755
"141",141,0.000000000012872211697769,0.00000000000000000000548347817495866,0.000000000000000000293533884792209,0.00000149257474377994,0.00158831528465502,963.578574541525,0.704242350602455,963.284406699988,24.4096177572943,3.33851495755112,"Malawi","Zomba","TA Mkumbira",241,964.2844067,1,"Adults",2847.9174755
"142",142,0.000000000012872211697769,0.00000000000000000000372780175193932,0.000000000000000000201113932573733,0.00000131719263333543,0.00149210736408854,963.578650615545,0.704262659884654,963.284406699988,24.4096177572943,3.33851498153821,"Malawi","Zomba","TA Mkumbira",241,964.2844067,1,"Adults",2847.9174755
"143",143,0.000000000012872211697769,0.00000000000000000000253943021570055,0.00000000000000000013793561113174,0.00000116241852866077,0.00140172565825365,963.578722072933,0.704281738977354,963.284406699988,24.4096177572943,3.33851500270674,"Malawi","Zomba","TA Mkumbira",241,964.2844067,1,"Adults",2847.9174755
"144",144,0.000000000012872211697769,0.00000000000000000000172953991417177,0.0000000000000000000945739222779579,0.00000102583050369878,0.00131681747961585,963.578789194293,0.704299662383476,963.284406699988,24.4096177572943,3.33851502138795,"Malawi","Zomba","TA Mkumbira",241,964.2844067,1,"Adults",2847.9174755
"145",145,0.000000000012872211697769,0.00000000000000000000117551084766381,0.00000000000000000006477330461587,0.000000905291509552936,0.00123705148237294,963.578852243119,0.704316500093646,963.284406699988,24.4096177572943,3.33851503787413,"Malawi","Zomba","TA Mkumbira",241,964.2844067,1,"Adults",2847.9174755
"146",146,0.000000000012872211697769,0.000000000000000000000800314965363747,0.0000000000000000000444042984861327,0.000000798916306049241,0.00116211638640124,963.578911466828,0.704332317856457,963.284406699988,24.4096177572943,3.33851505242312,"Malawi","Zomba","TA Mkumbira",241,964.2844067,1,"Adults",2847.9174755
"147",147,0.000000000012872211697769,0.000000000000000000000545142927542526,0.0000000000000000000304461706012136,0.000000705040605215864,0.00109171972411342,963.578967097778,0.704347177443827,963.284406699988,24.4096177572943,3.33851506526254,"Malawi","Zomba","TA Mkumbira",241,964.2844067,1,"Adults",2847.9174755
"148",148,0.000000000012872211697769,0.000000000000000000000370910120878894,0.000000000000000000020863775513015,0.000000622195651613766,0.00102558672009468,963.579019354183,0.704361136888186,963.284406699988,24.4096177572943,3.33851507659328,"Malawi","Zomba","TA Mkumbira",241,964.2844067,1,"Adults",2847.9174755
"149",149,0.000000000012872211697769,0.000000000000000000000252542938352191,0.0000000000000000000143018776636712,0.000000549085296501058,0.000963459224029899,963.579068440969,0.704374250708331,963.284406699988,24.4096177572943,3.33851508659262,"Malawi","Zomba","TA Mkumbira",241,964.2844067,1,"Adults",2847.9174755
"150",150,0.000000000012872211697769,0.000000000000000000000171993924460687,0.00000000000000000000980412261829358,0.000000484565686258234,0.00090509470591412,963.579114550593,0.704386570122073,963.284406699988,24.4096177572943,3.338515095417,"Malawi","Zomba","TA Mkumbira",241,964.2844067,1,"Adults",2847.9174755
"151",151,0.000000000012872211697769,0.000000000000000000000117060678490009,0.00000000000000000000671867519144576,0.000000427627375476238,0.000850265312096369,963.579157863801,0.704398143245967,963.284406699988,24.4096177572943,3.33851510320448,"Malawi","Zomba","TA Mkumbira",241,964.2844067,1,"Adults",2847.9174755
"152",152,0.000000000012872211697769,0.0000000000000000000000796977690452774,0.00000000000000000000460475441115236,0.000000377379532751527,0.000798756978171128,963.579198550346,0.704409015282994,963.284406699988,24.4096177572943,3.3385151100769,"Malawi","Zomba","TA Mkumbira",241,964.2844067,1,"Adults",2847.9174755
"153",153,0.000000000012872211697769,0.0000000000000000000000542695088268380,0.00000000000000000000315595972278973,0.000000333036002619131,0.000750368595375132,963.579236769657,0.704419228698884,963.284406699988,24.4096177572943,3.33851511614179,"Malawi","Zomba","TA Mkumbira",241,964.2844067,1,"Adults",2847.9174755
"154",154,0.000000000012872211697769,0.0000000000000000000000369418385606454,0.00000000000000000000216261945994892,0.000000293903005898013,0.000704911227274323,963.579272671469,0.70442882338779,963.284406699988,24.4096177572943,3.33851512149403,"Malawi","Zomba","TA Mkumbira",241,964.2844067,1,"Adults",2847.9174755
"155",155,0.000000000012872211697769,0.0000000000000000000000251503158533061,0.00000000000000000000148197209355136,0.000000259368285100454,0.000662207373717581,963.579306396417,0.704437836827941,963.284406699988,24.4096177572943,3.33851512621736,"Malawi","Zomba","TA Mkumbira",241,964.2844067,1,"Adults",2847.9174755
"156",156,0.000000000012872211697769,0.0000000000000000000000171244387090696,0.00000000000000000000101553263162807,0.000000228891525319327,0.000622090279216311,963.579338076588,0.704446304227878,963.284406699988,24.4096177572943,3.33851513038568,"Malawi","Zomba","TA Mkumbira",241,964.2844067,1,"Adults",2847.9174755
"157",157,0.000000000012872211697769,0.0000000000000000000000116576916961763,0.000000000000000000000695829041324852,0.000000201995900704335,0.000584403283078066,963.579367836044,0.704454258663851,963.284406699988,24.4096177572943,3.33851513406421,"Malawi","Zomba","TA Mkumbira",241,964.2844067,1,"Adults",2847.9174755
"158",158,0.000000000012872211697769,0.00000000000000000000000793662410104669,0.000000000000000000000476767199976842,0.000000178260614255745,0.000548999208781994,963.579395791309,0.704461731208904,963.284406699988,24.4096177572943,3.33851513731049,"Malawi","Zomba","TA Mkumbira",241,964.2844067,1,"Adults",2847.9174755
"159",159,0.000000000012872211697769,0.00000000000000000000000540366382439989,0.000000000000000000000326662364914034,0.000000157314314221393,0.000515739790234011,963.579422051828,0.704468751054154,963.284406699988,24.4096177572943,3.33851514017533,"Malawi","Zomba","TA Mkumbira",241,964.2844067,1,"Adults",2847.9174755
"160",160,0.000000000012872211697769,0.00000000000000000000000367875768923362,0.000000000000000000000223800856092546,0.000000138829284092123,0.000484495132680941,963.579446720402,0.704475345622722,963.284406699988,24.4096177572943,3.33851514270354,"Malawi","Zomba","TA Mkumbira",241,964.2844067,1,"Adults",2847.9174755
"161",161,0.000000000012872211697769,0.00000000000000000000000250452346104566,0.000000000000000000000153324956960742,0.000000122516315294787,0.000455143206195763,963.579469893588,0.704481540676787,963.284406699988,24.4096177572943,3.33851514493467,"Malawi","Zomba","TA Mkumbira",241,964.2844067,1,"Adults",2847.9174755
"162",162,0.000000000012872211697769,0.00000000000000000000000170516474699666,0.000000000000000000000105038937678339,0.000000108120182363336,0.00042756936977123,963.579491662079,0.704487360418151,963.284406699988,24.4096177572943,3.33851514690363,"Malawi","Zomba","TA Mkumbira",241,964.2844067,1,"Adults",2847.9174755
"163",163,0.000000000012872211697769,0.0000000000000000000000011608799375133,0.0000000000000000000000719556915417634,0.0000000954156497945088,0.000401665924176753,963.579512111065,0.70449282758272,963.284406699988,24.4096177572943,3.33851514864124,"Malawi","Zomba","TA Mkumbira",241,964.2844067,1,"Adults",2847.9174755
"164",164,0.000000000012872211697769,0.000000000000000000000000790337150084319,0.0000000000000000000000492908039427963,0.0000000842039481131656,0.000377331691844165,963.579531320562,0.704497963529273,963.284406699988,24.4096177572943,3.33851515017467,"Malawi","Zomba","TA Mkumbira",241,964.2844067,1,"Adults",2847.9174755
"165",165,0.000000000012872211697769,0.000000000000000000000000538080807260086,0.0000000000000000000000337638475930639,0.0000000743096640133422,0.000354471622152063,963.579549365732,0.704502788322849,963.284406699988,24.4096177572943,3.33851515152791,"Malawi","Zomba","TA Mkumbira",241,964.2844067,1,"Adults",2847.9174755
"166",166,0.000000000012872211697769,0.000000000000000000000000366329883901843,0.0000000000000000000000231269897435309,0.0000000655779959195576,0.000332996420576355,963.579566317175,0.704507320813098,963.284406699988,24.4096177572943,3.33851515272215,"Malawi","Zomba","TA Mkumbira",241,964.2844067,1,"Adults",2847.9174755
"167",167,0.000000000012872211697769,0.000000000000000000000000249401161859673,0.0000000000000000000000158405927576231,0.0000000578723320301027,0.000312822200266717,963.579582241207,0.70451157870788,963.284406699988,24.4096177572943,3.33851515377606,"Malawi","Zomba","TA Mkumbira",241,964.2844067,1,"Adults",2847.9174755
"168",168,0.000000000012872211697769,0.000000000000000000000000169797103119736,0.0000000000000000000000108494756907032,0.0000000510721129494535,0.000293870154695275,963.579597200118,0.704515578642414,963.284406699988,24.4096177572943,3.33851515470613,"Malawi","Zomba","TA Mkumbira",241,964.2844067,1,"Adults",2847.9174755
"169",169,0.000000000012872211697769,0.00000000000000000000000011559976541578,0.00000000000000000000000743069205184079,0.0000000450709454695032,0.000276066250105218,963.579611252422,0.704519336244242,963.284406699988,24.4096177572943,3.33851515552691,"Malawi","Zomba","TA Mkumbira",241,964.2844067,1,"Adults",2847.9174755
"170",170,0.000000000012872211697769,0.0000000000000000000000000787016487474777,0.00000000000000000000000508902857829761,0.0000000397749379886712,0.000259340936563664,963.579624453081,0.704522866194251,963.284406699988,24.4096177572943,3.33851515625125,"Malawi","Zomba","TA Mkumbira",241,964.2844067,1,"Adults",2847.9174755
"171",171,0.000000000012872211697769,0.0000000000000000000000000535813780176413,0.00000000000000000000000348518351145986,0.0000000351012315255982,0.000243628876495026,963.579636853725,0.704526182284016,963.284406699988,24.4096177572943,3.33851515689047,"Malawi","Zomba","TA Mkumbira",241,964.2844067,1,"Adults",2847.9174755
"172",172,0.000000000012872211697769,0.0000000000000000000000000364788716140226,0.00000000000000000000000238671640883445,0.0000000309767033443164,0.000228868689638851,963.579648502851,0.704529297469657,963.284406699988,24.4096177572943,3.33851515745458,"Malawi","Zomba","TA Mkumbira",241,964.2844067,1,"Adults",2847.9174755
"173",173,0.000000000012872211697769,0.0000000000000000000000000248352636643989,0.0000000000000000000000016344113668984,0.0000000273368229083931,0.000215002713439707,963.579659446014,0.704532223922441,963.284406699988,24.4096177572943,3.33851515795241,"Malawi","Zomba","TA Mkumbira",241,964.2844067,1,"Adults",2847.9174755
"174",174,0.000000000012872211697769,0.000000000000000000000000016908220338227,0.00000000000000000000000111919920425465,0.0000000241246422648122,0.000201976777936505,963.579669726008,0.704534973076323,963.284406699988,24.4096177572943,3.33851515839174,"Malawi","Zomba","TA Mkumbira",241,964.2844067,1,"Adults",2847.9174755
"175",175,0.000000000012872211697769,0.0000000000000000000000000115113376047371,0.000000000000000000000000766370256837995,0.0000000212899050615891,0.000189739994274871,963.57967938303,0.704537555672602,963.284406699988,24.4096177572943,3.33851515877945,"Malawi","Zomba","TA Mkumbira",241,964.2844067,1,"Adults",2847.9174755
"176",176,0.000000000012872211697769,0.00000000000000000000000000783706565678613,0.000000000000000000000000524753888043074,0.0000000187882602592037,0.000178244556019047,963.579688454841,0.704539981801877,963.284406699988,24.4096177572943,3.3385151591216,"Malawi","Zomba","TA Mkumbira",241,964.2844067,1,"Adults",2847.9174755
"177",177,0.000000000012872211697769,0.00000000000000000000000000533425691376874,0.000000000000000000000000359217371356941,0.0000000165805316561459,0.00016744553061875,963.579696976928,0.704542260948078,963.284406699988,24.4096177572943,3.33851515942356,"Malawi","Zomba","TA Mkumbira",241,964.2844067,1,"Adults",2847.9174755
"178",178,0.000000000012872211697769,0.00000000000000000000000000363288755587321,0.000000000000000000000000246029324680444,0.000000014632306715614,0.000157300805832435,963.579704982549,0.704544401999785,963.284406699988,24.4096177572943,3.33851515969002,"Malawi","Zomba","TA Mkumbira",241,964.2844067,1,"Adults",2847.9174755
"179",179,0.000000000012872211697769,0.00000000000000000000000000247512120246817,0.000000000000000000000000168562570235836,0.0000000129130613732462,0.000147770729467024,963.579712503018,0.704546413326283,963.284406699988,24.4096177572943,3.33851515992516,"Malawi","Zomba","TA Mkumbira",241,964.2844067,1,"Adults",2847.9174755
"180",180,0.000000000012872211697769,0.00000000000000000000000000168578934197132,0.000000000000000000000000115452907332813,0.0000000113958526397208,0.000138818043980845,963.579719567756,0.704548302791376,963.284406699988,24.4096177572943,3.33851516013267,"Malawi","Zomba","TA Mkumbira",241,964.2844067,1,"Adults",2847.9174755
"181",181,0.000000000012872211697769,0.00000000000000000000000000114725248168787,0.0000000000000000000000000790172708975491,0.0000000100569032076815,0.000130407744576736,963.579726204402,0.704550077783344,963.284406699988,24.4096177572943,3.3385151603158,"Malawi","Zomba","TA Mkumbira",241,964.2844067,1,"Adults",2847.9174755
"182",182,0.000000000012872211697769,0.000000000000000000000000000780798413362609,0.0000000000000000000000000540811474034792,0.00000000887527282677647,0.000122506973546699,963.579732438901,0.704551745237254,963.284406699988,24.4096177572943,3.33851516047741,"Malawi","Zomba","TA Mkumbira",241,964.2844067,1,"Adults",2847.9174755
"183",183,0.000000000012872211697769,0.000000000000000000000000000531467163720929,0.0000000000000000000000000370173900627632,0.00000000783247759547432,0.000115084862918725,963.579738295623,0.704553311668176,963.284406699988,24.4096177572943,3.33851516062003,"Malawi","Zomba","TA Mkumbira",241,964.2844067,1,"Adults",2847.9174755
"184",184,0.000000000012872211697769,0.000000000000000000000000000361718635188307,0.0000000000000000000000000253347156312505,0.00000000691220499697278,0.000108112414553271,963.579743797464,0.704554783196499,963.284406699988,24.4096177572943,3.3385151607459,"Malawi","Zomba","TA Mkumbira",241,964.2844067,1,"Adults",2847.9174755
"185",185,0.000000000012872211697769,0.000000000000000000000000000246180363631776,0.0000000000000000000000000173381646920237,0.00000000610005931421527,0.000101562386968721,963.579748965928,0.704556165571823,963.284406699988,24.4096177572943,3.33851516085697,"Malawi","Zomba","TA Mkumbira",241,964.2844067,1,"Adults",2847.9174755
"186",186,0.000000000012872211697769,0.00000000000000000000000000016755249178809,0.0000000000000000000000000118655827978419,0.00000000538333623738216,0.0000954091889205213,963.579753821219,0.704557464195424,963.284406699988,24.4096177572943,3.338515160955,"Malawi","Zomba","TA Mkumbira",241,964.2844067,1,"Adults",2847.9174755
"187",187,0.000000000012872211697769,0.000000000000000000000000000114037240305776,0.00000000000000000000000000812008491515332,0.00000000475082413986179,0.0000896287794460415,963.579758382315,0.704558684141355,963.284406699988,24.4096177572943,3.33851516104151,"Malawi","Zomba","TA Mkumbira",241,964.2844067,1,"Adults",2847.9174755
"188",188,0.000000000012872211697769,0.0000000000000000000000000000776136096559301,0.00000000000000000000000000555668238979021,0.00000000419262869948905,0.0000841985739620018,963.579762667044,0.70455983017627,963.284406699988,24.4096177572943,3.33851516111785,"Malawi","Zomba","TA Mkumbira",241,964.2844067,1,"Adults",2847.9174755
"189",189,0.000000000012872211697769,0.0000000000000000000000000000528239513484715,0.00000000000000000000000000380241215131021,0.00000000370001812197138,0.0000790973560482749,963.579766692153,0.704560906778044,963.284406699988,24.4096177572943,3.33851516118523,"Malawi","Zomba","TA Mkumbira",241,964.2844067,1,"Adults",2847.9174755
"190",190,0.000000000012872211697769,0.0000000000000000000000000000359521414627158,0.00000000000000000000000000260190109106553,0.00000000326528655031746,0.0000743051945739884,963.579770473374,0.704561918153269,963.284406699988,24.4096177572943,3.33851516124469,"Malawi","Zomba","TA Mkumbira",241,964.2844067,1,"Adults",2847.9174755
"191",191,0.000000000012872211697769,0.0000000000000000000000000000244690875613108,0.00000000000000000000000000178036572028672,0.00000000288163352291992,0.0000698033658425275,963.579774025486,0.704562868253688,963.284406699988,24.4096177572943,3.33851516129716,"Malawi","Zomba","TA Mkumbira",241,964.2844067,1,"Adults",2847.9174755
"192",192,0.000000000012872211697769,0.0000000000000000000000000000166537010200219,0.00000000000000000000000000121819068089551,0.00000000254305759462629,0.0000655742804516103,963.579777362372,0.704563760791633,963.284406699988,24.4096177572943,3.33851516134347,"Malawi","Zomba","TA Mkumbira",241,964.2844067,1,"Adults",2847.9174755
"193",193,0.000000000012872211697769,0.0000000000000000000000000000113345435294219,0.000000000000000000000000000833507022983049,0.00000000224426245674481,0.0000616014145829866,963.579780497074,0.704564599254529,963.284406699988,24.4096177572943,3.33851516138433,"Malawi","Zomba","TA Mkumbira",241,964.2844067,1,"Adults",2847.9174755
"194",194,0.000000000012872211697769,0.00000000000000000000000000000771431246476092,0.000000000000000000000000000570283848699605,0.00000000198057408742817,0.0000578692454535821,963.579783441842,0.704565386918521,963.284406699988,24.4096177572943,3.3385151614204,"Malawi","Zomba","TA Mkumbira",241,964.2844067,1,"Adults",2847.9174755
"195",195,0.000000000012872211697769,0.00000000000000000000000000000525037532817351,0.00000000000000000000000000039017625909796,0.00000000174786763642679,0.0000543631906761298,963.579786208187,0.70456612686127,963.284406699988,24.4096177572943,3.33851516145223,"Malawi","Zomba","TA Mkumbira",241,964.2844067,1,"Adults",2847.9174755
"196",196,0.000000000012872211697769,0.00000000000000000000000000000357341553342204,0.000000000000000000000000000266943141691696,0.00000000154250290047732,0.0000510695512925824,963.579788806919,0.70456682197398,963.284406699988,24.4096177572943,3.33851516148031,"Malawi","Zomba","TA Mkumbira",241,964.2844067,1,"Adults",2847.9174755
"197",197,0.000000000012872211697769,0.00000000000000000000000000000243207351656509,0.000000000000000000000000000182626984868252,0.00000000136126737997451,0.0000479754582579155,963.579791248195,0.704567474972694,963.284406699988,24.4096177572943,3.3385151615051,"Malawi","Zomba","TA Mkumbira",241,964.2844067,1,"Adults",2847.9174755
"198",198,0.000000000012872211697769,0.00000000000000000000000000000165527387023939,0.000000000000000000000000000124939422010644,0.00000000120132602616777,0.000045068822165396,963.579793541555,0.704568088408907,963.284406699988,24.4096177572943,3.33851516152698,"Malawi","Zomba","TA Mkumbira",241,964.2844067,1,"Adults",2847.9174755
"199",199,0.000000000012872211697769,0.00000000000000000000000000000112658255791755,0.0000000000000000000000000000854717369281162,0.00000000106017689278286,0.000042338286017029,963.579795695961,0.704568664679529,963.284406699988,24.4096177572943,3.33851516154628,"Malawi","Zomba","TA Mkumbira",241,964.2844067,1,"Adults",2847.9174755
"200",200,0.000000000012872211697769,0.000000000000000000000000000000766754248888178,0.000000000000000000000000000058470146043391,0.000000000935611998331712,0.0000397731808547808,963.579797719834,0.704569206036256,963.284406699988,24.4096177572943,3.33851516156332,"Malawi","Zomba","TA Mkumbira",241,964.2844067,1,"Adults",2847.9174755
"201",201,0.000000000012872211697769,0.000000000000000000000000000000521854409117105,0.0000000000000000000000000000399976569440402,0.000000000825682786883328,0.0000373634840793339,963.579799621083,0.704569714594367,963.284406699988,24.4096177572943,3.33851516157835,"Malawi","Zomba","TA Mkumbira",241,964.2844067,1,"Adults",2847.9174755
"202",202,0.000000000012872211697769,0.000000000000000000000000000000355175108891236,0.0000000000000000000000000000273604831668635,0.000000000728669647002229,0.0000350997802936181,963.579801407137,0.704570192340986,963.284406699988,24.4096177572943,3.33851516159162,"Malawi","Zomba","TA Mkumbira",241,964.2844067,1,"Adults",2847.9174755
"203",203,0.000000000012872211697769,0.00000000000000000000000000000024173285892062,0.0000000000000000000000000000187155211798949,0.000000000643055012042269,0.0000329732245182149,963.579803084977,0.704570641142846,963.284406699988,24.4096177572943,3.33851516160333,"Malawi","Zomba","TA Mkumbira",241,964.2844067,1,"Adults",2847.9174755
"204",204,0.000000000012872211697769,0.000000000000000000000000000000164523846440881,0.0000000000000000000000000000128017443677072,0.00000000056749962100647,0.0000309755076349862,963.579804661159,0.704571062753586,963.284406699988,24.4096177572943,3.33851516161367,"Malawi","Zomba","TA Mkumbira",241,964.2844067,1,"Adults",2847.9174755
"205",205,0.000000000012872211697769,0.000000000000000000000000000000111614865241854,0.00000000000000000000000000000872936867124981,0.000000000500771627709931,0.0000290984690527465,963.579806142122,0.704571458895495,963.284406699988,24.4096177572943,3.33851516162279,"Malawi","Zomba","TA Mkumbira",241,964.2844067,1,"Adults",2847.9174755
"206",206,0.000000000012872211697769,0.0000000000000000000000000000000761143439822199,0.00000000000000000000000000000598196012227754,0.000000000441958727440978,0.0000273356937671725,963.579807532929,0.704571830922455,963.284406699988,24.4096177572943,3.33851516163084,"Malawi","Zomba","TA Mkumbira",241,964.2844067,1,"Adults",2847.9174755
"207",207,0.000000000012872211697769,0.0000000000000000000000000000000515798039125722,0.00000000000000000000000000000407432446232958,0.000000000389964755542801,0.0000256789944591887,963.579808840041,0.704572180562393,963.284406699988,24.4096177572943,3.33851516163795,"Malawi","Zomba","TA Mkumbira",241,964.2844067,1,"Adults",2847.9174755
"208",208,0.000000000012872211697769,0.0000000000000000000000000000000350546962322978,0.00000000000000000000000000000278235181470848,0.00000000034408929573885,0.0000241227033890803,963.579810067928,0.704572509011477,963.284406699988,24.4096177572943,3.33851516164422,"Malawi","Zomba","TA Mkumbira",241,964.2844067,1,"Adults",2847.9174755
"209",209,0.000000000012872211697769,0.0000000000000000000000000000000238499949159434,0.0000000000000000000000000000019019271300796,0.000000000303611030817462,0.0000226607326847602,963.579811221397,0.704572817554545,963.284406699988,24.4096177572943,3.33851516164976,"Malawi","Zomba","TA Mkumbira",241,964.2844067,1,"Adults",2847.9174755
"210",210,0.000000000012872211697769,0.0000000000000000000000000000000162233583695851,0.00000000000000000000000000000129983186170201,0.000000000267894577713702,0.0000212873652715744,963.579812304956,0.704573107398177,963.284406699988,24.4096177572943,3.33851516165464,"Malawi","Zomba","TA Mkumbira",241,964.2844067,1,"Adults",2847.9174755
"211",211,0.000000000012872211697769,0.000000000000000000000000000000011033832405886,0.000000000000000000000000000000888203649671706,0.000000000236379765320353,0.0000199972313503738,963.579813322844,0.704573379675658,963.284406699988,24.4096177572943,3.33851516165895,"Malawi","Zomba","TA Mkumbira",241,964.2844067,1,"Adults",2847.9174755
"212",212,0.000000000012872211697769,0.00000000000000000000000000000000750437206656871,0.000000000000000000000000000000606918499717501,0.000000000208572319494988,0.0000187852865540019,963.579814279041,0.704573635451592,963.284406699988,24.4096177572943,3.33851516166276,"Malawi","Zomba","TA Mkumbira",241,964.2844067,1,"Adults",2847.9174755
"213",213,0.000000000012872211697769,0.00000000000000000000000000000000510399780386049,0.000000000000000000000000000000414711002866667,0.00000000018403610986957,0.0000176467922247399,963.579815177285,0.704573875726064,963.284406699988,24.4096177572943,3.33851516166611,"Malawi","Zomba","TA Mkumbira",241,964.2844067,1,"Adults",2847.9174755
"214",214,0.000000000012872211697769,0.0000000000000000000000000000000034714212605408,0.000000000000000000000000000000283368765236906,0.000000000162386311941786,0.0000165772968882717,963.57981602109,0.704574101438546,963.284406699988,24.4096177572943,3.33851516166907,"Malawi","Zomba","TA Mkumbira",241,964.2844067,1,"Adults",2847.9174755
"215",215,0.000000000012872211697769,0.00000000000000000000000000000000236103969960959,0.000000000000000000000000000000193619210773809,0.000000000143283371533647,0.0000155726188495031,963.579816813754,0.704574313471575,963.284406699988,24.4096177572943,3.33851516167169,"Malawi","Zomba","TA Mkumbira",241,964.2844067,1,"Adults",2847.9174755
"216",216,0.000000000012872211697769,0.00000000000000000000000000000000160582815922796,0.000000000000000000000000000000132292612602175,0.000000000126427679233264,0.0000146288298430779,963.579817558377,0.704574512654201,963.284406699988,24.4096177572943,3.33851516167399,"Malawi","Zomba","TA Mkumbira",241,964.2844067,1,"Adults",2847.9174755
"217",217,0.000000000012872211697769,0.000000000000000000000000000000001092181781452,0.0000000000000000000000000000000903886109572361,0.000000000111554871337989,0.0000137422396746851,963.579818257871,0.70457469976523,963.284406699988,24.4096177572943,3.33851516167603,"Malawi","Zomba","TA Mkumbira",241,964.2844067,1,"Adults",2847.9174755
"218",218,0.000000000012872211697769,0.000000000000000000000000000000000742832366592307,0.0000000000000000000000000000000617565247395217,0.0000000000984316835894348,0.0000129093817931195,963.579818914971,0.704574875536267,963.284406699988,24.4096177572943,3.33851516167782,"Malawi","Zomba","TA Mkumbira",241,964.2844067,1,"Adults",2847.9174755
"219",219,0.000000000012872211697769,0.000000000000000000000000000000000505227176864044,0.0000000000000000000000000000000421932574853751,0.0000000000868522926703532,0.0000121269997366946,963.579819532246,0.704575040654579,963.284406699988,24.4096177572943,3.3385151616794,"Malawi","Zomba","TA Mkumbira",241,964.2844067,1,"Adults",2847.9174755
"220",220,0.000000000012872211697769,0.000000000000000000000000000000000343623284499912,0.0000000000000000000000000000000288266659429778,0.0000000000766350880836337,0.0000113920344010241,963.579820112111,0.70457519576578,963.284406699988,24.4096177572943,3.3385151616808,"Malawi","Zomba","TA Mkumbira",241,964.2844067,1,"Adults",2847.9174755
"221",221,0.000000000012872211697769,0.000000000000000000000000000000000233710629755037,0.0000000000000000000000000000000196941394806725,0.0000000000676198237837768,0.0000107016120783998,963.579820656832,0.704575341476357,963.284406699988,24.4096177572943,3.33851516168203,"Malawi","Zomba","TA Mkumbira",241,964.2844067,1,"Adults",2847.9174755
"222",222,0.000000000012872211697769,0.000000000000000000000000000000000158955056281375,0.0000000000000000000000000000000134546038980137,0.0000000000596651048871897,0.0000100530332220085,963.579821168539,0.704575478356042,963.284406699988,24.4096177572943,3.33851516168312,"Malawi","Zomba","TA Mkumbira",241,964.2844067,1,"Adults",2847.9174755
"223",223,0.000000000012872211697769,0.000000000000000000000000000000000108111085692113,0.00000000000000000000000000000000919170788833685,0.0000000000526461700430139,0.00000944376189106332,963.579821649233,0.704575606940034,963.284406699988,24.4096177572943,3.33851516168408,"Malawi","Zomba","TA Mkumbira",241,964.2844067,1,"Adults",2847.9174755
"224",224,0.000000000012872211697769,0.0000000000000000000000000000000000735302614554311,0.0000000000000000000000000000000062793252324624,0.0000000000464529346833178,0.00000887141583558659,963.579822100794,0.704575727731101,963.284406699988,24.4096177572943,3.33851516168493,"Malawi","Zomba","TA Mkumbira",241,964.2844067,1,"Adults",2847.9174755
"225",225,0.000000000012872211697769,0.0000000000000000000000000000000000500105915589339,0.00000000000000000000000000000000428964430695775,0.000000000040988264463104,0.0000083337571820823,963.579822524988,0.704575841201536,963.284406699988,24.4096177572943,3.33851516168568,"Malawi","Zomba","TA Mkumbira",241,964.2844067,1,"Adults",2847.9174755
"226",226,0.000000000012872211697769,0.0000000000000000000000000000000000340140129872889,0.000000000000000000000000000000002930361520106,0.0000000000361664518108624,0.000007828683683684,963.579822923473,0.704575947795013,963.284406699988,24.4096177572943,3.33851516168634,"Malawi","Zomba","TA Mkumbira",241,964.2844067,1,"Adults",2847.9174755
"227",227,0.000000000012872211697769,0.0000000000000000000000000000000000231341610535087,0.00000000000000000000000000000000200176371095421,0.000000000031911871695979,0.00000735422050057072,963.579823297807,0.704576047928313,963.284406699988,24.4096177572943,3.33851516168692,"Malawi","Zomba","TA Mkumbira",241,964.2844067,1,"Adults",2847.9174755
"228",228,0.000000000012872211697769,0.000000000000000000000000000000000015734380058286,0.00000000000000000000000000000000136740190910051,0.0000000000281577955301318,0.00000690851247851656,963.579823649454,0.70457614199296,963.284406699988,24.4096177572943,3.33851516168743,"Malawi","Zomba","TA Mkumbira",241,964.2844067,1,"Adults",2847.9174755
"229",229,0.000000000012872211697769,0.0000000000000000000000000000000000107015212371819,0.000000000000000000000000000000000934052708711916,0.0000000000248453445999725,0.00000648981689538662,963.579823979789,0.704576230356749,963.284406699988,24.4096177572943,3.33851516168789,"Malawi","Zomba","TA Mkumbira",241,964.2844067,1,"Adults",2847.9174755
"230",230,0.000000000012872211697769,0.00000000000000000000000000000000000727849183543694,0.000000000000000000000000000000000638026164966075,0.0000000000219225666167942,0.00000609649664722101,963.579824290103,0.704576313365184,963.284406699988,24.4096177572943,3.33851516168829,"Malawi","Zomba","TA Mkumbira",241,964.2844067,1,"Adults",2847.9174755
"231",231,0.000000000012872211697769,0.0000000000000000000000000000000000049503656745997,0.000000000000000000000000000000000435810376315788,0.000000000019343620899841,0.00000572701384726748,963.579824581611,0.70457639134283,963.284406699988,24.4096177572943,3.33851516168864,"Malawi","Zomba","TA Mkumbira",241,964.2844067,1,"Adults",2847.9174755
"232",232,0.000000000012872211697769,0.00000000000000000000000000000000000336692282774165,0.000000000000000000000000000000000297679333103948,0.000000000017068059413724,0.00000537992381293708,963.579824855452,0.704576464594581,963.284406699988,24.4096177572943,3.33851516168895,"Malawi","Zomba","TA Mkumbira",241,964.2844067,1,"Adults",2847.9174755
"233",233,0.000000000012872211697769,0.00000000000000000000000000000000000228996604960672,0.000000000000000000000000000000000203325528714823,0.0000000000150601923837748,0.00000505386941717417,963.579825112696,0.704576533406854,963.284406699988,24.4096177572943,3.33851516168922,"Malawi","Zomba","TA Mkumbira",241,964.2844067,1,"Adults",2847.9174755
"234",234,0.000000000012872211697769,0.00000000000000000000000000000000000155748877436273,0.000000000000000000000000000000000138876036013871,0.0000000000132885285396848,0.00000474757578215625,963.579825354349,0.704576598048707,963.284406699988,24.4096177572943,3.33851516168947,"Malawi","Zomba","TA Mkumbira",241,964.2844067,1,"Adults",2847.9174755
"235",235,0.000000000012872211697769,0.0000000000000000000000000000000000010593044742665,0.0000000000000000000000000000000000948538481504074,0.0000000000117252812082443,0.00000445984529457771,963.579825581357,0.70457665877289,963.284406699988,24.4096177572943,3.33851516168968,"Malawi","Zomba","TA Mkumbira",241,964.2844067,1,"Adults",2847.9174755
"236",236,0.000000000012872211697769,0.000000000000000000000000000000000000720471304623409,0.0000000000000000000000000000000000647850657464214,0.0000000000103459325087673,0.00000418955292302872,963.579825794607,0.704576715816838,963.284406699988,24.4096177572943,3.33851516168987,"Malawi","Zomba","TA Mkumbira",241,964.2844067,1,"Adults",2847.9174755
"237",237,0.000000000012872211697769,0.000000000000000000000000000000000000490018605033617,0.000000000000000000000000000000000044247345746932,0.00000000000912884881606987,0.00000393564181916136,963.579825994933,0.704576769403592,963.284406699988,24.4096177572943,3.33851516169004,"Malawi","Zomba","TA Mkumbira",241,964.2844067,1,"Adults",2847.9174755
"238",238,0.000000000012872211697769,0.000000000000000000000000000000000000333279384950226,0.0000000000000000000000000000000000302198273172818,0.00000000000805494145994481,0.0000036971191854446,963.579826183117,0.70457681974268,963.284406699988,24.4096177572943,3.33851516169018,"Malawi","Zomba","TA Mkumbira",241,964.2844067,1,"Adults",2847.9174755
"239",239,0.000000000012872211697769,0.000000000000000000000000000000000000226675369652996,0.0000000000000000000000000000000000206390275103288,0.0000000000071073673395624,0.00000347305239335214,963.579826359897,0.704576867030929,963.284406699988,24.4096177572943,3.33851516169031,"Malawi","Zomba","TA Mkumbira",241,964.2844067,1,"Adults",2847.9174755
"240",240,0.000000000012872211697769,0.000000000000000000000000000000000000154170121308326,0.0000000000000000000000000000000000140954530915371,0.00000000000627126475725181,0.00000326256533680593,963.579826525962,0.704576911453236,963.284406699988,24.4096177572943,3.33851516169043,"Malawi","Zomba","TA Mkumbira",241,964.2844067,1,"Adults",2847.9174755
"241",241,0.000000000012872211697769,0.00000000000000000000000000000000000010485667825586,0.00000000000000000000000000000000000962634609226483,0.00000000000553352032849481,0.00000306483500661809,963.579826681963,0.704576953183294,963.284406699988,24.4096177572943,3.33851516169053,"Malawi","Zomba","TA Mkumbira",241,964.2844067,1,"Adults",2847.9174755
"242",242,0.000000000012872211697769,0.000000000000000000000000000000000000071316821194348,0.00000000000000000000000000000000000657410420105265,0.00000000000488256331236181,0.00000287908827253794,963.57982682851,0.70457699238427,963.284406699988,24.4096177572943,3.33851516169062,"Malawi","Zomba","TA Mkumbira",241,964.2844067,1,"Adults",2847.9174755
"243",243,0.000000000012872211697769,0.0000000000000000000000000000000000000485051507435501,0.00000000000000000000000000000000000448956677967023,0.0000000000043081841366807,0.00000270459886032246,963.579826966174,0.704577029209439,963.284406699988,24.4096177572943,3.33851516169069,"Malawi","Zomba","TA Mkumbira",241,964.2844067,1,"Adults",2847.9174755
"244",244,0.000000000012872211697769,0.000000000000000000000000000000000000032990108213654,0.00000000000000000000000000000000000306595013882984,0.00000000000380137427169769,0.00000254068451201106,963.579827095496,0.70457706380279,963.284406699988,24.4096177572943,3.33851516169076,"Malawi","Zomba","TA Mkumbira",241,964.2844067,1,"Adults",2847.9174755
"245",245,0.000000000012872211697769,0.0000000000000000000000000000000000000224377663663628,0.00000000000000000000000000000000000209371997963346,0.00000000000335418494081794,0.00000238670431830167,963.57982721698,0.704577096299584,963.284406699988,24.4096177572943,3.33851516169083,"Malawi","Zomba","TA Mkumbira",241,964.2844067,1,"Adults",2847.9174755
"246",246,0.000000000012872211697769,0.0000000000000000000000000000000000000152607368321177,0.00000000000000000000000000000000000142976618823589,0.00000000000295960245245343,0.0000022420562125982,963.579827331101,0.704577126826884,963.284406699988,24.4096177572943,3.33851516169088,"Malawi","Zomba","TA Mkumbira",241,964.2844067,1,"Adults",2847.9174755
"247",247,0.000000000012872211697769,0.0000000000000000000000000000000000000103793793400207,0.000000000000000000000000000000000000976347502784485,0.00000000000261143819768995,0.00000210617461693125,963.579827438306,0.704577155504052,963.284406699988,24.4096177572943,3.33851516169093,"Malawi","Zomba","TA Mkumbira",241,964.2844067,1,"Adults",2847.9174755
"248",248,0.000000000012872211697769,0.00000000000000000000000000000000000000705939147429339,0.000000000000000000000000000000000000666709810320926,0.00000000000230423158850299,0.00000197852823054815,963.579827539013,0.704577182443218,963.284406699988,24.4096177572943,3.33851516169097,"Malawi","Zomba","TA Mkumbira",241,964.2844067,1,"Adults",2847.9174755
"249",249,0.000000000012872211697769,0.00000000000000000000000000000000000000480134759071677,0.000000000000000000000000000000000000455262999512702,0.00000000000203316441421119,0.0000018586179525256,963.579827633617,0.704577207749715,963.284406699988,24.4096177572943,3.33851516169101,"Malawi","Zomba","TA Mkumbira",241,964.2844067,1,"Adults",2847.9174755
"250",250,0.000000000012872211697769,0.00000000000000000000000000000000000000326557023659003,0.000000000000000000000000000000000000310871568274752,0.0000000000017939852729388,0.00000174597493028288,963.579827722488,0.704577231522491,963.284406699988,24.4096177572943,3.33851516169104,"Malawi","Zomba","TA Mkumbira",241,964.2844067,1,"Adults",2847.9174755
"251",251,0.000000000012872211697769,0.00000000000000000000000000000000000000222103248486421,0.00000000000000000000000000000000000021227206553767,0.00000000000158294289287467,0.00000164015872636526,963.579827805972,0.704577253854499,963.284406699988,24.4096177572943,3.33851516169107,"Malawi","Zomba","TA Mkumbira",241,964.2844067,1,"Adults",2847.9174755
"252",252,0.000000000012872211697769,0.00000000000000000000000000000000000000151060456258168,0.000000000000000000000000000000000000144943229718516,0.00000000000139672729754227,0.00000154075559632995,963.579827884397,0.704577274833058,963.284406699988,24.4096177572943,3.33851516169109,"Malawi","Zomba","TA Mkumbira",241,964.2844067,1,"Adults",2847.9174755
"253",253,0.000000000012872211697769,0.00000000000000000000000000000000000000102741682530272,0.0000000000000000000000000000000000000989683483150422,0.00000000000123241789232012,0.00000144737687100127,963.579827958069,0.704577294540194,963.284406699988,24.4096177572943,3.33851516169111,"Malawi","Zomba","TA Mkumbira",241,964.2844067,1,"Adults",2847.9174755
"254",254,0.000000000012872211697769,0.000000000000000000000000000000000000000698783360690673,0.0000000000000000000000000000000000000675753124405146,0.00000000000108743765800483,0.00000135965743676976,963.579828027275,0.704577313052964,963.284406699988,24.4096177572943,3.33851516169113,"Malawi","Zomba","TA Mkumbira",241,964.2844067,1,"Adults",2847.9174755
"255",255,0.000000000012872211697769,0.000000000000000000000000000000000000000475267849574541,0.0000000000000000000000000000000000000461395342247861,0.000000000000959512732990948,0.00000127725430799325,963.579828092288,0.704577330443752,963.284406699988,24.4096177572943,3.33851516169115,"Malawi","Zomba","TA Mkumbira",241,964.2844067,1,"Adults",2847.9174755
"256",256,0.000000000012872211697769,0.000000000000000000000000000000000000000323246862398141,0.0000000000000000000000000000000000000315029921133803,0.000000000000846636750157194,0.00000119984528591816,963.57982815336,0.704577346780558,963.284406699988,24.4096177572943,3.33851516169117,"Malawi","Zomba","TA Mkumbira",241,964.2844067,1,"Adults",2847.9174755
"257",257,0.000000000012872211697769,0.000000000000000000000000000000000000000219851888032859,0.0000000000000000000000000000000000000215091826861052,0.000000000000747039369120595,0.00000112712769887733,963.579828210731,0.704577362127259,963.284406699988,24.4096177572943,3.33851516169118,"Malawi","Zomba","TA Mkumbira",241,964.2844067,1,"Adults",2847.9174755
"258",258,0.000000000012872211697769,0.000000000000000000000000000000000000000149529224546954,0.0000000000000000000000000000000000000146855280522363,0.000000000000659158510320371,0.00000105881721883875,963.579828264625,0.70457737654386,963.284406699988,24.4096177572943,3.33851516169119,"Malawi","Zomba","TA Mkumbira",241,964.2844067,1,"Adults",2847.9174755
"259",259,0.000000000012872211697769,0.000000000000000000000000000000000000000101700236434993,0.000000000000000000000000000000000000010026487825281,0.0000000000005816158554525,0.000000994646749677874,963.579828315253,0.704577390086732,963.284406699988,24.4096177572943,3.3385151616912,"Malawi","Zomba","TA Mkumbira",241,964.2844067,1,"Adults",2847.9174755
"260",260,0.000000000012872211697769,0.000000000000000000000000000000000000000069170010894354,0.00000000000000000000000000000000000000684544598305846,0.000000000000513195230005193,0.000000934365382826695,963.579828362812,0.704577402808827,963.284406699988,24.4096177572943,3.33851516169121,"Malawi","Zomba","TA Mkumbira",241,964.2844067,1,"Adults",2847.9174755
"261",261,0.000000000012872211697769,0.0000000000000000000000000000000000000000470450273749856,0.00000000000000000000000000000000000000467356585289986,0.00000000000045282352884823,0.000000877737416216246,963.579828407489,0.704577414759889,963.284406699988,24.4096177572943,3.33851516169122,"Malawi","Zomba","TA Mkumbira",241,964.2844067,1,"Adults",2847.9174755
"262",262,0.000000000012872211697769,0.0000000000000000000000000000000000000000319970254753073,0.00000000000000000000000000000000000000319072029357157,0.000000000000399553885714193,0.000000824541432676574,963.579828449458,0.704577425986648,963.284406699988,24.4096177572943,3.33851516169123,"Malawi","Zomba","TA Mkumbira",241,964.2844067,1,"Adults",2847.9174755
"263",263,0.000000000012872211697769,0.0000000000000000000000000000000000000000217623348607551,0.00000000000000000000000000000000000000217832612009216,0.000000000000352550822602721,0.000000774569434190775,963.579828488884,0.704577436533,963.284406699988,24.4096177572943,3.33851516169123,"Malawi","Zomba","TA Mkumbira",241,964.2844067,1,"Adults",2847.9174755
"264",264,0.000000000012872211697769,0.0000000000000000000000000000000000000000148013514242844,0.0000000000000000000000000000000000000014871367526873,0.000000000000311077146191898,0.000000727626028618041,963.57982852592,0.704577446440181,963.284406699988,24.4096177572943,3.33851516169124,"Malawi","Zomba","TA Mkumbira",241,964.2844067,1,"Adults",2847.9174755
"265",265,0.000000000012872211697769,0.0000000000000000000000000000000000000000100669347010334,0.00000000000000000000000000000000000000101524954550295,0.000000000000274482385740855,0.000000683527665705809,963.579828560712,0.70457745574693,963.284406699988,24.4096177572943,3.33851516169124,"Malawi","Zomba","TA Mkumbira",241,964.2844067,1,"Adults",2847.9174755
"266",266,0.000000000012872211697769,0.00000000000000000000000000000000000000000684688656933269,0.000000000000000000000000000000000000000693088408406885,0.000000000000242192591144304,0.000000642101919403838,963.579828593395,0.704577464489636,963.284406699988,24.4096177572943,3.33851516169125,"Malawi","Zomba","TA Mkumbira",241,964.2844067,1,"Adults",2847.9174755
"267",267,0.000000000012872211697769,0.00000000000000000000000000000000000000000465681531524314,0.000000000000000000000000000000000000000473149567264188,0.000000000000213701331132308,0.000000603186813674064,963.579828624097,0.704577472702483,963.284406699988,24.4096177572943,3.33851516169125,"Malawi","Zomba","TA Mkumbira",241,964.2844067,1,"Adults",2847.9174755
"268",268,0.000000000012872211697769,0.00000000000000000000000000000000000000000316726860605846,0.000000000000000000000000000000000000000322999822314634,0.000000000000188561750431539,0.000000566630189160163,963.579828652939,0.704577480417584,963.284406699988,24.4096177572943,3.33851516169126,"Malawi","Zomba","TA Mkumbira",241,964.2844067,1,"Adults",2847.9174755
"269",269,0.000000000012872211697769,0.00000000000000000000000000000000000000000215417398883969,0.000000000000000000000000000000000000000220495732344568,0.00000000000016637956131304,0.00000053228910824049,963.579828680033,0.704577487665105,963.284406699988,24.4096177572943,3.33851516169126,"Malawi","Zomba","TA Mkumbira",241,964.2844067,1,"Adults",2847.9174755
"270",270,0.000000000012872211697769,0.00000000000000000000000000000000000000000146513168012296,0.000000000000000000000000000000000000000150519305269682,0.000000000000146806859606293,0.000000500029296138161,963.579828705484,0.704577494473384,963.284406699988,24.4096177572943,3.33851516169126,"Malawi","Zomba","TA Mkumbira",241,964.2844067,1,"Adults",2847.9174755
"271",271,0.000000000012872211697769,0.000000000000000000000000000000000000000000996489072480601,0.00000000000000000000000000000000000000010274918301779,0.00000000000012953666819034,0.00000046972461590302,963.579828729393,0.704577500869042,963.284406699988,24.4096177572943,3.33851516169126,"Malawi","Zomba","TA Mkumbira",241,964.2844067,1,"Adults",2847.9174755
"272",272,0.000000000012872211697769,0.000000000000000000000000000000000000000000677748276858133,0.000000000000000000000000000000000000000070138867230036,0.00000000000011429812238239,0.000000441256575212664,963.579828751853,0.704577506877086,963.284406699988,24.4096177572943,3.33851516169127,"Malawi","Zomba","TA Mkumbira",241,964.2844067,1,"Adults",2847.9174755
"273",273,0.000000000012872211697769,0.000000000000000000000000000000000000000000460961127893626,0.0000000000000000000000000000000000000000478777086828276,0.000000000000100852221711797,0.000000414513863064118,963.579828772952,0.704577512521007,963.284406699988,24.4096177572943,3.33851516169127,"Malawi","Zomba","TA Mkumbira",241,964.2844067,1,"Adults",2847.9174755
"274",274,0.000000000012872211697769,0.000000000000000000000000000000000000000000313516343286133,0.0000000000000000000000000000000000000000326815202205838,0.0000000000000889880814505194,0.000000389391914544626,963.579828792772,0.704577517822874,963.284406699988,24.4096177572943,3.33851516169127,"Malawi","Zomba","TA Mkumbira",241,964.2844067,1,"Adults",2847.9174755
"275",275,0.000000000012872211697769,0.000000000000000000000000000000000000000000213233809880441,0.0000000000000000000000000000000000000000223082480758904,0.0000000000000785196251092399,0.000000365792501979792,963.579828811391,0.704577522803417,963.284406699988,24.4096177572943,3.33851516169127,"Malawi","Zomba","TA Mkumbira",241,964.2844067,1,"Adults",2847.9174755
"276",276,0.000000000012872211697769,0.000000000000000000000000000000000000000000145028030116589,0.0000000000000000000000000000000000000000152273049280767,0.0000000000000692826660244803,0.000000343623350860486,963.579828828882,0.70457752748211,963.284406699988,24.4096177572943,3.33851516169127,"Malawi","Zomba","TA Mkumbira",241,964.2844067,1,"Adults",2847.9174755
"277",277,0.000000000012872211697769,0.0000000000000000000000000000000000000000000986388112246312,0.0000000000000000000000000000000000000000103938160929539,0.0000000000000611323322644699,0.000000322797779046757,963.579828845312,0.704577531877247,963.284406699988,24.4096177572943,3.33851516169127,"Malawi","Zomba","TA Mkumbira",241,964.2844067,1,"Adults",2847.9174755
"278",278,0.000000000012872211697769,0.0000000000000000000000000000000000000000000670878248293808,0.00000000000000000000000000000000000000000709449449549378,0.0000000000000539407944661521,0.000000303234357838043,963.579828860747,0.704577536006014,963.284406699988,24.4096177572943,3.33851516169128,"Malawi","Zomba","TA Mkumbira",241,964.2844067,1,"Adults",2847.9174755
"279",279,0.000000000012872211697769,0.000000000000000000000000000000000000000000045628857287114,0.00000000000000000000000000000000000000000484241903191356,0.0000000000000475952609668506,0.000000284856593584472,963.579828875246,0.704577539884553,963.284406699988,24.4096177572943,3.33851516169128,"Malawi","Zomba","TA Mkumbira",241,964.2844067,1,"Adults",2847.9174755
"280",280,0.000000000012872211697769,0.0000000000000000000000000000000000000000000310338369536279,0.00000000000000000000000000000000000000000330520044412743,0.0000000000000419962087863592,0.00000026759262859433,963.579828888867,0.70457754352803,963.284406699988,24.4096177572943,3.33851516169128,"Malawi","Zomba","TA Mkumbira",241,964.2844067,1,"Adults",2847.9174755
"281",281,0.000000000012872211697769,0.0000000000000000000000000000000000000000000211072354936378,0.0000000000000000000000000000000000000000022559413191313,0.0000000000000370558227142793,0.000000251374960168248,963.579828901662,0.704577546950691,963.284406699988,24.4096177572943,3.33851516169128,"Malawi","Zomba","TA Mkumbira",241,964.2844067,1,"Adults",2847.9174755
"282",282,0.000000000012872211697769,0.0000000000000000000000000000000000000000000143557946395654,0.00000000000000000000000000000000000000000153975773663992,0.0000000000000326966180213416,0.000000236140176661534,963.579828913681,0.704577550165919,963.284406699988,24.4096177572943,3.33851516169128,"Malawi","Zomba","TA Mkumbira",241,964.2844067,1,"Adults",2847.9174755
"283",283,0.000000000012872211697769,0.0000000000000000000000000000000000000000000097638954090207,0.00000000000000000000000000000000000000000105092477134533,0.0000000000000288502251933961,0.00000022182870954263,963.579828924972,0.704577553186286,963.284406699988,24.4096177572943,3.33851516169128,"Malawi","Zomba","TA Mkumbira",241,964.2844067,1,"Adults",2847.9174755
"284",284,0.000000000012872211697769,0.00000000000000000000000000000000000000000000664077858118589,0.000000000000000000000000000000000000000000717274742441403,0.0000000000000254563176279085,0.000000208384600478256,963.579828935579,0.704577556023601,963.284406699988,24.4096177572943,3.33851516169128,"Malawi","Zomba","TA Mkumbira",241,964.2844067,1,"Adults",2847.9174755
"285",285,0.000000000012872211697769,0.0000000000000000000000000000000000000000000045166338143698,0.000000000000000000000000000000000000000000489546736626015,0.0000000000000224616654750167,0.000000195755282534532,963.579828945543,0.704577558688958,963.284406699988,24.4096177572943,3.33851516169128,"Malawi","Zomba","TA Mkumbira",241,964.2844067,1,"Adults",2847.9174755
"286",286,0.000000000012872211697769,0.00000000000000000000000000000000000000000000307192609476718,0.000000000000000000000000000000000000000000334116197847921,0.0000000000000198193007836464,0.000000183891374638563,963.579828954903,0.704577561192778,963.284406699988,24.4096177572943,3.33851516169128,"Malawi","Zomba","TA Mkumbira",241,964.2844067,1,"Adults",2847.9174755
"287",287,0.000000000012872211697769,0.00000000000000000000000000000000000000000000208932809688748,0.000000000000000000000000000000000000000000228031942474009,0.0000000000000174877808588838,0.000000172746488496845,963.579828963696,0.704577563544853,963.284406699988,24.4096177572943,3.33851516169128,"Malawi","Zomba","TA Mkumbira",241,964.2844067,1,"Adults",2847.9174755
"288",288,0.000000000012872211697769,0.00000000000000000000000000000000000000000000142102764252076,0.000000000000000000000000000000000000000000155628332548786,0.0000000000000154305382771468,0.000000162277047215514,963.579828971956,0.704577565754379,963.284406699988,24.4096177572943,3.33851516169128,"Malawi","Zomba","TA Mkumbira",241,964.2844067,1,"Adults",2847.9174755
"289",289,0.000000000012872211697769,0.000000000000000000000000000000000000000000000966492320577627,0.000000000000000000000000000000000000000000106212712165953,0.0000000000000136153073648299,0.00000015244211491326,963.579828979715,0.704577567829994,963.284406699988,24.4096177572943,3.33851516169128,"Malawi","Zomba","TA Mkumbira",241,964.2844067,1,"Adults",2847.9174755
"290",290,0.000000000012872211697769,0.000000000000000000000000000000000000000000000657346400439366,0.0000000000000000000000000000000000000000000724868496732292,0.0000000000000120136181453464,0.000000143203236660679,963.579828987004,0.704577569779815,963.284406699988,24.4096177572943,3.33851516169128,"Malawi","Zomba","TA Mkumbira",241,964.2844067,1,"Adults",2847.9174755
"291",291,0.000000000012872211697769,0.000000000000000000000000000000000000000000000447085073487698,0.0000000000000000000000000000000000000000000494694268974177,0.0000000000000106003498176626,0.000000134524288120225,963.579828993851,0.704577571611465,963.284406699988,24.4096177572943,3.33851516169128,"Malawi","Zomba","TA Mkumbira",241,964.2844067,1,"Adults",2847.9174755
"292",292,0.000000000012872211697769,0.000000000000000000000000000000000000000000000304078736571722,0.0000000000000000000000000000000000000000000337605485298459,0.00000000000000935333676310884,0.00000012637133429884,963.579829000284,0.704577573332107,963.284406699988,24.4096177572943,3.33851516169128,"Malawi","Zomba","TA Mkumbira",241,964.2844067,1,"Adults",2847.9174755
"293",293,0.000000000012872211697769,0.000000000000000000000000000000000000000000000206814952048788,0.0000000000000000000000000000000000000000000230397151347989,0.00000000000000825302090109834,0.000000118712496860998,963.579829006326,0.704577574948468,963.284406699988,24.4096177572943,3.33851516169128,"Malawi","Zomba","TA Mkumbira",241,964.2844067,1,"Adults",2847.9174755
"294",294,0.000000000012872211697769,0.000000000000000000000000000000000000000000000140662332635249,0.0000000000000000000000000000000000000000000157231567990977,0.00000000000000728214494132327,0.000000111517829483346,963.579829012002,0.704577576466868,963.284406699988,24.4096177572943,3.33851516169128,"Malawi","Zomba","TA Mkumbira",241,964.2844067,1,"Adults",2847.9174755
"295",295,0.000000000012872211697769,0.0000000000000000000000000000000000000000000000956695423923164,0.0000000000000000000000000000000000000000000107299438349249,0.00000000000000642548172141219,0.00000010475920076356,963.579829017335,0.704577577893244,963.284406699988,24.4096177572943,3.33851516169128,"Malawi","Zomba","TA Mkumbira",241,964.2844067,1,"Adults",2847.9174755
"296",296,0.000000000012872211697769,0.0000000000000000000000000000000000000000000000650683176518351,0.0000000000000000000000000000000000000000000073223460238113,0.00000000000000566959538499651,0.00000009841018422562,963.579829022344,0.704577579233174,963.284406699988,24.4096177572943,3.33851516169128,"Malawi","Zomba","TA Mkumbira",241,964.2844067,1,"Adults",2847.9174755
"297",297,0.000000000012872211697769,0.0000000000000000000000000000000000000000000000442553173786442,0.00000000000000000000000000000000000000000000499687144146702,0.00000000000000500263065451676,0.000000092445954991385,963.579829027049,0.704577580491896,963.284406699988,24.4096177572943,3.33851516169128,"Malawi","Zomba","TA Mkumbira",241,964.2844067,1,"Adults",2847.9174755
"298",298,0.000000000012872211697769,0.000000000000000000000000000000000000000000000030099642759551,0.00000000000000000000000000000000000000000000340989703765633,0.00000000000000441412689373533,0.0000000868431927144773,963.57982903147,0.704577581674332,963.284406699988,24.4096177572943,3.33851516169128,"Malawi","Zomba","TA Mkumbira",241,964.2844067,1,"Adults",2847.9174755
"299",299,0.000000000012872211697769,0.0000000000000000000000000000000000000000000000204718562178949,0.00000000000000000000000000000000000000000000232690979912141,0.00000000000000389485404372305,0.0000000815799903969316,963.579829035622,0.704577582785106,963.284406699988,24.4096177572943,3.33851516169128,"Malawi","Zomba","TA Mkumbira",241,964.2844067,1,"Adults",2847.9174755
"300",300,0.000000000012872211697769,0.0000000000000000000000000000000000000000000000139236502025702,0.00000000000000000000000000000000000000000000158786310129797,0.00000000000000343666785914909,0.0000000766357687320827,963.579829039523,0.70457758382856,963.284406699988,24.4096177572943,3.33851516169128,"Malawi","Zomba","TA Mkumbira",241,964.2844067,1,"Adults",2847.9174755
"301",301,0.000000000012872211697769,0.00000000000000000000000000000000000000000000000946997834002648,0.00000000000000000000000000000000000000000000108353219908889,0.00000000000000303238217440843,0.0000000719911956387708,963.579829043187,0.704577584808775,963.284406699988,24.4096177572943,3.33851516169128,"Malawi","Zomba","TA Mkumbira",241,964.2844067,1,"Adults",2847.9174755
"302",302,0.000000000012872211697769,0.00000000000000000000000000000000000000000000000644087494700551,0.000000000000000000000000000000000000000000000739376894275984,0.0000000000000026756561962164,0.0000000676281106722394,963.579829046629,0.704577585729583,963.284406699988,24.4096177572943,3.33851516169128,"Malawi","Zomba","TA Mkumbira",241,964.2844067,1,"Adults",2847.9174755
"303",303,0.000000000012872211697769,0.00000000000000000000000000000000000000000000000435472854531914,0.00000000000000000000000000000000000000000000050162078894572,0.00000000000000236045691789487,0.0000000635279998006653,963.579829049864,0.704577586594892,963.284406699988,24.4096177572943,3.33851516169128,"Malawi","Zomba","TA Mkumbira",241,964.2844067,1,"Adults",2847.9174755
"304",304,0.000000000012872211697769,0.000000000000000000000000000000000000000000000002911404519715,0.000000000000000000000000000000000000000000000336640768606562,0.00000000000000208189735203512,0.0000000596748431387825,963.579829052904,0.704577587408082,963.284406699988,24.4096177572943,3.33851516169128,"Malawi","Zomba","TA Mkumbira",241,964.2844067,1,"Adults",2847.9174755
"305",305,0.000000000012872211697769,0.00000000000000000000000000000000000000000000000185343455220962,0.000000000000000000000000000000000000000000000215367218967437,0.00000000000000182937737307558,0.0000000560053975456207,963.579829055799,0.704577588182501,963.284406699988,24.4096177572943,3.33851516169128,"Malawi","Zomba","TA Mkumbira",241,964.2844067,1,"Adults",2847.9174755
"306",306,0.000000000012872211697769,0.00000000000000000000000000000000000000000000000133859162114839,0.000000000000000000000000000000000000000000000155914822482356,0.00000000000000162611322051162,0.0000000527109624220284,963.579829058399,0.704577588877775,963.284406699988,24.4096177572943,3.33851516169128,"Malawi","Zomba","TA Mkumbira",241,964.2844067,1,"Adults",2847.9174755
"307",307,0.000000000012872211697769,0.000000000000000000000000000000000000000000000000966760615352104,0.000000000000000000000000000000000000000000000112873694185966,0.00000000000000144543397378808,0.0000000496103175968971,963.579829060845,0.704577589532152,963.284406699988,24.4096177572943,3.33851516169128,"Malawi","Zomba","TA Mkumbira",241,964.2844067,1,"Adults",2847.9174755
"308",308,0.000000000012872211697769,0.000000000000000000000000000000000000000000000000698216000033181,0.0000000000000000000000000000000000000000000000817138391343183,0.00000000000000128483019892271,0.0000000466920636412502,963.579829063147,0.704577590148035,963.284406699988,24.4096177572943,3.33851516169128,"Malawi","Zomba","TA Mkumbira",241,964.2844067,1,"Adults",2847.9174755
"309",309,0.000000000012872211697769,0.000000000000000000000000000000000000000000000000504267111176094,0.0000000000000000000000000000000000000000000000591556246834454,0.00000000000000114207128793127,0.0000000439454716806992,963.579829065314,0.70457759072769,963.284406699988,24.4096177572943,3.33851516169128,"Malawi","Zomba","TA Mkumbira",241,964.2844067,1,"Adults",2847.9174755
"310",310,0.000000000012872211697769,0.000000000000000000000000000000000000000000000000364192913656874,0.0000000000000000000000000000000000000000000000428246714140597,0.0000000000000010151744781611,0.0000000413604439510817,963.579829067354,0.704577591273248,963.284406699988,24.4096177572943,3.33851516169128,"Malawi","Zomba","TA Mkumbira",241,964.2844067,1,"Adults",2847.9174755
"311",311,0.000000000012872211697769,0.00000000000000000000000000000000000000000000000026302821544035,0.0000000000000000000000000000000000000000000000310019927477766,0.00000000000000090237731392096,0.0000000389274766743343,963.579829069273,0.704577591786714,963.284406699988,24.4096177572943,3.33851516169128,"Malawi","Zomba","TA Mkumbira",241,964.2844067,1,"Adults",2847.9174755
"312",312,0.000000000012872211697769,0.000000000000000000000000000000000000000000000000189964822278037,0.0000000000000000000000000000000000000000000000224430961018048,0.000000000000000802113167929724,0.0000000366376251181368,963.57982907108,0.704577592269976,963.284406699988,24.4096177572943,3.33851516169128,"Malawi","Zomba","TA Mkumbira",241,964.2844067,1,"Adults",2847.9174755
"313",313,0.000000000012872211697769,0.000000000000000000000000000000000000000000000000137196816100959,0.000000000000000000000000000000000000000000000016247012966887,0.000000000000000712989482604183,0.0000000344824707108713,963.57982907278,0.704577592724811,963.284406699988,24.4096177572943,3.33851516169128,"Malawi","Zomba","TA Mkumbira",241,964.2844067,1,"Adults",2847.9174755
"314",314,0.000000000012872211697769,0.0000000000000000000000000000000000000000000000000990865894144039,0.0000000000000000000000000000000000000000000000117614778620335,0.000000000000000633768428981481,0.0000000324540900909952,963.57982907438,0.704577593152891,963.284406699988,24.4096177572943,3.33851516169128,"Malawi","Zomba","TA Mkumbira",241,964.2844067,1,"Adults",2847.9174755
"315",315,0.000000000012872211697769,0.0000000000000000000000000000000000000000000000000715625368051955,0.00000000000000000000000000000000000000000000000851427916058121,0.000000000000000563349714650193,0.0000000305450259770389,963.579829075887,0.70457759355579,963.284406699988,24.4096177572943,3.33851516169128,"Malawi","Zomba","TA Mkumbira",241,964.2844067,1,"Adults",2847.9174755
"316",316,0.000000000012872211697769,0.0000000000000000000000000000000000000000000000000516840543635817,0.00000000000000000000000000000000000000000000000616355829774298,0.000000000000000500755301911271,0.0000000287482597511329,963.579829077304,0.704577593934989,963.284406699988,24.4096177572943,3.33851516169128,"Malawi","Zomba","TA Mkumbira",241,964.2844067,1,"Adults",2847.9174755
"317",317,0.000000000012872211697769,0.000000000000000000000000000000000000000000000000037327372599014,0.00000000000000000000000000000000000000000000000446182748520299,0.000000000000000445115823921119,0.0000000270571856552685,963.579829078638,0.704577594291882,963.284406699988,24.4096177572943,3.33851516169128,"Malawi","Zomba","TA Mkumbira",241,964.2844067,1,"Adults",2847.9174755
"318",318,0.000000000012872211697769,0.0000000000000000000000000000000000000000000000000269586579904164,0.00000000000000000000000000000000000000000000000322991947764394,0.000000000000000395658510152097,0.0000000254655865054249,963.579829079894,0.704577594627781,963.284406699988,24.4096177572943,3.33851516169128,"Malawi","Zomba","TA Mkumbira",241,964.2844067,1,"Adults",2847.9174755
"319",319,0.000000000012872211697769,0.0000000000000000000000000000000000000000000000000194701418835887,0.00000000000000000000000000000000000000000000000233812799548829,0.000000000000000351696453468523,0.0000000239676108342776,963.579829081076,0.704577594943922,963.284406699988,24.4096177572943,3.33851516169128,"Malawi","Zomba","TA Mkumbira",241,964.2844067,1,"Adults",2847.9174755
"320",320,0.000000000012872211697769,0.000000000000000000000000000000000000000000000000014061769139321,0.00000000000000000000000000000000000000000000000169255404372469,0.000000000000000312619069749791,0.0000000225577513784523,963.579829082188,0.704577595241466,963.284406699988,24.4096177572943,3.33851516169128,"Malawi","Zomba","TA Mkumbira",241,964.2844067,1,"Adults",2847.9174755
"321",321,0.000000000012872211697769,0.0000000000000000000000000000000000000000000000000101557221570259,0.00000000000000000000000000000000000000000000000122522117662256,0.000000000000000277883617555363,0.0000000212308248312352,963.579829083235,0.704577595521507,963.284406699988,24.4096177572943,3.33851516169128,"Malawi","Zomba","TA Mkumbira",241,964.2844067,1,"Adults",2847.9174755
"322",322,0.000000000012872211697769,0.00000000000000000000000000000000000000000000000000733468822513367,0.000000000000000000000000000000000000000000000000886919374289941,0.000000000000000247007660049206,0.0000000199819527862996,963.57982908422,0.704577595785076,963.284406699988,24.4096177572943,3.33851516169128,"Malawi","Zomba","TA Mkumbira",241,964.2844067,1,"Adults",2847.9174755
"323",323,0.000000000012872211697769,0.00000000000000000000000000000000000000000000000000529727482970839,0.000000000000000000000000000000000000000000000000642024346662098,0.000000000000000219562364488178,0.0000000188065438023901,963.579829085148,0.70457759603314,963.284406699988,24.4096177572943,3.33851516169128,"Malawi","Zomba","TA Mkumbira",241,964.2844067,1,"Adults",2847.9174755
"324",324,0.000000000012872211697769,0.00000000000000000000000000000000000000000000000000382580959955609,0.000000000000000000000000000000000000000000000000464746975255837,0.000000000000000195166546211709,0.0000000177002765230246,963.57982908602,0.704577596266613,963.284406699988,24.4096177572943,3.33851516169128,"Malawi","Zomba","TA Mkumbira",241,964.2844067,1,"Adults",2847.9174755
"325",325,0.000000000012872211697769,0.00000000000000000000000000000000000000000000000000276308471102379,0.000000000000000000000000000000000000000000000000336418116771166,0.000000000000000173481374410404,0.0000000166590837891559,963.579829086842,0.704577596486352,963.284406699988,24.4096177572943,3.33851516169128,"Malawi","Zomba","TA Mkumbira",241,964.2844067,1,"Adults",2847.9174755
"326",326,0.000000000012872211697769,0.00000000000000000000000000000000000000000000000000199556118035271,0.000000000000000000000000000000000000000000000000243522962440385,0.000000000000000154205666142579,0.0000000156791376863913,963.579829087615,0.704577596693165,963.284406699988,24.4096177572943,3.33851516169128,"Malawi","Zomba","TA Mkumbira",241,964.2844067,1,"Adults",2847.9174755
"327",327,0.000000000012872211697769,0.00000000000000000000000000000000000000000000000000144123863037696,0.000000000000000000000000000000000000000000000000176278039159827,0.000000000000000137071703237848,0.0000000147568354717678,963.579829088343,0.704577596887812,963.284406699988,24.4096177572943,3.33851516169128,"Malawi","Zomba","TA Mkumbira",241,964.2844067,1,"Adults",2847.9174755
"328",328,0.000000000012872211697769,0.00000000000000000000000000000000000000000000000000104089456647184,0.000000000000000000000000000000000000000000000000127601054550562,0.000000000000000121841513989198,0.0000000138887863283466,963.579829089027,0.70457759707101,963.284406699988,24.4096177572943,3.33851516169128,"Malawi","Zomba","TA Mkumbira",241,964.2844067,1,"Adults",2847.9174755
"329",329,0.000000000012872211697769,0.000000000000000000000000000000000000000000000000000751757186960377,0.000000000000000000000000000000000000000000000000092365138616228,0.000000000000000108303567990397,0.0000000130717988990255,963.579829089672,0.704577597243431,963.284406699988,24.4096177572943,3.33851516169128,"Malawi","Zomba","TA Mkumbira",241,964.2844067,1,"Adults",2847.9174755
"330",330,0.000000000012872211697769,0.000000000000000000000000000000000000000000000000000542935746184411,0.000000000000000000000000000000000000000000000000066858971152327,0.0000000000000000962698382136863,0.0000000123028695535875,963.579829090279,0.70457759740571,963.284406699988,24.4096177572943,3.33851516169128,"Malawi","Zomba","TA Mkumbira",241,964.2844067,1,"Adults",2847.9174755
"331",331,0.000000000012872211697769,0.000000000000000000000000000000000000000000000000000392120261166744,0.0000000000000000000000000000000000000000000000000483959570158936,0.0000000000000000855731895232764,0.0000000115791713459436,963.57982909085,0.704577597558443,963.284406699988,24.4096177572943,3.33851516169128,"Malawi","Zomba","TA Mkumbira",241,964.2844067,1,"Adults",2847.9174755
"332",332,0.000000000012872211697769,0.000000000000000000000000000000000000000000000000000283197966422495,0.0000000000000000000000000000000000000000000000000350313017243739,0.0000000000000000760650573540232,0.0000000108980436209484,963.579829091387,0.704577597702191,963.284406699988,24.4096177572943,3.33851516169128,"Malawi","Zomba","TA Mkumbira",241,964.2844067,1,"Adults",2847.9174755
"333",333,0.000000000012872211697769,0.000000000000000000000000000000000000000000000000000204531864656051,0.0000000000000000000000000000000000000000000000000253571989855634,0.0000000000000000676133843146871,0.0000000102569822325809,963.579829091893,0.704577597837484,963.284406699988,24.4096177572943,3.33851516169128,"Malawi","Zomba","TA Mkumbira",241,964.2844067,1,"Adults",2847.9174755
"334",334,0.000000000012872211697769,0.000000000000000000000000000000000000000000000000000147717457819875,0.0000000000000000000000000000000000000000000000000183545652278568,0.0000000000000000601007860574994,0.00000000965363033752517,963.579829092369,0.704577597964819,963.284406699988,24.4096177572943,3.33851516169128,"Malawi","Zomba","TA Mkumbira",241,964.2844067,1,"Adults",2847.9174755
"335",335,0.000000000012872211697769,0.0000000000000000000000000000000000000000000000000001066848306569,0.000000000000000000000000000000000000000000000000013285709561968,0.0000000000000000534229209399993,0.00000000908576973030579,963.579829092817,0.704577598084663,963.284406699988,24.4096177572943,3.33851516169128,"Malawi","Zomba","TA Mkumbira",241,964.2844067,1,"Adults",2847.9174755
"336",336,0.000000000012872211697769,0.000000000000000000000000000000000000000000000000000077050155481096,0.0000000000000000000000000000000000000000000000000096166375046105,0.0000000000000000474870408355548,0.00000000855131268812082,963.579829093239,0.704577598197458,963.284406699988,24.4096177572943,3.33851516169128,"Malawi","Zomba","TA Mkumbira",241,964.2844067,1,"Adults",2847.9174755
"337",337,0.000000000012872211697769,0.0000000000000000000000000000000000000000000000000000556473345189515,0.00000000000000000000000000000000000000000000000000696080690180729,0.0000000000000000422107029649375,0.00000000804829429539065,963.579829093635,0.704577598303617,963.284406699988,24.4096177572943,3.33851516169128,"Malawi","Zomba","TA Mkumbira",241,964.2844067,1,"Adults",2847.9174755
"338",338,0.000000000012872211697769,0.0000000000000000000000000000000000000000000000000000401897416005142,0.0000000000000000000000000000000000000000000000000050384132461943,0.0000000000000000375206248577221,0.00000000757486521980388,963.579829094009,0.704577598403532,963.284406699988,24.4096177572943,3.33851516169128,"Malawi","Zomba","TA Mkumbira",241,964.2844067,1,"Adults",2847.9174755
"339",339,0.000000000012872211697769,0.0000000000000000000000000000000000000000000000000000290259244917891,0.0000000000000000000000000000000000000000000000000036469167679436,0.0000000000000000333516665401973,0.00000000712928491330166,963.57982909436,0.70457759849757,963.284406699988,24.4096177572943,3.33851516169128,"Malawi","Zomba","TA Mkumbira",241,964.2844067,1,"Adults",2847.9174755
"340",340,0.000000000012872211697769,0.0000000000000000000000000000000000000000000000000000209631676903447,0.00000000000000000000000000000000000000000000000000263970743453992,0.0000000000000000296459258135086,0.00000000670991521300415,963.579829094691,0.704577598586076,963.284406699988,24.4096177572943,3.33851516169128,"Malawi","Zomba","TA Mkumbira",241,964.2844067,1,"Adults",2847.9174755
"341",341,0.000000000012872211697769,0.0000000000000000000000000000000000000000000000000000151400655554627,0.00000000000000000000000000000000000000000000000000191066094315535,0.000000000000000026351934056452,0.00000000631521431855303,963.579829095003,0.704577598669375,963.284406699988,24.4096177572943,3.33851516169128,"Malawi","Zomba","TA Mkumbira",241,964.2844067,1,"Adults",2847.9174755
"342",342,0.000000000012872211697769,0.0000000000000000000000000000000000000000000000000000109344917910154,0.0000000000000000000000000000000000000000000000000013829591511097,0.0000000000000000234239413835128,0.00000000594373112372795,963.579829095296,0.704577598747775,963.284406699988,24.4096177572943,3.33851516169128,"Malawi","Zomba","TA Mkumbira",241,964.2844067,1,"Adults",2847.9174755
"343",343,0.000000000012872211697769,0.00000000000000000000000000000000000000000000000000000789713296087185,0.00000000000000000000000000000000000000000000000000100099747940169,0.0000000000000000208212812297891,0.00000000559409988149735,963.579829095572,0.704577598821563,963.284406699988,24.4096177572943,3.33851516169128,"Malawi","Zomba","TA Mkumbira",241,964.2844067,1,"Adults",2847.9174755
"344",344,0.000000000012872211697769,0.00000000000000000000000000000000000000000000000000000570348491668762,0.00000000000000000000000000000000000000000000000000072452692537808,0.0000000000000000185078055375902,0.00000000526503518288976,963.579829095831,0.70457759889101,963.284406699988,24.4096177572943,3.33851516169128,"Malawi","Zomba","TA Mkumbira",241,964.2844067,1,"Adults",2847.9174755
"345",345,0.000000000012872211697769,0.00000000000000000000000000000000000000000000000000000411918355130469,0.000000000000000000000000000000000000000000000000000524413663759531,0.0000000000000000164513827000802,0.00000000495532723122564,963.579829096076,0.704577598956373,963.284406699988,24.4096177572943,3.33851516169128,"Malawi","Zomba","TA Mkumbira",241,964.2844067,1,"Adults",2847.9174755
"346",346,0.000000000012872211697769,0.00000000000000000000000000000000000000000000000000000297496589842769,0.000000000000000000000000000000000000000000000000000379569581020336,0.0000000000000000146234512889601,0.00000000466383739433494,963.579829096306,0.70457759901789,963.284406699988,24.4096177572943,3.33851516169128,"Malawi","Zomba","TA Mkumbira",241,964.2844067,1,"Adults",2847.9174755
"347",347,0.000000000012872211697769,0.00000000000000000000000000000000000000000000000000000214858648238828,0.000000000000000000000000000000000000000000000000000274730415870906,0.0000000000000000129986233679645,0.00000000438949401841024,963.579829096522,0.704577599075789,963.284406699988,24.4096177572943,3.33851516169128,"Malawi","Zomba","TA Mkumbira",241,964.2844067,1,"Adults",2847.9174755
"348",348,0.000000000012872211697769,0.00000000000000000000000000000000000000000000000000000155175690408497,0.000000000000000000000000000000000000000000000000000198847455046789,0.0000000000000000115543318826351,0.00000000413128848810471,963.579829096726,0.704577599130282,963.284406699988,24.4096177572943,3.33851516169128,"Malawi","Zomba","TA Mkumbira",241,964.2844067,1,"Adults",2847.9174755
"349",349,0.000000000012872211697769,0.00000000000000000000000000000000000000000000000000000112071331971672,0.000000000000000000000000000000000000000000000000000143923360122602,0.000000000000000010270517229009,0.00000000388827151838455,963.579829096917,0.70457759918157,963.284406699988,24.4096177572943,3.33851516169128,"Malawi","Zomba","TA Mkumbira",241,964.2844067,1,"Adults",2847.9174755
"350",350,0.000000000012872211697769,0.000000000000000000000000000000000000000000000000000000809404064312086,0.000000000000000000000000000000000000000000000000000104169483439744,0.000000000000000009129348648008,0.00000000365954966451173,963.579829097098,0.704577599229841,963.284406699988,24.4096177572943,3.33851516169128,"Malawi","Zomba","TA Mkumbira",241,964.2844067,1,"Adults",2847.9174755
"351",351,0.000000000012872211697769,0.000000000000000000000000000000000000000000000000000000584569602055453,0.0000000000000000000000000000000000000000000000000000753958962626082,0.0000000000000000081149765760071,0.00000000344428203732082,963.579829097268,0.704577599275272,963.284406699988,24.4096177572943,3.33851516169128,"Malawi","Zomba","TA Mkumbira",241,964.2844067,1,"Adults",2847.9174755
"352",352,0.000000000012872211697769,0.000000000000000000000000000000000000000000000000000000422189157077888,0.000000000000000000000000000000000000000000000000000054569866511072,0.00000000000000000721331251200631,0.00000000324167721171471,963.579829097428,0.704577599318031,963.284406699988,24.4096177572943,3.33851516169128,"Malawi","Zomba","TA Mkumbira",241,964.2844067,1,"Adults",2847.9174755
"353",353,0.000000000012872211697769,0.000000000000000000000000000000000000000000000000000000304914391250306,0.0000000000000000000000000000000000000000000000000000394962687000104,0.00000000000000000641183334400561,0.00000000305099031701355,963.579829097578,0.704577599358274,963.284406699988,24.4096177572943,3.33851516169128,"Malawi","Zomba","TA Mkumbira",241,964.2844067,1,"Adults",2847.9174755
"354",354,0.000000000012872211697769,0.000000000000000000000000000000000000000000000000000000220215949256154,0.0000000000000000000000000000000000000000000000000000285862540470231,0.00000000000000000569940741689387,0.00000000287152029845968,963.57982909772,0.70457759939615,963.284406699988,24.4096177572943,3.33851516169128,"Malawi","Zomba","TA Mkumbira",241,964.2844067,1,"Adults",2847.9174755
"355",355,0.000000000012872211697769,0.000000000000000000000000000000000000000000000000000000159044852254902,0.0000000000000000000000000000000000000000000000000000206898070484764,0.00000000000000000506613992612788,0.00000000270260733981042,963.579829097853,0.704577599431799,963.284406699988,24.4096177572943,3.33851516169128,"Malawi","Zomba","TA Mkumbira",241,964.2844067,1,"Adults",2847.9174755
"356",356,0.000000000012872211697769,0.000000000000000000000000000000000000000000000000000000114865726638924,0.0000000000000000000000000000000000000000000000000000149745455701882,0.00000000000000000450323548989145,0.00000000254363043754311,963.579829097978,0.70457759946535,963.284406699988,24.4096177572943,3.33851516169128,"Malawi","Zomba","TA Mkumbira",241,964.2844067,1,"Adults",2847.9174755
"357",357,0.000000000012872211697769,0.0000000000000000000000000000000000000000000000000000000829585803578491,0.0000000000000000000000000000000000000000000000000000108379936285687,0.00000000000000000400287599101462,0.00000000239400511775395,963.579829098097,0.704577599496928,963.284406699988,24.4096177572943,3.33851516169128,"Malawi","Zomba","TA Mkumbira",241,964.2844067,1,"Adults",2847.9174755
"358",358,0.000000000012872211697769,0.0000000000000000000000000000000000000000000000000000000599145302638857,0.00000000000000000000000000000000000000000000000000000784408276792845,0.00000000000000000355811199201299,0.00000000225318128735687,963.579829098207,0.704577599526648,963.284406699988,24.4096177572943,3.33851516169128,"Malawi","Zomba","TA Mkumbira",241,964.2844067,1,"Adults",2847.9174755
"359",359,0.000000000012872211697769,0.0000000000000000000000000000000000000000000000000000000432716051945207,0.00000000000000000000000000000000000000000000000000000567719077828014,0.00000000000000000316276621512266,0.00000000212064121168257,963.579829098312,0.70457759955462,963.284406699988,24.4096177572943,3.33851516169128,"Malawi","Zomba","TA Mkumbira",241,964.2844067,1,"Adults",2847.9174755
"360",360,0.000000000012872211697769,0.0000000000000000000000000000000000000000000000000000000312517148655585,0.00000000000000000000000000000000000000000000000000000410887437177609,0.0000000000000000028113477467757,0.00000000199589761104218,963.579829098411,0.704577599580946,963.284406699988,24.4096177572943,3.33851516169128,"Malawi","Zomba","TA Mkumbira",241,964.2844067,1,"Adults",2847.9174755
"361",361,0.000000000012872211697769,0.000000000000000000000000000000000000000000000000000000022570682960521,0.00000000000000000000000000000000000000000000000000000297379001377176,0.00000000000000000249897577491173,0.00000000187849186925787,963.579829098503,0.704577599605724,963.284406699988,24.4096177572943,3.33851516169128,"Malawi","Zomba","TA Mkumbira",241,964.2844067,1,"Adults",2847.9174755
"362",362,0.000000000012872211697769,0.0000000000000000000000000000000000000000000000000000000163010488063131,0.00000000000000000000000000000000000000000000000000000215226530128136,0.00000000000000000222131179992153,0.00000000176799234757397,963.57982909859,0.704577599629044,963.284406699988,24.4096177572943,3.33851516169128,"Malawi","Zomba","TA Mkumbira",241,964.2844067,1,"Adults",2847.9174755
"363",363,0.000000000012872211697769,0.0000000000000000000000000000000000000000000000000000000117729796945284,0.00000000000000000000000000000000000000000000000000000155768410084057,0.00000000000000000197449937770803,0.00000000166399279774977,963.579829098672,0.704577599650993,963.284406699988,24.4096177572943,3.33851516169128,"Malawi","Zomba","TA Mkumbira",241,964.2844067,1,"Adults",2847.9174755
"364",364,0.000000000012872211697769,0.00000000000000000000000000000000000000000000000000000000850270755794115,0.00000000000000000000000000000000000000000000000000000112735593603984,0.00000000000000000175511055796269,0.00000000156611086849985,963.57982909875,0.70457759967165,963.284406699988,24.4096177572943,3.33851516169128,"Malawi","Zomba","TA Mkumbira",241,964.2844067,1,"Adults",2847.9174755
"365",365,0.000000000012872211697769,0.0000000000000000000000000000000000000000000000000000000061408443479677,0.000000000000000000000000000000000000000000000000000000815907299458766,0.00000000000000000156009827374461,0.00000000147398669979084,963.579829098822,0.704577599691093,963.284406699988,24.4096177572943,3.33851516169128,"Malawi","Zomba","TA Mkumbira",241,964.2844067,1,"Adults",2847.9174755
